% function evaluation | noise-free fitness - Fopt (-9.210000000000e+00) | best noise-free fitness - Fopt | measured fitness | best measured fitness | x1 | x2...
1 +1.078198516e+02 +1.078198516e+02 +9.860985161e+01 +9.860985161e+01 +0.0000e+00 +0.0000e+00 +0.0000e+00 +0.0000e+00 +0.0000e+00
2 +9.536099732e+01 +9.536099732e+01 +8.615099732e+01 +8.615099732e+01 -5.9893e-01 -9.0135e-01 +1.3000e+00 +6.1512e-01 -7.0907e-01
4 +8.598276776e+01 +8.598276776e+01 +7.677276776e+01 +7.677276776e+01 +3.5231e-01 +1.6468e-01 +1.0787e+00 +1.3978e+00 -9.9206e-01
12 +8.434263936e+01 +8.434263936e+01 +7.513263936e+01 +7.513263936e+01 +1.1129e+00 +4.1453e-01 +3.0300e-01 +2.8131e+00 -4.8497e-01
13 +6.513191331e+01 +6.513191331e+01 +5.592191331e+01 +5.592191331e+01 +1.0213e+00 +1.2464e+00 +1.7378e+00 +4.2764e+00 -9.9066e-01
23 +6.289903575e+01 +6.289903575e+01 +5.368903575e+01 +5.368903575e+01 +1.5964e+00 +3.8252e+00 +2.4011e+00 +4.0908e+00 -5.9249e-01
34 +6.017921080e+01 +6.017921080e+01 +5.096921080e+01 +5.096921080e+01 +6.0941e-01 +1.7848e+00 +2.0979e+00 +3.0759e+00 -1.9926e+00
36 +5.656416228e+01 +5.656416228e+01 +4.735416228e+01 +4.735416228e+01 +1.2390e+00 +4.0670e+00 +2.1918e+00 +3.1801e+00 -1.7970e+00
44 +4.463358969e+01 +4.463358969e+01 +3.542358969e+01 +3.542358969e+01 +1.2434e+00 +2.5090e+00 +1.8871e+00 +4.6444e+00 -2.5396e+00
47 +3.111099713e+01 +3.111099713e+01 +2.190099713e+01 +2.190099713e+01 +9.2336e-01 +7.0599e+00 +3.2026e+00 +3.7728e+00 -3.5551e+00
51 +2.196299265e+01 +2.196299265e+01 +1.275299265e+01 +1.275299265e+01 +2.3423e+00 +5.7174e+00 +2.7635e+00 +3.4832e+00 -4.6297e+00
53 +1.132083067e+01 +1.132083067e+01 +2.110830672e+00 +2.110830672e+00 +3.6386e+00 +3.8002e+00 +3.4642e+00 +4.4720e+00 -6.3924e+00
57 +1.065885599e+01 +1.065885599e+01 +1.448855987e+00 +1.448855987e+00 +4.0249e+00 +6.4243e+00 +3.4298e+00 +4.5400e+00 -4.7868e+00
66 +6.124322673e+00 +6.124322673e+00 -3.085677327e+00 -3.085677327e+00 +3.9186e+00 +8.4361e+00 +3.4053e+00 +6.6712e+00 -6.6671e+00
68 +2.984426680e+00 +2.984426680e+00 -6.225573320e+00 -6.225573320e+00 +3.0122e+00 +5.9816e+00 +4.6849e+00 +5.2149e+00 -5.7969e+00
70 +2.053408185e+00 +2.053408185e+00 -7.156591815e+00 -7.156591815e+00 +2.9466e+00 +1.0870e+01 +6.0963e+00 +5.6522e+00 -5.7605e+00
93 +0.000000000e+00 +0.000000000e+00 -9.210000000e+00 -9.210000000e+00 +5.0112e+00 +1.0335e+01 +5.3198e+00 +1.1114e+01 -7.5897e+00
% function evaluation | noise-free fitness - Fopt (6.559900000000e+02) | best noise-free fitness - Fopt | measured fitness | best measured fitness | x1 | x2...
1 +1.078198516e+02 +1.078198516e+02 +7.638098516e+02 +7.638098516e+02 +0.0000e+00 +0.0000e+00 +0.0000e+00 +0.0000e+00 +0.0000e+00
2 +6.389863456e+01 +6.389863456e+01 +7.198886346e+02 +7.198886346e+02 -5.4125e-01 +1.5775e+00 -1.2014e-01 +3.4856e-01 -4.4928e+00
14 +5.710251854e+01 +5.710251854e+01 +7.130925185e+02 +7.130925185e+02 -3.7354e+00 +7.4246e-01 +2.2485e+00 +2.2910e+00 -6.3102e+00
15 +4.975458648e+01 +4.975458648e+01 +7.057445865e+02 +7.057445865e+02 +1.3097e+00 +1.3582e+00 -5.6508e-01 +2.6616e+00 -4.2417e+00
22 +4.810782157e+01 +4.810782157e+01 +7.040978216e+02 +7.040978216e+02 -2.5793e+00 -4.3878e+00 -1.6277e+00 -1.1713e-01 -7.3304e+00
24 +4.468657092e+01 +4.468657092e+01 +7.006765709e+02 +7.006765709e+02 -1.6528e+00 -2.7847e+00 -1.5788e+00 +2.0698e+00 -4.3202e+00
28 +3.747908477e+01 +3.747908477e+01 +6.934690848e+02 +6.934690848e+02 -5.0273e+00 -2.3937e+00 -8.1656e-01 +3.2950e+00 -9.8174e+00
34 +3.531629276e+01 +3.531629276e+01 +6.913062928e+02 +6.913062928e+02 -5.1822e+00 -2.1860e+00 -2.4362e+00 +2.8620e+00 -1.4356e+01
35 +2.398672738e+01 +2.398672738e+01 +6.799767274e+02 +6.799767274e+02 -6.9311e+00 -3.4782e+00 -2.0435e+00 +9.4914e+00 -1.1596e+01
37 +2.245405834e+01 +2.245405834e+01 +6.784440583e+02 +6.784440583e+02 -1.0275e+01 -4.7717e+00 -2.8583e+00 +6.3666e+00 -1.1407e+01
42 +2.001265898e+01 +2.001265898e+01 +6.760026590e+02 +6.760026590e+02 -8.5966e+00 -5.3333e+00 -2.9711e+00 +8.2230e+00 -6.6508e+00
49 +1.159397581e+01 +1.159397581e+01 +6.675839758e+02 +6.675839758e+02 -5.2786e+00 -4.2603e+00 -9.8289e+00 +6.3206e+00 -9.3347e+00
56 +3.878205199e+00 +3.878205199e+00 +6.598682052e+02 +6.598682052e+02 +1.1218e+00 -1.2572e+01 -6.7597e+00 +6.0260e+00 -1.0835e+01
69 +1.479613520e+00 +1.479613520e+00 +6.574696135e+02 +6.574696135e+02 +3.5204e+00 -7.2100e+00 -9.3698e+00 +6.1013e+00 -6.3443e+00
77 +0.000000000e+00 +0.000000000e+00 +6.559900000e+02 +6.559900000e+02 +8.0036e+00 -1.0525e+01 -1.0665e+01 +7.6409e+00 -5.7532e+00
% function evaluation | noise-free fitness - Fopt (6.671000000000e+01) | best noise-free fitness - Fopt | measured fitness | best measured fitness | x1 | x2...
1 +1.078198516e+02 +1.078198516e+02 +1.745298516e+02 +1.745298516e+02 +0.0000e+00 +0.0000e+00 +0.0000e+00 +0.0000e+00 +0.0000e+00
3 +9.283752395e+01 +9.283752395e+01 +1.595475240e+02 +1.595475240e+02 -4.0979e-02 -3.5547e-01 -1.5024e+00 +1.1742e+00 -2.9552e-01
13 +8.013253098e+01 +8.013253098e+01 +1.468425310e+02 +1.468425310e+02 +2.6231e-01 +9.9671e-01 +2.7163e-02 +2.9502e+00 -1.3218e+00
15 +7.679101109e+01 +7.679101109e+01 +1.435010111e+02 +1.435010111e+02 -3.2712e-01 -1.1986e+00 -2.6276e+00 +1.2512e+00 -1.3225e+00
23 +6.678506617e+01 +6.678506617e+01 +1.334950662e+02 +1.334950662e+02 -1.3204e+00 -1.0528e+00 -2.7829e+00 +2.5907e+00 -1.4474e+00
26 +5.946020960e+01 +5.946020960e+01 +1.261702096e+02 +1.261702096e+02 +6.4988e-02 -1.2928e+00 -4.3028e+00 +1.6995e+00 -2.2962e+00
27 +5.817193772e+01 +5.817193772e+01 +1.248819377e+02 +1.248819377e+02 -3.1629e-01 -1.2031e+00 -3.3906e+00 +2.6790e+00 -2.1405e+00
32 +4.843842912e+01 +4.843842912e+01 +1.151484291e+02 +1.151484291e+02 -3.1094e+00 -2.6045e+00 -4.2083e+00 +1.3756e-01 -3.7559e+00
41 +4.687505492e+01 +4.687505492e+01 +1.135850549e+02 +1.135850549e+02 -1.1393e+00 -1.3033e+00 -5.9158e+00 +4.7632e+00 -1.4891e+00
48 +2.944080768e+01 +2.944080768e+01 +9.615080768e+01 +9.615080768e+01 -2.7364e+00 -2.7034e+00 -8.1053e+00 +5.1770e+00 -2.6907e+00
55 +1.704896381e+01 +1.704896381e+01 +8.375896381e+01 +8.375896381e+01 -4.3722e+00 -2.6628e+00 -9.1903e+00 +4.9474e+00 -3.8031e+00
56 +7.844664946e+00 +7.844664946e+00 +7.455466495e+01 +7.455466495e+01 -3.1045e-02 -3.3829e+00 -6.4043e+00 +6.2420e+00 -5.4313e+00
61 +4.623443730e+00 +4.623443730e+00 +7.133344373e+01 +7.133344373e+01 -3.2122e+00 -3.6432e+00 -8.6839e+00 +5.7936e+00 -4.9577e+00
72 +3.830184862e+00 +3.830184862e+00 +7.054018486e+01 +7.054018486e+01 -4.9965e+00 -2.8481e+00 -1.0420e+01 +6.0872e+00 -5.0316e+00
74 +6.376265062e-01 +6.376265062e-01 +6.734762651e+01 +6.734762651e+01 -4.3624e+00 -5.2426e+00 -9.7475e+00 +8.1256e+00 -7.9265e+00
87 +1.923146121e-01 +1.923146121e-01 +6.690231461e+01 +6.690231461e+01 -4.8077e+00 -6.3637e+00 -9.6131e+00 +9.3878e+00 -9.1506e+00
89 +0.000000000e+00 +0.000000000e+00 +6.671000000e+01 +6.671000000e+01 -6.4228e+00 -6.9957e+00 -1.0599e+01 +8.0848e+00 -9.0893e+00
% function evaluation | noise-free fitness - Fopt (9.416700000000e+02) | best noise-free fitness - Fopt | measured fitness | best measured fitness | x1 | x2...
1 +1.078198516e+02 +1.078198516e+02 +1.049489852e+03 +1.049489852e+03 +0.0000e+00 +0.0000e+00 +0.0000e+00 +0.0000e+00 +0.0000e+00
2 +1.007872177e+02 +1.007872177e+02 +1.042457218e+03 +1.042457218e+03 +1.0531e+00 +1.0267e+00 +5.7369e-01 +2.5794e+00 +6.4075e-01
3 +9.938020297e+01 +9.938020297e+01 +1.041050203e+03 +1.041050203e+03 -9.3502e-02 -1.1182e+00 +1.3619e+00 +6.8132e-01 +1.7804e-01
8 +9.439082502e+01 +9.439082502e+01 +1.036060825e+03 +1.036060825e+03 -2.4380e+00 -5.7770e-01 -1.1536e+00 +4.8081e-01 -1.0908e+00
12 +7.993895971e+01 +7.993895971e+01 +1.021608960e+03 +1.021608960e+03 -1.9522e+00 -6.9071e-01 -1.5470e+00 +1.4857e+00 -2.1238e+00
13 +7.720784290e+01 +7.720784290e+01 +1.018877843e+03 +1.018877843e+03 -3.5885e+00 -2.0020e+00 -6.6678e-01 +5.7706e-01 -2.2327e+00
23 +6.678860632e+01 +6.678860632e+01 +1.008458606e+03 +1.008458606e+03 -4.5588e-01 -3.2863e+00 +1.4564e+00 -1.1199e+00 -3.6424e+00
24 +4.849727514e+01 +4.849727514e+01 +9.901672751e+02 +9.901672751e+02 -2.3725e+00 -2.6972e+00 -1.0945e-02 +1.1989e+00 -4.5446e+00
33 +4.077580431e+01 +4.077580431e+01 +9.824458043e+02 +9.824458043e+02 +1.0893e+00 -5.1750e+00 -3.6580e+00 +3.7005e+00 -5.6981e+00
38 +3.103048159e+01 +3.103048159e+01 +9.727004816e+02 +9.727004816e+02 -4.0660e+00 -3.4627e+00 +6.5468e-01 +3.7614e+00 -4.3344e+00
43 +2.400310823e+01 +2.400310823e+01 +9.656731082e+02 +9.656731082e+02 -2.7750e-01 -4.5722e+00 +1.9648e+00 +4.3527e+00 -4.4718e+00
47 +2.124350406e+01 +2.124350406e+01 +9.629135041e+02 +9.629135041e+02 -4.2792e+00 -3.1440e+00 +6.2345e-01 +4.3985e+00 -6.3737e+00
52 +1.829726447e+01 +1.829726447e+01 +9.599672645e+02 +9.599672645e+02 -2.6491e+00 -4.9571e+00 -1.8528e-02 +7.5805e+00 -5.2545e+00
54 +1.365973516e+01 +1.365973516e+01 +9.553297352e+02 +9.553297352e+02 -2.7504e+00 -5.2440e+00 +1.3918e+00 +6.2412e+00 -6.5471e+00
71 +1.217803663e+01 +1.217803663e+01 +9.538480366e+02 +9.538480366e+02 -3.9248e+00 -4.2953e+00 +1.8852e+00 +6.6474e+00 -5.1810e+00
72 +9.772551362e+00 +9.772551362e+00 +9.514425514e+02 +9.514425514e+02 -6.8536e+00 -5.8313e+00 +1.9096e+00 +7.4162e+00 -8.1459e+00
83 +5.617096831e+00 +5.617096831e+00 +9.472870968e+02 +9.472870968e+02 -7.9825e+00 -4.6623e+00 +3.4136e+00 +7.3156e+00 -9.5699e+00
93 +3.231855654e-01 +3.231855654e-01 +9.419931856e+02 +9.419931856e+02 -5.1548e+00 -8.3715e+00 +4.8978e+00 +9.4172e+00 -7.0596e+00
104 +0.000000000e+00 +0.000000000e+00 +9.416700000e+02 +9.416700000e+02 -7.2914e+00 -5.5046e+00 +5.9013e+00 +5.2452e+00 -1.2138e+01
% function evaluation | noise-free fitness - Fopt (-3.745000000000e+01) | best noise-free fitness - Fopt | measured fitness | best measured fitness | x1 | x2...
1 +1.078198516e+02 +1.078198516e+02 +7.036985161e+01 +7.036985161e+01 +0.0000e+00 +0.0000e+00 +0.0000e+00 +0.0000e+00 +0.0000e+00
3 +1.054209705e+02 +1.054209705e+02 +6.797097051e+01 +6.797097051e+01 -1.7621e-01 +3.5731e-01 -1.5141e-01 -2.4051e-01 -1.0660e-01
9 +1.011076272e+02 +1.011076272e+02 +6.365762718e+01 +6.365762718e+01 +2.0841e-01 +7.3290e-01 +2.5554e-01 -3.7597e-01 -2.2782e-01
13 +9.191614905e+01 +9.191614905e+01 +5.446614905e+01 +5.446614905e+01 +9.6114e-01 +2.6615e+00 +1.5574e+00 -1.4677e+00 +2.9688e-01
24 +8.429038415e+01 +8.429038415e+01 +4.684038415e+01 +4.684038415e+01 +8.6940e-01 +3.8411e+00 +1.9262e+00 -1.8607e+00 +7.2536e-02
34 +7.806852832e+01 +7.806852832e+01 +4.061852832e+01 +4.061852832e+01 -3.8802e-01 +3.1065e+00 +3.8532e+00 -1.9506e+00 -1.4614e-01
36 +7.432356822e+01 +7.432356822e+01 +3.687356822e+01 +3.687356822e+01 +9.2421e-01 +5.3349e+00 +2.8453e+00 -3.0868e+00 +2.6753e-01
40 +7.143889385e+01 +7.143889385e+01 +3.398889385e+01 +3.398889385e+01 +8.9589e-01 +3.1883e+00 -8.0424e-02 -2.4172e+00 -1.6477e+00
41 +6.932856151e+01 +6.932856151e+01 +3.187856151e+01 +3.187856151e+01 -6.7715e-01 +3.6731e+00 +1.5196e+00 -2.7574e+00 -1.2326e+00
45 +6.838887440e+01 +6.838887440e+01 +3.093887440e+01 +3.093887440e+01 -8.1074e-01 +3.3928e+00 +7.3809e-01 -3.3080e+00 -1.3272e+00
50 +5.832047620e+01 +5.832047620e+01 +2.087047620e+01 +2.087047620e+01 -7.0726e-01 +3.6736e+00 +2.2368e+00 -3.5579e+00 -1.6593e+00
52 +5.087650806e+01 +5.087650806e+01 +1.342650806e+01 +1.342650806e+01 -5.8209e-01 +4.1908e+00 +1.3501e+00 -4.8261e+00 -1.8664e+00
59 +4.767049038e+01 +4.767049038e+01 +1.022049038e+01 +1.022049038e+01 -2.0441e+00 +4.2219e+00 +2.3891e+00 -4.2165e+00 -2.3419e+00
62 +2.717180338e+01 +2.717180338e+01 -1.027819662e+01 -1.027819662e+01 -3.9547e+00 +4.4815e+00 +2.9524e+00 -5.4056e+00 -3.9180e+00
74 +1.481095272e+01 +1.481095272e+01 -2.263904728e+01 -2.263904728e+01 -5.2749e+00 +4.1109e+00 +4.0655e+00 -5.8729e+00 -6.3511e+00
80 +1.359570814e+01 +1.359570814e+01 -2.385429186e+01 -2.385429186e+01 -5.7544e+00 +5.5415e+00 +4.1015e+00 -6.1439e+00 -5.1961e+00
83 +1.314801940e+01 +1.314801940e+01 -2.430198060e+01 -2.430198060e+01 -4.1982e+00 +5.2576e+00 +3.7510e+00 -5.8598e+00 -5.2952e+00
84 +1.173034368e+01 +1.173034368e+01 -2.571965632e+01 -2.571965632e+01 -3.7623e+00 +4.3392e+00 +4.4330e+00 -5.0596e+00 -5.9504e+00
92 +1.100022231e+01 +1.100022231e+01 -2.644977769e+01 -2.644977769e+01 -2.9570e+00 +4.3354e+00 +4.4113e+00 -5.2696e+00 -5.0316e+00
93 +9.910123940e+00 +9.910123940e+00 -2.753987606e+01 -2.753987606e+01 -3.6137e+00 +4.2710e+00 +5.2434e+00 -5.9913e+00 -7.4699e+00
108 +9.360493301e+00 +9.360493301e+00 -2.808950670e+01 -2.808950670e+01 -4.3605e+00 +5.3664e+00 +8.3084e+00 -7.4801e+00 -7.9900e+00
111 +9.194841935e+00 +9.194841935e+00 -2.825515806e+01 -2.825515806e+01 -2.6250e+00 +5.2292e+00 +4.5036e+00 -6.4510e+00 -5.5926e+00
112 +8.813055262e+00 +8.813055262e+00 -2.863694474e+01 -2.863694474e+01 -2.7000e+00 +5.5287e+00 +4.6480e+00 -6.6609e+00 -6.0224e+00
114 +6.963705173e+00 +6.963705173e+00 -3.048629483e+01 -3.048629483e+01 -1.9637e+00 +5.6316e+00 +6.7298e+00 -6.5688e+00 -6.6483e+00
124 +6.889931547e+00 +6.889931547e+00 -3.056006845e+01 -3.056006845e+01 -1.8899e+00 +5.4371e+00 +5.5768e+00 -7.4123e+00 -6.1020e+00
125 +5.867216382e+00 +5.867216382e+00 -3.158278362e+01 -3.158278362e+01 -8.6722e-01 +5.5081e+00 +5.5440e+00 -7.1573e+00 -5.0771e+00
130 +5.004981100e+00 +5.004981100e+00 -3.244501890e+01 -3.244501890e+01 -4.9811e-03 +5.9529e+00 +7.3675e+00 -6.7036e+00 -7.6802e+00
136 +2.191730513e+00 +2.191730513e+00 -3.525826949e+01 -3.525826949e+01 +2.8083e+00 +7.7808e+00 +1.0320e+01 -9.2451e+00 -1.0928e+01
142 +9.715079057e-01 +9.715079057e-01 -3.647849209e+01 -3.647849209e+01 +4.0285e+00 +7.5967e+00 +1.1650e+01 -9.5773e+00 -1.2402e+01
144 +4.776677300e-01 +4.776677300e-01 -3.697233227e+01 -3.697233227e+01 +4.5223e+00 +7.7367e+00 +1.2558e+01 -1.0459e+01 -1.2060e+01
146 +0.000000000e+00 +0.000000000e+00 -3.745000000e+01 -3.745000000e+01 +6.0058e+00 +6.7982e+00 +1.1835e+01 -9.4837e+00 -1.3522e+01
% function evaluation | noise-free fitness - Fopt (2.134000000000e+01) | best noise-free fitness - Fopt | measured fitness | best measured fitness | x1 | x2...
1 +1.078198516e+02 +1.078198516e+02 +1.291598516e+02 +1.291598516e+02 +0.0000e+00 +0.0000e+00 +0.0000e+00 +0.0000e+00 +0.0000e+00
2 +8.768720113e+01 +8.768720113e+01 +1.090272011e+02 +1.090272011e+02 +2.2173e+00 +8.4316e-01 +8.8394e-01 -2.0205e+00 -6.6931e-01
4 +7.987527719e+01 +7.987527719e+01 +1.012152772e+02 +1.012152772e+02 -9.9841e-01 -8.7705e-01 +8.4650e-01 -2.4333e+00 -1.2146e+00
13 +7.287975346e+01 +7.287975346e+01 +9.421975346e+01 +9.421975346e+01 -1.0371e+00 -2.8484e-01 +5.6569e-01 -1.9844e+00 -2.1462e+00
16 +6.213978054e+01 +6.213978054e+01 +8.347978054e+01 +8.347978054e+01 -6.8056e-01 -3.6221e+00 -6.8391e-01 -2.1452e+00 -4.1540e+00
20 +3.173978690e+01 +3.173978690e+01 +5.307978690e+01 +5.307978690e+01 -1.2128e+00 -2.9579e-01 +1.7672e+00 -3.5219e+00 -5.0372e+00
22 +3.022159469e+01 +3.022159469e+01 +5.156159469e+01 +5.156159469e+01 -2.4522e+00 -2.6660e+00 +4.4922e+00 -3.7071e+00 -4.4835e+00
24 +2.962427333e+01 +2.962427333e+01 +5.096427333e+01 +5.096427333e+01 -1.4729e+00 +1.0195e+00 +2.2527e+00 -3.1873e+00 -4.9862e+00
27 +1.356932239e+01 +1.356932239e+01 +3.490932239e+01 +3.490932239e+01 -1.2221e+00 +2.0505e+00 +3.5623e+00 -6.4455e+00 -6.6417e+00
36 +1.038015345e+01 +1.038015345e+01 +3.172015345e+01 +3.172015345e+01 -2.4648e+00 +7.4301e-01 +4.9131e+00 -6.0104e+00 -6.9249e+00
42 +6.161418463e+00 +6.161418463e+00 +2.750141846e+01 +2.750141846e+01 -4.1800e+00 +4.1786e+00 +3.7728e+00 -1.4768e+01 -5.8113e+00
45 +5.004564852e+00 +5.004564852e+00 +2.634456485e+01 +2.634456485e+01 -2.3727e+00 +4.7450e+00 +8.6139e+00 -4.6579e+00 -1.1320e+01
52 +4.247980266e+00 +4.247980266e+00 +2.558798027e+01 +2.558798027e+01 -5.4110e+00 +2.9269e+00 +5.9422e+00 -4.9002e+00 -1.3284e+01
56 +3.252242854e+00 +3.252242854e+00 +2.459224285e+01 +2.459224285e+01 -1.7478e+00 +9.6446e+00 +6.3933e+00 -7.6950e+00 -7.0505e+00
57 +9.771707463e-01 +9.771707463e-01 +2.231717075e+01 +2.231717075e+01 -4.0228e+00 +7.9905e+00 +1.0712e+01 -9.8953e+00 -1.2956e+01
70 +0.000000000e+00 +0.000000000e+00 +2.134000000e+01 +2.134000000e+01 -8.8920e+00 +1.6767e+01 +8.3182e+00 -5.6417e+00 -2.0787e+01
% function evaluation | noise-free fitness - Fopt (2.284000000000e+01) | best noise-free fitness - Fopt | measured fitness | best measured fitness | x1 | x2...
1 +1.078198516e+02 +1.078198516e+02 +1.306598516e+02 +1.306598516e+02 +0.0000e+00 +0.0000e+00 +0.0000e+00 +0.0000e+00 +0.0000e+00
3 +9.777901113e+01 +9.777901113e+01 +1.206190111e+02 +1.206190111e+02 -1.5128e+00 +1.6029e+00 +1.4574e-01 +6.8441e-01 -9.0654e-01
5 +9.285027295e+01 +9.285027295e+01 +1.156902729e+02 +1.156902729e+02 +4.3073e-02 +1.3386e+00 +8.7270e-03 +5.8453e-01 -1.5892e+00
15 +8.380768228e+01 +8.380768228e+01 +1.066476823e+02 +1.066476823e+02 -1.6817e+00 +4.9952e-01 -2.3341e+00 -3.5778e+00 -8.7037e-01
16 +7.070720141e+01 +7.070720141e+01 +9.354720141e+01 +9.354720141e+01 -1.2057e+00 +2.5604e+00 -5.0845e-01 -3.3506e+00 -1.4120e+00
24 +6.756006392e+01 +6.756006392e+01 +9.040006392e+01 +9.040006392e+01 +4.5902e-01 +3.5504e+00 -2.1955e-01 -3.0890e+00 -1.7729e+00
26 +6.579693631e+01 +6.579693631e+01 +8.863693631e+01 +8.863693631e+01 -2.1519e-01 +4.6483e+00 +1.0800e+00 -6.1154e+00 -2.0096e-01
30 +6.416686949e+01 +6.416686949e+01 +8.700686949e+01 +8.700686949e+01 -3.2986e-01 +1.9313e+00 -1.9622e+00 -3.3909e+00 -2.7025e+00
33 +5.177194664e+01 +5.177194664e+01 +7.461194664e+01 +7.461194664e+01 -6.2356e-01 +1.6111e+00 -1.5717e+00 -3.0283e+00 -4.0500e+00
34 +4.565423031e+01 +4.565423031e+01 +6.849423031e+01 +6.849423031e+01 -3.2406e+00 +2.2035e+00 -2.2131e+00 -3.8910e+00 -4.0124e+00
39 +3.961518462e+01 +3.961518462e+01 +6.245518462e+01 +6.245518462e+01 -3.3146e-01 +4.0654e+00 -2.7844e+00 -3.4585e+00 -5.2850e+00
42 +3.720309996e+01 +3.720309996e+01 +6.004309996e+01 +6.004309996e+01 +7.3027e-02 +2.4339e+00 -1.7147e+00 -3.8738e+00 -5.3113e+00
44 +3.076037179e+01 +3.076037179e+01 +5.360037179e+01 +5.360037179e+01 +9.3961e-01 +2.7136e+00 -1.5633e+00 -6.3059e+00 -8.8284e+00
47 +2.999015709e+01 +2.999015709e+01 +5.283015709e+01 +5.283015709e+01 -2.3131e+00 +4.4694e+00 +2.5864e+00 -1.6698e+00 -7.5047e+00
50 +2.899248898e+01 +2.899248898e+01 +5.183248898e+01 +5.183248898e+01 +2.9454e+00 +1.9637e+00 +5.3949e-02 -5.5237e+00 -4.9993e+00
57 +2.206370885e+01 +2.206370885e+01 +4.490370885e+01 +4.490370885e+01 +2.6714e+00 +1.3516e+00 +2.7876e+00 -1.0127e+01 -4.9092e+00
66 +2.145410335e+01 +2.145410335e+01 +4.429410335e+01 +4.429410335e+01 +5.2334e+00 +3.8652e+00 +2.0898e+00 -1.1264e+01 -5.7797e+00
72 +1.957475476e+01 +1.957475476e+01 +4.241475476e+01 +4.241475476e+01 -1.5916e+00 -2.4113e+00 +4.0555e+00 -9.3009e+00 -5.2325e+00
75 +1.918490974e+01 +1.918490974e+01 +4.202490974e+01 +4.202490974e+01 +5.1067e+00 +2.9071e+00 +3.3061e+00 -1.5848e+01 -6.4699e+00
80 +1.785966580e+01 +1.785966580e+01 +4.069966580e+01 +4.069966580e+01 +4.4022e+00 +3.1646e+00 +3.3576e+00 -1.1807e+01 -1.2779e+01
89 +1.609899632e+01 +1.609899632e+01 +3.893899632e+01 +3.893899632e+01 +5.0501e+00 +3.8838e+00 +3.7149e+00 -9.5844e+00 -1.3348e+01
90 +1.055346101e+01 +1.055346101e+01 +3.339346101e+01 +3.339346101e+01 +5.5535e+00 +5.7460e+00 +5.7724e+00 -1.3499e+01 -1.3311e+01
92 +9.982875336e+00 +9.982875336e+00 +3.282287534e+01 +3.282287534e+01 +3.9439e+00 +5.2411e+00 +4.6714e+00 -8.1264e+00 -1.0805e+01
96 +8.765549326e+00 +8.765549326e+00 +3.160554933e+01 +3.160554933e+01 +8.4707e-01 +7.8910e+00 +4.0771e+00 -1.2280e+01 -1.2650e+01
103 +3.934472088e+00 +3.934472088e+00 +2.677447209e+01 +2.677447209e+01 -1.0655e+00 +1.2945e+01 +5.2766e+00 -1.5316e+01 -1.4598e+01
104 +3.729522144e+00 +3.729522144e+00 +2.656952214e+01 +2.656952214e+01 -1.2705e+00 +1.8437e+01 +6.3023e+00 -1.4148e+01 -1.9150e+01
107 +2.747791309e+00 +2.747791309e+00 +2.558779131e+01 +2.558779131e+01 -2.2522e+00 +1.1614e+01 +7.6933e+00 -1.1185e+01 -1.6099e+01
114 +1.273536815e+00 +1.273536815e+00 +2.411353682e+01 +2.411353682e+01 -3.7265e+00 +1.1158e+01 +9.5997e+00 -1.2311e+01 -1.5861e+01
118 +0.000000000e+00 +0.000000000e+00 +2.284000000e+01 +2.284000000e+01 -6.5314e+00 +1.2108e+01 +1.1576e+01 -9.8734e+00 -2.1452e+01
% function evaluation | noise-free fitness - Fopt (-1.038100000000e+02) | best noise-free fitness - Fopt | measured fitness | best measured fitness | x1 | x2...
1 +1.078198516e+02 +1.078198516e+02 +4.009851611e+00 +4.009851611e+00 +0.0000e+00 +0.0000e+00 +0.0000e+00 +0.0000e+00 +0.0000e+00
2 +9.536119533e+01 +9.536119533e+01 -8.448804666e+00 -8.448804666e+00 +9.2510e-02 -3.2035e-01 +1.1123e+00 +2.5572e-01 +1.5015e+00
4 +8.336701211e+01 +8.336701211e+01 -2.044298789e+01 -2.044298789e+01 -1.0373e+00 +1.3056e-01 -1.1195e+00 +1.8278e+00 +1.1439e+00
11 +7.295798307e+01 +7.295798307e+01 -3.085201693e+01 -3.085201693e+01 +1.1034e+00 +1.0105e-01 -1.7886e+00 -3.6801e-01 +2.9992e+00
13 +6.801099211e+01 +6.801099211e+01 -3.579900789e+01 -3.579900789e+01 +1.7910e+00 -5.6643e-01 -1.7891e+00 +1.2071e+00 +2.6580e+00
14 +5.688618246e+01 +5.688618246e+01 -4.692381754e+01 -4.692381754e+01 +2.0417e+00 +1.2923e+00 -7.3824e-01 -9.2584e-01 +4.9466e+00
18 +4.657507940e+01 +4.657507940e+01 -5.723492060e+01 -5.723492060e+01 +4.6138e-01 -6.2075e-01 -1.4579e+00 +1.2940e+00 +5.9660e+00
22 +3.063401730e+01 +3.063401730e+01 -7.317598270e+01 -7.317598270e+01 +1.2314e+00 -1.4403e-01 -3.7143e+00 +3.5243e+00 +4.4646e+00
32 +2.567843420e+01 +2.567843420e+01 -7.813156580e+01 -7.813156580e+01 +4.1763e+00 -7.2754e-01 -1.7784e+00 +4.2030e+00 +9.8957e+00
33 +2.189005367e+01 +2.189005367e+01 -8.191994633e+01 -8.191994633e+01 +1.9559e+00 +8.9016e-01 -3.9977e+00 +3.5119e+00 +7.2198e+00
38 +2.163143090e+01 +2.163143090e+01 -8.217856910e+01 -8.217856910e+01 +3.8911e+00 -2.9467e+00 -2.9790e+00 +6.7304e+00 +5.6806e+00
48 +1.554842178e+01 +1.554842178e+01 -8.826157822e+01 -8.826157822e+01 +4.1508e+00 -3.2660e+00 -5.9947e+00 +5.4856e+00 +9.7285e+00
57 +1.271578767e+01 +1.271578767e+01 -9.109421233e+01 -9.109421233e+01 +1.2010e+01 -2.1506e+00 -5.0725e+00 +1.0231e+01 +9.4344e+00
61 +1.104814093e+01 +1.104814093e+01 -9.276185907e+01 -9.276185907e+01 +2.9623e+00 -6.6949e-02 -5.6819e+00 +8.2566e+00 +1.3472e+01
62 +6.032784285e+00 +6.032784285e+00 -9.777721572e+01 -9.777721572e+01 +4.8288e+00 +2.0643e+00 -4.7972e+00 +7.1604e+00 +8.2211e+00
63 +5.540301134e+00 +5.540301134e+00 -9.826969887e+01 -9.826969887e+01 +4.1487e+00 +3.1990e+00 -4.5300e+00 +1.0967e+01 +1.3968e+01
65 +2.720917457e+00 +2.720917457e+00 -1.010890825e+02 -1.010890825e+02 +5.6601e+00 +3.4699e+00 -8.6140e+00 +9.3650e+00 +1.1557e+01
75 +0.000000000e+00 +0.000000000e+00 -1.038100000e+02 -1.038100000e+02 +8.6390e+00 +8.1915e+00 -7.6249e+00 +6.5787e+00 +1.0040e+01
% function evaluation | noise-free fitness - Fopt (1.237000000000e+01) | best noise-free fitness - Fopt | measured fitness | best measured fitness | x1 | x2...
1 +1.078198516e+02 +1.078198516e+02 +1.201898516e+02 +1.201898516e+02 +0.0000e+00 +0.0000e+00 +0.0000e+00 +0.0000e+00 +0.0000e+00
2 +8.657767910e+01 +8.657767910e+01 +9.894767910e+01 +9.894767910e+01 -6.5925e-02 -2.4456e-01 +1.3538e+00 +4.5440e-02 -1.6337e+00
12 +8.462163738e+01 +8.462163738e+01 +9.699163738e+01 +9.699163738e+01 -1.0645e+00 -6.0086e-01 +1.9985e+00 -1.2677e+00 -2.4003e+00
13 +6.660092433e+01 +6.660092433e+01 +7.897092433e+01 +7.897092433e+01 +1.1245e+00 -4.7115e-01 +2.0596e+00 -3.0569e-01 -3.4463e+00
22 +5.317094846e+01 +5.317094846e+01 +6.554094846e+01 +6.554094846e+01 +1.4163e-01 -4.1739e-01 +3.0183e+00 -1.0278e+00 -6.2657e+00
31 +4.145460506e+01 +4.145460506e+01 +5.382460506e+01 +5.382460506e+01 +1.2561e+00 +6.0715e-01 +2.8151e+00 +1.2958e+00 -5.6716e+00
38 +3.782449375e+01 +3.782449375e+01 +5.019449375e+01 +5.019449375e+01 +2.5630e+00 +5.4056e-01 +2.5179e+00 +1.8550e+00 -5.1819e+00
40 +3.487393460e+01 +3.487393460e+01 +4.724393460e+01 +4.724393460e+01 +2.7875e+00 -8.5626e-01 +4.2947e+00 +8.9884e-01 -5.9306e+00
50 +2.773487994e+01 +2.773487994e+01 +4.010487994e+01 +4.010487994e+01 +3.9101e+00 -3.3537e+00 +6.3004e+00 +9.0233e-01 -4.9325e+00
54 +2.112777691e+01 +2.112777691e+01 +3.349777691e+01 +3.349777691e+01 +3.9245e+00 -4.1346e+00 +5.7215e+00 +1.7078e+00 -6.3956e+00
62 +1.663163466e+01 +1.663163466e+01 +2.900163466e+01 +2.900163466e+01 +3.4209e+00 -7.6346e+00 +7.3124e+00 +2.3232e+00 -6.8191e+00
64 +7.517073789e+00 +7.517073789e+00 +1.988707379e+01 +1.988707379e+01 +5.6570e+00 -5.8434e+00 +5.2008e+00 +3.6633e+00 -7.4398e+00
73 +0.000000000e+00 +0.000000000e+00 +1.237000000e+01 +1.237000000e+01 +8.7521e+00 -1.0367e+01 +5.0785e+00 +6.2987e+00 -9.1389e+00
% function evaluation | noise-free fitness - Fopt (6.580000000000e+00) | best noise-free fitness - Fopt | measured fitness | best measured fitness | x1 | x2...
1 +1.078198516e+02 +1.078198516e+02 +1.143998516e+02 +1.143998516e+02 +0.0000e+00 +0.0000e+00 +0.0000e+00 +0.0000e+00 +0.0000e+00
3 +7.921702344e+01 +7.921702344e+01 +8.579702344e+01 +8.579702344e+01 +1.3962e-01 +1.0543e+00 +5.5405e-01 +1.2794e+00 +2.1671e+00
14 +6.798763256e+01 +6.798763256e+01 +7.456763256e+01 +7.456763256e+01 -4.9020e-01 +1.9225e+00 +1.2723e+00 +1.4395e+00 +3.0643e+00
15 +5.369705338e+01 +5.369705338e+01 +6.027705338e+01 +6.027705338e+01 +1.2308e+00 +5.3651e-01 +1.0960e+00 +2.2015e+00 +4.0462e+00
22 +5.095012862e+01 +5.095012862e+01 +5.753012862e+01 +5.753012862e+01 -5.8258e-01 +3.7600e-01 +2.3521e+00 +3.8626e+00 +2.7797e+00
24 +4.682005103e+01 +4.682005103e+01 +5.340005103e+01 +5.340005103e+01 +8.1046e-01 +3.5012e-01 -9.8696e-01 +2.7659e+00 +5.0160e+00
28 +3.393296240e+01 +3.393296240e+01 +4.051296240e+01 +4.051296240e+01 +1.2777e+00 -8.5016e-02 +2.1884e+00 +3.7008e+00 +4.7282e+00
29 +3.261981853e+01 +3.261981853e+01 +3.919981853e+01 +3.919981853e+01 +6.4844e-01 +1.1603e+00 +1.5732e+00 +4.0788e+00 +5.6865e+00
34 +2.347250687e+01 +2.347250687e+01 +3.005250687e+01 +3.005250687e+01 +2.9451e-01 +2.8233e-01 +2.2221e+00 +5.3217e+00 +6.6730e+00
44 +2.318903666e+01 +2.318903666e+01 +2.976903666e+01 +2.976903666e+01 -1.2019e+00 +4.2116e-01 +1.9166e+00 +7.8148e+00 +7.8364e+00
48 +2.170341554e+01 +2.170341554e+01 +2.828341554e+01 +2.828341554e+01 -1.1754e+00 -9.8188e-01 +2.7733e+00 +4.3435e+00 +5.8195e+00
53 +1.748807160e+01 +1.748807160e+01 +2.406807160e+01 +2.406807160e+01 -2.0770e+00 -1.4938e+00 +4.0553e+00 +4.0499e+00 +6.2859e+00
58 +1.414501592e+01 +1.414501592e+01 +2.072501592e+01 +2.072501592e+01 -1.8730e+00 -8.1982e-01 +3.8665e+00 +5.1189e+00 +5.0707e+00
62 +7.381765584e+00 +7.381765584e+00 +1.396176558e+01 +1.396176558e+01 -2.8306e+00 -2.0688e+00 +5.0418e+00 +6.6250e+00 +5.3124e+00
75 +3.335661999e+00 +3.335661999e+00 +9.915661999e+00 +9.915661999e+00 -3.9716e+00 -3.7026e+00 +5.4511e+00 +8.4506e+00 +5.9211e+00
76 +2.302963171e+00 +2.302963171e+00 +8.882963171e+00 +8.882963171e+00 -3.3562e+00 -4.6293e+00 +5.2630e+00 +6.6918e+00 +6.0195e+00
82 +5.302678950e-01 +5.302678950e-01 +7.110267895e+00 +7.110267895e+00 -4.7589e+00 -5.5320e+00 +4.9085e+00 +7.3938e+00 +5.9727e+00
90 +1.082655374e-01 +1.082655374e-01 +6.688265537e+00 +6.688265537e+00 -4.8917e+00 -6.3908e+00 +6.3511e+00 +7.1710e+00 +6.2825e+00
94 +0.000000000e+00 +0.000000000e+00 +6.580000000e+00 +6.580000000e+00 -7.4599e+00 -8.9572e+00 +9.1743e+00 +8.0591e+00 +5.8318e+00
% function evaluation | noise-free fitness - Fopt (5.178000000000e+01) | best noise-free fitness - Fopt | measured fitness | best measured fitness | x1 | x2...
1 +1.078198516e+02 +1.078198516e+02 +1.595998516e+02 +1.595998516e+02 +0.0000e+00 +0.0000e+00 +0.0000e+00 +0.0000e+00 +0.0000e+00
3 +1.019079198e+02 +1.019079198e+02 +1.536879198e+02 +1.536879198e+02 -3.0458e-02 -7.6934e-01 +7.4838e-01 -2.7898e+00 +1.7896e+00
9 +9.358797944e+01 +9.358797944e+01 +1.453679794e+02 +1.453679794e+02 -9.0088e-01 -1.3818e+00 +1.7799e+00 +2.9599e-01 +5.3826e-01
12 +6.400107894e+01 +6.400107894e+01 +1.157810789e+02 +1.157810789e+02 -8.1321e-01 -4.4996e+00 +4.1248e+00 +1.2371e+00 +1.6630e+00
25 +5.520336897e+01 +5.520336897e+01 +1.069833690e+02 +1.069833690e+02 +7.5543e-01 -5.9274e-01 +4.0506e+00 +3.4233e-02 +3.7805e+00
26 +4.060081607e+01 +4.060081607e+01 +9.238081607e+01 +9.238081607e+01 -4.6716e-01 -5.2713e+00 +3.1177e+00 +2.1803e-01 +4.7710e+00
39 +3.714250135e+01 +3.714250135e+01 +8.892250135e+01 +8.892250135e+01 -1.6688e-01 -7.6378e+00 +3.4418e+00 +1.2220e+00 +4.4197e+00
41 +3.498124090e+01 +3.498124090e+01 +8.676124090e+01 +8.676124090e+01 +8.7921e-01 -5.3164e+00 +2.4224e+00 +9.6166e-01 +5.2918e+00
45 +3.442439298e+01 +3.442439298e+01 +8.620439298e+01 +8.620439298e+01 +5.9674e-01 -5.9454e+00 +9.0236e-01 +1.9657e+00 +8.9200e+00
50 +3.275911852e+01 +3.275911852e+01 +8.453911852e+01 +8.453911852e+01 +3.0955e+00 -5.8645e+00 +1.6746e+00 +1.3832e+00 +6.1057e+00
52 +2.733565738e+01 +2.733565738e+01 +7.911565738e+01 +7.911565738e+01 +5.7254e+00 -7.9233e+00 +2.6220e+00 +1.4762e+00 +6.7187e+00
60 +2.519578807e+01 +2.519578807e+01 +7.697578807e+01 +7.697578807e+01 +5.9561e+00 -6.3903e+00 +3.8850e-01 +3.1127e+00 +5.0919e+00
61 +1.313888091e+01 +1.313888091e+01 +6.491888091e+01 +6.491888091e+01 +2.7630e+00 -7.1530e+00 +2.6591e+00 +4.3778e+00 +5.3347e+00
67 +7.360292917e+00 +7.360292917e+00 +5.914029292e+01 +5.914029292e+01 +4.4274e+00 -7.0890e+00 +2.8535e+00 +5.8259e+00 +5.7736e+00
72 +1.202178314e+00 +1.202178314e+00 +5.298217831e+01 +5.298217831e+01 +6.5047e+00 -1.0183e+01 +4.6198e+00 +6.3058e+00 +7.3308e+00
84 +7.878398214e-01 +7.878398214e-01 +5.256783982e+01 +5.256783982e+01 +5.1094e+00 -8.0075e+00 +5.9131e+00 +4.8599e+00 +7.6589e+00
88 +3.538160362e-01 +3.538160362e-01 +5.213381604e+01 +5.213381604e+01 +4.6462e+00 -9.3416e+00 +6.0157e+00 +7.3757e+00 +1.0881e+01
89 +0.000000000e+00 +0.000000000e+00 +5.178000000e+01 +5.178000000e+01 +1.0897e+01 -1.5590e+01 +5.0506e+00 +6.9759e+00 +9.8582e+00
% function evaluation | noise-free fitness - Fopt (-3.760300000000e+02) | best noise-free fitness - Fopt | measured fitness | best measured fitness | x1 | x2...
1 +1.078198516e+02 +1.078198516e+02 -2.682101484e+02 -2.682101484e+02 +0.0000e+00 +0.0000e+00 +0.0000e+00 +0.0000e+00 +0.0000e+00
3 +8.946297174e+01 +8.946297174e+01 -2.865670283e+02 -2.865670283e+02 +1.7981e+00 +8.0231e-01 +1.2698e+00 +1.6875e+00 -1.3254e+00
11 +8.187251246e+01 +8.187251246e+01 -2.941574875e+02 -2.941574875e+02 +8.8681e-01 +1.4872e-02 -1.1448e+00 +9.6656e-01 -1.7752e+00
12 +7.877332565e+01 +7.877332565e+01 -2.972566744e+02 -2.972566744e+02 +2.2039e+00 +3.4270e-01 -5.1854e-01 +2.1643e+00 -1.6830e+00
15 +7.387730092e+01 +7.387730092e+01 -3.021526991e+02 -3.021526991e+02 +1.1640e+00 -7.4956e-01 -1.4362e+00 +7.7134e-01 -2.7560e+00
21 +6.929579094e+01 +6.929579094e+01 -3.067342091e+02 -3.067342091e+02 +6.2594e-02 +1.1277e+00 -1.9911e+00 +1.3985e+00 -2.2420e+00
22 +6.764827207e+01 +6.764827207e+01 -3.083817279e+02 -3.083817279e+02 +1.9117e+00 -3.0061e-01 -7.8192e-01 +1.2414e+00 -3.3164e+00
23 +6.381438993e+01 +6.381438993e+01 -3.122156101e+02 -3.122156101e+02 +1.3914e-01 +1.3768e+00 -1.6329e+00 +1.5505e+00 -2.7814e+00
25 +5.048998373e+01 +5.048998373e+01 -3.255400163e+02 -3.255400163e+02 -2.0400e-01 +8.3768e-01 -2.5684e+00 +2.0964e+00 -3.5726e+00
34 +4.630361071e+01 +4.630361071e+01 -3.297263893e+02 -3.297263893e+02 +2.9955e-01 +7.2559e-01 -3.1671e+00 +3.3392e+00 -3.1733e+00
36 +2.296668693e+01 +2.296668693e+01 -3.530633131e+02 -3.530633131e+02 -1.0991e+00 +1.4757e+00 -3.1022e+00 +3.7912e+00 -5.3181e+00
45 +1.392908605e+01 +1.392908605e+01 -3.621009140e+02 -3.621009140e+02 -2.7902e+00 +2.3796e+00 -3.3547e+00 +4.6699e+00 -6.9678e+00
52 +1.370204778e+01 +1.370204778e+01 -3.623279522e+02 -3.623279522e+02 -2.9305e+00 +2.1389e+00 -2.9304e+00 +5.5707e+00 -6.7360e+00
54 +1.188267712e+01 +1.188267712e+01 -3.641473229e+02 -3.641473229e+02 -2.5990e+00 +3.2730e+00 -2.9728e+00 +5.6765e+00 -7.6177e+00
55 +7.073231701e+00 +7.073231701e+00 -3.689567683e+02 -3.689567683e+02 -3.0374e+00 +2.5531e+00 -4.7599e+00 +5.0809e+00 -5.1691e+00
61 +3.800903638e+00 +3.800903638e+00 -3.722290964e+02 -3.722290964e+02 -3.8478e+00 +3.5105e+00 -5.1700e+00 +6.9468e+00 -7.2910e+00
65 +1.186283650e+00 +1.186283650e+00 -3.748437164e+02 -3.748437164e+02 -3.8137e+00 +7.6283e+00 -5.4326e+00 +6.5279e+00 -9.4118e+00
72 +0.000000000e+00 +0.000000000e+00 -3.760300000e+02 -3.760300000e+02 -5.5518e+00 +8.1530e+00 -7.4609e+00 +5.9171e+00 -1.1937e+01
% function evaluation | noise-free fitness - Fopt (-7.182000000000e+01) | best noise-free fitness - Fopt | measured fitness | best measured fitness | x1 | x2...
1 +1.078198516e+02 +1.078198516e+02 +3.599985161e+01 +3.599985161e+01 +0.0000e+00 +0.0000e+00 +0.0000e+00 +0.0000e+00 +0.0000e+00
2 +9.334574871e+01 +9.334574871e+01 +2.152574871e+01 +2.152574871e+01 -4.1836e-01 +1.0720e-01 -3.8555e-01 -1.3556e+00 -2.0650e+00
8 +7.728592727e+01 +7.728592727e+01 +5.465927265e+00 +5.465927265e+00 -7.6784e-02 -1.0503e+00 -1.3038e+00 +1.6161e+00 -1.5378e+00
13 +7.370925539e+01 +7.370925539e+01 +1.889255386e+00 +1.889255386e+00 -1.2923e+00 -3.4708e-01 -1.6102e+00 +1.5584e+00 -1.8345e+00
23 +4.832886682e+01 +4.832886682e+01 -2.349113318e+01 -2.349113318e+01 -3.9093e+00 -4.7501e-01 -3.6425e+00 +1.2660e+00 -3.6099e+00
32 +4.214919209e+01 +4.214919209e+01 -2.967080791e+01 -2.967080791e+01 -6.9677e+00 -7.7774e-01 -5.8114e+00 -4.1079e-01 -4.5786e+00
38 +3.605914795e+01 +3.605914795e+01 -3.576085205e+01 -3.576085205e+01 -5.3296e+00 -2.0384e+00 -4.4876e+00 +1.1100e+00 -4.2703e+00
41 +3.236154877e+01 +3.236154877e+01 -3.945845123e+01 -3.945845123e+01 -5.2268e+00 -8.8372e-01 -3.9645e+00 +1.8103e+00 -4.6170e+00
43 +1.471034103e+01 +1.471034103e+01 -5.710965897e+01 -5.710965897e+01 -1.1376e+01 -7.3742e-01 -6.1098e+00 +3.7320e+00 -7.9671e+00
52 +9.480108021e+00 +9.480108021e+00 -6.233989198e+01 -6.233989198e+01 -1.4278e+01 +3.3106e-01 -8.9067e+00 +5.4809e+00 -1.1555e+01
63 +8.638323363e+00 +8.638323363e+00 -6.318167664e+01 -6.318167664e+01 -1.4483e+01 -1.4231e-01 -9.1851e+00 +7.2437e+00 -1.0315e+01
67 +7.537559365e+00 +7.537559365e+00 -6.428244063e+01 -6.428244063e+01 -1.4091e+01 -7.6132e-01 -7.8307e+00 +5.6465e+00 -1.1740e+01
75 +5.076360763e+00 +5.076360763e+00 -6.674363924e+01 -6.674363924e+01 -1.1330e+01 -2.3102e+00 -6.4476e+00 +4.9479e+00 -8.5095e+00
83 +2.364153189e+00 +2.364153189e+00 -6.945584681e+01 -6.945584681e+01 -1.3646e+01 -3.6705e+00 -6.8929e+00 +7.1627e+00 -1.3254e+01
84 +0.000000000e+00 +0.000000000e+00 -7.182000000e+01 -7.182000000e+01 -1.8488e+01 -5.1597e+00 -1.0127e+01 +9.0989e+00 -1.1558e+01
% function evaluation | noise-free fitness - Fopt (1.606400000000e+02) | best noise-free fitness - Fopt | measured fitness | best measured fitness | x1 | x2...
1 +1.078198516e+02 +1.078198516e+02 +2.684598516e+02 +2.684598516e+02 +0.0000e+00 +0.0000e+00 +0.0000e+00 +0.0000e+00 +0.0000e+00
4 +1.069779788e+02 +1.069779788e+02 +2.676179788e+02 +2.676179788e+02 -4.4880e-01 +1.5132e+00 -3.9779e-02 +4.3340e-01 +3.9631e-01
9 +9.114903183e+01 +9.114903183e+01 +2.517890318e+02 +2.517890318e+02 +8.5178e-01 -1.4774e+00 -2.6048e-01 -4.1299e-01 -1.9945e+00
12 +7.986750323e+01 +7.986750323e+01 +2.405075032e+02 +2.405075032e+02 +9.5512e-01 -1.8588e+00 +3.1331e-01 -1.0459e-01 -3.1882e+00
15 +7.902654173e+01 +7.902654173e+01 +2.396665417e+02 +2.396665417e+02 +1.1773e+00 -1.3173e+00 -4.1328e-01 -3.3852e-01 -3.0555e+00
17 +7.509137883e+01 +7.509137883e+01 +2.357313788e+02 +2.357313788e+02 +1.4206e+00 -2.3548e+00 -1.2231e+00 +8.2855e-01 -2.6968e+00
22 +6.943330842e+01 +6.943330842e+01 +2.300733084e+02 +2.300733084e+02 +3.4999e+00 -2.7214e+00 -4.2341e+00 -3.5373e-01 -2.8326e+00
24 +6.438310289e+01 +6.438310289e+01 +2.250231029e+02 +2.250231029e+02 +3.3308e-01 -1.3288e+00 -1.7329e+00 +1.5688e-01 -3.9105e+00
33 +4.904467794e+01 +4.904467794e+01 +2.096846779e+02 +2.096846779e+02 -6.2070e-01 -3.1983e-02 -2.0550e+00 +5.2537e-01 -5.6368e+00
44 +4.835326170e+01 +4.835326170e+01 +2.089932617e+02 +2.089932617e+02 -2.5682e+00 +1.3435e+00 -3.0053e+00 +2.5260e-02 -5.1995e+00
45 +4.020914768e+01 +4.020914768e+01 +2.008491477e+02 +2.008491477e+02 -8.7534e-02 +5.3269e-02 -2.3598e+00 +1.8034e+00 -6.1522e+00
50 +3.351029965e+01 +3.351029965e+01 +1.941502997e+02 +1.941502997e+02 +1.0429e+00 +1.9664e+00 -3.1578e+00 +1.7399e+00 -6.3474e+00
54 +3.285634530e+01 +3.285634530e+01 +1.934963453e+02 +1.934963453e+02 +6.6876e-01 +2.0013e+00 -3.7177e+00 +1.5968e+00 -7.6494e+00
55 +2.280043475e+01 +2.280043475e+01 +1.834404347e+02 +1.834404347e+02 +1.7802e+00 +3.9202e+00 -4.9228e+00 +1.9029e+00 -8.5269e+00
70 +5.333094425e+00 +5.333094425e+00 +1.659730944e+02 +1.659730944e+02 +4.2404e+00 +6.5259e+00 -5.1934e+00 +4.1867e+00 -6.3679e+00
73 +4.879812350e-01 +4.879812350e-01 +1.611279812e+02 +1.611279812e+02 +4.5120e+00 +5.4196e+00 -5.4568e+00 +5.1087e+00 -5.2040e+00
93 +0.000000000e+00 +0.000000000e+00 +1.606400000e+02 +1.606400000e+02 +9.3921e+00 +5.7928e+00 -6.9345e+00 +9.9832e+00 -6.1229e+00
% function evaluation | noise-free fitness - Fopt (-1.003600000000e+02) | best noise-free fitness - Fopt | measured fitness | best measured fitness | x1 | x2...
1 +1.078198516e+02 +1.078198516e+02 +7.459851611e+00 +7.459851611e+00 +0.0000e+00 +0.0000e+00 +0.0000e+00 +0.0000e+00 +0.0000e+00
2 +9.458818949e+01 +9.458818949e+01 -5.771810508e+00 -5.771810508e+00 -5.7099e-01 -1.6959e+00 +1.1243e+00 -2.1600e+00 +6.0572e-01
7 +8.928470161e+01 +8.928470161e+01 -1.107529839e+01 -1.107529839e+01 -1.2532e+00 -4.2503e-01 +2.3140e-01 -2.6537e+00 -8.7156e-02
10 +7.443642902e+01 +7.443642902e+01 -2.592357098e+01 -2.592357098e+01 +5.7441e-01 -6.0350e-01 +9.0090e-01 -2.3477e+00 -1.6834e+00
12 +6.220874711e+01 +6.220874711e+01 -3.815125289e+01 -3.815125289e+01 +1.4812e+00 -1.1446e+00 +9.5075e-01 -2.3625e+00 -2.8765e+00
24 +5.813251435e+01 +5.813251435e+01 -4.222748565e+01 -4.222748565e+01 +1.7584e+00 -1.2987e+00 +1.8199e+00 -3.4807e+00 -2.3808e+00
27 +5.659039209e+01 +5.659039209e+01 -4.376960791e+01 -4.376960791e+01 +5.6833e-01 -1.6416e+00 +1.0034e+00 -3.3482e+00 -2.6877e+00
30 +4.404230177e+01 +4.404230177e+01 -5.631769823e+01 -5.631769823e+01 +1.6810e+00 +2.9443e-01 +6.8583e-01 -2.8198e+00 -4.7957e+00
33 +4.006770942e+01 +4.006770942e+01 -6.029229058e+01 -6.029229058e+01 +1.6593e+00 +8.1506e-01 +2.8066e+00 -2.3531e+00 -4.8753e+00
39 +2.278613715e+01 +2.278613715e+01 -7.757386285e+01 -7.757386285e+01 -1.0274e-01 -2.0095e+00 +1.6023e+00 -4.6752e+00 -5.9593e+00
52 +1.884154357e+01 +1.884154357e+01 -8.151845643e+01 -8.151845643e+01 +1.1328e+00 -1.0574e+00 +4.9206e+00 -4.0315e+00 -7.0755e+00
62 +1.659475322e+01 +1.659475322e+01 -8.376524678e+01 -8.376524678e+01 -1.5289e+00 -1.6801e+00 +4.4705e+00 -4.0139e+00 -5.7063e+00
63 +1.276830413e+01 +1.276830413e+01 -8.759169587e+01 -8.759169587e+01 +1.5605e+00 -1.5091e+00 +7.7689e+00 -5.7460e+00 -7.3756e+00
65 +1.012412499e+01 +1.012412499e+01 -9.023587501e+01 -9.023587501e+01 +2.1565e-01 -2.2398e+00 +5.4475e+00 -6.3059e+00 -9.8631e+00
72 +6.550745667e+00 +6.550745667e+00 -9.380925433e+01 -9.380925433e+01 +6.8133e-01 -4.5111e+00 +9.6960e+00 -9.4401e+00 -1.4615e+01
87 +3.980986458e+00 +3.980986458e+00 -9.637901354e+01 -9.637901354e+01 -1.0190e+00 -5.6263e+00 +1.3380e+01 -1.1060e+01 -1.1875e+01
88 +2.458372082e+00 +2.458372082e+00 -9.790162792e+01 -9.790162792e+01 -3.4003e+00 -4.5171e+00 +8.2581e+00 -8.6862e+00 -1.8480e+01
98 +1.461776415e+00 +1.461776415e+00 -9.889822359e+01 -9.889822359e+01 -6.1356e+00 -5.4920e+00 +1.8673e+01 -4.7401e+00 -2.2711e+01
99 +8.111237219e-01 +8.111237219e-01 -9.954887628e+01 -9.954887628e+01 -4.5644e+00 -4.7888e+00 +1.2564e+01 -1.2169e+01 -1.4762e+01
110 +3.887572540e-01 +3.887572540e-01 -9.997124275e+01 -9.997124275e+01 -4.6112e+00 -5.6961e+00 +1.0900e+01 -1.8817e+01 -2.8688e+01
112 +0.000000000e+00 +0.000000000e+00 -1.003600000e+02 -1.003600000e+02 -9.2356e+00 -6.6673e+00 +1.4016e+01 -2.4885e+01 -2.7870e+01
