% function evaluation | noise-free fitness - Fopt (-9.210000000000e+00) | best noise-free fitness - Fopt | measured fitness | best measured fitness | x1 | x2...
1 +7.899082053e+02 +7.899082053e+02 +7.806982053e+02 +7.806982053e+02
4 +7.695885362e+02 +7.695885362e+02 +7.603785362e+02 +7.603785362e+02
9 +7.506658598e+02 +7.506658598e+02 +7.414558598e+02 +7.414558598e+02
13 +7.223524376e+02 +7.223524376e+02 +7.131424376e+02 +7.131424376e+02
25 +6.857663813e+02 +6.857663813e+02 +6.765563813e+02 +6.765563813e+02
34 +6.641450755e+02 +6.641450755e+02 +6.549350755e+02 +6.549350755e+02
35 +6.561013433e+02 +6.561013433e+02 +6.468913433e+02 +6.468913433e+02
42 +6.274769054e+02 +6.274769054e+02 +6.182669054e+02 +6.182669054e+02
45 +6.038642595e+02 +6.038642595e+02 +5.946542595e+02 +5.946542595e+02
49 +5.945280990e+02 +5.945280990e+02 +5.853180990e+02 +5.853180990e+02
57 +5.788769940e+02 +5.788769940e+02 +5.696669940e+02 +5.696669940e+02
63 +5.537644759e+02 +5.537644759e+02 +5.445544759e+02 +5.445544759e+02
82 +5.185099919e+02 +5.185099919e+02 +5.092999919e+02 +5.092999919e+02
94 +4.711564217e+02 +4.711564217e+02 +4.619464217e+02 +4.619464217e+02
104 +4.573422255e+02 +4.573422255e+02 +4.481322255e+02 +4.481322255e+02
107 +4.546642270e+02 +4.546642270e+02 +4.454542270e+02 +4.454542270e+02
120 +4.356396362e+02 +4.356396362e+02 +4.264296362e+02 +4.264296362e+02
128 +4.241384825e+02 +4.241384825e+02 +4.149284825e+02 +4.149284825e+02
131 +4.135116438e+02 +4.135116438e+02 +4.043016438e+02 +4.043016438e+02
136 +3.876424334e+02 +3.876424334e+02 +3.784324334e+02 +3.784324334e+02
142 +3.698413601e+02 +3.698413601e+02 +3.606313601e+02 +3.606313601e+02
146 +3.599439368e+02 +3.599439368e+02 +3.507339368e+02 +3.507339368e+02
153 +3.460907162e+02 +3.460907162e+02 +3.368807162e+02 +3.368807162e+02
162 +3.214405520e+02 +3.214405520e+02 +3.122305520e+02 +3.122305520e+02
167 +3.151953046e+02 +3.151953046e+02 +3.059853046e+02 +3.059853046e+02
172 +3.045310993e+02 +3.045310993e+02 +2.953210993e+02 +2.953210993e+02
184 +2.959790166e+02 +2.959790166e+02 +2.867690166e+02 +2.867690166e+02
185 +2.764044512e+02 +2.764044512e+02 +2.671944512e+02 +2.671944512e+02
194 +2.616537494e+02 +2.616537494e+02 +2.524437494e+02 +2.524437494e+02
234 +2.537993762e+02 +2.537993762e+02 +2.445893762e+02 +2.445893762e+02
237 +2.405514794e+02 +2.405514794e+02 +2.313414794e+02 +2.313414794e+02
245 +2.355610761e+02 +2.355610761e+02 +2.263510761e+02 +2.263510761e+02
248 +2.325770616e+02 +2.325770616e+02 +2.233670616e+02 +2.233670616e+02
253 +2.249460340e+02 +2.249460340e+02 +2.157360340e+02 +2.157360340e+02
263 +2.098433552e+02 +2.098433552e+02 +2.006333552e+02 +2.006333552e+02
279 +2.032078457e+02 +2.032078457e+02 +1.939978457e+02 +1.939978457e+02
282 +1.926831340e+02 +1.926831340e+02 +1.834731340e+02 +1.834731340e+02
296 +1.897357053e+02 +1.897357053e+02 +1.805257053e+02 +1.805257053e+02
301 +1.726940950e+02 +1.726940950e+02 +1.634840950e+02 +1.634840950e+02
311 +1.672411464e+02 +1.672411464e+02 +1.580311464e+02 +1.580311464e+02
317 +1.644806680e+02 +1.644806680e+02 +1.552706680e+02 +1.552706680e+02
322 +1.587322491e+02 +1.587322491e+02 +1.495222491e+02 +1.495222491e+02
324 +1.540414114e+02 +1.540414114e+02 +1.448314114e+02 +1.448314114e+02
335 +1.472266389e+02 +1.472266389e+02 +1.380166389e+02 +1.380166389e+02
340 +1.372134770e+02 +1.372134770e+02 +1.280034770e+02 +1.280034770e+02
343 +1.338945294e+02 +1.338945294e+02 +1.246845294e+02 +1.246845294e+02
348 +1.220106230e+02 +1.220106230e+02 +1.128006230e+02 +1.128006230e+02
352 +1.133451875e+02 +1.133451875e+02 +1.041351875e+02 +1.041351875e+02
365 +9.497623048e+01 +9.497623048e+01 +8.576623048e+01 +8.576623048e+01
372 +9.248722118e+01 +9.248722118e+01 +8.327722118e+01 +8.327722118e+01
377 +8.242339617e+01 +8.242339617e+01 +7.321339617e+01 +7.321339617e+01
390 +7.535877622e+01 +7.535877622e+01 +6.614877622e+01 +6.614877622e+01
394 +7.293374615e+01 +7.293374615e+01 +6.372374615e+01 +6.372374615e+01
402 +6.896746008e+01 +6.896746008e+01 +5.975746008e+01 +5.975746008e+01
413 +6.665844454e+01 +6.665844454e+01 +5.744844454e+01 +5.744844454e+01
414 +6.381702840e+01 +6.381702840e+01 +5.460702840e+01 +5.460702840e+01
415 +6.273691462e+01 +6.273691462e+01 +5.352691462e+01 +5.352691462e+01
426 +5.690020122e+01 +5.690020122e+01 +4.769020122e+01 +4.769020122e+01
437 +5.579773828e+01 +5.579773828e+01 +4.658773828e+01 +4.658773828e+01
446 +5.292820071e+01 +5.292820071e+01 +4.371820071e+01 +4.371820071e+01
452 +4.894500479e+01 +4.894500479e+01 +3.973500479e+01 +3.973500479e+01
456 +4.606220186e+01 +4.606220186e+01 +3.685220186e+01 +3.685220186e+01
463 +4.147156993e+01 +4.147156993e+01 +3.226156993e+01 +3.226156993e+01
474 +3.418189453e+01 +3.418189453e+01 +2.497189453e+01 +2.497189453e+01
482 +3.017020741e+01 +3.017020741e+01 +2.096020741e+01 +2.096020741e+01
501 +2.751151850e+01 +2.751151850e+01 +1.830151850e+01 +1.830151850e+01
502 +2.487448150e+01 +2.487448150e+01 +1.566448150e+01 +1.566448150e+01
516 +2.333261192e+01 +2.333261192e+01 +1.412261192e+01 +1.412261192e+01
521 +2.225328232e+01 +2.225328232e+01 +1.304328232e+01 +1.304328232e+01
542 +1.314371966e+01 +1.314371966e+01 +3.933719660e+00 +3.933719660e+00
554 +1.195684489e+01 +1.195684489e+01 +2.746844892e+00 +2.746844892e+00
559 +6.458790963e+00 +6.458790963e+00 -2.751209037e+00 -2.751209037e+00
562 +6.307420140e+00 +6.307420140e+00 -2.902579860e+00 -2.902579860e+00
568 +3.902398668e+00 +3.902398668e+00 -5.307601332e+00 -5.307601332e+00
577 +2.185188098e+00 +2.185188098e+00 -7.024811902e+00 -7.024811902e+00
624 +1.911658147e+00 +1.911658147e+00 -7.298341853e+00 -7.298341853e+00
656 +1.640929740e+00 +1.640929740e+00 -7.569070260e+00 -7.569070260e+00
665 +0.000000000e+00 +0.000000000e+00 -9.210000000e+00 -9.210000000e+00
% function evaluation | noise-free fitness - Fopt (6.559900000000e+02) | best noise-free fitness - Fopt | measured fitness | best measured fitness | x1 | x2...
1 +7.899082053e+02 +7.899082053e+02 +1.445898205e+03 +1.445898205e+03
3 +7.728088733e+02 +7.728088733e+02 +1.428798873e+03 +1.428798873e+03
6 +7.544949400e+02 +7.544949400e+02 +1.410484940e+03 +1.410484940e+03
14 +6.916990863e+02 +6.916990863e+02 +1.347689086e+03 +1.347689086e+03
26 +6.406549545e+02 +6.406549545e+02 +1.296644955e+03 +1.296644955e+03
42 +6.222039928e+02 +6.222039928e+02 +1.278193993e+03 +1.278193993e+03
43 +6.156190017e+02 +6.156190017e+02 +1.271609002e+03 +1.271609002e+03
52 +5.639666194e+02 +5.639666194e+02 +1.219956619e+03 +1.219956619e+03
62 +5.321006636e+02 +5.321006636e+02 +1.188090664e+03 +1.188090664e+03
65 +5.245021893e+02 +5.245021893e+02 +1.180492189e+03 +1.180492189e+03
74 +5.052598397e+02 +5.052598397e+02 +1.161249840e+03 +1.161249840e+03
75 +4.918817856e+02 +4.918817856e+02 +1.147871786e+03 +1.147871786e+03
79 +4.853827855e+02 +4.853827855e+02 +1.141372786e+03 +1.141372786e+03
82 +4.561356862e+02 +4.561356862e+02 +1.112125686e+03 +1.112125686e+03
94 +4.305757872e+02 +4.305757872e+02 +1.086565787e+03 +1.086565787e+03
102 +4.240790654e+02 +4.240790654e+02 +1.080069065e+03 +1.080069065e+03
108 +3.970808932e+02 +3.970808932e+02 +1.053070893e+03 +1.053070893e+03
114 +3.830327907e+02 +3.830327907e+02 +1.039022791e+03 +1.039022791e+03
121 +3.731656419e+02 +3.731656419e+02 +1.029155642e+03 +1.029155642e+03
122 +3.625331599e+02 +3.625331599e+02 +1.018523160e+03 +1.018523160e+03
123 +3.521058751e+02 +3.521058751e+02 +1.008095875e+03 +1.008095875e+03
130 +3.266634745e+02 +3.266634745e+02 +9.826534745e+02 +9.826534745e+02
133 +3.028251351e+02 +3.028251351e+02 +9.588151351e+02 +9.588151351e+02
138 +3.000327829e+02 +3.000327829e+02 +9.560227829e+02 +9.560227829e+02
145 +2.754600303e+02 +2.754600303e+02 +9.314500303e+02 +9.314500303e+02
152 +2.753953793e+02 +2.753953793e+02 +9.313853793e+02 +9.313853793e+02
159 +2.424271719e+02 +2.424271719e+02 +8.984171719e+02 +8.984171719e+02
162 +2.232605503e+02 +2.232605503e+02 +8.792505503e+02 +8.792505503e+02
168 +2.121609138e+02 +2.121609138e+02 +8.681509138e+02 +8.681509138e+02
176 +2.080867487e+02 +2.080867487e+02 +8.640767487e+02 +8.640767487e+02
184 +1.877405169e+02 +1.877405169e+02 +8.437305169e+02 +8.437305169e+02
198 +1.829431670e+02 +1.829431670e+02 +8.389331670e+02 +8.389331670e+02
202 +1.807228641e+02 +1.807228641e+02 +8.367128641e+02 +8.367128641e+02
203 +1.753679192e+02 +1.753679192e+02 +8.313579192e+02 +8.313579192e+02
212 +1.701489202e+02 +1.701489202e+02 +8.261389202e+02 +8.261389202e+02
214 +1.572185497e+02 +1.572185497e+02 +8.132085497e+02 +8.132085497e+02
226 +1.253896758e+02 +1.253896758e+02 +7.813796758e+02 +7.813796758e+02
234 +1.176436684e+02 +1.176436684e+02 +7.736336684e+02 +7.736336684e+02
237 +1.142599750e+02 +1.142599750e+02 +7.702499750e+02 +7.702499750e+02
248 +1.107288642e+02 +1.107288642e+02 +7.667188642e+02 +7.667188642e+02
252 +9.774239800e+01 +9.774239800e+01 +7.537323980e+02 +7.537323980e+02
257 +9.277456859e+01 +9.277456859e+01 +7.487645686e+02 +7.487645686e+02
268 +8.790657171e+01 +8.790657171e+01 +7.438965717e+02 +7.438965717e+02
276 +7.997228386e+01 +7.997228386e+01 +7.359622839e+02 +7.359622839e+02
285 +7.561243596e+01 +7.561243596e+01 +7.316024360e+02 +7.316024360e+02
289 +6.642656902e+01 +6.642656902e+01 +7.224165690e+02 +7.224165690e+02
306 +5.638556512e+01 +5.638556512e+01 +7.123755651e+02 +7.123755651e+02
312 +5.397415640e+01 +5.397415640e+01 +7.099641564e+02 +7.099641564e+02
315 +5.183157532e+01 +5.183157532e+01 +7.078215753e+02 +7.078215753e+02
323 +5.108956617e+01 +5.108956617e+01 +7.070795662e+02 +7.070795662e+02
324 +4.934916582e+01 +4.934916582e+01 +7.053391658e+02 +7.053391658e+02
327 +4.168703228e+01 +4.168703228e+01 +6.976770323e+02 +6.976770323e+02
336 +4.021040008e+01 +4.021040008e+01 +6.962004001e+02 +6.962004001e+02
342 +2.962092164e+01 +2.962092164e+01 +6.856109216e+02 +6.856109216e+02
359 +2.701622081e+01 +2.701622081e+01 +6.830062208e+02 +6.830062208e+02
366 +2.228060664e+01 +2.228060664e+01 +6.782706066e+02 +6.782706066e+02
383 +1.574386102e+01 +1.574386102e+01 +6.717338610e+02 +6.717338610e+02
392 +9.595558887e+00 +9.595558887e+00 +6.655855589e+02 +6.655855589e+02
403 +7.814098742e+00 +7.814098742e+00 +6.638040987e+02 +6.638040987e+02
408 +3.645811696e+00 +3.645811696e+00 +6.596358117e+02 +6.596358117e+02
414 +2.949890406e+00 +2.949890406e+00 +6.589398904e+02 +6.589398904e+02
427 +2.775691794e+00 +2.775691794e+00 +6.587656918e+02 +6.587656918e+02
429 +1.632412640e+00 +1.632412640e+00 +6.576224126e+02 +6.576224126e+02
460 +0.000000000e+00 +0.000000000e+00 +6.559900000e+02 +6.559900000e+02
% function evaluation | noise-free fitness - Fopt (6.671000000000e+01) | best noise-free fitness - Fopt | measured fitness | best measured fitness | x1 | x2...
1 +7.899082053e+02 +7.899082053e+02 +8.566182053e+02 +8.566182053e+02
3 +7.651524630e+02 +7.651524630e+02 +8.318624630e+02 +8.318624630e+02
4 +7.532053123e+02 +7.532053123e+02 +8.199153123e+02 +8.199153123e+02
14 +7.158447252e+02 +7.158447252e+02 +7.825547252e+02 +7.825547252e+02
22 +6.976550116e+02 +6.976550116e+02 +7.643650116e+02 +7.643650116e+02
32 +6.723029595e+02 +6.723029595e+02 +7.390129595e+02 +7.390129595e+02
42 +6.606739232e+02 +6.606739232e+02 +7.273839232e+02 +7.273839232e+02
60 +6.431818026e+02 +6.431818026e+02 +7.098918026e+02 +7.098918026e+02
63 +6.111383618e+02 +6.111383618e+02 +6.778483618e+02 +6.778483618e+02
73 +5.988014351e+02 +5.988014351e+02 +6.655114351e+02 +6.655114351e+02
83 +5.535737686e+02 +5.535737686e+02 +6.202837686e+02 +6.202837686e+02
99 +4.997417695e+02 +4.997417695e+02 +5.664517695e+02 +5.664517695e+02
104 +4.338566253e+02 +4.338566253e+02 +5.005666253e+02 +5.005666253e+02
114 +4.093119281e+02 +4.093119281e+02 +4.760219281e+02 +4.760219281e+02
123 +4.055728273e+02 +4.055728273e+02 +4.722828273e+02 +4.722828273e+02
124 +3.869529416e+02 +3.869529416e+02 +4.536629416e+02 +4.536629416e+02
137 +3.661780102e+02 +3.661780102e+02 +4.328880102e+02 +4.328880102e+02
147 +3.471879121e+02 +3.471879121e+02 +4.138979121e+02 +4.138979121e+02
155 +3.209051863e+02 +3.209051863e+02 +3.876151863e+02 +3.876151863e+02
173 +3.062191984e+02 +3.062191984e+02 +3.729291984e+02 +3.729291984e+02
180 +2.881081772e+02 +2.881081772e+02 +3.548181772e+02 +3.548181772e+02
193 +2.792315465e+02 +2.792315465e+02 +3.459415465e+02 +3.459415465e+02
203 +2.688046735e+02 +2.688046735e+02 +3.355146735e+02 +3.355146735e+02
209 +2.618648974e+02 +2.618648974e+02 +3.285748974e+02 +3.285748974e+02
212 +2.548378288e+02 +2.548378288e+02 +3.215478288e+02 +3.215478288e+02
230 +2.445676150e+02 +2.445676150e+02 +3.112776150e+02 +3.112776150e+02
232 +2.296096409e+02 +2.296096409e+02 +2.963196409e+02 +2.963196409e+02
234 +2.280839030e+02 +2.280839030e+02 +2.947939030e+02 +2.947939030e+02
236 +2.230305228e+02 +2.230305228e+02 +2.897405228e+02 +2.897405228e+02
238 +2.166832741e+02 +2.166832741e+02 +2.833932741e+02 +2.833932741e+02
239 +2.070180530e+02 +2.070180530e+02 +2.737280530e+02 +2.737280530e+02
244 +2.015129665e+02 +2.015129665e+02 +2.682229665e+02 +2.682229665e+02
251 +1.961381689e+02 +1.961381689e+02 +2.628481689e+02 +2.628481689e+02
256 +1.816497219e+02 +1.816497219e+02 +2.483597219e+02 +2.483597219e+02
277 +1.752654943e+02 +1.752654943e+02 +2.419754943e+02 +2.419754943e+02
278 +1.724683422e+02 +1.724683422e+02 +2.391783422e+02 +2.391783422e+02
286 +1.693525377e+02 +1.693525377e+02 +2.360625377e+02 +2.360625377e+02
292 +1.593091632e+02 +1.593091632e+02 +2.260191632e+02 +2.260191632e+02
295 +1.577920406e+02 +1.577920406e+02 +2.245020406e+02 +2.245020406e+02
307 +1.464408603e+02 +1.464408603e+02 +2.131508603e+02 +2.131508603e+02
324 +1.385585908e+02 +1.385585908e+02 +2.052685908e+02 +2.052685908e+02
333 +1.281835015e+02 +1.281835015e+02 +1.948935015e+02 +1.948935015e+02
345 +1.257778287e+02 +1.257778287e+02 +1.924878287e+02 +1.924878287e+02
354 +1.213588524e+02 +1.213588524e+02 +1.880688524e+02 +1.880688524e+02
360 +1.199351545e+02 +1.199351545e+02 +1.866451545e+02 +1.866451545e+02
362 +1.111790001e+02 +1.111790001e+02 +1.778890001e+02 +1.778890001e+02
366 +1.058441222e+02 +1.058441222e+02 +1.725541222e+02 +1.725541222e+02
372 +1.040631875e+02 +1.040631875e+02 +1.707731875e+02 +1.707731875e+02
373 +1.018010119e+02 +1.018010119e+02 +1.685110119e+02 +1.685110119e+02
378 +9.784895139e+01 +9.784895139e+01 +1.645589514e+02 +1.645589514e+02
383 +8.542485688e+01 +8.542485688e+01 +1.521348569e+02 +1.521348569e+02
393 +8.183326819e+01 +8.183326819e+01 +1.485432682e+02 +1.485432682e+02
397 +7.998598518e+01 +7.998598518e+01 +1.466959852e+02 +1.466959852e+02
402 +7.324095815e+01 +7.324095815e+01 +1.399509581e+02 +1.399509581e+02
413 +7.193339054e+01 +7.193339054e+01 +1.386433905e+02 +1.386433905e+02
417 +6.370947886e+01 +6.370947886e+01 +1.304194789e+02 +1.304194789e+02
419 +6.113977039e+01 +6.113977039e+01 +1.278497704e+02 +1.278497704e+02
426 +5.408030578e+01 +5.408030578e+01 +1.207903058e+02 +1.207903058e+02
432 +5.309405529e+01 +5.309405529e+01 +1.198040553e+02 +1.198040553e+02
444 +4.593691035e+01 +4.593691035e+01 +1.126469104e+02 +1.126469104e+02
455 +4.291792161e+01 +4.291792161e+01 +1.096279216e+02 +1.096279216e+02
461 +4.139241989e+01 +4.139241989e+01 +1.081024199e+02 +1.081024199e+02
466 +4.032152756e+01 +4.032152756e+01 +1.070315276e+02 +1.070315276e+02
473 +3.414200202e+01 +3.414200202e+01 +1.008520020e+02 +1.008520020e+02
475 +3.103589433e+01 +3.103589433e+01 +9.774589433e+01 +9.774589433e+01
486 +2.722593791e+01 +2.722593791e+01 +9.393593791e+01 +9.393593791e+01
493 +2.103821157e+01 +2.103821157e+01 +8.774821157e+01 +8.774821157e+01
511 +1.912946962e+01 +1.912946962e+01 +8.583946962e+01 +8.583946962e+01
532 +1.661199349e+01 +1.661199349e+01 +8.332199349e+01 +8.332199349e+01
533 +1.312839038e+01 +1.312839038e+01 +7.983839038e+01 +7.983839038e+01
542 +1.160325990e+01 +1.160325990e+01 +7.831325990e+01 +7.831325990e+01
544 +6.572869163e+00 +6.572869163e+00 +7.328286916e+01 +7.328286916e+01
554 +4.901564993e+00 +4.901564993e+00 +7.161156499e+01 +7.161156499e+01
565 +2.757489419e+00 +2.757489419e+00 +6.946748942e+01 +6.946748942e+01
573 +2.361502439e+00 +2.361502439e+00 +6.907150244e+01 +6.907150244e+01
574 +2.097489096e+00 +2.097489096e+00 +6.880748910e+01 +6.880748910e+01
575 +2.036399119e+00 +2.036399119e+00 +6.874639912e+01 +6.874639912e+01
581 +1.906339021e-01 +1.906339021e-01 +6.690063390e+01 +6.690063390e+01
593 +1.065244898e-01 +1.065244898e-01 +6.681652449e+01 +6.681652449e+01
596 +0.000000000e+00 +0.000000000e+00 +6.671000000e+01 +6.671000000e+01
% function evaluation | noise-free fitness - Fopt (9.416700000000e+02) | best noise-free fitness - Fopt | measured fitness | best measured fitness | x1 | x2...
1 +7.899082053e+02 +7.899082053e+02 +1.731578205e+03 +1.731578205e+03
6 +7.692649549e+02 +7.692649549e+02 +1.710934955e+03 +1.710934955e+03
8 +7.553559563e+02 +7.553559563e+02 +1.697025956e+03 +1.697025956e+03
12 +7.279873378e+02 +7.279873378e+02 +1.669657338e+03 +1.669657338e+03
16 +6.509498229e+02 +6.509498229e+02 +1.592619823e+03 +1.592619823e+03
25 +6.444309838e+02 +6.444309838e+02 +1.586100984e+03 +1.586100984e+03
28 +6.040608639e+02 +6.040608639e+02 +1.545730864e+03 +1.545730864e+03
41 +5.970536235e+02 +5.970536235e+02 +1.538723623e+03 +1.538723623e+03
43 +5.840744771e+02 +5.840744771e+02 +1.525744477e+03 +1.525744477e+03
44 +5.753434750e+02 +5.753434750e+02 +1.517013475e+03 +1.517013475e+03
46 +5.543158378e+02 +5.543158378e+02 +1.495985838e+03 +1.495985838e+03
53 +5.431142069e+02 +5.431142069e+02 +1.484784207e+03 +1.484784207e+03
58 +5.159688161e+02 +5.159688161e+02 +1.457638816e+03 +1.457638816e+03
62 +4.844634627e+02 +4.844634627e+02 +1.426133463e+03 +1.426133463e+03
72 +4.710051315e+02 +4.710051315e+02 +1.412675132e+03 +1.412675132e+03
85 +4.548525408e+02 +4.548525408e+02 +1.396522541e+03 +1.396522541e+03
87 +4.054907363e+02 +4.054907363e+02 +1.347160736e+03 +1.347160736e+03
95 +3.805353965e+02 +3.805353965e+02 +1.322205396e+03 +1.322205396e+03
105 +3.566359177e+02 +3.566359177e+02 +1.298305918e+03 +1.298305918e+03
113 +3.241628892e+02 +3.241628892e+02 +1.265832889e+03 +1.265832889e+03
122 +3.196257871e+02 +3.196257871e+02 +1.261295787e+03 +1.261295787e+03
123 +3.130979957e+02 +3.130979957e+02 +1.254767996e+03 +1.254767996e+03
127 +2.889023427e+02 +2.889023427e+02 +1.230572343e+03 +1.230572343e+03
137 +2.820670124e+02 +2.820670124e+02 +1.223737012e+03 +1.223737012e+03
141 +2.696218269e+02 +2.696218269e+02 +1.211291827e+03 +1.211291827e+03
142 +2.434244200e+02 +2.434244200e+02 +1.185094420e+03 +1.185094420e+03
153 +2.379139532e+02 +2.379139532e+02 +1.179583953e+03 +1.179583953e+03
155 +2.140463717e+02 +2.140463717e+02 +1.155716372e+03 +1.155716372e+03
164 +2.136792071e+02 +2.136792071e+02 +1.155349207e+03 +1.155349207e+03
165 +1.875891971e+02 +1.875891971e+02 +1.129259197e+03 +1.129259197e+03
173 +1.784122450e+02 +1.784122450e+02 +1.120082245e+03 +1.120082245e+03
187 +1.681712578e+02 +1.681712578e+02 +1.109841258e+03 +1.109841258e+03
192 +1.595098537e+02 +1.595098537e+02 +1.101179854e+03 +1.101179854e+03
197 +1.529161445e+02 +1.529161445e+02 +1.094586145e+03 +1.094586145e+03
202 +1.152883945e+02 +1.152883945e+02 +1.056958395e+03 +1.056958395e+03
213 +8.743323088e+01 +8.743323088e+01 +1.029103231e+03 +1.029103231e+03
223 +8.225965732e+01 +8.225965732e+01 +1.023929657e+03 +1.023929657e+03
248 +7.955829842e+01 +7.955829842e+01 +1.021228298e+03 +1.021228298e+03
263 +6.453830108e+01 +6.453830108e+01 +1.006208301e+03 +1.006208301e+03
274 +6.304951526e+01 +6.304951526e+01 +1.004719515e+03 +1.004719515e+03
282 +5.020376744e+01 +5.020376744e+01 +9.918737674e+02 +9.918737674e+02
305 +4.010721023e+01 +4.010721023e+01 +9.817772102e+02 +9.817772102e+02
315 +3.626049111e+01 +3.626049111e+01 +9.779304911e+02 +9.779304911e+02
328 +3.127469476e+01 +3.127469476e+01 +9.729446948e+02 +9.729446948e+02
332 +2.688626608e+01 +2.688626608e+01 +9.685562661e+02 +9.685562661e+02
367 +1.782379576e+01 +1.782379576e+01 +9.594937958e+02 +9.594937958e+02
373 +1.131802557e+01 +1.131802557e+01 +9.529880256e+02 +9.529880256e+02
404 +9.459439441e+00 +9.459439441e+00 +9.511294394e+02 +9.511294394e+02
410 +5.636751599e+00 +5.636751599e+00 +9.473067516e+02 +9.473067516e+02
412 +2.924581128e+00 +2.924581128e+00 +9.445945811e+02 +9.445945811e+02
424 +2.332943057e+00 +2.332943057e+00 +9.440029431e+02 +9.440029431e+02
429 +1.980522053e+00 +1.980522053e+00 +9.436505221e+02 +9.436505221e+02
438 +8.196464801e-01 +8.196464801e-01 +9.424896465e+02 +9.424896465e+02
470 +3.612160899e-01 +3.612160899e-01 +9.420312161e+02 +9.420312161e+02
475 +0.000000000e+00 +0.000000000e+00 +9.416700000e+02 +9.416700000e+02
% function evaluation | noise-free fitness - Fopt (-3.745000000000e+01) | best noise-free fitness - Fopt | measured fitness | best measured fitness | x1 | x2...
1 +7.899082053e+02 +7.899082053e+02 +7.524582053e+02 +7.524582053e+02
8 +7.709741961e+02 +7.709741961e+02 +7.335241961e+02 +7.335241961e+02
9 +7.568579838e+02 +7.568579838e+02 +7.194079838e+02 +7.194079838e+02
11 +7.406544800e+02 +7.406544800e+02 +7.032044800e+02 +7.032044800e+02
15 +7.001201129e+02 +7.001201129e+02 +6.626701129e+02 +6.626701129e+02
16 +6.899620231e+02 +6.899620231e+02 +6.525120231e+02 +6.525120231e+02
24 +6.440449997e+02 +6.440449997e+02 +6.065949997e+02 +6.065949997e+02
32 +6.261634432e+02 +6.261634432e+02 +5.887134432e+02 +5.887134432e+02
40 +6.099894224e+02 +6.099894224e+02 +5.725394224e+02 +5.725394224e+02
47 +5.968920783e+02 +5.968920783e+02 +5.594420783e+02 +5.594420783e+02
50 +5.550358416e+02 +5.550358416e+02 +5.175858416e+02 +5.175858416e+02
52 +5.474443781e+02 +5.474443781e+02 +5.099943781e+02 +5.099943781e+02
70 +5.200186982e+02 +5.200186982e+02 +4.825686982e+02 +4.825686982e+02
71 +4.900770953e+02 +4.900770953e+02 +4.526270953e+02 +4.526270953e+02
78 +4.882481598e+02 +4.882481598e+02 +4.507981598e+02 +4.507981598e+02
81 +4.751572222e+02 +4.751572222e+02 +4.377072222e+02 +4.377072222e+02
84 +4.499074082e+02 +4.499074082e+02 +4.124574082e+02 +4.124574082e+02
85 +4.128422550e+02 +4.128422550e+02 +3.753922550e+02 +3.753922550e+02
92 +3.876649904e+02 +3.876649904e+02 +3.502149904e+02 +3.502149904e+02
111 +3.774112614e+02 +3.774112614e+02 +3.399612614e+02 +3.399612614e+02
116 +3.660419039e+02 +3.660419039e+02 +3.285919039e+02 +3.285919039e+02
126 +3.366599769e+02 +3.366599769e+02 +2.992099769e+02 +2.992099769e+02
135 +3.204831321e+02 +3.204831321e+02 +2.830331321e+02 +2.830331321e+02
143 +3.100897388e+02 +3.100897388e+02 +2.726397388e+02 +2.726397388e+02
147 +2.913652333e+02 +2.913652333e+02 +2.539152333e+02 +2.539152333e+02
152 +2.808218880e+02 +2.808218880e+02 +2.433718880e+02 +2.433718880e+02
162 +2.720114668e+02 +2.720114668e+02 +2.345614668e+02 +2.345614668e+02
165 +2.537530148e+02 +2.537530148e+02 +2.163030148e+02 +2.163030148e+02
172 +2.381370328e+02 +2.381370328e+02 +2.006870328e+02 +2.006870328e+02
187 +2.339003167e+02 +2.339003167e+02 +1.964503167e+02 +1.964503167e+02
190 +2.208074841e+02 +2.208074841e+02 +1.833574841e+02 +1.833574841e+02
192 +1.958209587e+02 +1.958209587e+02 +1.583709587e+02 +1.583709587e+02
203 +1.933804691e+02 +1.933804691e+02 +1.559304691e+02 +1.559304691e+02
204 +1.851502670e+02 +1.851502670e+02 +1.477002670e+02 +1.477002670e+02
221 +1.649780875e+02 +1.649780875e+02 +1.275280875e+02 +1.275280875e+02
222 +1.470150768e+02 +1.470150768e+02 +1.095650768e+02 +1.095650768e+02
232 +1.340887740e+02 +1.340887740e+02 +9.663877400e+01 +9.663877400e+01
243 +1.265934100e+02 +1.265934100e+02 +8.914341000e+01 +8.914341000e+01
258 +1.258358675e+02 +1.258358675e+02 +8.838586746e+01 +8.838586746e+01
267 +1.216755646e+02 +1.216755646e+02 +8.422556460e+01 +8.422556460e+01
273 +1.108673186e+02 +1.108673186e+02 +7.341731864e+01 +7.341731864e+01
282 +9.795350709e+01 +9.795350709e+01 +6.050350709e+01 +6.050350709e+01
318 +9.662029810e+01 +9.662029810e+01 +5.917029810e+01 +5.917029810e+01
330 +8.846080143e+01 +8.846080143e+01 +5.101080143e+01 +5.101080143e+01
332 +8.198107252e+01 +8.198107252e+01 +4.453107252e+01 +4.453107252e+01
346 +7.326096710e+01 +7.326096710e+01 +3.581096710e+01 +3.581096710e+01
356 +7.135530709e+01 +7.135530709e+01 +3.390530709e+01 +3.390530709e+01
372 +6.562296935e+01 +6.562296935e+01 +2.817296935e+01 +2.817296935e+01
383 +6.103334906e+01 +6.103334906e+01 +2.358334906e+01 +2.358334906e+01
401 +5.051407268e+01 +5.051407268e+01 +1.306407268e+01 +1.306407268e+01
402 +4.429545088e+01 +4.429545088e+01 +6.845450879e+00 +6.845450879e+00
438 +3.160673186e+01 +3.160673186e+01 -5.843268136e+00 -5.843268136e+00
460 +3.054091623e+01 +3.054091623e+01 -6.909083770e+00 -6.909083770e+00
462 +2.997051586e+01 +2.997051586e+01 -7.479484140e+00 -7.479484140e+00
467 +2.311101958e+01 +2.311101958e+01 -1.433898042e+01 -1.433898042e+01
481 +2.219754333e+01 +2.219754333e+01 -1.525245667e+01 -1.525245667e+01
489 +1.909721993e+01 +1.909721993e+01 -1.835278007e+01 -1.835278007e+01
496 +1.890350452e+01 +1.890350452e+01 -1.854649548e+01 -1.854649548e+01
497 +1.685437215e+01 +1.685437215e+01 -2.059562785e+01 -2.059562785e+01
509 +1.339065884e+01 +1.339065884e+01 -2.405934116e+01 -2.405934116e+01
513 +1.290836667e+01 +1.290836667e+01 -2.454163333e+01 -2.454163333e+01
517 +1.239448021e+01 +1.239448021e+01 -2.505551979e+01 -2.505551979e+01
529 +9.918728513e+00 +9.918728513e+00 -2.753127149e+01 -2.753127149e+01
572 +6.800798654e+00 +6.800798654e+00 -3.064920135e+01 -3.064920135e+01
584 +5.914194589e+00 +5.914194589e+00 -3.153580541e+01 -3.153580541e+01
592 +1.424360369e+00 +1.424360369e+00 -3.602563963e+01 -3.602563963e+01
603 +2.960306702e-01 +2.960306702e-01 -3.715396933e+01 -3.715396933e+01
615 +2.281226653e-01 +2.281226653e-01 -3.722187733e+01 -3.722187733e+01
626 +0.000000000e+00 +0.000000000e+00 -3.745000000e+01 -3.745000000e+01
% function evaluation | noise-free fitness - Fopt (2.134000000000e+01) | best noise-free fitness - Fopt | measured fitness | best measured fitness | x1 | x2...
1 +7.899082053e+02 +7.899082053e+02 +8.112482053e+02 +8.112482053e+02
3 +7.563173874e+02 +7.563173874e+02 +7.776573874e+02 +7.776573874e+02
12 +7.239079410e+02 +7.239079410e+02 +7.452479410e+02 +7.452479410e+02
27 +6.693412960e+02 +6.693412960e+02 +6.906812960e+02 +6.906812960e+02
33 +6.269398479e+02 +6.269398479e+02 +6.482798479e+02 +6.482798479e+02
43 +6.125904468e+02 +6.125904468e+02 +6.339304468e+02 +6.339304468e+02
50 +5.882707557e+02 +5.882707557e+02 +6.096107557e+02 +6.096107557e+02
52 +5.356569587e+02 +5.356569587e+02 +5.569969587e+02 +5.569969587e+02
63 +5.020408819e+02 +5.020408819e+02 +5.233808819e+02 +5.233808819e+02
74 +4.826348029e+02 +4.826348029e+02 +5.039748029e+02 +5.039748029e+02
76 +4.693019670e+02 +4.693019670e+02 +4.906419670e+02 +4.906419670e+02
83 +4.620524155e+02 +4.620524155e+02 +4.833924155e+02 +4.833924155e+02
86 +4.559255094e+02 +4.559255094e+02 +4.772655094e+02 +4.772655094e+02
96 +4.363778310e+02 +4.363778310e+02 +4.577178310e+02 +4.577178310e+02
102 +4.240983270e+02 +4.240983270e+02 +4.454383270e+02 +4.454383270e+02
104 +3.861796852e+02 +3.861796852e+02 +4.075196852e+02 +4.075196852e+02
114 +3.489845149e+02 +3.489845149e+02 +3.703245149e+02 +3.703245149e+02
123 +3.250147824e+02 +3.250147824e+02 +3.463547824e+02 +3.463547824e+02
131 +3.159546390e+02 +3.159546390e+02 +3.372946390e+02 +3.372946390e+02
134 +2.777269317e+02 +2.777269317e+02 +2.990669317e+02 +2.990669317e+02
145 +2.592327514e+02 +2.592327514e+02 +2.805727514e+02 +2.805727514e+02
153 +2.551421149e+02 +2.551421149e+02 +2.764821149e+02 +2.764821149e+02
163 +2.446388988e+02 +2.446388988e+02 +2.659788988e+02 +2.659788988e+02
164 +2.296695927e+02 +2.296695927e+02 +2.510095927e+02 +2.510095927e+02
174 +2.286221296e+02 +2.286221296e+02 +2.499621296e+02 +2.499621296e+02
176 +2.077762395e+02 +2.077762395e+02 +2.291162395e+02 +2.291162395e+02
186 +2.041652205e+02 +2.041652205e+02 +2.255052205e+02 +2.255052205e+02
191 +1.934125558e+02 +1.934125558e+02 +2.147525558e+02 +2.147525558e+02
212 +1.755822612e+02 +1.755822612e+02 +1.969222612e+02 +1.969222612e+02
231 +1.702161540e+02 +1.702161540e+02 +1.915561540e+02 +1.915561540e+02
234 +1.646153487e+02 +1.646153487e+02 +1.859553487e+02 +1.859553487e+02
238 +1.621002422e+02 +1.621002422e+02 +1.834402422e+02 +1.834402422e+02
246 +1.473168446e+02 +1.473168446e+02 +1.686568446e+02 +1.686568446e+02
254 +1.399665011e+02 +1.399665011e+02 +1.613065011e+02 +1.613065011e+02
260 +1.361352932e+02 +1.361352932e+02 +1.574752932e+02 +1.574752932e+02
262 +1.084481745e+02 +1.084481745e+02 +1.297881745e+02 +1.297881745e+02
273 +8.113054341e+01 +8.113054341e+01 +1.024705434e+02 +1.024705434e+02
286 +7.544067296e+01 +7.544067296e+01 +9.678067296e+01 +9.678067296e+01
317 +6.967239515e+01 +6.967239515e+01 +9.101239515e+01 +9.101239515e+01
323 +6.678809424e+01 +6.678809424e+01 +8.812809424e+01 +8.812809424e+01
325 +5.521444829e+01 +5.521444829e+01 +7.655444829e+01 +7.655444829e+01
329 +5.097621033e+01 +5.097621033e+01 +7.231621033e+01 +7.231621033e+01
336 +4.979188247e+01 +4.979188247e+01 +7.113188247e+01 +7.113188247e+01
342 +4.789801619e+01 +4.789801619e+01 +6.923801619e+01 +6.923801619e+01
343 +4.121448599e+01 +4.121448599e+01 +6.255448599e+01 +6.255448599e+01
353 +3.858473307e+01 +3.858473307e+01 +5.992473307e+01 +5.992473307e+01
362 +3.403243700e+01 +3.403243700e+01 +5.537243700e+01 +5.537243700e+01
363 +3.057050474e+01 +3.057050474e+01 +5.191050474e+01 +5.191050474e+01
374 +2.875778324e+01 +2.875778324e+01 +5.009778324e+01 +5.009778324e+01
377 +2.380609057e+01 +2.380609057e+01 +4.514609057e+01 +4.514609057e+01
384 +1.643490785e+01 +1.643490785e+01 +3.777490785e+01 +3.777490785e+01
496 +1.467192090e+01 +1.467192090e+01 +3.601192090e+01 +3.601192090e+01
505 +1.284900929e+01 +1.284900929e+01 +3.418900929e+01 +3.418900929e+01
586 +1.232719918e+01 +1.232719918e+01 +3.366719918e+01 +3.366719918e+01
587 +1.178448864e+01 +1.178448864e+01 +3.312448864e+01 +3.312448864e+01
588 +1.036325288e+01 +1.036325288e+01 +3.170325288e+01 +3.170325288e+01
613 +8.058459858e+00 +8.058459858e+00 +2.939845986e+01 +2.939845986e+01
635 +6.062454444e+00 +6.062454444e+00 +2.740245444e+01 +2.740245444e+01
641 +5.169060116e+00 +5.169060116e+00 +2.650906012e+01 +2.650906012e+01
647 +4.771155784e+00 +4.771155784e+00 +2.611115578e+01 +2.611115578e+01
650 +4.042439697e+00 +4.042439697e+00 +2.538243970e+01 +2.538243970e+01
651 +3.861000019e+00 +3.861000019e+00 +2.520100002e+01 +2.520100002e+01
657 +3.757821059e+00 +3.757821059e+00 +2.509782106e+01 +2.509782106e+01
658 +2.870392995e+00 +2.870392995e+00 +2.421039300e+01 +2.421039300e+01
667 +1.922914027e+00 +1.922914027e+00 +2.326291403e+01 +2.326291403e+01
688 +1.514459052e+00 +1.514459052e+00 +2.285445905e+01 +2.285445905e+01
695 +9.724642161e-01 +9.724642161e-01 +2.231246422e+01 +2.231246422e+01
699 +2.235915985e-02 +2.235915985e-02 +2.136235916e+01 +2.136235916e+01
723 +0.000000000e+00 +0.000000000e+00 +2.134000000e+01 +2.134000000e+01
% function evaluation | noise-free fitness - Fopt (2.284000000000e+01) | best noise-free fitness - Fopt | measured fitness | best measured fitness | x1 | x2...
1 +7.899082053e+02 +7.899082053e+02 +8.127482053e+02 +8.127482053e+02
8 +7.466992234e+02 +7.466992234e+02 +7.695392234e+02 +7.695392234e+02
12 +7.172502086e+02 +7.172502086e+02 +7.400902086e+02 +7.400902086e+02
19 +6.841902980e+02 +6.841902980e+02 +7.070302980e+02 +7.070302980e+02
22 +6.720135274e+02 +6.720135274e+02 +6.948535274e+02 +6.948535274e+02
24 +6.490893845e+02 +6.490893845e+02 +6.719293845e+02 +6.719293845e+02
25 +6.412153790e+02 +6.412153790e+02 +6.640553790e+02 +6.640553790e+02
28 +6.270635657e+02 +6.270635657e+02 +6.499035657e+02 +6.499035657e+02
37 +5.995263006e+02 +5.995263006e+02 +6.223663006e+02 +6.223663006e+02
44 +5.480565902e+02 +5.480565902e+02 +5.708965902e+02 +5.708965902e+02
55 +5.325430393e+02 +5.325430393e+02 +5.553830393e+02 +5.553830393e+02
62 +5.034813259e+02 +5.034813259e+02 +5.263213259e+02 +5.263213259e+02
76 +4.900885857e+02 +4.900885857e+02 +5.129285857e+02 +5.129285857e+02
77 +4.736333858e+02 +4.736333858e+02 +4.964733858e+02 +4.964733858e+02
85 +4.371518355e+02 +4.371518355e+02 +4.599918355e+02 +4.599918355e+02
90 +4.327461080e+02 +4.327461080e+02 +4.555861080e+02 +4.555861080e+02
95 +4.073460394e+02 +4.073460394e+02 +4.301860394e+02 +4.301860394e+02
100 +3.787233913e+02 +3.787233913e+02 +4.015633913e+02 +4.015633913e+02
103 +3.543208410e+02 +3.543208410e+02 +3.771608410e+02 +3.771608410e+02
107 +3.389828487e+02 +3.389828487e+02 +3.618228487e+02 +3.618228487e+02
112 +3.336074994e+02 +3.336074994e+02 +3.564474994e+02 +3.564474994e+02
121 +2.983557670e+02 +2.983557670e+02 +3.211957670e+02 +3.211957670e+02
128 +2.820122312e+02 +2.820122312e+02 +3.048522312e+02 +3.048522312e+02
129 +2.795589783e+02 +2.795589783e+02 +3.023989783e+02 +3.023989783e+02
139 +2.633381809e+02 +2.633381809e+02 +2.861781809e+02 +2.861781809e+02
145 +2.596373193e+02 +2.596373193e+02 +2.824773193e+02 +2.824773193e+02
149 +2.536147731e+02 +2.536147731e+02 +2.764547731e+02 +2.764547731e+02
150 +2.345434891e+02 +2.345434891e+02 +2.573834891e+02 +2.573834891e+02
159 +2.136966288e+02 +2.136966288e+02 +2.365366288e+02 +2.365366288e+02
173 +2.061466201e+02 +2.061466201e+02 +2.289866201e+02 +2.289866201e+02
188 +2.017410270e+02 +2.017410270e+02 +2.245810270e+02 +2.245810270e+02
194 +1.878435237e+02 +1.878435237e+02 +2.106835237e+02 +2.106835237e+02
209 +1.710622760e+02 +1.710622760e+02 +1.939022760e+02 +1.939022760e+02
214 +1.641528322e+02 +1.641528322e+02 +1.869928322e+02 +1.869928322e+02
220 +1.498514970e+02 +1.498514970e+02 +1.726914970e+02 +1.726914970e+02
225 +1.382855131e+02 +1.382855131e+02 +1.611255131e+02 +1.611255131e+02
231 +1.269593465e+02 +1.269593465e+02 +1.497993465e+02 +1.497993465e+02
243 +1.213721664e+02 +1.213721664e+02 +1.442121664e+02 +1.442121664e+02
251 +1.030897040e+02 +1.030897040e+02 +1.259297040e+02 +1.259297040e+02
253 +8.954437491e+01 +8.954437491e+01 +1.123843749e+02 +1.123843749e+02
262 +7.820291116e+01 +7.820291116e+01 +1.010429112e+02 +1.010429112e+02
293 +6.760697176e+01 +6.760697176e+01 +9.044697176e+01 +9.044697176e+01
295 +5.876491405e+01 +5.876491405e+01 +8.160491405e+01 +8.160491405e+01
325 +5.536302565e+01 +5.536302565e+01 +7.820302565e+01 +7.820302565e+01
327 +5.159936018e+01 +5.159936018e+01 +7.443936018e+01 +7.443936018e+01
338 +5.072819022e+01 +5.072819022e+01 +7.356819022e+01 +7.356819022e+01
341 +4.262916672e+01 +4.262916672e+01 +6.546916672e+01 +6.546916672e+01
345 +4.020468181e+01 +4.020468181e+01 +6.304468181e+01 +6.304468181e+01
349 +3.979989165e+01 +3.979989165e+01 +6.263989165e+01 +6.263989165e+01
363 +3.872549772e+01 +3.872549772e+01 +6.156549772e+01 +6.156549772e+01
379 +3.601694076e+01 +3.601694076e+01 +5.885694076e+01 +5.885694076e+01
380 +3.447660763e+01 +3.447660763e+01 +5.731660763e+01 +5.731660763e+01
383 +3.367254747e+01 +3.367254747e+01 +5.651254747e+01 +5.651254747e+01
384 +3.150390883e+01 +3.150390883e+01 +5.434390883e+01 +5.434390883e+01
389 +2.056414023e+01 +2.056414023e+01 +4.340414023e+01 +4.340414023e+01
393 +1.437121482e+01 +1.437121482e+01 +3.721121482e+01 +3.721121482e+01
410 +1.158116231e+01 +1.158116231e+01 +3.442116231e+01 +3.442116231e+01
413 +1.006568407e+01 +1.006568407e+01 +3.290568407e+01 +3.290568407e+01
421 +9.767956062e+00 +9.767956062e+00 +3.260795606e+01 +3.260795606e+01
425 +8.775762677e+00 +8.775762677e+00 +3.161576268e+01 +3.161576268e+01
427 +6.428469685e+00 +6.428469685e+00 +2.926846969e+01 +2.926846969e+01
436 +3.214133845e+00 +3.214133845e+00 +2.605413385e+01 +2.605413385e+01
478 +2.889755031e-01 +2.889755031e-01 +2.312897550e+01 +2.312897550e+01
479 +1.108698578e-01 +1.108698578e-01 +2.295086986e+01 +2.295086986e+01
487 +0.000000000e+00 +0.000000000e+00 +2.284000000e+01 +2.284000000e+01
% function evaluation | noise-free fitness - Fopt (-1.038100000000e+02) | best noise-free fitness - Fopt | measured fitness | best measured fitness | x1 | x2...
1 +7.899082053e+02 +7.899082053e+02 +6.860982053e+02 +6.860982053e+02
4 +7.368026818e+02 +7.368026818e+02 +6.329926818e+02 +6.329926818e+02
13 +7.214283524e+02 +7.214283524e+02 +6.176183524e+02 +6.176183524e+02
15 +7.005268510e+02 +7.005268510e+02 +5.967168510e+02 +5.967168510e+02
16 +6.711248266e+02 +6.711248266e+02 +5.673148266e+02 +5.673148266e+02
25 +6.531771722e+02 +6.531771722e+02 +5.493671722e+02 +5.493671722e+02
26 +5.376770418e+02 +5.376770418e+02 +4.338670418e+02 +4.338670418e+02
35 +5.272361666e+02 +5.272361666e+02 +4.234261666e+02 +4.234261666e+02
36 +5.158627529e+02 +5.158627529e+02 +4.120527529e+02 +4.120527529e+02
42 +4.928514566e+02 +4.928514566e+02 +3.890414566e+02 +3.890414566e+02
45 +4.787963744e+02 +4.787963744e+02 +3.749863744e+02 +3.749863744e+02
48 +4.697542033e+02 +4.697542033e+02 +3.659442033e+02 +3.659442033e+02
54 +4.457458593e+02 +4.457458593e+02 +3.419358593e+02 +3.419358593e+02
65 +4.218185016e+02 +4.218185016e+02 +3.180085016e+02 +3.180085016e+02
67 +4.064773489e+02 +4.064773489e+02 +3.026673489e+02 +3.026673489e+02
72 +3.943359634e+02 +3.943359634e+02 +2.905259634e+02 +2.905259634e+02
73 +3.870055160e+02 +3.870055160e+02 +2.831955160e+02 +2.831955160e+02
82 +3.779351402e+02 +3.779351402e+02 +2.741251402e+02 +2.741251402e+02
95 +3.691169916e+02 +3.691169916e+02 +2.653069916e+02 +2.653069916e+02
98 +3.563227596e+02 +3.563227596e+02 +2.525127596e+02 +2.525127596e+02
99 +3.498425921e+02 +3.498425921e+02 +2.460325921e+02 +2.460325921e+02
105 +3.199028618e+02 +3.199028618e+02 +2.160928618e+02 +2.160928618e+02
116 +3.161590744e+02 +3.161590744e+02 +2.123490744e+02 +2.123490744e+02
118 +3.012856419e+02 +3.012856419e+02 +1.974756419e+02 +1.974756419e+02
129 +2.823782625e+02 +2.823782625e+02 +1.785682625e+02 +1.785682625e+02
130 +2.796248077e+02 +2.796248077e+02 +1.758148077e+02 +1.758148077e+02
136 +2.738655001e+02 +2.738655001e+02 +1.700555001e+02 +1.700555001e+02
141 +2.531247225e+02 +2.531247225e+02 +1.493147225e+02 +1.493147225e+02
145 +2.414010387e+02 +2.414010387e+02 +1.375910387e+02 +1.375910387e+02
158 +2.308548794e+02 +2.308548794e+02 +1.270448794e+02 +1.270448794e+02
162 +2.024198731e+02 +2.024198731e+02 +9.860987306e+01 +9.860987306e+01
192 +1.984799657e+02 +1.984799657e+02 +9.466996571e+01 +9.466996571e+01
204 +1.936132911e+02 +1.936132911e+02 +8.980329113e+01 +8.980329113e+01
213 +1.889725865e+02 +1.889725865e+02 +8.516258655e+01 +8.516258655e+01
215 +1.845278527e+02 +1.845278527e+02 +8.071785268e+01 +8.071785268e+01
233 +1.791220642e+02 +1.791220642e+02 +7.531206415e+01 +7.531206415e+01
236 +1.770364835e+02 +1.770364835e+02 +7.322648350e+01 +7.322648350e+01
243 +1.651704501e+02 +1.651704501e+02 +6.136045015e+01 +6.136045015e+01
249 +1.575188824e+02 +1.575188824e+02 +5.370888237e+01 +5.370888237e+01
260 +1.452572834e+02 +1.452572834e+02 +4.144728345e+01 +4.144728345e+01
262 +1.395531135e+02 +1.395531135e+02 +3.574311348e+01 +3.574311348e+01
265 +1.288358691e+02 +1.288358691e+02 +2.502586911e+01 +2.502586911e+01
274 +1.270806528e+02 +1.270806528e+02 +2.327065275e+01 +2.327065275e+01
277 +1.238955109e+02 +1.238955109e+02 +2.008551088e+01 +2.008551088e+01
282 +1.200227624e+02 +1.200227624e+02 +1.621276245e+01 +1.621276245e+01
284 +1.137475578e+02 +1.137475578e+02 +9.937557816e+00 +9.937557816e+00
290 +1.106770522e+02 +1.106770522e+02 +6.867052242e+00 +6.867052242e+00
293 +9.723320608e+01 +9.723320608e+01 -6.576793922e+00 -6.576793922e+00
305 +9.194195257e+01 +9.194195257e+01 -1.186804743e+01 -1.186804743e+01
315 +8.929514363e+01 +8.929514363e+01 -1.451485637e+01 -1.451485637e+01
326 +8.449442218e+01 +8.449442218e+01 -1.931557782e+01 -1.931557782e+01
335 +7.168514335e+01 +7.168514335e+01 -3.212485665e+01 -3.212485665e+01
343 +7.024911840e+01 +7.024911840e+01 -3.356088160e+01 -3.356088160e+01
358 +6.174364078e+01 +6.174364078e+01 -4.206635922e+01 -4.206635922e+01
363 +5.706237638e+01 +5.706237638e+01 -4.674762362e+01 -4.674762362e+01
371 +5.469181839e+01 +5.469181839e+01 -4.911818161e+01 -4.911818161e+01
372 +4.199871938e+01 +4.199871938e+01 -6.181128062e+01 -6.181128062e+01
393 +4.155135961e+01 +4.155135961e+01 -6.225864039e+01 -6.225864039e+01
396 +3.956620293e+01 +3.956620293e+01 -6.424379707e+01 -6.424379707e+01
400 +3.849492519e+01 +3.849492519e+01 -6.531507481e+01 -6.531507481e+01
410 +3.600982458e+01 +3.600982458e+01 -6.780017542e+01 -6.780017542e+01
413 +3.258514729e+01 +3.258514729e+01 -7.122485271e+01 -7.122485271e+01
423 +3.172629241e+01 +3.172629241e+01 -7.208370759e+01 -7.208370759e+01
445 +2.814259983e+01 +2.814259983e+01 -7.566740017e+01 -7.566740017e+01
459 +2.384631942e+01 +2.384631942e+01 -7.996368058e+01 -7.996368058e+01
472 +2.002917289e+01 +2.002917289e+01 -8.378082711e+01 -8.378082711e+01
483 +1.581632500e+01 +1.581632500e+01 -8.799367500e+01 -8.799367500e+01
505 +1.519647373e+01 +1.519647373e+01 -8.861352627e+01 -8.861352627e+01
508 +1.081683755e+01 +1.081683755e+01 -9.299316245e+01 -9.299316245e+01
521 +9.532298109e+00 +9.532298109e+00 -9.427770189e+01 -9.427770189e+01
522 +8.623017424e+00 +8.623017424e+00 -9.518698258e+01 -9.518698258e+01
523 +8.363909583e+00 +8.363909583e+00 -9.544609042e+01 -9.544609042e+01
527 +6.746400385e+00 +6.746400385e+00 -9.706359962e+01 -9.706359962e+01
544 +5.997131831e+00 +5.997131831e+00 -9.781286817e+01 -9.781286817e+01
556 +3.802702409e+00 +3.802702409e+00 -1.000072976e+02 -1.000072976e+02
560 +2.571338607e+00 +2.571338607e+00 -1.012386614e+02 -1.012386614e+02
562 +7.822551887e-01 +7.822551887e-01 -1.030277448e+02 -1.030277448e+02
594 +0.000000000e+00 +0.000000000e+00 -1.038100000e+02 -1.038100000e+02
% function evaluation | noise-free fitness - Fopt (1.237000000000e+01) | best noise-free fitness - Fopt | measured fitness | best measured fitness | x1 | x2...
1 +7.899082053e+02 +7.899082053e+02 +8.022782053e+02 +8.022782053e+02
2 +7.754941754e+02 +7.754941754e+02 +7.878641754e+02 +7.878641754e+02
12 +7.343788636e+02 +7.343788636e+02 +7.467488636e+02 +7.467488636e+02
17 +7.224033791e+02 +7.224033791e+02 +7.347733791e+02 +7.347733791e+02
27 +6.901608877e+02 +6.901608877e+02 +7.025308877e+02 +7.025308877e+02
44 +6.583177687e+02 +6.583177687e+02 +6.706877687e+02 +6.706877687e+02
50 +6.323583952e+02 +6.323583952e+02 +6.447283952e+02 +6.447283952e+02
52 +6.216837708e+02 +6.216837708e+02 +6.340537708e+02 +6.340537708e+02
57 +6.079999182e+02 +6.079999182e+02 +6.203699182e+02 +6.203699182e+02
63 +5.661400172e+02 +5.661400172e+02 +5.785100172e+02 +5.785100172e+02
75 +5.257987503e+02 +5.257987503e+02 +5.381687503e+02 +5.381687503e+02
82 +5.072544895e+02 +5.072544895e+02 +5.196244895e+02 +5.196244895e+02
92 +4.939407274e+02 +4.939407274e+02 +5.063107274e+02 +5.063107274e+02
97 +4.729722065e+02 +4.729722065e+02 +4.853422065e+02 +4.853422065e+02
110 +4.632626519e+02 +4.632626519e+02 +4.756326519e+02 +4.756326519e+02
123 +4.320613068e+02 +4.320613068e+02 +4.444313068e+02 +4.444313068e+02
136 +3.936959798e+02 +3.936959798e+02 +4.060659798e+02 +4.060659798e+02
158 +3.836748788e+02 +3.836748788e+02 +3.960448788e+02 +3.960448788e+02
162 +3.741648978e+02 +3.741648978e+02 +3.865348978e+02 +3.865348978e+02
167 +3.654200160e+02 +3.654200160e+02 +3.777900160e+02 +3.777900160e+02
178 +3.543646771e+02 +3.543646771e+02 +3.667346771e+02 +3.667346771e+02
186 +3.431629044e+02 +3.431629044e+02 +3.555329044e+02 +3.555329044e+02
208 +3.257009607e+02 +3.257009607e+02 +3.380709607e+02 +3.380709607e+02
219 +3.090641470e+02 +3.090641470e+02 +3.214341470e+02 +3.214341470e+02
222 +3.084743580e+02 +3.084743580e+02 +3.208443580e+02 +3.208443580e+02
223 +2.928264552e+02 +2.928264552e+02 +3.051964552e+02 +3.051964552e+02
235 +2.782702859e+02 +2.782702859e+02 +2.906402859e+02 +2.906402859e+02
245 +2.700371862e+02 +2.700371862e+02 +2.824071862e+02 +2.824071862e+02
254 +2.657071861e+02 +2.657071861e+02 +2.780771861e+02 +2.780771861e+02
256 +2.542685595e+02 +2.542685595e+02 +2.666385595e+02 +2.666385595e+02
264 +2.481742189e+02 +2.481742189e+02 +2.605442189e+02 +2.605442189e+02
282 +2.364078182e+02 +2.364078182e+02 +2.487778182e+02 +2.487778182e+02
289 +2.240284679e+02 +2.240284679e+02 +2.363984679e+02 +2.363984679e+02
292 +2.101156211e+02 +2.101156211e+02 +2.224856211e+02 +2.224856211e+02
303 +2.025635944e+02 +2.025635944e+02 +2.149335944e+02 +2.149335944e+02
304 +1.954015488e+02 +1.954015488e+02 +2.077715488e+02 +2.077715488e+02
308 +1.730654375e+02 +1.730654375e+02 +1.854354375e+02 +1.854354375e+02
319 +1.626095661e+02 +1.626095661e+02 +1.749795661e+02 +1.749795661e+02
323 +1.587758435e+02 +1.587758435e+02 +1.711458435e+02 +1.711458435e+02
334 +1.422552471e+02 +1.422552471e+02 +1.546252471e+02 +1.546252471e+02
350 +1.349392841e+02 +1.349392841e+02 +1.473092841e+02 +1.473092841e+02
355 +1.339168142e+02 +1.339168142e+02 +1.462868142e+02 +1.462868142e+02
358 +1.145760156e+02 +1.145760156e+02 +1.269460156e+02 +1.269460156e+02
362 +1.041790867e+02 +1.041790867e+02 +1.165490867e+02 +1.165490867e+02
376 +1.021159439e+02 +1.021159439e+02 +1.144859439e+02 +1.144859439e+02
385 +9.662639098e+01 +9.662639098e+01 +1.089963910e+02 +1.089963910e+02
388 +9.231750738e+01 +9.231750738e+01 +1.046875074e+02 +1.046875074e+02
396 +9.017974116e+01 +9.017974116e+01 +1.025497412e+02 +1.025497412e+02
399 +8.746001377e+01 +8.746001377e+01 +9.983001377e+01 +9.983001377e+01
403 +8.694033576e+01 +8.694033576e+01 +9.931033576e+01 +9.931033576e+01
405 +8.497628930e+01 +8.497628930e+01 +9.734628930e+01 +9.734628930e+01
411 +8.038249523e+01 +8.038249523e+01 +9.275249523e+01 +9.275249523e+01
414 +7.556136788e+01 +7.556136788e+01 +8.793136788e+01 +8.793136788e+01
425 +6.603993078e+01 +6.603993078e+01 +7.840993078e+01 +7.840993078e+01
432 +4.625862927e+01 +4.625862927e+01 +5.862862927e+01 +5.862862927e+01
450 +4.538607812e+01 +4.538607812e+01 +5.775607812e+01 +5.775607812e+01
467 +3.653758633e+01 +3.653758633e+01 +4.890758633e+01 +4.890758633e+01
506 +3.474567650e+01 +3.474567650e+01 +4.711567650e+01 +4.711567650e+01
557 +3.408427158e+01 +3.408427158e+01 +4.645427158e+01 +4.645427158e+01
598 +3.169412531e+01 +3.169412531e+01 +4.406412531e+01 +4.406412531e+01
602 +3.116307804e+01 +3.116307804e+01 +4.353307804e+01 +4.353307804e+01
606 +2.831273631e+01 +2.831273631e+01 +4.068273631e+01 +4.068273631e+01
698 +2.731473199e+01 +2.731473199e+01 +3.968473199e+01 +3.968473199e+01
705 +2.467323172e+01 +2.467323172e+01 +3.704323172e+01 +3.704323172e+01
721 +2.296752055e+01 +2.296752055e+01 +3.533752055e+01 +3.533752055e+01
732 +2.112005369e+01 +2.112005369e+01 +3.349005369e+01 +3.349005369e+01
738 +1.527838110e+01 +1.527838110e+01 +2.764838110e+01 +2.764838110e+01
742 +1.430439563e+01 +1.430439563e+01 +2.667439563e+01 +2.667439563e+01
754 +1.058902485e+01 +1.058902485e+01 +2.295902485e+01 +2.295902485e+01
771 +8.797730894e+00 +8.797730894e+00 +2.116773089e+01 +2.116773089e+01
772 +8.128506021e+00 +8.128506021e+00 +2.049850602e+01 +2.049850602e+01
785 +4.660994732e+00 +4.660994732e+00 +1.703099473e+01 +1.703099473e+01
828 +3.264333402e+00 +3.264333402e+00 +1.563433340e+01 +1.563433340e+01
872 +0.000000000e+00 +0.000000000e+00 +1.237000000e+01 +1.237000000e+01
% function evaluation | noise-free fitness - Fopt (6.580000000000e+00) | best noise-free fitness - Fopt | measured fitness | best measured fitness | x1 | x2...
1 +7.899082053e+02 +7.899082053e+02 +7.964882053e+02 +7.964882053e+02
2 +7.739149325e+02 +7.739149325e+02 +7.804949325e+02 +7.804949325e+02
11 +7.152726131e+02 +7.152726131e+02 +7.218526131e+02 +7.218526131e+02
12 +6.958080662e+02 +6.958080662e+02 +7.023880662e+02 +7.023880662e+02
13 +6.559936122e+02 +6.559936122e+02 +6.625736122e+02 +6.625736122e+02
23 +6.384083811e+02 +6.384083811e+02 +6.449883811e+02 +6.449883811e+02
24 +6.181705125e+02 +6.181705125e+02 +6.247505125e+02 +6.247505125e+02
33 +6.052521798e+02 +6.052521798e+02 +6.118321798e+02 +6.118321798e+02
35 +5.951651448e+02 +5.951651448e+02 +6.017451448e+02 +6.017451448e+02
39 +5.760138390e+02 +5.760138390e+02 +5.825938390e+02 +5.825938390e+02
48 +5.423193619e+02 +5.423193619e+02 +5.488993619e+02 +5.488993619e+02
54 +5.298302596e+02 +5.298302596e+02 +5.364102596e+02 +5.364102596e+02
55 +5.067406815e+02 +5.067406815e+02 +5.133206815e+02 +5.133206815e+02
67 +4.823055326e+02 +4.823055326e+02 +4.888855326e+02 +4.888855326e+02
72 +4.574503985e+02 +4.574503985e+02 +4.640303985e+02 +4.640303985e+02
74 +4.557492650e+02 +4.557492650e+02 +4.623292650e+02 +4.623292650e+02
78 +4.464192796e+02 +4.464192796e+02 +4.529992796e+02 +4.529992796e+02
84 +4.348638658e+02 +4.348638658e+02 +4.414438658e+02 +4.414438658e+02
93 +4.253558397e+02 +4.253558397e+02 +4.319358397e+02 +4.319358397e+02
97 +4.160560952e+02 +4.160560952e+02 +4.226360952e+02 +4.226360952e+02
100 +3.969211343e+02 +3.969211343e+02 +4.035011343e+02 +4.035011343e+02
104 +3.641521651e+02 +3.641521651e+02 +3.707321651e+02 +3.707321651e+02
112 +3.448541852e+02 +3.448541852e+02 +3.514341852e+02 +3.514341852e+02
119 +3.375494349e+02 +3.375494349e+02 +3.441294349e+02 +3.441294349e+02
129 +3.201760564e+02 +3.201760564e+02 +3.267560564e+02 +3.267560564e+02
137 +2.886000015e+02 +2.886000015e+02 +2.951800015e+02 +2.951800015e+02
143 +2.855228552e+02 +2.855228552e+02 +2.921028552e+02 +2.921028552e+02
144 +2.794156295e+02 +2.794156295e+02 +2.859956295e+02 +2.859956295e+02
153 +2.661107012e+02 +2.661107012e+02 +2.726907012e+02 +2.726907012e+02
157 +2.506670407e+02 +2.506670407e+02 +2.572470407e+02 +2.572470407e+02
162 +2.365230286e+02 +2.365230286e+02 +2.431030286e+02 +2.431030286e+02
169 +2.233390824e+02 +2.233390824e+02 +2.299190824e+02 +2.299190824e+02
179 +2.110560180e+02 +2.110560180e+02 +2.176360180e+02 +2.176360180e+02
182 +2.080086182e+02 +2.080086182e+02 +2.145886182e+02 +2.145886182e+02
186 +2.025443497e+02 +2.025443497e+02 +2.091243497e+02 +2.091243497e+02
192 +1.838616440e+02 +1.838616440e+02 +1.904416440e+02 +1.904416440e+02
235 +1.744398667e+02 +1.744398667e+02 +1.810198667e+02 +1.810198667e+02
248 +1.711096448e+02 +1.711096448e+02 +1.776896448e+02 +1.776896448e+02
265 +1.639398306e+02 +1.639398306e+02 +1.705198306e+02 +1.705198306e+02
276 +1.543871900e+02 +1.543871900e+02 +1.609671900e+02 +1.609671900e+02
278 +1.482647942e+02 +1.482647942e+02 +1.548447942e+02 +1.548447942e+02
282 +1.425112573e+02 +1.425112573e+02 +1.490912573e+02 +1.490912573e+02
296 +1.326507221e+02 +1.326507221e+02 +1.392307221e+02 +1.392307221e+02
312 +1.277101606e+02 +1.277101606e+02 +1.342901606e+02 +1.342901606e+02
331 +1.243322398e+02 +1.243322398e+02 +1.309122398e+02 +1.309122398e+02
339 +1.215401520e+02 +1.215401520e+02 +1.281201520e+02 +1.281201520e+02
344 +1.079384906e+02 +1.079384906e+02 +1.145184906e+02 +1.145184906e+02
360 +1.027093733e+02 +1.027093733e+02 +1.092893733e+02 +1.092893733e+02
366 +1.008957842e+02 +1.008957842e+02 +1.074757842e+02 +1.074757842e+02
367 +9.843944105e+01 +9.843944105e+01 +1.050194410e+02 +1.050194410e+02
375 +8.823179541e+01 +8.823179541e+01 +9.481179541e+01 +9.481179541e+01
385 +8.506785854e+01 +8.506785854e+01 +9.164785854e+01 +9.164785854e+01
398 +8.252338340e+01 +8.252338340e+01 +8.910338340e+01 +8.910338340e+01
406 +7.875933240e+01 +7.875933240e+01 +8.533933240e+01 +8.533933240e+01
418 +7.467381232e+01 +7.467381232e+01 +8.125381232e+01 +8.125381232e+01
423 +7.160170903e+01 +7.160170903e+01 +7.818170903e+01 +7.818170903e+01
434 +6.819215538e+01 +6.819215538e+01 +7.477215538e+01 +7.477215538e+01
445 +6.368718232e+01 +6.368718232e+01 +7.026718232e+01 +7.026718232e+01
453 +6.290392160e+01 +6.290392160e+01 +6.948392160e+01 +6.948392160e+01
456 +6.151652397e+01 +6.151652397e+01 +6.809652397e+01 +6.809652397e+01
467 +5.904640036e+01 +5.904640036e+01 +6.562640036e+01 +6.562640036e+01
472 +5.482246764e+01 +5.482246764e+01 +6.140246764e+01 +6.140246764e+01
490 +4.862199026e+01 +4.862199026e+01 +5.520199026e+01 +5.520199026e+01
511 +4.632817957e+01 +4.632817957e+01 +5.290817957e+01 +5.290817957e+01
512 +4.536042426e+01 +4.536042426e+01 +5.194042426e+01 +5.194042426e+01
515 +4.142080350e+01 +4.142080350e+01 +4.800080350e+01 +4.800080350e+01
525 +3.829461252e+01 +3.829461252e+01 +4.487461252e+01 +4.487461252e+01
536 +3.564256527e+01 +3.564256527e+01 +4.222256527e+01 +4.222256527e+01
544 +3.350130838e+01 +3.350130838e+01 +4.008130838e+01 +4.008130838e+01
550 +3.232019917e+01 +3.232019917e+01 +3.890019917e+01 +3.890019917e+01
563 +2.820923164e+01 +2.820923164e+01 +3.478923164e+01 +3.478923164e+01
575 +2.588744880e+01 +2.588744880e+01 +3.246744880e+01 +3.246744880e+01
583 +2.520228979e+01 +2.520228979e+01 +3.178228979e+01 +3.178228979e+01
605 +2.465182516e+01 +2.465182516e+01 +3.123182516e+01 +3.123182516e+01
606 +2.404373900e+01 +2.404373900e+01 +3.062373900e+01 +3.062373900e+01
611 +2.148796996e+01 +2.148796996e+01 +2.806796996e+01 +2.806796996e+01
629 +2.081792338e+01 +2.081792338e+01 +2.739792338e+01 +2.739792338e+01
638 +1.715973895e+01 +1.715973895e+01 +2.373973895e+01 +2.373973895e+01
649 +1.548121233e+01 +1.548121233e+01 +2.206121233e+01 +2.206121233e+01
655 +1.446709997e+01 +1.446709997e+01 +2.104709997e+01 +2.104709997e+01
663 +1.294159625e+01 +1.294159625e+01 +1.952159625e+01 +1.952159625e+01
675 +1.164106971e+01 +1.164106971e+01 +1.822106971e+01 +1.822106971e+01
683 +1.111162441e+01 +1.111162441e+01 +1.769162441e+01 +1.769162441e+01
687 +1.033350008e+01 +1.033350008e+01 +1.691350008e+01 +1.691350008e+01
699 +9.829304711e+00 +9.829304711e+00 +1.640930471e+01 +1.640930471e+01
709 +6.692579074e+00 +6.692579074e+00 +1.327257907e+01 +1.327257907e+01
713 +6.242095239e+00 +6.242095239e+00 +1.282209524e+01 +1.282209524e+01
720 +5.520641464e+00 +5.520641464e+00 +1.210064146e+01 +1.210064146e+01
724 +4.968188522e+00 +4.968188522e+00 +1.154818852e+01 +1.154818852e+01
733 +3.302227183e+00 +3.302227183e+00 +9.882227183e+00 +9.882227183e+00
759 +6.618441628e-01 +6.618441628e-01 +7.241844163e+00 +7.241844163e+00
765 +0.000000000e+00 +0.000000000e+00 +6.580000000e+00 +6.580000000e+00
% function evaluation | noise-free fitness - Fopt (5.178000000000e+01) | best noise-free fitness - Fopt | measured fitness | best measured fitness | x1 | x2...
1 +7.899082053e+02 +7.899082053e+02 +8.416882053e+02 +8.416882053e+02
2 +7.323733515e+02 +7.323733515e+02 +7.841533515e+02 +7.841533515e+02
14 +7.202127618e+02 +7.202127618e+02 +7.719927618e+02 +7.719927618e+02
17 +6.865165337e+02 +6.865165337e+02 +7.382965337e+02 +7.382965337e+02
24 +6.546319580e+02 +6.546319580e+02 +7.064119580e+02 +7.064119580e+02
32 +6.234496415e+02 +6.234496415e+02 +6.752296415e+02 +6.752296415e+02
38 +5.959889127e+02 +5.959889127e+02 +6.477689127e+02 +6.477689127e+02
42 +5.827620182e+02 +5.827620182e+02 +6.345420182e+02 +6.345420182e+02
43 +5.146864045e+02 +5.146864045e+02 +5.664664045e+02 +5.664664045e+02
58 +5.097510043e+02 +5.097510043e+02 +5.615310043e+02 +5.615310043e+02
62 +4.798189376e+02 +4.798189376e+02 +5.315989376e+02 +5.315989376e+02
72 +4.693534730e+02 +4.693534730e+02 +5.211334730e+02 +5.211334730e+02
73 +4.642098869e+02 +4.642098869e+02 +5.159898869e+02 +5.159898869e+02
74 +4.526232330e+02 +4.526232330e+02 +5.044032330e+02 +5.044032330e+02
95 +4.169990013e+02 +4.169990013e+02 +4.687790013e+02 +4.687790013e+02
106 +4.081278873e+02 +4.081278873e+02 +4.599078873e+02 +4.599078873e+02
107 +3.670912403e+02 +3.670912403e+02 +4.188712403e+02 +4.188712403e+02
112 +3.552562086e+02 +3.552562086e+02 +4.070362086e+02 +4.070362086e+02
122 +3.346585371e+02 +3.346585371e+02 +3.864385371e+02 +3.864385371e+02
126 +3.150137182e+02 +3.150137182e+02 +3.667937182e+02 +3.667937182e+02
135 +3.021839216e+02 +3.021839216e+02 +3.539639216e+02 +3.539639216e+02
136 +2.939215529e+02 +2.939215529e+02 +3.457015529e+02 +3.457015529e+02
143 +2.863151272e+02 +2.863151272e+02 +3.380951272e+02 +3.380951272e+02
153 +2.812445387e+02 +2.812445387e+02 +3.330245387e+02 +3.330245387e+02
162 +2.529747061e+02 +2.529747061e+02 +3.047547061e+02 +3.047547061e+02
175 +2.228040053e+02 +2.228040053e+02 +2.745840053e+02 +2.745840053e+02
182 +2.164266585e+02 +2.164266585e+02 +2.682066585e+02 +2.682066585e+02
188 +2.097841054e+02 +2.097841054e+02 +2.615641054e+02 +2.615641054e+02
195 +2.072809501e+02 +2.072809501e+02 +2.590609501e+02 +2.590609501e+02
197 +1.954498628e+02 +1.954498628e+02 +2.472298628e+02 +2.472298628e+02
204 +1.884089669e+02 +1.884089669e+02 +2.401889669e+02 +2.401889669e+02
212 +1.841078841e+02 +1.841078841e+02 +2.358878841e+02 +2.358878841e+02
214 +1.724929394e+02 +1.724929394e+02 +2.242729394e+02 +2.242729394e+02
228 +1.620977040e+02 +1.620977040e+02 +2.138777040e+02 +2.138777040e+02
235 +1.401893380e+02 +1.401893380e+02 +1.919693380e+02 +1.919693380e+02
259 +1.324117019e+02 +1.324117019e+02 +1.841917019e+02 +1.841917019e+02
262 +1.305621486e+02 +1.305621486e+02 +1.823421486e+02 +1.823421486e+02
265 +1.254303578e+02 +1.254303578e+02 +1.772103578e+02 +1.772103578e+02
273 +1.149637313e+02 +1.149637313e+02 +1.667437313e+02 +1.667437313e+02
283 +1.074454468e+02 +1.074454468e+02 +1.592254468e+02 +1.592254468e+02
285 +9.793421061e+01 +9.793421061e+01 +1.497142106e+02 +1.497142106e+02
295 +9.147468093e+01 +9.147468093e+01 +1.432546809e+02 +1.432546809e+02
298 +8.055552098e+01 +8.055552098e+01 +1.323355210e+02 +1.323355210e+02
305 +7.887173569e+01 +7.887173569e+01 +1.306517357e+02 +1.306517357e+02
309 +7.636089717e+01 +7.636089717e+01 +1.281408972e+02 +1.281408972e+02
313 +6.716554439e+01 +6.716554439e+01 +1.189455444e+02 +1.189455444e+02
318 +6.585972356e+01 +6.585972356e+01 +1.176397236e+02 +1.176397236e+02
322 +6.202562399e+01 +6.202562399e+01 +1.138056240e+02 +1.138056240e+02
326 +5.936383758e+01 +5.936383758e+01 +1.111438376e+02 +1.111438376e+02
346 +5.110355434e+01 +5.110355434e+01 +1.028835543e+02 +1.028835543e+02
356 +4.474670027e+01 +4.474670027e+01 +9.652670027e+01 +9.652670027e+01
363 +3.762119978e+01 +3.762119978e+01 +8.940119978e+01 +8.940119978e+01
365 +3.154398162e+01 +3.154398162e+01 +8.332398162e+01 +8.332398162e+01
381 +3.067795074e+01 +3.067795074e+01 +8.245795074e+01 +8.245795074e+01
383 +2.713762613e+01 +2.713762613e+01 +7.891762613e+01 +7.891762613e+01
385 +2.103774764e+01 +2.103774764e+01 +7.281774764e+01 +7.281774764e+01
388 +1.689474425e+01 +1.689474425e+01 +6.867474425e+01 +6.867474425e+01
393 +1.576511086e+01 +1.576511086e+01 +6.754511086e+01 +6.754511086e+01
395 +1.484530786e+01 +1.484530786e+01 +6.662530786e+01 +6.662530786e+01
404 +1.343790633e+01 +1.343790633e+01 +6.521790633e+01 +6.521790633e+01
405 +9.748173002e+00 +9.748173002e+00 +6.152817300e+01 +6.152817300e+01
423 +5.644551370e+00 +5.644551370e+00 +5.742455137e+01 +5.742455137e+01
436 +5.335513142e+00 +5.335513142e+00 +5.711551314e+01 +5.711551314e+01
443 +5.065909439e+00 +5.065909439e+00 +5.684590944e+01 +5.684590944e+01
475 +4.247375878e+00 +4.247375878e+00 +5.602737588e+01 +5.602737588e+01
478 +8.329223646e-01 +8.329223646e-01 +5.261292236e+01 +5.261292236e+01
492 +0.000000000e+00 +0.000000000e+00 +5.178000000e+01 +5.178000000e+01
% function evaluation | noise-free fitness - Fopt (-3.760300000000e+02) | best noise-free fitness - Fopt | measured fitness | best measured fitness | x1 | x2...
1 +7.899082053e+02 +7.899082053e+02 +4.138782053e+02 +4.138782053e+02
2 +7.739470027e+02 +7.739470027e+02 +3.979170027e+02 +3.979170027e+02
15 +7.409123485e+02 +7.409123485e+02 +3.648823485e+02 +3.648823485e+02
18 +7.143882086e+02 +7.143882086e+02 +3.383582086e+02 +3.383582086e+02
23 +6.812473021e+02 +6.812473021e+02 +3.052173021e+02 +3.052173021e+02
32 +6.528144714e+02 +6.528144714e+02 +2.767844714e+02 +2.767844714e+02
41 +6.364001315e+02 +6.364001315e+02 +2.603701315e+02 +2.603701315e+02
42 +6.124799760e+02 +6.124799760e+02 +2.364499760e+02 +2.364499760e+02
49 +5.935724743e+02 +5.935724743e+02 +2.175424743e+02 +2.175424743e+02
52 +5.785552246e+02 +5.785552246e+02 +2.025252246e+02 +2.025252246e+02
61 +5.684955189e+02 +5.684955189e+02 +1.924655189e+02 +1.924655189e+02
62 +5.426299188e+02 +5.426299188e+02 +1.665999188e+02 +1.665999188e+02
69 +5.129823076e+02 +5.129823076e+02 +1.369523076e+02 +1.369523076e+02
72 +5.122169312e+02 +5.122169312e+02 +1.361869312e+02 +1.361869312e+02
73 +4.920270391e+02 +4.920270391e+02 +1.159970391e+02 +1.159970391e+02
81 +4.783381549e+02 +4.783381549e+02 +1.023081549e+02 +1.023081549e+02
82 +4.408477132e+02 +4.408477132e+02 +6.481771320e+01 +6.481771320e+01
97 +4.231450263e+02 +4.231450263e+02 +4.711502629e+01 +4.711502629e+01
105 +4.121536348e+02 +4.121536348e+02 +3.612363482e+01 +3.612363482e+01
108 +3.823559913e+02 +3.823559913e+02 +6.325991263e+00 +6.325991263e+00
112 +3.659275281e+02 +3.659275281e+02 -1.010247193e+01 -1.010247193e+01
121 +3.572188755e+02 +3.572188755e+02 -1.881112453e+01 -1.881112453e+01
123 +3.371157824e+02 +3.371157824e+02 -3.891421762e+01 -3.891421762e+01
127 +3.284985932e+02 +3.284985932e+02 -4.753140681e+01 -4.753140681e+01
133 +3.015328152e+02 +3.015328152e+02 -7.449718481e+01 -7.449718481e+01
143 +2.925686965e+02 +2.925686965e+02 -8.346130347e+01 -8.346130347e+01
152 +2.827248392e+02 +2.827248392e+02 -9.330516076e+01 -9.330516076e+01
163 +2.472953866e+02 +2.472953866e+02 -1.287346134e+02 -1.287346134e+02
185 +2.414148060e+02 +2.414148060e+02 -1.346151940e+02 -1.346151940e+02
202 +2.379561698e+02 +2.379561698e+02 -1.380738302e+02 -1.380738302e+02
211 +2.332446637e+02 +2.332446637e+02 -1.427853363e+02 -1.427853363e+02
223 +2.264953694e+02 +2.264953694e+02 -1.495346306e+02 -1.495346306e+02
224 +2.183645820e+02 +2.183645820e+02 -1.576654180e+02 -1.576654180e+02
236 +2.097963707e+02 +2.097963707e+02 -1.662336293e+02 -1.662336293e+02
242 +2.064922005e+02 +2.064922005e+02 -1.695377995e+02 -1.695377995e+02
246 +1.902610142e+02 +1.902610142e+02 -1.857689858e+02 -1.857689858e+02
258 +1.829407383e+02 +1.829407383e+02 -1.930892617e+02 -1.930892617e+02
260 +1.805384644e+02 +1.805384644e+02 -1.954915356e+02 -1.954915356e+02
265 +1.584593255e+02 +1.584593255e+02 -2.175706745e+02 -2.175706745e+02
272 +1.387136069e+02 +1.387136069e+02 -2.373163931e+02 -2.373163931e+02
282 +1.354205353e+02 +1.354205353e+02 -2.406094647e+02 -2.406094647e+02
283 +1.328605393e+02 +1.328605393e+02 -2.431694607e+02 -2.431694607e+02
289 +1.293259492e+02 +1.293259492e+02 -2.467040508e+02 -2.467040508e+02
293 +1.259961564e+02 +1.259961564e+02 -2.500338436e+02 -2.500338436e+02
294 +1.253880820e+02 +1.253880820e+02 -2.506419180e+02 -2.506419180e+02
304 +1.046203235e+02 +1.046203235e+02 -2.714096765e+02 -2.714096765e+02
314 +9.473444093e+01 +9.473444093e+01 -2.812955591e+02 -2.812955591e+02
358 +8.248576373e+01 +8.248576373e+01 -2.935442363e+02 -2.935442363e+02
372 +7.882578568e+01 +7.882578568e+01 -2.972042143e+02 -2.972042143e+02
376 +7.419751748e+01 +7.419751748e+01 -3.018324825e+02 -3.018324825e+02
381 +7.364096215e+01 +7.364096215e+01 -3.023890379e+02 -3.023890379e+02
387 +7.206276061e+01 +7.206276061e+01 -3.039672394e+02 -3.039672394e+02
395 +5.874754667e+01 +5.874754667e+01 -3.172824533e+02 -3.172824533e+02
402 +5.441550479e+01 +5.441550479e+01 -3.216144952e+02 -3.216144952e+02
420 +5.195565321e+01 +5.195565321e+01 -3.240743468e+02 -3.240743468e+02
423 +4.685234453e+01 +4.685234453e+01 -3.291776555e+02 -3.291776555e+02
425 +4.502351682e+01 +4.502351682e+01 -3.310064832e+02 -3.310064832e+02
431 +3.940918965e+01 +3.940918965e+01 -3.366208103e+02 -3.366208103e+02
437 +3.331412301e+01 +3.331412301e+01 -3.427158770e+02 -3.427158770e+02
443 +2.900861290e+01 +2.900861290e+01 -3.470213871e+02 -3.470213871e+02
457 +2.554305251e+01 +2.554305251e+01 -3.504869475e+02 -3.504869475e+02
458 +1.900491446e+01 +1.900491446e+01 -3.570250855e+02 -3.570250855e+02
467 +1.590220703e+01 +1.590220703e+01 -3.601277930e+02 -3.601277930e+02
473 +1.156783932e+01 +1.156783932e+01 -3.644621607e+02 -3.644621607e+02
485 +1.068598683e+01 +1.068598683e+01 -3.653440132e+02 -3.653440132e+02
486 +8.097648967e+00 +8.097648967e+00 -3.679323510e+02 -3.679323510e+02
495 +7.789044127e+00 +7.789044127e+00 -3.682409559e+02 -3.682409559e+02
498 +5.981076605e+00 +5.981076605e+00 -3.700489234e+02 -3.700489234e+02
503 +2.684003309e+00 +2.684003309e+00 -3.733459967e+02 -3.733459967e+02
528 +1.937384222e+00 +1.937384222e+00 -3.740926158e+02 -3.740926158e+02
548 +6.218884620e-01 +6.218884620e-01 -3.754081115e+02 -3.754081115e+02
552 +3.729445736e-02 +3.729445736e-02 -3.759927055e+02 -3.759927055e+02
565 +3.323197627e-02 +3.323197627e-02 -3.759967680e+02 -3.759967680e+02
637 +0.000000000e+00 +0.000000000e+00 -3.760300000e+02 -3.760300000e+02
% function evaluation | noise-free fitness - Fopt (-7.182000000000e+01) | best noise-free fitness - Fopt | measured fitness | best measured fitness | x1 | x2...
1 +7.899082053e+02 +7.899082053e+02 +7.180882053e+02 +7.180882053e+02
4 +7.472721559e+02 +7.472721559e+02 +6.754521559e+02 +6.754521559e+02
15 +7.106971833e+02 +7.106971833e+02 +6.388771833e+02 +6.388771833e+02
18 +6.703215422e+02 +6.703215422e+02 +5.985015422e+02 +5.985015422e+02
23 +6.418036200e+02 +6.418036200e+02 +5.699836200e+02 +5.699836200e+02
34 +5.765111377e+02 +5.765111377e+02 +5.046911377e+02 +5.046911377e+02
43 +5.465002590e+02 +5.465002590e+02 +4.746802590e+02 +4.746802590e+02
52 +5.365523600e+02 +5.365523600e+02 +4.647323600e+02 +4.647323600e+02
70 +5.239822004e+02 +5.239822004e+02 +4.521622004e+02 +4.521622004e+02
73 +5.108956690e+02 +5.108956690e+02 +4.390756690e+02 +4.390756690e+02
88 +4.976585984e+02 +4.976585984e+02 +4.258385984e+02 +4.258385984e+02
95 +4.884897289e+02 +4.884897289e+02 +4.166697289e+02 +4.166697289e+02
107 +4.729304710e+02 +4.729304710e+02 +4.011104710e+02 +4.011104710e+02
117 +4.525618225e+02 +4.525618225e+02 +3.807418225e+02 +3.807418225e+02
126 +4.437990633e+02 +4.437990633e+02 +3.719790633e+02 +3.719790633e+02
128 +4.151090745e+02 +4.151090745e+02 +3.432890745e+02 +3.432890745e+02
132 +3.808907979e+02 +3.808907979e+02 +3.090707979e+02 +3.090707979e+02
143 +3.589308879e+02 +3.589308879e+02 +2.871108879e+02 +2.871108879e+02
155 +3.424238657e+02 +3.424238657e+02 +2.706038657e+02 +2.706038657e+02
170 +3.377387603e+02 +3.377387603e+02 +2.659187603e+02 +2.659187603e+02
179 +3.193755739e+02 +3.193755739e+02 +2.475555739e+02 +2.475555739e+02
201 +3.130252525e+02 +3.130252525e+02 +2.412052525e+02 +2.412052525e+02
203 +2.908788726e+02 +2.908788726e+02 +2.190588726e+02 +2.190588726e+02
214 +2.853737030e+02 +2.853737030e+02 +2.135537030e+02 +2.135537030e+02
216 +2.779659610e+02 +2.779659610e+02 +2.061459610e+02 +2.061459610e+02
236 +2.745482036e+02 +2.745482036e+02 +2.027282036e+02 +2.027282036e+02
243 +2.531932979e+02 +2.531932979e+02 +1.813732979e+02 +1.813732979e+02
252 +2.481518562e+02 +2.481518562e+02 +1.763318562e+02 +1.763318562e+02
258 +2.357871330e+02 +2.357871330e+02 +1.639671330e+02 +1.639671330e+02
265 +2.171509897e+02 +2.171509897e+02 +1.453309897e+02 +1.453309897e+02
269 +2.065626407e+02 +2.065626407e+02 +1.347426407e+02 +1.347426407e+02
275 +1.814526727e+02 +1.814526727e+02 +1.096326727e+02 +1.096326727e+02
282 +1.717165093e+02 +1.717165093e+02 +9.989650930e+01 +9.989650930e+01
297 +1.565381846e+02 +1.565381846e+02 +8.471818462e+01 +8.471818462e+01
306 +1.298682059e+02 +1.298682059e+02 +5.804820587e+01 +5.804820587e+01
319 +1.191439799e+02 +1.191439799e+02 +4.732397985e+01 +4.732397985e+01
321 +1.125124444e+02 +1.125124444e+02 +4.069244436e+01 +4.069244436e+01
324 +1.087936771e+02 +1.087936771e+02 +3.697367714e+01 +3.697367714e+01
325 +1.050743456e+02 +1.050743456e+02 +3.325434557e+01 +3.325434557e+01
333 +8.900238278e+01 +8.900238278e+01 +1.718238278e+01 +1.718238278e+01
345 +7.636585337e+01 +7.636585337e+01 +4.545853375e+00 +4.545853375e+00
352 +6.625038113e+01 +6.625038113e+01 -5.569618868e+00 -5.569618868e+00
366 +6.124239637e+01 +6.124239637e+01 -1.057760363e+01 -1.057760363e+01
373 +5.842074785e+01 +5.842074785e+01 -1.339925215e+01 -1.339925215e+01
384 +5.310339954e+01 +5.310339954e+01 -1.871660046e+01 -1.871660046e+01
404 +5.144569362e+01 +5.144569362e+01 -2.037430638e+01 -2.037430638e+01
423 +4.854030869e+01 +4.854030869e+01 -2.327969131e+01 -2.327969131e+01
428 +4.672153791e+01 +4.672153791e+01 -2.509846209e+01 -2.509846209e+01
436 +4.258947656e+01 +4.258947656e+01 -2.923052344e+01 -2.923052344e+01
442 +4.112587371e+01 +4.112587371e+01 -3.069412629e+01 -3.069412629e+01
461 +3.569895131e+01 +3.569895131e+01 -3.612104869e+01 -3.612104869e+01
466 +3.424455183e+01 +3.424455183e+01 -3.757544817e+01 -3.757544817e+01
477 +3.055347606e+01 +3.055347606e+01 -4.126652394e+01 -4.126652394e+01
484 +2.960208699e+01 +2.960208699e+01 -4.221791301e+01 -4.221791301e+01
492 +2.761607302e+01 +2.761607302e+01 -4.420392698e+01 -4.420392698e+01
506 +2.245879205e+01 +2.245879205e+01 -4.936120795e+01 -4.936120795e+01
555 +2.222973076e+01 +2.222973076e+01 -4.959026924e+01 -4.959026924e+01
559 +1.981824960e+01 +1.981824960e+01 -5.200175040e+01 -5.200175040e+01
568 +1.766939908e+01 +1.766939908e+01 -5.415060092e+01 -5.415060092e+01
603 +1.604348276e+01 +1.604348276e+01 -5.577651724e+01 -5.577651724e+01
612 +1.516270191e+01 +1.516270191e+01 -5.665729809e+01 -5.665729809e+01
620 +1.490035139e+01 +1.490035139e+01 -5.691964861e+01 -5.691964861e+01
631 +1.432828400e+01 +1.432828400e+01 -5.749171600e+01 -5.749171600e+01
651 +1.292213261e+01 +1.292213261e+01 -5.889786739e+01 -5.889786739e+01
671 +1.085685477e+01 +1.085685477e+01 -6.096314523e+01 -6.096314523e+01
677 +1.046748568e+01 +1.046748568e+01 -6.135251432e+01 -6.135251432e+01
686 +1.010054369e+01 +1.010054369e+01 -6.171945631e+01 -6.171945631e+01
687 +9.970241900e+00 +9.970241900e+00 -6.184975810e+01 -6.184975810e+01
702 +7.562281566e+00 +7.562281566e+00 -6.425771843e+01 -6.425771843e+01
739 +6.766867401e+00 +6.766867401e+00 -6.505313260e+01 -6.505313260e+01
755 +4.921808060e+00 +4.921808060e+00 -6.689819194e+01 -6.689819194e+01
763 +3.959470784e+00 +3.959470784e+00 -6.786052922e+01 -6.786052922e+01
768 +3.379263533e+00 +3.379263533e+00 -6.844073647e+01 -6.844073647e+01
773 +2.601558075e+00 +2.601558075e+00 -6.921844192e+01 -6.921844192e+01
778 +2.352516834e+00 +2.352516834e+00 -6.946748317e+01 -6.946748317e+01
782 +2.026419978e+00 +2.026419978e+00 -6.979358002e+01 -6.979358002e+01
787 +1.733100235e+00 +1.733100235e+00 -7.008689976e+01 -7.008689976e+01
788 +1.491068674e+00 +1.491068674e+00 -7.032893133e+01 -7.032893133e+01
792 +9.282020881e-01 +9.282020881e-01 -7.089179791e+01 -7.089179791e+01
794 +2.223624356e-02 +2.223624356e-02 -7.179776376e+01 -7.179776376e+01
797 +0.000000000e+00 +0.000000000e+00 -7.182000000e+01 -7.182000000e+01
% function evaluation | noise-free fitness - Fopt (1.606400000000e+02) | best noise-free fitness - Fopt | measured fitness | best measured fitness | x1 | x2...
1 +7.899082053e+02 +7.899082053e+02 +9.505482053e+02 +9.505482053e+02
2 +7.564469887e+02 +7.564469887e+02 +9.170869887e+02 +9.170869887e+02
13 +7.123095436e+02 +7.123095436e+02 +8.729495436e+02 +8.729495436e+02
16 +6.992272724e+02 +6.992272724e+02 +8.598672724e+02 +8.598672724e+02
22 +6.878488886e+02 +6.878488886e+02 +8.484888886e+02 +8.484888886e+02
25 +6.724690836e+02 +6.724690836e+02 +8.331090836e+02 +8.331090836e+02
32 +6.549192641e+02 +6.549192641e+02 +8.155592641e+02 +8.155592641e+02
38 +6.250317469e+02 +6.250317469e+02 +7.856717469e+02 +7.856717469e+02
43 +6.145827223e+02 +6.145827223e+02 +7.752227223e+02 +7.752227223e+02
45 +5.874351890e+02 +5.874351890e+02 +7.480751890e+02 +7.480751890e+02
57 +5.713289973e+02 +5.713289973e+02 +7.319689973e+02 +7.319689973e+02
62 +5.342376787e+02 +5.342376787e+02 +6.948776787e+02 +6.948776787e+02
64 +5.138222421e+02 +5.138222421e+02 +6.744622421e+02 +6.744622421e+02
76 +4.915773372e+02 +4.915773372e+02 +6.522173372e+02 +6.522173372e+02
82 +4.771232884e+02 +4.771232884e+02 +6.377632884e+02 +6.377632884e+02
83 +4.382809085e+02 +4.382809085e+02 +5.989209085e+02 +5.989209085e+02
92 +4.193344821e+02 +4.193344821e+02 +5.799744821e+02 +5.799744821e+02
102 +4.049247403e+02 +4.049247403e+02 +5.655647403e+02 +5.655647403e+02
103 +3.812453653e+02 +3.812453653e+02 +5.418853653e+02 +5.418853653e+02
112 +3.625203843e+02 +3.625203843e+02 +5.231603843e+02 +5.231603843e+02
117 +3.509660446e+02 +3.509660446e+02 +5.116060446e+02 +5.116060446e+02
122 +3.450250781e+02 +3.450250781e+02 +5.056650781e+02 +5.056650781e+02
128 +3.296509343e+02 +3.296509343e+02 +4.902909343e+02 +4.902909343e+02
134 +3.165260153e+02 +3.165260153e+02 +4.771660153e+02 +4.771660153e+02
148 +2.821349744e+02 +2.821349744e+02 +4.427749744e+02 +4.427749744e+02
152 +2.767203632e+02 +2.767203632e+02 +4.373603632e+02 +4.373603632e+02
155 +2.682770069e+02 +2.682770069e+02 +4.289170069e+02 +4.289170069e+02
158 +2.617057862e+02 +2.617057862e+02 +4.223457862e+02 +4.223457862e+02
168 +2.464451564e+02 +2.464451564e+02 +4.070851564e+02 +4.070851564e+02
173 +2.358520284e+02 +2.358520284e+02 +3.964920284e+02 +3.964920284e+02
182 +2.290008761e+02 +2.290008761e+02 +3.896408761e+02 +3.896408761e+02
183 +2.128155213e+02 +2.128155213e+02 +3.734555213e+02 +3.734555213e+02
196 +1.901316026e+02 +1.901316026e+02 +3.507716026e+02 +3.507716026e+02
203 +1.700297870e+02 +1.700297870e+02 +3.306697870e+02 +3.306697870e+02
221 +1.683283091e+02 +1.683283091e+02 +3.289683091e+02 +3.289683091e+02
224 +1.606973290e+02 +1.606973290e+02 +3.213373290e+02 +3.213373290e+02
238 +1.474357616e+02 +1.474357616e+02 +3.080757616e+02 +3.080757616e+02
247 +1.373798422e+02 +1.373798422e+02 +2.980198422e+02 +2.980198422e+02
255 +1.201625596e+02 +1.201625596e+02 +2.808025596e+02 +2.808025596e+02
276 +1.030128385e+02 +1.030128385e+02 +2.636528385e+02 +2.636528385e+02
286 +1.018427113e+02 +1.018427113e+02 +2.624827113e+02 +2.624827113e+02
290 +8.623257267e+01 +8.623257267e+01 +2.468725727e+02 +2.468725727e+02
292 +7.739828247e+01 +7.739828247e+01 +2.380382825e+02 +2.380382825e+02
302 +6.234654781e+01 +6.234654781e+01 +2.229865478e+02 +2.229865478e+02
315 +5.620795089e+01 +5.620795089e+01 +2.168479509e+02 +2.168479509e+02
324 +4.169974807e+01 +4.169974807e+01 +2.023397481e+02 +2.023397481e+02
336 +3.545737310e+01 +3.545737310e+01 +1.960973731e+02 +1.960973731e+02
354 +3.383677213e+01 +3.383677213e+01 +1.944767721e+02 +1.944767721e+02
367 +3.154070204e+01 +3.154070204e+01 +1.921807020e+02 +1.921807020e+02
368 +2.851615920e+01 +2.851615920e+01 +1.891561592e+02 +1.891561592e+02
378 +2.624306973e+01 +2.624306973e+01 +1.868830697e+02 +1.868830697e+02
395 +2.421235832e+01 +2.421235832e+01 +1.848523583e+02 +1.848523583e+02
397 +2.037943008e+01 +2.037943008e+01 +1.810194301e+02 +1.810194301e+02
405 +1.487064138e+01 +1.487064138e+01 +1.755106414e+02 +1.755106414e+02
416 +1.269407459e+01 +1.269407459e+01 +1.733340746e+02 +1.733340746e+02
418 +4.594946511e+00 +4.594946511e+00 +1.652349465e+02 +1.652349465e+02
426 +4.332252817e+00 +4.332252817e+00 +1.649722528e+02 +1.649722528e+02
427 +4.214771984e+00 +4.214771984e+00 +1.648547720e+02 +1.648547720e+02
468 +2.677856428e+00 +2.677856428e+00 +1.633178564e+02 +1.633178564e+02
474 +2.335083438e+00 +2.335083438e+00 +1.629750834e+02 +1.629750834e+02
480 +1.896880312e+00 +1.896880312e+00 +1.625368803e+02 +1.625368803e+02
486 +1.002657367e+00 +1.002657367e+00 +1.616426574e+02 +1.616426574e+02
494 +2.711883258e-01 +2.711883258e-01 +1.609111883e+02 +1.609111883e+02
496 +0.000000000e+00 +0.000000000e+00 +1.606400000e+02 +1.606400000e+02
% function evaluation | noise-free fitness - Fopt (-1.003600000000e+02) | best noise-free fitness - Fopt | measured fitness | best measured fitness | x1 | x2...
1 +7.899082053e+02 +7.899082053e+02 +6.895482053e+02 +6.895482053e+02
6 +7.572844772e+02 +7.572844772e+02 +6.569244772e+02 +6.569244772e+02
14 +6.906687442e+02 +6.906687442e+02 +5.903087442e+02 +5.903087442e+02
24 +6.724108762e+02 +6.724108762e+02 +5.720508762e+02 +5.720508762e+02
33 +6.500766831e+02 +6.500766831e+02 +5.497166831e+02 +5.497166831e+02
37 +6.052253944e+02 +6.052253944e+02 +5.048653944e+02 +5.048653944e+02
43 +5.847769535e+02 +5.847769535e+02 +4.844169535e+02 +4.844169535e+02
54 +5.677224943e+02 +5.677224943e+02 +4.673624943e+02 +4.673624943e+02
55 +5.456927084e+02 +5.456927084e+02 +4.453327084e+02 +4.453327084e+02
73 +5.367951272e+02 +5.367951272e+02 +4.364351272e+02 +4.364351272e+02
87 +5.170474261e+02 +5.170474261e+02 +4.166874261e+02 +4.166874261e+02
89 +5.039429092e+02 +5.039429092e+02 +4.035829092e+02 +4.035829092e+02
93 +4.509559076e+02 +4.509559076e+02 +3.505959076e+02 +3.505959076e+02
105 +4.409780910e+02 +4.409780910e+02 +3.406180910e+02 +3.406180910e+02
114 +4.310124354e+02 +4.310124354e+02 +3.306524354e+02 +3.306524354e+02
122 +4.226541868e+02 +4.226541868e+02 +3.222941868e+02 +3.222941868e+02
131 +4.155835806e+02 +4.155835806e+02 +3.152235806e+02 +3.152235806e+02
144 +4.015639183e+02 +4.015639183e+02 +3.012039183e+02 +3.012039183e+02
152 +3.916841784e+02 +3.916841784e+02 +2.913241784e+02 +2.913241784e+02
167 +3.753467916e+02 +3.753467916e+02 +2.749867916e+02 +2.749867916e+02
173 +3.483513885e+02 +3.483513885e+02 +2.479913885e+02 +2.479913885e+02
182 +3.372260437e+02 +3.372260437e+02 +2.368660437e+02 +2.368660437e+02
194 +3.300493628e+02 +3.300493628e+02 +2.296893628e+02 +2.296893628e+02
195 +3.214619475e+02 +3.214619475e+02 +2.211019475e+02 +2.211019475e+02
226 +2.987179464e+02 +2.987179464e+02 +1.983579464e+02 +1.983579464e+02
236 +2.832892170e+02 +2.832892170e+02 +1.829292170e+02 +1.829292170e+02
240 +2.706924863e+02 +2.706924863e+02 +1.703324863e+02 +1.703324863e+02
245 +2.560428859e+02 +2.560428859e+02 +1.556828859e+02 +1.556828859e+02
249 +2.417130038e+02 +2.417130038e+02 +1.413530038e+02 +1.413530038e+02
252 +2.272410714e+02 +2.272410714e+02 +1.268810714e+02 +1.268810714e+02
253 +2.204512426e+02 +2.204512426e+02 +1.200912426e+02 +1.200912426e+02
262 +2.167460312e+02 +2.167460312e+02 +1.163860312e+02 +1.163860312e+02
272 +2.084727646e+02 +2.084727646e+02 +1.081127646e+02 +1.081127646e+02
274 +1.945922718e+02 +1.945922718e+02 +9.423227176e+01 +9.423227176e+01
282 +1.787918852e+02 +1.787918852e+02 +7.843188519e+01 +7.843188519e+01
293 +1.768582675e+02 +1.768582675e+02 +7.649826747e+01 +7.649826747e+01
294 +1.702993031e+02 +1.702993031e+02 +6.993930312e+01 +6.993930312e+01
305 +1.653683166e+02 +1.653683166e+02 +6.500831662e+01 +6.500831662e+01
320 +1.521333348e+02 +1.521333348e+02 +5.177333480e+01 +5.177333480e+01
325 +1.402705018e+02 +1.402705018e+02 +3.991050181e+01 +3.991050181e+01
355 +1.351816935e+02 +1.351816935e+02 +3.482169352e+01 +3.482169352e+01
363 +1.228218493e+02 +1.228218493e+02 +2.246184932e+01 +2.246184932e+01
372 +1.192803755e+02 +1.192803755e+02 +1.892037554e+01 +1.892037554e+01
382 +1.171278887e+02 +1.171278887e+02 +1.676788870e+01 +1.676788870e+01
383 +1.109904226e+02 +1.109904226e+02 +1.063042260e+01 +1.063042260e+01
396 +1.076903618e+02 +1.076903618e+02 +7.330361833e+00 +7.330361833e+00
404 +1.044705344e+02 +1.044705344e+02 +4.110534381e+00 +4.110534381e+00
428 +9.411653574e+01 +9.411653574e+01 -6.243464260e+00 -6.243464260e+00
441 +8.312302409e+01 +8.312302409e+01 -1.723697591e+01 -1.723697591e+01
443 +8.091272639e+01 +8.091272639e+01 -1.944727361e+01 -1.944727361e+01
459 +7.275078243e+01 +7.275078243e+01 -2.760921757e+01 -2.760921757e+01
460 +7.100297949e+01 +7.100297949e+01 -2.935702051e+01 -2.935702051e+01
465 +6.987825196e+01 +6.987825196e+01 -3.048174804e+01 -3.048174804e+01
469 +6.802773202e+01 +6.802773202e+01 -3.233226798e+01 -3.233226798e+01
473 +6.621270008e+01 +6.621270008e+01 -3.414729992e+01 -3.414729992e+01
477 +6.287835542e+01 +6.287835542e+01 -3.748164458e+01 -3.748164458e+01
482 +6.154355096e+01 +6.154355096e+01 -3.881644904e+01 -3.881644904e+01
484 +5.983082215e+01 +5.983082215e+01 -4.052917785e+01 -4.052917785e+01
489 +5.518855316e+01 +5.518855316e+01 -4.517144684e+01 -4.517144684e+01
493 +4.891011067e+01 +4.891011067e+01 -5.144988933e+01 -5.144988933e+01
503 +4.276589747e+01 +4.276589747e+01 -5.759410253e+01 -5.759410253e+01
532 +4.219487647e+01 +4.219487647e+01 -5.816512353e+01 -5.816512353e+01
533 +4.127340976e+01 +4.127340976e+01 -5.908659024e+01 -5.908659024e+01
536 +3.678364144e+01 +3.678364144e+01 -6.357635856e+01 -6.357635856e+01
542 +3.261381153e+01 +3.261381153e+01 -6.774618847e+01 -6.774618847e+01
559 +3.117600098e+01 +3.117600098e+01 -6.918399902e+01 -6.918399902e+01
560 +2.826644208e+01 +2.826644208e+01 -7.209355792e+01 -7.209355792e+01
564 +2.741328510e+01 +2.741328510e+01 -7.294671490e+01 -7.294671490e+01
571 +2.500333747e+01 +2.500333747e+01 -7.535666253e+01 -7.535666253e+01
602 +1.729225925e+01 +1.729225925e+01 -8.306774075e+01 -8.306774075e+01
616 +1.589102368e+01 +1.589102368e+01 -8.446897632e+01 -8.446897632e+01
617 +1.543695251e+01 +1.543695251e+01 -8.492304749e+01 -8.492304749e+01
618 +1.168569830e+01 +1.168569830e+01 -8.867430170e+01 -8.867430170e+01
625 +9.923968762e+00 +9.923968762e+00 -9.043603124e+01 -9.043603124e+01
632 +7.610463250e+00 +7.610463250e+00 -9.274953675e+01 -9.274953675e+01
642 +5.181832463e+00 +5.181832463e+00 -9.517816754e+01 -9.517816754e+01
659 +2.845366909e+00 +2.845366909e+00 -9.751463309e+01 -9.751463309e+01
662 +4.872186160e-01 +4.872186160e-01 -9.987278138e+01 -9.987278138e+01
671 +0.000000000e+00 +0.000000000e+00 -1.003600000e+02 -1.003600000e+02
