% function evaluation | noise-free fitness - Fopt (-9.210000000000e+00) | best noise-free fitness - Fopt | measured fitness | best measured fitness | x1 | x2...
1 +2.043476306e+02 +2.043476306e+02 +1.951376306e+02 +1.951376306e+02 +0.0000e+00 +0.0000e+00 +0.0000e+00 +0.0000e+00 +0.0000e+00 +0.0000e+00 +0.0000e+00 +0.0000e+00 +0.0000e+00 +0.0000e+00
2 +1.949710794e+02 +1.949710794e+02 +1.857610794e+02 +1.857610794e+02 +3.0094e+00 +2.1413e+00 +2.6065e-01 +3.3585e-01 +1.0099e+00 -5.5050e-01 -7.1492e-01 -8.7083e-01 -7.5253e-01 -2.1597e+00
3 +1.760768524e+02 +1.760768524e+02 +1.668668524e+02 +1.668668524e+02 -5.5930e-02 +8.0894e-01 +6.1315e-01 +4.2000e-01 +1.4292e+00 +1.1953e+00 +7.6185e-01 +5.7106e-01 +8.3863e-01 -1.1583e+00
14 +1.719123512e+02 +1.719123512e+02 +1.627023512e+02 +1.627023512e+02 +1.3719e+00 +3.9780e-01 +1.0943e+00 +6.1236e-01 +1.7351e+00 -1.6778e-01 +8.5217e-01 +6.2141e-01 +6.8011e-01 -1.9889e+00
21 +1.634649442e+02 +1.634649442e+02 +1.542549442e+02 +1.542549442e+02 -1.6569e-01 +3.7877e-01 -4.5261e-02 +2.5126e+00 +2.1593e+00 +5.3259e-01 +6.5545e-02 -4.9573e-01 +1.0145e+00 -3.4128e+00
22 +1.559636442e+02 +1.559636442e+02 +1.467536442e+02 +1.467536442e+02 +2.6296e-01 +1.9100e+00 +7.6367e-01 +4.7350e+00 +1.5685e+00 +2.3990e-01 -2.2784e-01 -4.6988e-02 +7.6484e-01 -3.3099e+00
24 +1.472031399e+02 +1.472031399e+02 +1.379931399e+02 +1.379931399e+02 -5.7096e-01 +5.2114e-01 +9.1521e-01 +4.1220e+00 +3.7020e+00 +5.0488e-01 +6.9713e-01 -9.6885e-01 +9.9372e-01 -5.6598e+00
34 +1.318602280e+02 +1.318602280e+02 +1.226502280e+02 +1.226502280e+02 -1.4111e+00 +1.2056e+00 +1.2240e+00 +3.3844e+00 +2.4240e+00 +1.9827e-01 -1.3259e+00 -1.2892e+00 +4.4399e+00 -4.8547e+00
42 +1.248025371e+02 +1.248025371e+02 +1.155925371e+02 +1.155925371e+02 -1.3709e+00 +9.2255e-01 +1.1006e+00 +1.8855e+00 +2.4599e+00 +9.6703e-01 -1.4252e+00 -4.2158e-01 +4.6933e+00 -5.7910e+00
44 +1.179497908e+02 +1.179497908e+02 +1.087397908e+02 +1.087397908e+02 -1.5470e+00 +2.2712e+00 +1.6255e+00 +3.3148e+00 +2.3494e+00 +9.1658e-01 +1.5348e-01 -6.0684e-02 +3.6967e+00 -4.9431e+00
46 +1.129154881e+02 +1.129154881e+02 +1.037054881e+02 +1.037054881e+02 -2.7374e+00 +2.4414e+00 +1.2218e+00 +3.3399e+00 +1.0058e+00 +1.9141e-01 +1.4952e-01 -9.1976e-01 +5.9478e+00 -6.0309e+00
52 +1.014717573e+02 +1.014717573e+02 +9.226175728e+01 +9.226175728e+01 -1.9526e+00 +3.5688e+00 +2.1397e+00 +3.4039e+00 +1.2688e+00 +1.2732e-01 +1.5529e+00 -5.8913e-01 +6.4739e+00 -6.9950e+00
55 +9.923266641e+01 +9.923266641e+01 +9.002266641e+01 +9.002266641e+01 -2.4941e+00 +4.1491e+00 +1.2128e+00 +5.5355e+00 -1.6484e-01 +5.2742e-01 +1.4996e+00 -1.4301e+00 +7.5381e+00 -7.1566e+00
62 +9.157706817e+01 +9.157706817e+01 +8.236706817e+01 +8.236706817e+01 -1.5455e+00 +4.1275e+00 +2.5016e+00 +4.0056e+00 -2.4476e+00 +1.5256e+00 +5.4193e-01 -1.2244e+00 +9.4012e+00 -5.4983e+00
65 +8.061715430e+01 +8.061715430e+01 +7.140715430e+01 +7.140715430e+01 -1.4031e+00 +5.0027e+00 -6.6830e-01 +8.2862e+00 -1.8677e+00 -5.4140e-01 +4.6561e+00 -7.6027e-01 +9.4521e+00 -7.7047e+00
74 +6.551174763e+01 +6.551174763e+01 +5.630174763e+01 +5.630174763e+01 -2.6716e+00 +6.2627e+00 -2.3502e-01 +8.1875e+00 -4.2216e+00 -1.6814e+00 +4.7075e+00 +1.4015e+00 +1.0237e+01 -8.9808e+00
83 +4.981600552e+01 +4.981600552e+01 +4.060600552e+01 +4.060600552e+01 -5.0696e+00 +7.5810e+00 -1.1181e+00 +9.3671e+00 -6.1331e+00 -3.2199e+00 +5.5996e+00 +5.9015e+00 +1.4211e+01 -9.9706e+00
92 +4.260329326e+01 +4.260329326e+01 +3.339329326e+01 +3.339329326e+01 -2.9738e+00 +8.0846e+00 -1.3862e+00 +8.3410e+00 -5.8321e+00 -1.6716e+00 +1.0265e+01 +5.8159e+00 +1.8500e+01 -8.6973e+00
94 +4.071113019e+01 +4.071113019e+01 +3.150113019e+01 +3.150113019e+01 -4.2326e+00 +5.1712e+00 -1.1120e-02 +7.9900e+00 -6.8411e+00 -1.4331e+00 +5.4119e+00 +8.0424e+00 +1.3057e+01 -9.5395e+00
104 +3.105489896e+01 +3.105489896e+01 +2.184489896e+01 +2.184489896e+01 -5.6832e+00 +3.9717e+00 +2.7454e+00 +1.0915e+01 -9.6527e+00 +7.4748e-01 +6.1005e+00 +1.0660e+01 +1.6848e+01 -1.1957e+01
117 +1.620454289e+01 +1.620454289e+01 +6.994542886e+00 +6.994542886e+00 -6.4740e+00 +4.0184e+00 +4.2029e+00 +4.6415e+00 -1.2218e+01 +4.6214e+00 +5.9792e+00 +7.4365e+00 +1.6179e+01 -1.2453e+01
127 +1.331123643e+01 +1.331123643e+01 +4.101236434e+00 +4.101236434e+00 -5.5639e+00 +2.8728e+00 +6.2253e+00 +5.5474e+00 -1.5950e+01 +8.0032e+00 +6.7288e+00 +9.7261e+00 +1.5042e+01 -1.1937e+01
132 +1.143099096e+01 +1.143099096e+01 +2.220990959e+00 +2.220990959e+00 -4.0794e+00 +3.1792e+00 +7.4886e+00 +5.3442e+00 -1.9811e+01 +7.1947e+00 +1.0106e+01 +6.5077e+00 +1.1868e+01 -1.1668e+01
142 +1.086121901e+01 +1.086121901e+01 +1.651219011e+00 +1.651219011e+00 -3.8639e+00 +3.4535e+00 +1.0342e+01 +9.2531e+00 -2.6938e+01 +7.9144e+00 +9.5994e+00 +6.7552e+00 +1.1585e+01 -1.2580e+01
152 +6.635378380e+00 +6.635378380e+00 -2.574621620e+00 -2.574621620e+00 -1.6726e-01 +6.0708e+00 +8.0372e+00 +4.3186e+00 -2.3662e+01 +8.8552e+00 +8.4470e+00 +5.8263e+00 +1.0023e+01 -1.1761e+01
162 +6.152234733e+00 +6.152234733e+00 -3.057765267e+00 -3.057765267e+00 +8.2460e-01 +1.0018e+01 +8.0581e+00 +4.0824e+00 -3.7202e+01 +1.2432e+01 +1.3187e+01 +8.7014e+00 +8.0631e+00 -1.2253e+01
163 +3.616303378e+00 +3.616303378e+00 -5.593696622e+00 -5.593696622e+00 +3.2281e+00 +6.6310e+00 +1.1123e+01 +4.1439e+00 -2.6010e+01 +1.0144e+01 +8.9961e+00 +6.4606e+00 +7.5751e+00 -1.1817e+01
166 +2.259785151e+00 +2.259785151e+00 -6.950214849e+00 -6.950214849e+00 +2.7402e+00 +6.1733e+00 +5.3349e+00 +5.6263e+00 -2.4610e+01 +1.2261e+01 +1.0356e+01 +7.3489e+00 +1.5203e+01 -1.6628e+01
175 +2.214704095e+00 +2.214704095e+00 -6.995295905e+00 -6.995295905e+00 +2.7853e+00 +7.0927e+00 +6.9921e+00 +8.2070e+00 -3.1257e+01 +1.5006e+01 +1.2893e+01 +9.8936e+00 +1.3154e+01 -1.8566e+01
177 +3.817610627e-01 +3.817610627e-01 -8.828238937e+00 -8.828238937e+00 +6.2672e+00 +5.4188e+00 +8.3869e+00 +4.8228e+00 -3.0192e+01 +1.1305e+01 +1.0687e+01 +8.7604e+00 +1.3674e+01 -1.5004e+01
184 +0.000000000e+00 +0.000000000e+00 -9.210000000e+00 -9.210000000e+00 +5.9596e+00 +7.0522e+00 +6.8609e+00 +7.5745e+00 -3.3119e+01 +1.1748e+01 +5.8588e+00 +1.2930e+01 +1.4530e+01 -1.7119e+01
% function evaluation | noise-free fitness - Fopt (6.559900000000e+02) | best noise-free fitness - Fopt | measured fitness | best measured fitness | x1 | x2...
1 +2.043476306e+02 +2.043476306e+02 +8.603376306e+02 +8.603376306e+02 +0.0000e+00 +0.0000e+00 +0.0000e+00 +0.0000e+00 +0.0000e+00 +0.0000e+00 +0.0000e+00 +0.0000e+00 +0.0000e+00 +0.0000e+00
3 +1.888896923e+02 +1.888896923e+02 +8.448796923e+02 +8.448796923e+02 +3.4338e-01 +8.8496e-01 +1.6014e+00 -1.4624e-01 -3.4114e-01 +6.3402e-01 -1.2112e+00 +1.9616e+00 -1.1177e+00 +5.4620e-01
11 +1.731801583e+02 +1.731801583e+02 +8.291701583e+02 +8.291701583e+02 -6.7527e-01 -1.9347e+00 -4.0614e-01 +1.3119e+00 +6.4633e-01 +1.5991e-01 +2.0388e-01 -1.7029e-01 +6.9246e-01 -3.5542e+00
12 +1.649151859e+02 +1.649151859e+02 +8.209051859e+02 +8.209051859e+02 -1.6704e+00 -2.4238e+00 +1.1377e+00 +1.7885e+00 +8.4678e-02 +1.0782e+00 +8.8368e-01 -1.4761e-01 -1.8251e+00 -3.0983e+00
18 +1.621413821e+02 +1.621413821e+02 +8.181313821e+02 +8.181313821e+02 +6.8754e-01 -2.0823e+00 -4.0795e-01 +2.6810e+00 +2.1892e-01 -1.5971e+00 +9.0834e-01 +1.9157e+00 +3.9890e-01 -2.3062e+00
23 +1.497173598e+02 +1.497173598e+02 +8.057073598e+02 +8.057073598e+02 -5.7776e-01 -2.0540e+00 +1.0408e+00 +8.6159e-01 +6.7667e-01 -2.1159e+00 -5.1864e-01 +1.2045e+00 -2.0231e+00 -2.1421e+00
24 +1.384586222e+02 +1.384586222e+02 +7.944486222e+02 +7.944486222e+02 +1.6379e+00 -3.8013e+00 +1.7994e-01 +3.7087e+00 +9.9745e-01 -3.1714e+00 +2.2944e+00 +2.7581e+00 -5.3882e-01 -3.2973e+00
32 +1.101861774e+02 +1.101861774e+02 +7.661761774e+02 +7.661761774e+02 +1.0213e+00 -4.7786e+00 +3.8523e-01 +4.6429e+00 +1.3952e+00 -3.0652e+00 +1.0607e-01 +2.9114e+00 -2.0611e+00 -3.7555e+00
45 +8.894502976e+01 +8.894502976e+01 +7.449350298e+02 +7.449350298e+02 +2.0026e+00 -7.4057e+00 -7.4601e-01 +5.2225e+00 +8.5448e-01 -2.9276e+00 -1.4164e+00 +2.9325e+00 -2.3190e+00 -4.4673e+00
47 +8.564675485e+01 +8.564675485e+01 +7.416367548e+02 +7.416367548e+02 -1.0038e+00 -5.4453e+00 +9.2891e-01 +7.0742e+00 +3.1827e+00 -3.8132e+00 -2.6830e+00 +3.3605e+00 -2.1410e+00 -5.2946e+00
52 +7.355579798e+01 +7.355579798e+01 +7.295457980e+02 +7.295457980e+02 -2.1717e+00 -5.1305e+00 -1.1616e+00 +3.1898e+00 +1.6382e+00 -3.2974e+00 -4.0412e+00 +2.0546e+00 -3.7880e+00 -8.6474e+00
57 +4.760752107e+01 +4.760752107e+01 +7.035975211e+02 +7.035975211e+02 -2.7070e+00 -1.0820e+01 +1.0290e-01 +6.2305e+00 +4.2289e+00 -5.2784e+00 -5.0444e+00 +4.0478e+00 -5.3141e+00 -7.0321e+00
66 +3.602149256e+01 +3.602149256e+01 +6.920114926e+02 +6.920114926e+02 -1.6100e+00 -9.3320e+00 -1.3138e-02 +9.5956e+00 +2.4677e+00 -5.5289e+00 -4.9325e+00 +5.9169e+00 -5.7909e+00 -7.6513e+00
73 +2.930873693e+01 +2.930873693e+01 +6.852987369e+02 +6.852987369e+02 -2.1734e-01 -1.0129e+01 +7.9890e-01 +9.1451e+00 +1.8165e-01 -5.5857e+00 -6.8131e+00 +5.1259e+00 -6.6990e+00 -5.4779e+00
83 +2.648498188e+01 +2.648498188e+01 +6.824749819e+02 +6.824749819e+02 +5.2232e-01 -1.0219e+01 -1.6202e-01 +1.1210e+01 -4.4362e-01 -4.6498e+00 -7.3648e+00 +5.1826e+00 -6.8027e+00 -7.8015e+00
92 +1.852532821e+01 +1.852532821e+01 +6.745153282e+02 +6.745153282e+02 +1.2227e+00 -8.9183e+00 -1.3303e+00 +1.1767e+01 -3.2036e+00 -6.0922e+00 -7.9025e+00 +4.3948e+00 -5.4367e+00 -6.9936e+00
102 +7.025435121e+00 +7.025435121e+00 +6.630154351e+02 +6.630154351e+02 +3.7684e+00 -1.0725e+01 -1.5267e+00 +1.0203e+01 -6.1760e+00 -5.5402e+00 -6.8872e+00 +7.1792e+00 -7.0552e+00 -6.9030e+00
113 +5.354112271e+00 +5.354112271e+00 +6.613441123e+02 +6.613441123e+02 +4.1729e+00 -1.1050e+01 -2.2861e+00 +1.1383e+01 -1.0436e+01 -5.8860e+00 -7.1986e+00 +1.1278e+01 -7.2378e+00 -7.1917e+00
125 +4.831428638e+00 +4.831428638e+00 +6.608214286e+02 +6.608214286e+02 +5.0953e+00 -1.2689e+01 -2.1036e+00 +1.0550e+01 -1.4480e+01 -8.6033e+00 -6.9489e+00 +1.3128e+01 -5.9064e+00 -6.5291e+00
130 +5.970317466e-01 +5.970317466e-01 +6.565870317e+02 +6.565870317e+02 +5.0626e+00 -9.6091e+00 -5.9503e+00 +7.3148e+00 -5.6891e+00 -4.8339e+00 -1.0024e+01 +7.8138e+00 -5.2609e+00 -5.2790e+00
139 +0.000000000e+00 +0.000000000e+00 +6.559900000e+02 +6.559900000e+02 +5.0442e+00 -8.8490e+00 -6.1445e+00 +8.1390e+00 -8.8726e+00 -9.1392e+00 -1.0353e+01 +6.7515e+00 -5.6788e+00 -7.0996e+00
% function evaluation | noise-free fitness - Fopt (6.671000000000e+01) | best noise-free fitness - Fopt | measured fitness | best measured fitness | x1 | x2...
1 +2.043476306e+02 +2.043476306e+02 +2.710576306e+02 +2.710576306e+02 +0.0000e+00 +0.0000e+00 +0.0000e+00 +0.0000e+00 +0.0000e+00 +0.0000e+00 +0.0000e+00 +0.0000e+00 +0.0000e+00 +0.0000e+00
2 +1.961792692e+02 +1.961792692e+02 +2.628892692e+02 +2.628892692e+02 +4.9463e-01 -1.5401e-01 -3.1675e-01 +6.2314e-01 -5.2629e-01 -5.7321e-01 -2.1075e-02 +2.7116e-03 +1.4224e+00 +3.9057e-01
3 +1.912405199e+02 +1.912405199e+02 +2.579505199e+02 +2.579505199e+02 -7.4770e-01 -2.1807e+00 -2.6548e-01 +2.1806e-01 -2.8418e-01 +1.7817e-01 -9.9369e-01 -2.5035e-01 +1.9656e-01 +4.3586e-02
9 +1.833152150e+02 +1.833152150e+02 +2.500252150e+02 +2.500252150e+02 -2.8714e-02 -1.8813e-01 -8.9691e-01 -6.8999e-01 +3.0951e-01 +8.8267e-01 +1.3369e+00 -3.8368e-01 +5.7741e-01 -1.7875e+00
12 +1.726880286e+02 +1.726880286e+02 +2.393980286e+02 +2.393980286e+02 -8.6053e-01 -6.3417e-01 -1.3908e+00 -1.9948e+00 +1.0629e+00 +2.6706e+00 +2.1608e+00 -5.4742e-01 +1.0723e+00 -2.3763e+00
25 +1.637554026e+02 +1.637554026e+02 +2.304654026e+02 +2.304654026e+02 -1.4012e+00 -9.8121e-01 -1.1995e-01 -3.0368e+00 +8.2619e-01 +4.6103e+00 +4.1316e+00 -1.2368e+00 +5.6684e-01 -3.7371e+00
30 +1.586516146e+02 +1.586516146e+02 +2.253616146e+02 +2.253616146e+02 -1.9475e+00 +1.2676e-01 -6.1177e-01 -4.7957e-01 +4.0397e-02 +2.5831e+00 +2.5937e+00 -1.3465e-01 +3.0821e+00 -2.2123e+00
33 +1.576072204e+02 +1.576072204e+02 +2.243172204e+02 +2.243172204e+02 -3.8691e+00 -6.3327e-01 -3.4611e-01 -6.5907e-01 +8.9721e-01 +1.7993e+00 +1.8575e+00 -6.6364e-01 +3.0581e+00 -1.9892e+00
35 +1.265229621e+02 +1.265229621e+02 +1.932329621e+02 +1.932329621e+02 -1.9231e+00 -4.2554e-01 +3.0599e-01 -5.2212e-01 -6.3809e-01 +2.7423e+00 +1.2826e+00 -1.4659e+00 +5.1496e+00 -2.3809e+00
43 +1.038358531e+02 +1.038358531e+02 +1.705458531e+02 +1.705458531e+02 -2.8437e+00 +7.4596e-02 -1.3513e+00 +2.1616e-01 -1.5879e+00 +4.4593e+00 +2.1052e+00 -2.6392e+00 +6.8296e+00 -2.9836e+00
55 +9.553138681e+01 +9.553138681e+01 +1.622413868e+02 +1.622413868e+02 -3.6023e+00 +9.6344e-01 -2.2599e+00 +5.5026e-02 -2.7230e+00 +3.6096e+00 +4.8304e+00 -2.6236e+00 +5.4790e+00 -6.3950e+00
56 +6.769686595e+01 +6.769686595e+01 +1.344068659e+02 +1.344068659e+02 -4.2299e+00 -1.6731e+00 -1.0913e+00 -6.4249e-01 -3.3694e+00 +5.1469e+00 +2.6819e+00 -4.3728e+00 +7.5355e+00 -5.0641e+00
65 +5.739519526e+01 +5.739519526e+01 +1.241051953e+02 +1.241051953e+02 -4.0821e+00 -2.2979e+00 -2.2435e-01 -1.4986e+00 -5.0945e+00 +4.9628e+00 +1.6543e+00 -6.4048e+00 +5.3879e+00 -5.5860e+00
79 +4.362640884e+01 +4.362640884e+01 +1.103364088e+02 +1.103364088e+02 -5.0708e+00 -3.3042e+00 -9.8934e-01 -1.3634e+00 -6.5794e+00 +6.7437e+00 -4.6784e-01 -6.3847e+00 +5.3749e+00 -8.4688e+00
82 +3.603308378e+01 +3.603308378e+01 +1.027430838e+02 +1.027430838e+02 -4.6392e+00 -2.8219e+00 -8.7742e-01 -4.0663e-01 -7.4356e+00 +5.8157e+00 -2.6846e+00 -6.2114e+00 +4.5368e+00 -8.6015e+00
94 +2.617437184e+01 +2.617437184e+01 +9.288437184e+01 +9.288437184e+01 -6.3022e+00 -4.1543e+00 -7.8035e-01 +7.4162e-01 -8.4135e+00 +5.3659e+00 -4.3661e+00 -5.7827e+00 +4.2346e+00 -5.7805e+00
104 +1.517960187e+01 +1.517960187e+01 +8.188960187e+01 +8.188960187e+01 -2.8449e+00 -4.2428e+00 -1.3813e+00 +4.2020e+00 -9.0881e+00 +8.6634e+00 -4.0755e+00 -8.3994e+00 +6.2530e+00 -1.1098e+01
105 +1.379051407e+01 +1.379051407e+01 +8.050051407e+01 +8.050051407e+01 -3.5250e+00 -5.0685e+00 +2.0377e+00 +4.7327e+00 -8.1204e+00 +8.0125e+00 -5.0890e+00 -5.1227e+00 +6.3097e+00 -1.0431e+01
136 +1.183172215e+01 +1.183172215e+01 +7.854172215e+01 +7.854172215e+01 -1.0879e+01 -2.8848e+00 -9.1380e-01 +3.9400e+00 -7.5698e+00 +1.5776e+01 -1.4066e+01 -9.8626e+00 +6.3438e+00 -1.0804e+01
144 +3.853224438e+00 +3.853224438e+00 +7.056322444e+01 +7.056322444e+01 -1.0820e+01 -2.4073e+00 -5.3158e+00 +4.7658e+00 -8.0926e+00 +1.7623e+01 -2.1750e+01 -1.3174e+01 +9.9866e+00 -7.1475e+00
156 +3.771933613e-02 +3.771933613e-02 +6.674771934e+01 +6.674771934e+01 -1.1417e+01 -7.4138e+00 -4.9774e+00 +5.6349e+00 -5.7262e+00 +2.1971e+01 -2.0917e+01 -1.2639e+01 +1.1180e+01 -1.2291e+01
161 +0.000000000e+00 +0.000000000e+00 +6.671000000e+01 +6.671000000e+01 -7.1416e+00 -5.6761e+00 -7.4856e+00 +5.7822e+00 -6.9469e+00 +1.8134e+01 -2.1997e+01 -1.1986e+01 +1.2262e+01 -9.8459e+00
% function evaluation | noise-free fitness - Fopt (9.416700000000e+02) | best noise-free fitness - Fopt | measured fitness | best measured fitness | x1 | x2...
1 +2.043476306e+02 +2.043476306e+02 +1.146017631e+03 +1.146017631e+03 +0.0000e+00 +0.0000e+00 +0.0000e+00 +0.0000e+00 +0.0000e+00 +0.0000e+00 +0.0000e+00 +0.0000e+00 +0.0000e+00 +0.0000e+00
2 +1.689716248e+02 +1.689716248e+02 +1.110641625e+03 +1.110641625e+03 +8.9930e-01 -3.5712e-01 +2.5117e-01 +2.9629e-01 -1.1311e+00 +5.7589e-02 +1.0147e+00 -1.5260e+00 +2.7579e+00 -6.0244e-01
15 +1.609333028e+02 +1.609333028e+02 +1.102603303e+03 +1.102603303e+03 -7.6769e-02 -1.1216e+00 +1.7495e-01 +5.4316e-01 -1.1688e+00 +6.1733e-01 +4.8937e-01 -8.2718e-01 +3.2888e+00 -1.1242e+00
24 +1.291079463e+02 +1.291079463e+02 +1.070777946e+03 +1.070777946e+03 -9.1323e-01 +3.8644e-02 +8.0347e-01 +2.1808e-01 -2.8182e+00 +1.1467e+00 +9.1333e-01 -3.5989e+00 +3.3336e+00 -2.5699e+00
33 +1.216902139e+02 +1.216902139e+02 +1.063360214e+03 +1.063360214e+03 -2.2565e-02 +1.3211e+00 +1.2386e+00 +9.9874e-01 -2.6848e+00 +1.9807e+00 +2.4683e-01 -4.5405e+00 +2.8557e+00 -3.1586e+00
42 +1.116578404e+02 +1.116578404e+02 +1.053327840e+03 +1.053327840e+03 -1.2144e-01 +2.6751e+00 +1.5751e+00 +4.3361e-01 -3.3468e+00 +2.9583e+00 -6.5075e-01 -4.7598e+00 +2.0658e+00 -4.6231e+00
43 +1.060188883e+02 +1.060188883e+02 +1.047688888e+03 +1.047688888e+03 +5.7235e-01 +1.6760e+00 +2.5885e+00 +2.3018e+00 -4.7318e+00 +2.4037e+00 -1.4389e-01 -4.7328e+00 +2.5521e+00 -3.8460e+00
48 +9.945720192e+01 +9.945720192e+01 +1.041127202e+03 +1.041127202e+03 +1.8909e+00 +3.1519e-01 +1.1525e+00 +1.7272e+00 -3.4184e+00 +2.7751e+00 -3.1767e-01 -5.2423e+00 +4.2028e+00 -3.8017e+00
54 +7.639266840e+01 +7.639266840e+01 +1.018062668e+03 +1.018062668e+03 +1.7364e+00 +1.0220e+00 +4.9690e-02 +2.4940e+00 -4.6438e+00 +3.3798e+00 -2.2574e+00 -5.6594e+00 +6.3907e+00 -4.5615e+00
62 +6.251476140e+01 +6.251476140e+01 +1.004184761e+03 +1.004184761e+03 +2.1995e+00 +2.4343e+00 -1.1506e+00 +5.1103e+00 -4.3011e+00 +3.1228e+00 -4.0699e+00 -6.9772e+00 +6.6193e+00 -6.5638e+00
73 +5.370541244e+01 +5.370541244e+01 +9.953754124e+02 +9.953754124e+02 +4.0571e+00 +3.2192e+00 -1.0864e+00 +7.2021e+00 -4.9710e+00 +1.6223e+00 -6.3054e+00 -5.9499e+00 +5.8071e+00 -8.5691e+00
84 +5.321403742e+01 +5.321403742e+01 +9.948840374e+02 +9.948840374e+02 +2.0043e+00 +2.7934e+00 -1.8072e+00 +5.2109e+00 -5.4003e+00 +1.2623e+00 -4.5080e+00 -6.6581e+00 +6.7928e+00 -7.2160e+00
95 +4.876039625e+01 +4.876039625e+01 +9.904303963e+02 +9.904303963e+02 +4.3167e+00 +2.9757e+00 +6.1788e-01 +6.3839e+00 -6.5863e+00 +3.2499e-01 -6.2959e+00 -6.0406e+00 +4.6518e+00 -6.4301e+00
100 +4.691356800e+01 +4.691356800e+01 +9.885835680e+02 +9.885835680e+02 +1.3519e+00 +3.8683e+00 +5.1680e-01 +7.5746e+00 -4.6431e+00 +7.4219e-01 -6.4577e+00 -9.8896e+00 +5.4826e+00 -7.8020e+00
103 +3.861859540e+01 +3.861859540e+01 +9.802885954e+02 +9.802885954e+02 +2.3569e+00 +3.4343e+00 +8.7082e-01 +9.9294e+00 -5.0933e+00 -1.2490e+00 -7.5981e+00 -1.3040e+01 +7.8972e+00 -6.5205e+00
112 +3.464541185e+01 +3.464541185e+01 +9.763154119e+02 +9.763154119e+02 +1.7146e+00 +1.9708e+00 +1.3838e+00 +9.6390e+00 -7.4313e+00 -1.4117e+00 -7.0431e+00 -1.5459e+01 +7.3878e+00 -6.6891e+00
120 +2.957869705e+01 +2.957869705e+01 +9.712486970e+02 +9.712486970e+02 +1.2682e+00 +3.7672e+00 +1.7315e+00 +1.0766e+01 -6.7764e+00 -3.1816e+00 -7.0351e+00 -1.6807e+01 +9.8946e+00 -7.0742e+00
121 +2.846163203e+01 +2.846163203e+01 +9.701316320e+02 +9.701316320e+02 +3.6758e+00 +1.8089e+00 +2.0748e+00 +1.2573e+01 -6.4629e+00 -3.2992e+00 -7.8496e+00 -1.4325e+01 +7.5773e+00 -8.5191e+00
126 +1.833539190e+01 +1.833539190e+01 +9.600053919e+02 +9.600053919e+02 +2.8574e+00 -2.5585e-02 +2.5701e+00 +1.3816e+01 -7.1707e+00 -5.1427e+00 -6.5197e+00 -1.2954e+01 +8.8864e+00 -1.0087e+01
132 +1.196472922e+01 +1.196472922e+01 +9.536347292e+02 +9.536347292e+02 +1.1484e+00 -2.5871e+00 +3.3814e+00 +1.9218e+01 -9.0532e+00 -9.3223e+00 -8.1311e+00 -1.3655e+01 +1.4094e+01 -1.2987e+01
142 +9.654559319e+00 +9.654559319e+00 +9.513245593e+02 +9.513245593e+02 +3.6407e-01 -3.2010e+00 +3.8208e+00 +1.9527e+01 -9.7026e+00 -8.9918e+00 -9.4073e+00 -1.1867e+01 +1.3241e+01 -1.6480e+01
144 +6.801537046e+00 +6.801537046e+00 +9.484715370e+02 +9.484715370e+02 -7.7303e-04 -4.9018e+00 +3.9956e+00 +2.4452e+01 -1.2699e+01 -9.7431e+00 -7.0207e+00 -1.6478e+01 +1.2210e+01 -1.3297e+01
153 +5.754530190e+00 +5.754530190e+00 +9.474245302e+02 +9.474245302e+02 -6.9372e-01 -6.9186e+00 +4.1318e+00 +1.8904e+01 -1.4853e+01 -8.2932e+00 -6.7928e+00 -1.4091e+01 +1.2135e+01 -1.2791e+01
169 +5.091140437e+00 +5.091140437e+00 +9.467611404e+02 +9.467611404e+02 +9.1140e-02 -7.6439e+00 +5.3695e+00 +1.9734e+01 -1.8149e+01 -6.5756e+00 -6.3745e+00 -1.4680e+01 +1.2572e+01 -1.4402e+01
170 +4.782009820e+00 +4.782009820e+00 +9.464520098e+02 +9.464520098e+02 -3.5048e+00 -8.0844e+00 +4.1457e+00 +1.8207e+01 -2.2119e+01 -4.4820e+00 -7.5453e+00 -1.8670e+01 +1.3032e+01 -1.5820e+01
172 +3.177378739e+00 +3.177378739e+00 +9.448473787e+02 +9.448473787e+02 -1.8226e+00 -6.5207e+00 +6.5300e+00 +2.3657e+01 -2.6837e+01 -5.7599e+00 -7.1691e+00 -2.0731e+01 +1.0599e+01 -1.8776e+01
176 +2.300484953e+00 +2.300484953e+00 +9.439704850e+02 +9.439704850e+02 -2.6995e+00 -8.3425e+00 +5.8385e+00 +1.5722e+01 -2.7039e+01 -7.6634e+00 -7.6876e+00 -2.2455e+01 +1.0679e+01 -1.5054e+01
178 +1.012400414e+00 +1.012400414e+00 +9.426824004e+02 +9.426824004e+02 -3.9876e+00 -1.2555e+01 +6.7872e+00 +2.1338e+01 -2.7851e+01 -5.7013e+00 -7.5971e+00 -2.1022e+01 +8.3058e+00 -1.7828e+01
188 +9.432647602e-01 +9.432647602e-01 +9.426132648e+02 +9.426132648e+02 -4.0567e+00 -8.2418e+00 +7.6650e+00 +2.5431e+01 -2.7062e+01 -7.3041e+00 -5.8489e+00 -2.2035e+01 +8.0786e+00 -1.6921e+01
191 +7.814835989e-01 +7.814835989e-01 +9.424514836e+02 +9.424514836e+02 -4.2185e+00 -1.4355e+01 +7.3331e+00 +2.2838e+01 -2.1665e+01 -5.9176e+00 -7.5566e+00 -2.3052e+01 +9.1757e+00 -1.6260e+01
196 +0.000000000e+00 +0.000000000e+00 +9.416700000e+02 +9.416700000e+02 -9.5548e+00 -1.7459e+01 +9.3690e+00 +2.0586e+01 -2.4802e+01 -5.9956e+00 -9.0097e+00 -2.9364e+01 +7.8663e+00 -1.8432e+01
% function evaluation | noise-free fitness - Fopt (-3.745000000000e+01) | best noise-free fitness - Fopt | measured fitness | best measured fitness | x1 | x2...
1 +2.043476306e+02 +2.043476306e+02 +1.668976306e+02 +1.668976306e+02 +0.0000e+00 +0.0000e+00 +0.0000e+00 +0.0000e+00 +0.0000e+00 +0.0000e+00 +0.0000e+00 +0.0000e+00 +0.0000e+00 +0.0000e+00
3 +1.899523379e+02 +1.899523379e+02 +1.525023379e+02 +1.525023379e+02 -2.1028e-01 -7.2367e-01 -2.2466e+00 +1.2947e-01 -1.0362e-01 +2.2139e-01 -6.3448e-01 +6.9189e-03 +4.1755e-01 +1.8236e+00
6 +1.736579822e+02 +1.736579822e+02 +1.362079822e+02 +1.362079822e+02 +1.6180e+00 -5.2294e-01 +8.4993e-01 -1.7484e-01 -1.9383e-01 -1.7738e-01 +9.3163e-01 -1.3628e-01 +1.7741e+00 +9.1732e-01
12 +1.569658608e+02 +1.569658608e+02 +1.195158608e+02 +1.195158608e+02 +1.0015e+00 -2.5511e+00 +1.1312e+00 +1.1019e-01 -3.1187e-01 +9.1106e-01 +2.1313e+00 +4.9235e-02 +2.0732e+00 +1.8234e+00
22 +1.450488118e+02 +1.450488118e+02 +1.075988118e+02 +1.075988118e+02 +9.9764e-01 -2.5089e+00 +1.5512e+00 +3.8318e-01 -1.7939e-01 +2.0671e+00 +7.0103e-01 +8.8662e-01 +2.3694e+00 +3.5567e+00
25 +1.072012703e+02 +1.072012703e+02 +6.975127032e+01 +6.975127032e+01 +3.9441e+00 -3.4474e+00 +1.3208e+00 +3.7308e-02 -1.0769e+00 +1.3987e+00 +3.7563e+00 -4.0407e-01 +3.4994e+00 +4.0556e+00
32 +8.583141222e+01 +8.583141222e+01 +4.838141222e+01 +4.838141222e+01 +3.2912e+00 -2.2518e+00 +5.3373e-02 +2.5333e-01 -7.1317e-01 +1.8575e+00 +4.9919e+00 -1.0200e+00 +4.9458e+00 +4.2351e+00
37 +8.234619649e+01 +8.234619649e+01 +4.489619649e+01 +4.489619649e+01 +2.9439e+00 -4.8432e+00 +1.7251e+00 -1.0872e+00 -1.6132e+00 +2.2803e+00 +4.9356e+00 -9.8110e-02 +4.6281e+00 +4.8079e+00
40 +7.279187235e+01 +7.279187235e+01 +3.534187235e+01 +3.534187235e+01 +3.9274e+00 -2.4034e+00 +2.4217e+00 +6.7673e-01 -4.4257e+00 +2.7659e+00 +4.1666e+00 -4.9733e-01 +4.6525e+00 +4.7552e+00
45 +5.509254652e+01 +5.509254652e+01 +1.764254652e+01 +1.764254652e+01 +2.5403e+00 -7.8298e-01 +2.3792e+00 +9.3463e-01 -4.7379e+00 +2.7404e+00 +5.1498e+00 -1.8045e+00 +5.6862e+00 +5.1761e+00
53 +5.369779549e+01 +5.369779549e+01 +1.624779549e+01 +1.624779549e+01 +2.3094e+00 -1.0034e+00 +1.1617e+00 +1.8661e+00 -3.6343e+00 +3.5395e+00 +5.8377e+00 -2.8299e+00 +5.1277e+00 +6.8150e+00
55 +5.202495088e+01 +5.202495088e+01 +1.457495088e+01 +1.457495088e+01 +1.7936e+00 -2.5241e-02 +7.0007e-01 -5.9066e-01 -6.9994e+00 +1.6630e+00 +6.3059e+00 -2.7209e+00 +6.2444e+00 +6.6483e+00
58 +4.729262760e+01 +4.729262760e+01 +9.842627597e+00 +9.842627597e+00 +2.2702e+00 +1.1685e+00 +2.9242e+00 +1.4519e+00 -3.4102e+00 +3.1041e+00 +3.9168e+00 -4.0013e+00 +7.3506e+00 +7.4618e+00
62 +4.083905500e+01 +4.083905500e+01 +3.389054997e+00 +3.389054997e+00 +3.1210e+00 +9.8571e-01 +3.1753e+00 +4.2990e-01 -5.2379e+00 +2.1911e+00 +3.9660e+00 -4.3095e+00 +5.3526e+00 +8.5289e+00
73 +3.608926642e+01 +3.608926642e+01 -1.360733576e+00 -1.360733576e+00 +1.7091e+00 +3.3929e+00 +2.1332e+00 +7.1227e-01 -3.3944e+00 +2.7579e+00 +4.7612e+00 -7.8380e+00 +5.1561e+00 +8.4243e+00
79 +2.769653677e+01 +2.769653677e+01 -9.753463230e+00 -9.753463230e+00 +4.0961e+00 +1.9151e-01 +5.4138e+00 -2.3319e+00 -6.1554e+00 +2.0491e+00 +6.3548e+00 -5.0874e+00 +4.4538e+00 +1.1869e+01
83 +2.584807983e+01 +2.584807983e+01 -1.160192017e+01 -1.160192017e+01 +4.2486e+00 +5.0769e-01 +5.4537e+00 -1.9880e+00 -6.8482e+00 +1.4368e+00 +8.2893e+00 -5.9087e+00 +6.0440e+00 +1.0427e+01
84 +2.028313997e+01 +2.028313997e+01 -1.716686003e+01 -1.716686003e+01 +3.6964e+00 +1.1950e+00 +5.2353e+00 -3.7092e+00 -7.8424e+00 +2.4535e+00 +4.5405e+00 -6.3516e+00 +5.3031e+00 +1.3488e+01
92 +1.485462214e+01 +1.485462214e+01 -2.259537786e+01 -2.259537786e+01 +5.3682e+00 +1.3434e+00 +3.3344e+00 -1.5868e+00 -8.2109e+00 +5.5398e+00 +6.0428e+00 -5.3024e+00 +5.0282e+00 +1.3746e+01
107 +7.326918730e+00 +7.326918730e+00 -3.012308127e+01 -3.012308127e+01 +8.1922e+00 +3.6459e+00 +4.1723e+00 -3.0517e+00 -8.9259e+00 +7.9135e+00 +5.7213e+00 -6.2999e+00 +5.7553e+00 +1.6140e+01
119 +6.833819676e+00 +6.833819676e+00 -3.061618032e+01 -3.061618032e+01 +6.6369e+00 +4.8172e+00 +2.4517e+00 -3.9106e+00 -9.9448e+00 +7.8448e+00 +7.2235e+00 -7.6220e+00 +6.1559e+00 +1.8278e+01
124 +2.223596686e+00 +2.223596686e+00 -3.522640331e+01 -3.522640331e+01 +7.1082e+00 +1.0138e+01 +4.9288e+00 -5.4290e+00 -6.6931e+00 +6.7968e+00 +5.6027e+00 -1.1343e+01 +4.7281e+00 +1.4213e+01
144 +6.425112145e-01 +6.425112145e-01 -3.680748879e+01 -3.680748879e+01 +8.7901e+00 +7.9910e+00 +4.6148e+00 -7.4697e+00 -5.3011e+00 +8.6588e+00 +7.0435e+00 -1.3952e+01 +5.7162e+00 +1.2145e+01
160 +3.190266027e-01 +3.190266027e-01 -3.713097340e+01 -3.713097340e+01 +9.5181e+00 +9.4673e+00 +4.8629e+00 -8.2891e+00 -4.9675e+00 +1.0048e+01 +8.4083e+00 -1.5866e+01 +8.7775e+00 +1.2809e+01
165 +0.000000000e+00 +0.000000000e+00 -3.745000000e+01 -3.745000000e+01 +9.0579e+00 +6.0497e+00 +6.5903e+00 -8.6850e+00 -5.9200e+00 +1.0171e+01 +1.0770e+01 -1.7899e+01 +6.6445e+00 +1.2368e+01
% function evaluation | noise-free fitness - Fopt (2.134000000000e+01) | best noise-free fitness - Fopt | measured fitness | best measured fitness | x1 | x2...
1 +2.043476306e+02 +2.043476306e+02 +2.256876306e+02 +2.256876306e+02 +0.0000e+00 +0.0000e+00 +0.0000e+00 +0.0000e+00 +0.0000e+00 +0.0000e+00 +0.0000e+00 +0.0000e+00 +0.0000e+00 +0.0000e+00
3 +2.041209754e+02 +2.041209754e+02 +2.254609754e+02 +2.254609754e+02 -8.8655e-01 -1.1691e+00 +4.0306e-01 +4.8658e-01 +1.3645e+00 +1.6622e+00 -1.2931e+00 -7.4951e-01 -7.1177e-02 -8.9936e-01
16 +1.882171171e+02 +1.882171171e+02 +2.095571171e+02 +2.095571171e+02 -2.9543e+00 -1.4100e+00 +1.5242e+00 +2.2817e+00 +2.0976e+00 +2.4197e+00 -8.8487e-01 -2.2655e-01 -9.4280e-01 -1.2677e+00
20 +1.851890243e+02 +1.851890243e+02 +2.065290243e+02 +2.065290243e+02 -6.7556e-01 -2.3277e+00 -7.1276e-01 +7.5500e-01 +1.9937e+00 +3.3816e+00 -8.2630e-01 -1.2201e+00 -1.5255e+00 -1.7038e+00
22 +1.678942710e+02 +1.678942710e+02 +1.892342710e+02 +1.892342710e+02 -8.0988e-01 -2.4232e+00 -1.1116e+00 +5.9144e-01 +3.2611e+00 +3.8420e+00 +3.4196e-01 -1.7791e+00 -2.5982e+00 -2.6130e+00
23 +1.530826411e+02 +1.530826411e+02 +1.744226411e+02 +1.744226411e+02 -4.2114e-01 -3.2741e+00 +3.0012e-01 -6.9139e-01 +1.6676e+00 +4.5673e+00 -1.0344e+00 +2.4596e-02 -2.5674e+00 -2.6084e+00
32 +1.440576174e+02 +1.440576174e+02 +1.653976174e+02 +1.653976174e+02 -3.2614e-01 -3.7683e+00 +1.0487e+00 +2.4324e-01 +1.7030e+00 +4.6282e+00 -5.3494e-02 +9.6977e-01 -3.3262e+00 -2.0393e+00
38 +1.313483981e+02 +1.313483981e+02 +1.526883981e+02 +1.526883981e+02 +3.0132e-02 -2.4070e+00 +1.2056e+00 -1.5266e+00 +2.0837e+00 +2.9472e+00 -8.3746e-02 +1.1887e+00 -3.6279e+00 -3.1217e+00
44 +1.090047952e+02 +1.090047952e+02 +1.303447952e+02 +1.303447952e+02 -2.1166e-01 -3.7101e+00 +2.3874e+00 -1.1115e+00 +2.7379e+00 +2.8256e+00 +2.8737e+00 +1.1694e+00 -2.6685e+00 -5.3553e+00
52 +1.022330482e+02 +1.022330482e+02 +1.235730482e+02 +1.235730482e+02 -2.5910e-01 -2.0456e+00 +2.9938e+00 -4.0706e+00 +8.0535e-01 +3.7842e+00 -2.5968e+00 +1.6296e+00 -4.0889e+00 -6.5928e+00
62 +7.193869455e+01 +7.193869455e+01 +9.327869455e+01 +9.327869455e+01 +1.6001e+00 -1.3525e+00 +1.1034e+00 -5.1974e+00 -1.0716e+00 +3.7093e+00 -1.8392e-01 +3.1646e+00 -5.2062e+00 -7.0100e+00
82 +6.548425110e+01 +6.548425110e+01 +8.682425110e+01 +8.682425110e+01 +3.4513e+00 +1.1731e+00 -8.9801e-01 -7.3693e+00 -7.5708e-01 +6.7524e+00 -1.2461e+00 +4.7575e+00 -5.2343e+00 -7.2849e+00
86 +6.221951936e+01 +6.221951936e+01 +8.355951936e+01 +8.355951936e+01 +9.7899e-01 +1.0555e+00 +1.0311e+00 -4.3025e+00 -3.9029e-01 +6.9599e+00 -8.6307e-01 +4.5026e+00 -6.1716e+00 -8.4568e+00
92 +5.747856522e+01 +5.747856522e+01 +7.881856522e+01 +7.881856522e+01 +1.7673e+00 +2.7142e+00 +4.1339e-01 -5.5040e+00 +4.3727e-01 +8.6508e+00 -3.8146e-01 +5.3651e+00 -5.8941e+00 -5.0145e+00
93 +4.715608819e+01 +4.715608819e+01 +6.849608819e+01 +6.849608819e+01 +1.1645e-01 -6.4262e-01 +1.9837e+00 -4.2457e+00 -1.2127e+00 +5.7660e+00 +1.2175e+00 +5.9504e+00 -5.7850e+00 -8.6727e+00
103 +4.146979331e+01 +4.146979331e+01 +6.280979331e+01 +6.280979331e+01 -4.8189e-02 -1.7841e+00 +7.6934e-01 -5.0704e+00 -2.0175e+00 +5.7826e+00 +2.3285e+00 +7.5791e+00 -6.2108e+00 -1.1463e+01
107 +3.683213407e+01 +3.683213407e+01 +5.817213407e+01 +5.817213407e+01 +2.0427e-02 -7.6985e-01 +3.2955e+00 -5.4218e+00 -4.1499e+00 +4.9595e+00 +1.5149e+00 +5.6742e+00 -4.6346e+00 -5.2782e+00
113 +3.003419570e+01 +3.003419570e+01 +5.137419570e+01 +5.137419570e+01 +9.5497e-01 -7.6030e-01 +5.0313e+00 -5.4771e+00 -2.3724e+00 +5.6072e+00 +2.9904e+00 +8.2412e+00 -5.7600e+00 -5.5750e+00
122 +2.831191847e+01 +2.831191847e+01 +4.965191847e+01 +4.965191847e+01 -4.4479e-01 +4.4470e-01 +3.4927e+00 -6.8611e+00 -2.7464e+00 +4.6491e+00 +3.3136e+00 +7.6130e+00 -5.7561e+00 -8.2689e+00
125 +1.121829908e+01 +1.121829908e+01 +3.255829908e+01 +3.255829908e+01 -2.8432e+00 +1.2022e+00 +4.0805e+00 -5.1187e+00 -5.9658e+00 +5.5182e+00 +4.4350e+00 +6.6401e+00 -9.6128e+00 -6.5293e+00
134 +9.865988611e+00 +9.865988611e+00 +3.120598861e+01 +3.120598861e+01 -3.1585e+00 +1.9058e+00 +5.3841e+00 -3.1303e+00 -5.8001e+00 +5.2182e+00 +7.0330e+00 +6.4785e+00 -1.2772e+01 -5.5249e+00
137 +9.665077200e+00 +9.665077200e+00 +3.100507720e+01 +3.100507720e+01 -4.2176e+00 +2.1878e+00 +5.2885e+00 -4.5478e+00 -7.6656e+00 +5.2003e+00 +6.9692e+00 +9.8476e+00 -4.4477e+00 -1.0297e+01
143 +7.047171991e+00 +7.047171991e+00 +2.838717199e+01 +2.838717199e+01 -5.4872e+00 +1.8008e+00 +7.7415e+00 -4.0028e+00 -1.0087e+01 +4.7866e+00 +8.4845e+00 +1.1521e+01 -6.0992e+00 -1.1388e+01
149 +6.828428096e+00 +6.828428096e+00 +2.816842810e+01 +2.816842810e+01 -4.8933e+00 -2.0438e-01 +7.1135e+00 -7.2196e+00 -6.3636e+00 +6.8955e+00 +5.9864e+00 +1.0110e+01 -5.7955e+00 -1.0803e+01
169 +5.269315359e+00 +5.269315359e+00 +2.660931536e+01 +2.660931536e+01 -7.0046e+00 +9.2016e-01 +9.6521e+00 -9.1272e+00 -5.9041e+00 +8.0572e+00 +9.1318e+00 +1.1283e+01 -5.1737e+00 -9.0316e+00
176 +3.063426998e+00 +3.063426998e+00 +2.440342700e+01 +2.440342700e+01 -1.0078e+01 +2.6856e+00 +6.5710e+00 -1.0896e+01 -6.6998e+00 +7.3121e+00 +8.0927e+00 +1.3058e+01 -4.9904e+00 -1.0372e+01
187 +1.972749293e+00 +1.972749293e+00 +2.331274929e+01 +2.331274929e+01 -1.1743e+01 +3.4726e+00 +8.0245e+00 -1.0627e+01 -5.6418e+00 +5.3151e+00 +1.0911e+01 +1.4593e+01 -5.0051e+00 -1.0795e+01
210 +0.000000000e+00 +0.000000000e+00 +2.134000000e+01 +2.134000000e+01 -1.0937e+01 +5.1264e+00 +9.4230e+00 -8.9542e+00 -5.0726e+00 +7.5683e+00 +1.0114e+01 +1.5724e+01 -8.7270e+00 -9.9760e+00
% function evaluation | noise-free fitness - Fopt (2.284000000000e+01) | best noise-free fitness - Fopt | measured fitness | best measured fitness | x1 | x2...
1 +2.043476306e+02 +2.043476306e+02 +2.271876306e+02 +2.271876306e+02 +0.0000e+00 +0.0000e+00 +0.0000e+00 +0.0000e+00 +0.0000e+00 +0.0000e+00 +0.0000e+00 +0.0000e+00 +0.0000e+00 +0.0000e+00
4 +1.977824700e+02 +1.977824700e+02 +2.206224700e+02 +2.206224700e+02 -2.1806e-01 -3.6640e-01 -1.8333e+00 -7.9705e-01 -1.5708e-01 -1.0930e+00 +8.4604e-01 +1.3714e+00 -3.9655e-01 -1.2874e+00
7 +1.796088524e+02 +1.796088524e+02 +2.024488524e+02 +2.024488524e+02 -1.3649e+00 -1.4276e+00 +1.7561e+00 +2.7645e+00 -2.8859e+00 -1.5333e-01 +7.7282e-01 -3.3175e-01 -1.5414e-01 -2.0068e+00
14 +1.718258394e+02 +1.718258394e+02 +1.946658394e+02 +1.946658394e+02 -3.1957e+00 -1.7667e+00 +1.8239e+00 +2.5187e+00 -3.1927e+00 +1.1331e+00 -1.8925e+00 -5.3382e-01 +3.4325e-01 -1.9853e+00
16 +1.587334077e+02 +1.587334077e+02 +1.815734077e+02 +1.815734077e+02 -2.3677e+00 -1.7673e+00 +2.0213e+00 +2.3528e+00 -3.5984e+00 +5.1628e-01 +1.4535e+00 -2.5294e+00 -9.3740e-01 -2.3394e+00
22 +1.470897887e+02 +1.470897887e+02 +1.699297887e+02 +1.699297887e+02 -2.9385e+00 -1.1913e+00 +2.1065e+00 +3.5365e+00 -4.1764e+00 +8.2184e-01 +6.7186e-01 -2.5989e+00 -7.8549e-01 -3.2753e+00
25 +1.369222636e+02 +1.369222636e+02 +1.597622636e+02 +1.597622636e+02 -4.2503e+00 -1.0482e+00 +3.1042e+00 +1.8679e+00 -3.5824e+00 -4.9008e-01 -8.1545e-01 -3.7235e+00 -8.3781e-01 -1.9052e+00
26 +1.283063372e+02 +1.283063372e+02 +1.511463372e+02 +1.511463372e+02 -3.2266e+00 -2.1164e+00 +2.8382e+00 +2.0704e+00 -5.6023e+00 +2.3213e-01 +2.0952e+00 -4.3901e+00 -3.1711e-01 -4.3147e+00
32 +1.124113531e+02 +1.124113531e+02 +1.352513531e+02 +1.352513531e+02 -4.5432e+00 -4.8464e-01 +2.1994e+00 +1.1824e+00 -6.3071e+00 +1.8000e-01 +7.3911e-01 -5.1666e+00 -6.3566e-02 -4.6596e+00
34 +1.002798143e+02 +1.002798143e+02 +1.231198143e+02 +1.231198143e+02 -3.1542e+00 -4.7003e+00 +2.7109e+00 -3.0871e-01 -8.5034e+00 -3.3982e-01 +1.2609e+00 -4.6788e+00 -1.8684e+00 -6.1680e+00
42 +9.709240653e+01 +9.709240653e+01 +1.199324065e+02 +1.199324065e+02 -2.1693e+00 -4.1659e+00 +2.3377e+00 -1.2236e+00 -8.7597e+00 -2.9677e-01 +7.6047e-01 -5.4241e+00 -1.6153e+00 -5.1594e+00
51 +8.833711882e+01 +8.833711882e+01 +1.111771188e+02 +1.111771188e+02 -3.9365e+00 -4.9042e+00 +4.5465e+00 -1.4676e+00 -9.5232e+00 +1.3330e+00 +5.4779e-01 -7.8265e+00 -2.7262e+00 -6.2138e+00
52 +8.054917913e+01 +8.054917913e+01 +1.033891791e+02 +1.033891791e+02 -4.3842e+00 -6.0953e+00 +2.3889e+00 -2.0325e+00 -9.1067e+00 +2.7826e+00 -1.2517e+00 -6.4257e+00 -3.7747e+00 -6.9116e+00
56 +7.098686714e+01 +7.098686714e+01 +9.382686714e+01 +9.382686714e+01 -5.7032e+00 -2.6146e+00 +6.6117e+00 -2.6724e+00 -6.9954e+00 +1.4720e+00 -1.0175e+00 -4.7077e+00 -3.3673e+00 -7.7328e+00
58 +6.921287115e+01 +6.921287115e+01 +9.205287115e+01 +9.205287115e+01 -5.8136e+00 -1.7746e+00 +4.3791e+00 -4.5887e+00 -1.1064e+01 +2.1512e+00 +8.7904e-01 -8.3811e+00 -4.2828e+00 -5.2098e+00
66 +4.905547447e+01 +4.905547447e+01 +7.189547447e+01 +7.189547447e+01 -6.3287e+00 -4.8531e-01 +5.9687e+00 -5.0151e+00 -7.7388e+00 +1.7908e+00 -1.2155e+00 -7.7392e+00 -5.5776e+00 -5.3680e+00
80 +3.749918527e+01 +3.749918527e+01 +6.033918527e+01 +6.033918527e+01 -3.7797e+00 -1.0346e+00 +4.9435e+00 -7.6331e+00 -4.8572e+00 +1.7007e+00 -4.1571e+00 -1.0161e+01 -7.6780e+00 -8.0133e+00
85 +3.602538714e+01 +3.602538714e+01 +5.886538714e+01 +5.886538714e+01 -7.0972e+00 -1.3175e+00 +4.4164e+00 -9.1422e+00 -5.1303e+00 -1.2887e+00 -2.0797e+00 -1.2182e+01 -7.0543e+00 -9.6348e+00
93 +2.224899817e+01 +2.224899817e+01 +4.508899817e+01 +4.508899817e+01 -6.4348e+00 +2.4881e+00 +5.3510e+00 -8.6203e+00 -5.8867e+00 -3.7205e+00 -1.8962e+00 -1.1107e+01 -7.8904e+00 -1.4107e+01
113 +1.144713305e+01 +1.144713305e+01 +3.428713305e+01 +3.428713305e+01 -1.0192e+00 +4.7434e+00 +2.2609e+00 -8.2714e+00 -6.8262e+00 -6.6041e+00 -4.4472e+00 -1.6361e+01 -1.0848e+01 -1.9718e+01
116 +1.144357663e+00 +1.144357663e+00 +2.398435766e+01 +2.398435766e+01 -4.4746e+00 +4.5207e+00 +6.4038e+00 -5.7396e+00 -9.5525e+00 -5.2782e+00 -7.1363e+00 -1.6343e+01 -9.7573e+00 -1.8873e+01
138 +6.426701779e-01 +6.426701779e-01 +2.348267018e+01 +2.348267018e+01 -8.5390e+00 +6.3881e+00 +6.0376e+00 -7.6891e+00 -1.1117e+01 -4.8212e+00 -7.0241e+00 -1.8048e+01 -1.1538e+01 -2.0803e+01
145 +0.000000000e+00 +0.000000000e+00 +2.284000000e+01 +2.284000000e+01 -1.1386e+01 +9.7852e+00 +7.2034e+00 -9.6542e+00 -1.1566e+01 -7.4352e+00 -8.5166e+00 -2.2464e+01 -1.0557e+01 -2.4336e+01
% function evaluation | noise-free fitness - Fopt (-1.038100000000e+02) | best noise-free fitness - Fopt | measured fitness | best measured fitness | x1 | x2...
1 +2.043476306e+02 +2.043476306e+02 +1.005376306e+02 +1.005376306e+02 +0.0000e+00 +0.0000e+00 +0.0000e+00 +0.0000e+00 +0.0000e+00 +0.0000e+00 +0.0000e+00 +0.0000e+00 +0.0000e+00 +0.0000e+00
4 +1.949612621e+02 +1.949612621e+02 +9.115126214e+01 +9.115126214e+01 +2.0366e-01 -3.2137e-02 -1.7336e+00 -1.0665e+00 +6.3085e-01 -3.9417e-01 +1.1150e-01 +7.6075e-01 +4.3314e-01 +7.6018e-01
7 +1.695435568e+02 +1.695435568e+02 +6.573355677e+01 +6.573355677e+01 -5.2215e-01 -2.9046e-01 -3.7632e-01 +5.4538e-01 -1.7630e-01 +1.0954e+00 -7.3812e-01 +3.9993e-01 -1.5555e+00 +1.2585e+00
12 +1.438536538e+02 +1.438536538e+02 +4.004365377e+01 +4.004365377e+01 +8.3946e-01 +1.2416e+00 +1.0809e+00 +1.9717e+00 +1.9522e+00 +1.2267e+00 -2.6004e-01 +1.7719e+00 -1.6582e+00 +2.1097e+00
24 +1.320642802e+02 +1.320642802e+02 +2.825428017e+01 +2.825428017e+01 +1.7816e+00 +6.5761e-01 +5.8610e-01 +5.0652e-01 +2.3988e+00 +1.7476e+00 +9.8297e-02 +1.7635e+00 -3.3627e+00 +2.0432e+00
25 +1.181670799e+02 +1.181670799e+02 +1.435707991e+01 +1.435707991e+01 +6.7899e-01 +7.1451e-01 +1.6624e+00 +8.1055e-01 +3.6724e-01 +1.4807e+00 +3.4735e-01 +2.8884e+00 -2.7201e+00 +4.2498e+00
32 +9.795595984e+01 +9.795595984e+01 -5.854040160e+00 -5.854040160e+00 +1.8350e+00 -4.1838e-01 +7.3488e-01 -2.5686e-02 +8.3338e-01 +7.2663e-02 -5.2476e-01 +2.7455e+00 -4.5080e+00 +5.1602e+00
47 +9.322442936e+01 +9.322442936e+01 -1.058557064e+01 -1.058557064e+01 +2.8340e+00 -1.4860e+00 +1.8461e+00 +1.4231e+00 +2.0430e-01 +7.8126e-01 -7.0886e-01 +3.1648e+00 -4.4665e+00 +5.4801e+00
50 +8.239829568e+01 +8.239829568e+01 -2.141170432e+01 -2.141170432e+01 +6.3217e-01 +1.7053e-01 -1.1734e+00 +1.6673e-01 +1.7397e+00 +1.2765e+00 -1.3971e+00 +2.3610e+00 -5.6345e+00 +6.3997e+00
52 +5.891317796e+01 +5.891317796e+01 -4.489682204e+01 -4.489682204e+01 +5.2548e-01 +2.1320e+00 -2.6453e+00 +5.5445e-01 +1.9222e+00 +2.2343e+00 -3.6257e+00 +2.9405e+00 -5.5338e+00 +6.6488e+00
66 +3.593564817e+01 +3.593564817e+01 -6.787435183e+01 -6.787435183e+01 -1.2743e-01 +1.6791e+00 -5.1814e+00 +6.7854e-01 +2.1159e+00 +4.6782e+00 -6.3672e+00 +3.6610e+00 -5.5097e+00 +6.7345e+00
74 +3.261763168e+01 +3.261763168e+01 -7.119236832e+01 -7.119236832e+01 +1.8191e-01 +2.3368e+00 -8.0410e+00 -1.0373e+00 +3.4264e+00 +3.7179e+00 -7.1889e+00 +4.6052e+00 -5.9742e+00 +8.6658e+00
82 +2.594964153e+01 +2.594964153e+01 -7.786035847e+01 -7.786035847e+01 -1.6567e+00 +3.4032e+00 -1.1080e+01 -2.6994e+00 +6.1944e+00 +4.8211e+00 -9.1848e+00 +6.9496e+00 -9.1918e+00 +1.2439e+01
90 +2.513545666e+01 +2.513545666e+01 -7.867454334e+01 -7.867454334e+01 +1.7336e+00 +2.5796e+00 -7.5628e+00 -7.0440e-01 +3.3117e+00 +4.5115e+00 -7.3009e+00 +5.4855e+00 -6.1559e+00 +9.7953e+00
94 +1.919206806e+01 +1.919206806e+01 -8.461793194e+01 -8.461793194e+01 +2.4535e+00 +5.1337e+00 -1.0833e+01 -1.9281e-01 +4.3231e+00 +4.0054e+00 -9.5292e+00 +9.2618e+00 -6.8436e+00 +1.1218e+01
97 +1.619944816e+01 +1.619944816e+01 -8.761055184e+01 -8.761055184e+01 +1.5843e+00 +4.3986e+00 -9.1090e+00 -1.9330e-01 +4.7059e+00 +5.4464e+00 -9.8202e+00 +5.9653e+00 -6.8142e+00 +8.9912e+00
103 +1.158524148e+01 +1.158524148e+01 -9.222475852e+01 -9.222475852e+01 +2.0279e+00 +5.6772e+00 -1.1600e+01 +1.2039e+00 +4.8438e+00 +8.3076e+00 -1.3067e+01 +6.9071e+00 -7.9253e+00 +1.1569e+01
113 +1.130552618e+01 +1.130552618e+01 -9.250447382e+01 -9.250447382e+01 +3.1560e+00 +4.0672e+00 -8.9406e+00 +1.1676e+00 +5.1631e+00 +7.3157e+00 -9.7962e+00 +5.5537e+00 -8.5716e+00 +1.1537e+01
117 +1.087873660e+01 +1.087873660e+01 -9.293126340e+01 -9.293126340e+01 +2.7828e+00 +9.2826e+00 -1.5453e+01 +9.7968e-01 +5.4467e+00 +1.1859e+01 -1.8587e+01 +7.1794e+00 -8.9659e+00 +1.4779e+01
122 +7.807074714e+00 +7.807074714e+00 -9.600292529e+01 -9.600292529e+01 +4.3511e+00 +1.0478e+01 -1.8346e+01 +1.6775e+00 +9.5774e+00 +1.5747e+01 -2.2472e+01 +1.1590e+01 -9.1645e+00 +1.6767e+01
128 +6.970910782e+00 +6.970910782e+00 -9.683908922e+01 -9.683908922e+01 +3.6876e+00 +1.0999e+01 -2.0064e+01 +2.3735e+00 +6.4487e+00 +1.4336e+01 -2.2533e+01 +1.0343e+01 -9.7520e+00 +1.6317e+01
133 +6.526140565e+00 +6.526140565e+00 -9.728385944e+01 -9.728385944e+01 +4.0996e+00 +1.2812e+01 -1.9277e+01 +2.3888e+00 +6.5125e+00 +1.3891e+01 -2.2375e+01 +9.6233e+00 -9.9649e+00 +1.6688e+01
135 +4.528298202e+00 +4.528298202e+00 -9.928170180e+01 -9.928170180e+01 +4.2574e+00 +1.4081e+01 -2.5614e+01 +3.2428e+00 +7.3828e+00 +1.6968e+01 -2.5685e+01 +1.2462e+01 -1.0789e+01 +1.8879e+01
139 +3.721144955e+00 +3.721144955e+00 -1.000888550e+02 -1.000888550e+02 +4.3891e+00 +1.1327e+01 -2.1181e+01 +3.5564e+00 +6.7920e+00 +1.5190e+01 -2.1202e+01 +9.7380e+00 -1.0404e+01 +1.8325e+01
141 +2.932015487e+00 +2.932015487e+00 -1.008779845e+02 -1.008779845e+02 +4.7254e+00 +1.5299e+01 -2.9587e+01 +3.7666e+00 +8.1501e+00 +2.0905e+01 -3.2162e+01 +1.4257e+01 -1.1560e+01 +2.2674e+01
143 +0.000000000e+00 +0.000000000e+00 -1.038100000e+02 -1.038100000e+02 +7.2402e+00 +1.9242e+01 -3.9156e+01 +5.5215e+00 +8.8757e+00 +2.5937e+01 -4.0706e+01 +1.7688e+01 -1.3586e+01 +2.7943e+01
% function evaluation | noise-free fitness - Fopt (1.237000000000e+01) | best noise-free fitness - Fopt | measured fitness | best measured fitness | x1 | x2...
1 +2.043476306e+02 +2.043476306e+02 +2.167176306e+02 +2.167176306e+02 +0.0000e+00 +0.0000e+00 +0.0000e+00 +0.0000e+00 +0.0000e+00 +0.0000e+00 +0.0000e+00 +0.0000e+00 +0.0000e+00 +0.0000e+00
2 +1.778290193e+02 +1.778290193e+02 +1.901990193e+02 +1.901990193e+02 -1.0944e-02 -4.9199e-01 -8.7740e-01 +6.1738e-01 -2.1921e-01 -1.1294e-01 +4.4763e-01 -4.0023e-02 -2.0685e-02 +2.3014e+00
13 +1.736480094e+02 +1.736480094e+02 +1.860180094e+02 +1.860180094e+02 -1.5547e-01 +3.5085e-01 -2.1803e+00 +5.4192e-01 +3.1804e-01 -1.3972e+00 +1.3793e-01 +1.8536e-01 -1.1179e+00 +1.9234e+00
18 +1.619426778e+02 +1.619426778e+02 +1.743126778e+02 +1.743126778e+02 -4.7401e-01 +3.3374e-01 -2.4509e+00 -3.8380e-01 -9.6271e-01 -1.6295e-02 +7.6309e-01 +3.1367e+00 -2.4905e-01 +2.1213e+00
22 +1.491143415e+02 +1.491143415e+02 +1.614843415e+02 +1.614843415e+02 -3.1179e-01 -1.3242e+00 -2.0073e+00 -1.0793e-01 -1.8205e+00 -8.0563e-01 -6.6598e-01 +3.1579e+00 -5.0214e-01 +2.9727e+00
25 +1.392748628e+02 +1.392748628e+02 +1.516448628e+02 +1.516448628e+02 -1.2023e+00 +2.4060e+00 -5.9735e+00 +7.4177e-01 -3.8839e-01 +9.7003e-02 +2.2900e+00 +5.1923e+00 -6.8053e-01 +3.1144e+00
30 +1.256610171e+02 +1.256610171e+02 +1.380310171e+02 +1.380310171e+02 -1.6849e+00 +1.4845e+00 -2.4884e+00 -5.4443e-01 -8.2502e-01 -1.1429e+00 +5.9092e-01 +5.1341e+00 +1.9469e-01 +5.4774e+00
32 +1.203840573e+02 +1.203840573e+02 +1.327540573e+02 +1.327540573e+02 -1.2983e+00 +5.5790e-01 -8.9475e-01 -9.1234e-01 +7.1442e-01 -1.8858e+00 +4.0806e-01 +5.6823e+00 -3.5942e-01 +6.9538e+00
43 +1.162265286e+02 +1.162265286e+02 +1.285965286e+02 +1.285965286e+02 -1.4210e+00 +2.3650e+00 -1.1146e+00 -1.5906e+00 +1.7048e-01 -2.3303e+00 -2.4395e-01 +5.7779e+00 -1.4389e+00 +8.4269e+00
46 +1.123251094e+02 +1.123251094e+02 +1.246951094e+02 +1.246951094e+02 -2.4152e-01 -3.7257e-01 +7.4243e-01 -3.0227e+00 +7.3926e-01 -1.4524e+00 -4.2932e-01 +4.4225e+00 -2.5023e+00 +7.3424e+00
47 +1.016813057e+02 +1.016813057e+02 +1.140513057e+02 +1.140513057e+02 -2.4108e+00 +5.5899e-01 -1.8709e+00 -1.4761e-01 -1.0007e+00 -1.6846e+00 -2.9219e-01 +6.1579e+00 -2.8132e+00 +8.8429e+00
53 +8.600303869e+01 +8.600303869e+01 +9.837303869e+01 +9.837303869e+01 -3.4259e+00 -4.5601e-02 -2.6929e+00 +2.1755e-01 +1.3364e-01 -2.3564e+00 -1.6244e-01 +5.9218e+00 -4.9619e+00 +1.0057e+01
56 +8.309720899e+01 +8.309720899e+01 +9.546720899e+01 +9.546720899e+01 -3.6477e+00 +1.2934e-01 -1.7435e+00 +1.6135e+00 -3.4370e+00 -1.3588e+00 -1.8608e+00 +8.8996e+00 -5.7062e+00 +1.2474e+01
63 +8.000875970e+01 +8.000875970e+01 +9.237875970e+01 +9.237875970e+01 -4.5235e+00 +4.9792e-01 -2.8514e+00 +3.8736e+00 -6.1766e+00 -2.3834e+00 -3.2853e+00 +1.2688e+01 -8.7645e+00 +1.7598e+01
70 +7.006889326e+01 +7.006889326e+01 +8.243889326e+01 +8.243889326e+01 -3.9831e+00 -1.7177e+00 -1.7407e+00 +3.2450e+00 -3.5678e+00 -4.8074e-01 +5.4533e-01 +8.2666e+00 -4.8814e+00 +5.8732e+00
73 +6.093298983e+01 +6.093298983e+01 +7.330298983e+01 +7.330298983e+01 -4.4144e+00 -1.8962e+00 -2.8710e+00 +2.7504e+00 -3.8185e+00 -1.2504e+00 +2.2486e+00 +9.9367e+00 -5.3235e+00 +5.2615e+00
83 +5.943334526e+01 +5.943334526e+01 +7.180334526e+01 +7.180334526e+01 -3.5962e+00 -3.9869e+00 -1.0381e+00 +2.4087e+00 -3.2695e+00 -1.3052e+00 +1.6003e+00 +9.6177e+00 -5.9912e+00 +5.2099e+00
91 +5.705295780e+01 +5.705295780e+01 +6.942295780e+01 +6.942295780e+01 -8.6168e+00 -4.9339e+00 -2.5441e+00 +3.3701e+00 -6.6974e+00 -1.8286e-01 +3.5116e+00 +1.1197e+01 -5.9250e+00 +4.6965e+00
92 +5.181175365e+01 +5.181175365e+01 +6.418175365e+01 +6.418175365e+01 -1.3652e+01 -5.9251e+00 -5.4523e+00 +4.6185e+00 -1.0490e+01 -1.0835e+00 +4.8218e+00 +1.0765e+01 -8.9617e+00 +6.3205e+00
93 +4.503455440e+01 +4.503455440e+01 +5.740455440e+01 +5.740455440e+01 -7.7735e+00 -3.4699e+00 -2.9175e+00 +3.8046e+00 -4.6923e+00 -1.9595e+00 +4.4142e+00 +1.0284e+01 -6.7269e+00 +5.9800e+00
103 +3.908292212e+01 +3.908292212e+01 +5.145292212e+01 +5.145292212e+01 -8.0904e+00 -2.2666e+00 -5.0848e+00 +4.0430e+00 -4.6819e+00 -4.2507e+00 +6.3528e+00 +1.0529e+01 -7.6433e+00 +7.4504e+00
109 +3.616972332e+01 +3.616972332e+01 +4.853972332e+01 +4.853972332e+01 -9.9776e+00 -4.8544e+00 -3.8087e+00 +3.5409e+00 -6.3256e+00 -4.1188e+00 +7.2223e+00 +1.5353e+01 -5.3407e+00 +6.5252e+00
115 +3.184814871e+01 +3.184814871e+01 +4.421814871e+01 +4.421814871e+01 -8.7523e+00 -4.7949e+00 -2.8954e+00 +6.0420e+00 -9.1015e+00 -3.7031e+00 +5.9427e+00 +1.6918e+01 -6.6980e+00 +6.6840e+00
124 +2.543347159e+01 +2.543347159e+01 +3.780347159e+01 +3.780347159e+01 -9.7772e+00 -4.1289e+00 -7.1378e-01 +6.4812e+00 -1.0511e+01 -6.0200e+00 +6.7515e+00 +1.9505e+01 -5.3913e+00 +6.5902e+00
132 +2.111089344e+01 +2.111089344e+01 +3.348089344e+01 +3.348089344e+01 -6.2624e+00 -5.8883e+00 -9.0399e-01 +5.5041e+00 -1.0446e+01 -6.9045e+00 +5.9107e+00 +2.1120e+01 -5.6168e+00 +7.7920e+00
146 +1.856431619e+01 +1.856431619e+01 +3.093431619e+01 +3.093431619e+01 -5.5826e+00 -6.8094e+00 +2.1509e-01 +5.4753e+00 -1.5181e+01 -6.3870e+00 +6.6420e+00 +2.1543e+01 -5.8800e+00 +1.1142e+01
158 +1.689495449e+01 +1.689495449e+01 +2.926495449e+01 +2.926495449e+01 -2.6724e+00 -1.0020e+01 -5.2877e-01 +6.5036e+00 -1.7633e+01 -7.4144e+00 +6.6136e+00 +2.5440e+01 -6.4182e+00 +1.0763e+01
160 +1.490373588e+01 +1.490373588e+01 +2.727373588e+01 +2.727373588e+01 -2.4844e+00 -6.0583e+00 +5.5220e-01 +9.2539e+00 -1.7170e+01 -9.8979e+00 +7.3934e+00 +2.7320e+01 -6.0713e+00 +1.1666e+01
163 +1.107980375e+01 +1.107980375e+01 +2.344980375e+01 +2.344980375e+01 -2.1656e+00 -9.9083e+00 +2.6535e+00 +1.3295e+01 -1.9055e+01 -8.7437e+00 +9.1028e+00 +2.8818e+01 -5.9194e+00 +1.3624e+01
165 +8.885044569e+00 +8.885044569e+00 +2.125504457e+01 +2.125504457e+01 +5.2764e-02 -8.9894e+00 +2.6393e+00 +1.3182e+01 -2.5932e+01 -1.3962e+01 +1.0642e+01 +3.7749e+01 -7.1679e+00 +1.4470e+01
174 +8.032295515e+00 +8.032295515e+00 +2.040229551e+01 +2.040229551e+01 -4.9925e-01 -8.2500e+00 +3.4815e+00 +1.4998e+01 -2.8651e+01 -1.5195e+01 +1.0545e+01 +3.9527e+01 -7.4510e+00 +1.6297e+01
176 +7.293034788e+00 +7.293034788e+00 +1.966303479e+01 +1.966303479e+01 +7.7420e-01 -7.0610e+00 +3.1612e+00 +1.1249e+01 -2.2154e+01 -1.2690e+01 +9.6100e+00 +3.2192e+01 -6.9589e+00 +1.3504e+01
177 +5.751568580e+00 +5.751568580e+00 +1.812156858e+01 +1.812156858e+01 +2.7090e+00 -1.1481e+01 +2.9254e+00 +1.5740e+01 -3.3413e+01 -1.7077e+01 +1.1193e+01 +4.6470e+01 -8.0366e+00 +1.7503e+01
183 +4.978764608e+00 +4.978764608e+00 +1.734876461e+01 +1.734876461e+01 +2.7144e+00 -1.2541e+01 +3.3855e+00 +1.6939e+01 -3.1479e+01 -1.7346e+01 +1.0541e+01 +4.4925e+01 -7.0506e+00 +2.0277e+01
185 +2.250303989e+00 +2.250303989e+00 +1.462030399e+01 +1.462030399e+01 +3.0369e+00 -1.4930e+01 +4.8278e+00 +1.9908e+01 -3.7933e+01 -1.8830e+01 +9.9587e+00 +5.2545e+01 -7.8780e+00 +1.9870e+01
191 +1.174473371e+00 +1.174473371e+00 +1.354447337e+01 +1.354447337e+01 +4.5623e+00 -1.3781e+01 +4.5583e+00 +1.8449e+01 -4.5241e+01 -2.0916e+01 +1.4558e+01 +5.5445e+01 -8.0599e+00 +2.1384e+01
198 +0.000000000e+00 +0.000000000e+00 +1.237000000e+01 +1.237000000e+01 +1.0862e+01 -1.9947e+01 +6.6527e+00 +2.5965e+01 -6.2699e+01 -2.8191e+01 +2.0996e+01 +7.5270e+01 -8.0913e+00 +2.9251e+01
% function evaluation | noise-free fitness - Fopt (6.580000000000e+00) | best noise-free fitness - Fopt | measured fitness | best measured fitness | x1 | x2...
1 +2.043476306e+02 +2.043476306e+02 +2.109276306e+02 +2.109276306e+02 +0.0000e+00 +0.0000e+00 +0.0000e+00 +0.0000e+00 +0.0000e+00 +0.0000e+00 +0.0000e+00 +0.0000e+00 +0.0000e+00 +0.0000e+00
2 +1.917102225e+02 +1.917102225e+02 +1.982902225e+02 +1.982902225e+02 -4.9636e-01 +3.1972e-01 -7.4435e-01 +4.8268e-01 -1.1492e-01 -6.0715e-02 +8.6751e-01 +5.9775e-01 +9.1463e-01 -6.2189e-01
5 +1.790935979e+02 +1.790935979e+02 +1.856735979e+02 +1.856735979e+02 -1.7546e+00 -1.7491e-01 -1.0532e-01 +6.2166e-01 -1.5410e+00 -7.2043e-01 -1.1295e+00 -9.5288e-02 +1.3559e+00 -8.6393e-01
13 +1.769831411e+02 +1.769831411e+02 +1.835631411e+02 +1.835631411e+02 -1.9492e+00 +6.6623e-02 -7.6696e-01 +8.5853e-01 -3.2320e+00 -6.1954e-01 -1.5299e+00 -1.2206e+00 +2.4357e+00 -1.3055e+00
16 +1.521252380e+02 +1.521252380e+02 +1.587052380e+02 +1.587052380e+02 -2.9971e+00 -4.7912e-01 +5.3952e-01 -5.2565e-01 -3.7614e+00 -1.3281e+00 -2.4240e+00 +4.4696e-02 +3.4357e+00 -1.6412e+00
25 +1.368915330e+02 +1.368915330e+02 +1.434715330e+02 +1.434715330e+02 -4.0743e+00 +3.3857e-01 -1.0196e+00 -2.6025e-01 -3.2669e+00 +6.6983e-01 -3.6952e+00 +5.7741e-01 +5.1384e+00 -1.8252e+00
31 +1.084147941e+02 +1.084147941e+02 +1.149947941e+02 +1.149947941e+02 -3.8359e+00 -1.1076e+00 +5.5703e-02 -1.3400e+00 -4.0789e+00 -3.9290e+00 -3.9155e+00 +9.0508e-01 +4.7331e+00 -3.0444e+00
32 +1.012610645e+02 +1.012610645e+02 +1.078410645e+02 +1.078410645e+02 -5.4133e+00 -3.1028e+00 -2.5751e+00 -3.2592e+00 -2.4522e+00 -5.8663e+00 -2.8218e+00 +7.7755e-01 +6.5622e+00 -3.7779e+00
34 +9.496720094e+01 +9.496720094e+01 +1.015472009e+02 +1.015472009e+02 -4.3436e+00 -1.7823e+00 -1.3873e+00 +1.0168e+00 -2.1773e+00 -3.5753e+00 -4.8047e+00 -4.7685e-01 +4.8005e+00 -3.9456e+00
40 +8.454673574e+01 +8.454673574e+01 +9.112673574e+01 +9.112673574e+01 -5.3699e+00 -1.3420e+00 +9.7284e-02 -1.5344e+00 -4.1178e+00 -4.3152e+00 -5.2229e+00 +1.9505e+00 +4.7396e+00 -4.0563e+00
42 +6.921285198e+01 +6.921285198e+01 +7.579285198e+01 +7.579285198e+01 -7.0381e+00 -3.9573e+00 +4.7631e-01 -2.0033e+00 -4.4684e+00 -5.1797e+00 -6.3064e+00 +2.1723e+00 +5.2952e+00 -4.8066e+00
44 +6.579960979e+01 +6.579960979e+01 +7.237960979e+01 +7.237960979e+01 -6.9419e+00 -8.0103e-01 +5.7217e-01 -2.7660e+00 -4.6094e+00 -5.6071e+00 -6.7627e+00 +3.4119e+00 +5.6723e+00 -5.2165e+00
52 +6.246074501e+01 +6.246074501e+01 +6.904074501e+01 +6.904074501e+01 -7.2097e+00 -6.2312e-01 -3.1231e-01 -3.0876e+00 -2.9570e+00 -5.9545e+00 -6.3821e+00 +4.0934e+00 +5.2613e+00 -4.7053e+00
65 +5.837108022e+01 +5.837108022e+01 +6.495108022e+01 +6.495108022e+01 -9.0014e+00 -1.3270e+00 -7.6298e-01 -1.5081e+00 -3.8580e+00 -6.1404e+00 -5.5696e+00 +4.1084e+00 +5.2412e+00 -5.1035e+00
66 +4.997363952e+01 +4.997363952e+01 +5.655363952e+01 +5.655363952e+01 -7.4387e+00 +6.5913e-01 +1.2436e+00 -3.5518e+00 -7.9691e-01 -6.7086e+00 -6.8757e+00 +4.6924e+00 +6.0076e+00 -6.1564e+00
74 +4.675607438e+01 +4.675607438e+01 +5.333607438e+01 +5.333607438e+01 -6.2432e+00 +4.6390e-01 +2.3196e+00 -4.4357e+00 +1.8405e+00 -7.1738e+00 -6.2569e+00 +3.9812e+00 +5.4704e+00 -6.6729e+00
77 +4.438576249e+01 +4.438576249e+01 +5.096576249e+01 +5.096576249e+01 -8.4480e+00 -3.3164e-01 +1.7732e-01 -2.1560e+00 -3.5278e-01 -5.9529e+00 -5.0632e+00 +6.3719e+00 +6.2511e+00 -5.4849e+00
79 +4.115204720e+01 +4.115204720e+01 +4.773204720e+01 +4.773204720e+01 -8.6079e+00 +2.1693e+00 +1.8743e+00 -9.8772e-01 +3.8637e-01 -8.0765e+00 -4.7973e+00 +5.6693e+00 +7.8083e+00 -5.4358e+00
89 +3.865257046e+01 +3.865257046e+01 +4.523257046e+01 +4.523257046e+01 -8.2724e+00 +2.8966e+00 +2.8075e+00 +1.1929e+00 -9.6371e-01 -1.1023e+01 -6.0486e+00 +5.7771e+00 +8.9184e+00 -5.2842e+00
100 +3.440257146e+01 +3.440257146e+01 +4.098257146e+01 +4.098257146e+01 -5.1953e+00 +2.8245e+00 +2.0750e+00 +2.9808e+00 -4.1497e-01 -1.2069e+01 -7.2000e+00 +7.0110e+00 +9.3659e+00 -6.1101e+00
103 +3.078367210e+01 +3.078367210e+01 +3.736367210e+01 +3.736367210e+01 -4.0953e+00 +1.7665e+00 +3.5672e+00 +4.8779e+00 -2.8067e-01 -1.2791e+01 -4.1829e+00 +8.5313e+00 +1.1402e+01 -6.4074e+00
106 +2.660661204e+01 +2.660661204e+01 +3.318661204e+01 +3.318661204e+01 -4.9232e+00 +1.8835e+00 +2.6609e+00 +4.6979e+00 +2.9688e-01 -1.4882e+01 -7.8344e+00 +7.6681e+00 +1.2478e+01 -6.0235e+00
120 +1.618487846e+01 +1.618487846e+01 +2.276487846e+01 +2.276487846e+01 -4.1244e+00 +1.7338e+00 +3.2972e+00 +6.3513e+00 +3.6445e+00 -1.7931e+01 -6.9005e+00 +8.0516e+00 +1.3109e+01 -5.7558e+00
127 +1.357747998e+01 +1.357747998e+01 +2.015747998e+01 +2.015747998e+01 -3.2173e+00 +1.2177e+00 +3.2487e+00 +6.9486e+00 +4.6971e+00 -1.8793e+01 -7.1293e+00 +7.2193e+00 +1.1829e+01 -7.7705e+00
138 +9.406651713e+00 +9.406651713e+00 +1.598665171e+01 +1.598665171e+01 -1.9965e+00 -4.2306e-02 +7.4441e+00 +9.1095e+00 +8.6713e+00 -2.0801e+01 -6.3081e+00 +1.0661e+01 +1.3315e+01 -6.9385e+00
143 +8.814348051e+00 +8.814348051e+00 +1.539434805e+01 +1.539434805e+01 -5.7435e-01 -3.2421e+00 +1.0427e+01 +9.1298e+00 +1.1615e+01 -2.2718e+01 -7.8294e+00 +1.4552e+01 +1.3440e+01 -4.7882e+00
149 +6.244339499e+00 +6.244339499e+00 +1.282433950e+01 +1.282433950e+01 -1.1261e+00 -3.1646e+00 +5.4011e+00 +1.0006e+01 +8.0290e+00 -2.0861e+01 -6.5781e+00 +1.1473e+01 +1.3277e+01 -5.5145e+00
161 +4.950947048e+00 +4.950947048e+00 +1.153094705e+01 +1.153094705e+01 -1.0544e+00 -6.5137e+00 +4.3973e+00 +1.2153e+01 +9.1852e+00 -2.2638e+01 -8.7810e+00 +1.2274e+01 +1.4461e+01 -5.3669e+00
165 +4.658871676e+00 +4.658871676e+00 +1.123887168e+01 +1.123887168e+01 -1.4189e+00 -5.5427e+00 +4.8477e+00 +8.8340e+00 +7.0591e+00 -1.8852e+01 -8.1457e+00 +1.3986e+01 +1.3972e+01 -4.9176e+00
166 +3.876113602e+00 +3.876113602e+00 +1.045611360e+01 +1.045611360e+01 -1.1239e+00 -7.8889e+00 +5.7339e+00 +1.2837e+01 +1.2164e+01 -2.6140e+01 -6.6095e+00 +1.3739e+01 +1.3478e+01 -5.4196e+00
181 +2.968178913e+00 +2.968178913e+00 +9.548178913e+00 +9.548178913e+00 -3.2527e+00 -4.0547e+00 +7.3560e+00 +8.1296e+00 +8.5677e+00 -2.2376e+01 -7.3070e+00 +7.9471e+00 +1.3658e+01 -6.1513e+00
183 +1.215807983e+00 +1.215807983e+00 +7.795807983e+00 +7.795807983e+00 -3.9773e+00 -5.2154e+00 +9.1717e+00 +8.5692e+00 +1.0284e+01 -2.6106e+01 -8.2771e+00 +7.2342e+00 +1.6986e+01 -4.9807e+00
192 +7.798756495e-01 +7.798756495e-01 +7.359875649e+00 +7.359875649e+00 -4.4233e+00 -5.3103e+00 +7.9493e+00 +6.9479e+00 +9.1546e+00 -2.3680e+01 -7.8758e+00 +7.9097e+00 +1.4433e+01 -4.9797e+00
193 +6.456974761e-01 +6.456974761e-01 +7.225697476e+00 +7.225697476e+00 -4.3543e+00 -5.0197e+00 +9.5720e+00 +1.0296e+01 +9.7438e+00 -2.4370e+01 -8.4134e+00 +7.8345e+00 +1.7920e+01 -5.6566e+00
199 +0.000000000e+00 +0.000000000e+00 +6.580000000e+00 +6.580000000e+00 -5.1798e+00 -8.5845e+00 +1.1304e+01 +1.0649e+01 +1.2865e+01 -3.2463e+01 -1.0807e+01 +8.3836e+00 +2.0133e+01 -5.4792e+00
% function evaluation | noise-free fitness - Fopt (5.178000000000e+01) | best noise-free fitness - Fopt | measured fitness | best measured fitness | x1 | x2...
1 +2.043476306e+02 +2.043476306e+02 +2.561276306e+02 +2.561276306e+02 +0.0000e+00 +0.0000e+00 +0.0000e+00 +0.0000e+00 +0.0000e+00 +0.0000e+00 +0.0000e+00 +0.0000e+00 +0.0000e+00 +0.0000e+00
2 +1.989932954e+02 +1.989932954e+02 +2.507732954e+02 +2.507732954e+02 +6.0640e-02 +8.2389e-01 -1.9901e-01 +1.0433e-01 -5.3017e-01 +1.8809e+00 -1.3259e+00 -2.5274e-01 +1.9594e+00 +6.3206e-01
3 +1.846669915e+02 +1.846669915e+02 +2.364469915e+02 +2.364469915e+02 +6.4168e-01 +4.7390e-01 +1.9075e-01 +4.0511e-01 +1.1403e-02 -6.5495e-01 -8.5747e-01 +2.0063e+00 -2.3018e-01 -1.4517e+00
10 +1.790421236e+02 +1.790421236e+02 +2.308221236e+02 +2.308221236e+02 +5.1667e-01 +1.0244e+00 +1.8067e+00 -1.7945e+00 +9.1646e-01 -6.0551e-01 -4.4409e-02 -1.3484e+00 +1.6332e+00 -2.2234e+00
12 +1.594661512e+02 +1.594661512e+02 +2.112461512e+02 +2.112461512e+02 +7.4321e-01 +9.1034e-01 +2.5019e+00 -2.2467e+00 +2.6663e+00 +1.4584e+00 +5.5121e-01 -5.4558e-02 +2.4727e+00 -1.1944e+00
15 +1.450486104e+02 +1.450486104e+02 +1.968286104e+02 +1.968286104e+02 +2.5502e-01 +6.7561e-01 +2.8084e+00 -3.8640e+00 +1.7842e+00 +3.9475e-01 +4.7590e-02 -2.9507e+00 +3.3788e+00 -4.8481e+00
23 +1.393189769e+02 +1.393189769e+02 +1.910989769e+02 +1.910989769e+02 +3.2226e-01 +6.8209e-01 +3.5537e+00 -3.4263e+00 +3.6450e+00 +9.9693e-01 -4.5541e-01 -3.7938e+00 +4.2579e+00 -4.5206e+00
29 +1.297722777e+02 +1.297722777e+02 +1.815522777e+02 +1.815522777e+02 -1.1302e+00 -8.2753e-01 +3.4652e+00 -2.7666e+00 +2.6606e+00 +7.5286e-01 +2.0766e-01 -1.8132e+00 +3.1790e+00 -6.8078e+00
36 +1.153479455e+02 +1.153479455e+02 +1.671279455e+02 +1.671279455e+02 -2.1180e+00 -1.0318e-01 +4.7623e+00 -2.4638e+00 +2.5189e+00 -8.0526e-01 +1.4599e+00 -2.7446e-01 +3.7587e+00 -6.7342e+00
41 +9.637269172e+01 +9.637269172e+01 +1.481526917e+02 +1.481526917e+02 -2.6971e+00 -2.5320e+00 +4.7491e+00 -1.6824e+00 +2.5500e+00 +1.5896e+00 +2.8676e+00 -7.3262e-01 +4.0526e+00 -8.3812e+00
43 +7.879198704e+01 +7.879198704e+01 +1.305719870e+02 +1.305719870e+02 -3.1535e+00 -4.7579e+00 +7.4179e+00 -3.2473e+00 +4.3257e+00 +1.8817e+00 +3.0300e+00 -5.9497e-02 +5.9103e+00 -6.4445e+00
45 +7.200377111e+01 +7.200377111e+01 +1.237837711e+02 +1.237837711e+02 -3.7844e-01 -3.0690e+00 +4.7956e+00 -2.2144e+00 +4.1912e+00 +3.3335e+00 +2.3969e+00 +3.4180e-01 +5.4457e+00 -1.0209e+01
52 +6.882371489e+01 +6.882371489e+01 +1.206037149e+02 +1.206037149e+02 -1.4508e+00 -3.6616e+00 +2.8426e+00 -2.1301e+00 +5.9965e+00 +6.2653e+00 +1.4850e+00 +9.6826e-01 +4.8451e+00 -1.0127e+01
55 +6.660943724e+01 +6.660943724e+01 +1.183894372e+02 +1.183894372e+02 +1.4045e+00 -7.1066e+00 +6.2454e+00 -2.9210e+00 +4.6658e+00 +2.6283e+00 +1.7133e+00 +1.4569e+00 +7.4381e+00 -8.2693e+00
65 +5.693439297e+01 +5.693439297e+01 +1.087143930e+02 +1.087143930e+02 +9.7542e-01 -7.8526e+00 +6.2102e+00 -4.0601e+00 +4.5666e+00 +2.7089e+00 +8.9059e-01 +4.1865e+00 +7.4511e+00 -8.1980e+00
66 +5.337320368e+01 +5.337320368e+01 +1.051532037e+02 +1.051532037e+02 +1.8934e+00 -7.6841e+00 +8.3882e+00 -3.7581e+00 +7.7074e+00 +5.7116e+00 +1.3154e+00 +2.6153e+00 +7.4354e+00 -6.2187e+00
68 +3.540378220e+01 +3.540378220e+01 +8.718378220e+01 +8.718378220e+01 +1.2698e+00 -4.8006e+00 +6.3395e+00 -2.3235e+00 +4.5165e+00 +4.6400e+00 +4.7899e+00 +2.9943e+00 +5.4410e+00 -8.2037e+00
73 +3.173912158e+01 +3.173912158e+01 +8.351912158e+01 +8.351912158e+01 -1.0725e+00 -5.0846e+00 +7.6570e+00 -3.3195e+00 +2.5093e+00 +4.7740e+00 +6.0931e+00 +7.3739e+00 +5.1194e+00 -9.2188e+00
75 +2.783378779e+01 +2.783378779e+01 +7.961378779e+01 +7.961378779e+01 +1.3749e+00 -5.8401e+00 +5.2546e+00 -2.2173e+00 +6.8092e+00 +4.8274e+00 +4.5944e+00 +3.9730e+00 +6.7109e+00 -8.1650e+00
84 +1.983308373e+01 +1.983308373e+01 +7.161308373e+01 +7.161308373e+01 +3.8987e+00 -3.5912e+00 +4.8740e+00 -2.5007e+00 +4.8051e+00 +7.7916e+00 +7.1763e+00 +7.4572e+00 +9.3533e+00 -1.0514e+01
94 +1.529787579e+01 +1.529787579e+01 +6.707787579e+01 +6.707787579e+01 +7.4157e+00 -6.3333e+00 +8.6144e+00 +2.3920e-01 +4.8755e+00 +6.1273e+00 +6.5125e+00 +6.5266e+00 +4.3937e+00 -1.5654e+01
119 +1.176235125e+01 +1.176235125e+01 +6.354235125e+01 +6.354235125e+01 +7.3473e+00 -5.7990e+00 +7.2732e+00 +4.2353e+00 +7.4776e+00 +2.1855e+00 +7.8685e+00 +6.8340e+00 +1.4915e+01 -2.0234e+01
126 +8.749788658e+00 +8.749788658e+00 +6.052978866e+01 +6.052978866e+01 +5.7292e+00 -3.1599e+00 +5.6578e+00 +1.0733e+01 +6.3901e+00 +3.3878e+00 +8.0258e+00 +4.9034e+00 +1.7553e+01 -1.6553e+01
142 +0.000000000e+00 +0.000000000e+00 +5.178000000e+01 +5.178000000e+01 +8.7677e+00 -7.2476e+00 +9.1457e+00 +1.7099e+01 +5.3417e+00 +6.3624e+00 +9.9292e+00 +1.3546e+01 +3.0725e+01 -1.9466e+01
% function evaluation | noise-free fitness - Fopt (-3.760300000000e+02) | best noise-free fitness - Fopt | measured fitness | best measured fitness | x1 | x2...
1 +2.043476306e+02 +2.043476306e+02 -1.716823694e+02 -1.716823694e+02 +0.0000e+00 +0.0000e+00 +0.0000e+00 +0.0000e+00 +0.0000e+00 +0.0000e+00 +0.0000e+00 +0.0000e+00 +0.0000e+00 +0.0000e+00
2 +1.950411211e+02 +1.950411211e+02 -1.809888789e+02 -1.809888789e+02 +1.0020e+00 +3.4922e-01 +2.1485e-02 -1.9739e+00 -1.6858e+00 +5.3776e-01 +1.0603e+00 +1.0632e-01 -9.9646e-01 -6.1184e-02
5 +1.897478923e+02 +1.897478923e+02 -1.862821077e+02 -1.862821077e+02 -1.6956e+00 +5.8841e-01 -2.6841e-01 +2.9803e-01 -4.0962e-01 -3.9826e-01 -1.6887e+00 -1.0657e+00 -9.9415e-01 +2.2357e-01
12 +1.855947696e+02 +1.855947696e+02 -1.904352304e+02 -1.904352304e+02 -1.3562e-01 +3.2455e-01 -1.4753e+00 +1.4598e+00 -1.0303e+00 -1.1884e+00 -4.8401e-01 -8.4589e-01 -5.8884e-01 -1.9292e-01
13 +1.740816071e+02 +1.740816071e+02 -2.019483929e+02 -2.019483929e+02 -1.3580e+00 +1.1526e+00 -1.6805e-01 -9.3698e-01 -1.4284e+00 -1.3878e+00 -2.5440e+00 -6.6317e-01 -2.0400e+00 +1.2233e+00
22 +1.560916575e+02 +1.560916575e+02 -2.199383425e+02 -2.199383425e+02 -1.9931e-01 -8.2623e-03 +5.8742e-01 -2.3407e+00 -1.8106e+00 -9.9802e-01 -1.2512e+00 -2.4201e+00 -1.1393e+00 +2.7944e+00
32 +1.453652561e+02 +1.453652561e+02 -2.306647439e+02 -2.306647439e+02 +1.1956e-02 +1.5425e+00 +9.6877e-01 -2.1453e+00 -3.2977e+00 +3.6948e-01 -1.5977e+00 -2.8498e+00 -2.4227e+00 +2.6965e+00
45 +1.252226710e+02 +1.252226710e+02 -2.508073290e+02 -2.508073290e+02 +1.3560e+00 +7.2877e-01 +3.5368e-01 -3.4408e+00 -1.7885e+00 -1.0979e+00 +6.5313e-01 -3.7689e+00 -3.8369e+00 +2.3286e+00
50 +1.128407699e+02 +1.128407699e+02 -2.631892301e+02 -2.631892301e+02 +6.9122e-01 +6.8508e-01 +1.8272e-01 -2.1656e+00 -3.1093e+00 -2.1203e+00 -7.5961e-01 -3.7511e+00 -3.4273e+00 +3.4514e+00
53 +7.600250175e+01 +7.600250175e+01 -3.000274982e+02 -3.000274982e+02 +1.6506e+00 +1.7952e+00 -7.6541e-01 -2.4444e+00 -2.7582e+00 -2.9541e+00 +3.3638e-01 -4.9109e+00 -4.7309e+00 +4.5744e+00
62 +5.803616150e+01 +5.803616150e+01 -3.179938385e+02 -3.179938385e+02 +1.5178e+00 +1.1216e+00 -1.8113e+00 -2.1379e+00 -2.4095e+00 -2.9338e+00 +2.5917e+00 -6.0886e+00 -5.2792e+00 +5.8196e+00
73 +5.733612096e+01 +5.733612096e+01 -3.186938790e+02 -3.186938790e+02 +8.4006e-01 +2.6142e+00 -4.4092e-01 -1.2038e+00 -2.5214e+00 -2.8590e+00 +2.9712e+00 -5.7013e+00 -5.3286e+00 +4.6564e+00
74 +5.288101530e+01 +5.288101530e+01 -3.231489847e+02 -3.231489847e+02 +3.6228e+00 +2.1525e+00 -2.3707e+00 -2.3424e+00 -1.4852e+00 -3.4561e+00 +3.9126e+00 -7.1860e+00 -6.9595e+00 +6.8342e+00
75 +4.656326166e+01 +4.656326166e+01 -3.294667383e+02 -3.294667383e+02 +1.4752e+00 +2.4962e+00 -2.5364e+00 -1.8794e+00 -3.2054e+00 -4.2851e+00 +3.2490e+00 -7.8958e+00 -4.7116e+00 +6.0415e+00
85 +4.350332752e+01 +4.350332752e+01 -3.325266725e+02 -3.325266725e+02 +2.8062e+00 +2.9756e+00 -2.3886e+00 -2.3190e+00 -4.3803e+00 -5.5711e+00 +3.9470e+00 -8.9461e+00 -4.1804e+00 +5.8332e+00
86 +4.103504627e+01 +4.103504627e+01 -3.349949537e+02 -3.349949537e+02 +6.2470e-01 +2.9916e+00 -2.8798e+00 -9.4984e-01 -2.1188e+00 -7.2629e+00 +3.2313e+00 -9.5936e+00 -4.9697e+00 +7.0664e+00
87 +2.634730533e+01 +2.634730533e+01 -3.496826947e+02 -3.496826947e+02 +8.8106e-01 +4.2282e+00 -2.7781e+00 -2.4909e-01 -5.3592e+00 -3.8451e+00 +4.9346e+00 -9.2632e+00 -6.4634e+00 +7.4533e+00
94 +2.402201326e+01 +2.402201326e+01 -3.520079867e+02 -3.520079867e+02 -7.5339e-02 +3.1885e+00 -2.2872e+00 -3.3622e-01 -4.7355e+00 -5.8281e+00 +5.7723e+00 -7.6968e+00 -6.8851e+00 +7.5890e+00
102 +2.151316742e+01 +2.151316742e+01 -3.545168326e+02 -3.545168326e+02 +2.0154e+00 +3.3584e+00 -4.0013e+00 +2.8113e-02 -5.5864e+00 -8.3051e+00 +9.0531e+00 -9.1920e+00 -7.9109e+00 +7.4937e+00
104 +1.968210347e+01 +1.968210347e+01 -3.563478965e+02 -3.563478965e+02 +2.0083e-01 +5.7318e+00 -2.8481e+00 -5.5465e-02 -5.1066e+00 -5.4562e+00 +7.0098e+00 -9.3175e+00 -5.3603e+00 +7.9220e+00
112 +1.908315763e+01 +1.908315763e+01 -3.569468424e+02 -3.569468424e+02 +3.7638e-01 +5.4205e+00 -2.7570e+00 +6.0437e-01 -4.8390e+00 -4.9869e+00 +8.5544e+00 -1.1590e+01 -6.1164e+00 +9.4332e+00
116 +1.537440261e+01 +1.537440261e+01 -3.606555974e+02 -3.606555974e+02 -5.5852e-02 +6.9822e+00 -4.1241e+00 +8.3690e-01 -6.3799e+00 -6.6072e+00 +7.9102e+00 -9.5071e+00 -6.3768e+00 +8.8558e+00
122 +1.201697723e+01 +1.201697723e+01 -3.640130228e+02 -3.640130228e+02 -1.1961e+00 +9.2607e+00 -6.0458e+00 +1.1878e+00 -7.8982e+00 -8.5027e+00 +1.2216e+01 -1.0498e+01 -6.4386e+00 +1.0870e+01
123 +1.160103089e+01 +1.160103089e+01 -3.644289691e+02 -3.644289691e+02 +2.4966e-01 +8.1477e+00 -3.5571e+00 +3.1691e+00 -8.3690e+00 -7.5046e+00 +9.4269e+00 -1.0763e+01 -5.5660e+00 +9.0908e+00
135 +1.022988127e+01 +1.022988127e+01 -3.658001187e+02 -3.658001187e+02 +4.9292e-01 +9.6356e+00 -3.3124e+00 +4.1079e+00 -1.0476e+01 -9.3735e+00 +9.4874e+00 -1.3265e+01 -5.4973e+00 +8.4420e+00
138 +7.330122519e+00 +7.330122519e+00 -3.686998775e+02 -3.686998775e+02 -1.3081e+00 +8.2757e+00 -2.8189e+00 +5.5380e+00 -7.8353e+00 -6.8493e+00 +9.4025e+00 -9.6684e+00 -6.5297e+00 +8.0725e+00
147 +7.020026354e+00 +7.020026354e+00 -3.690099736e+02 -3.690099736e+02 -6.2159e-01 +1.2305e+01 -3.4164e+00 +7.0300e+00 -9.0168e+00 -5.6004e+00 +1.0841e+01 -1.1761e+01 -5.7646e+00 +7.2901e+00
149 +2.319933553e+00 +2.319933553e+00 -3.737100664e+02 -3.737100664e+02 -2.6801e+00 +1.2360e+01 -5.3656e+00 +1.0442e+01 -9.3252e+00 -9.2116e+00 +1.3422e+01 -1.0403e+01 -6.7465e+00 +1.1104e+01
152 +2.180730006e+00 +2.180730006e+00 -3.738492700e+02 -3.738492700e+02 -2.8193e+00 +1.2792e+01 -6.2322e+00 +1.1127e+01 -9.0481e+00 -9.5074e+00 +1.6684e+01 -9.0567e+00 -6.4624e+00 +1.1436e+01
158 +3.502357377e-01 +3.502357377e-01 -3.756797643e+02 -3.756797643e+02 -4.6498e+00 +1.3350e+01 -6.6886e+00 +8.6044e+00 -9.8757e+00 -8.6577e+00 +1.5026e+01 -1.1640e+01 -6.6143e+00 +9.9750e+00
162 +0.000000000e+00 +0.000000000e+00 -3.760300000e+02 -3.760300000e+02 -6.4417e+00 +1.4788e+01 -9.2728e+00 +1.2193e+01 -1.1112e+01 -1.1477e+01 +1.9425e+01 -1.1898e+01 -6.2922e+00 +1.0960e+01
% function evaluation | noise-free fitness - Fopt (-7.182000000000e+01) | best noise-free fitness - Fopt | measured fitness | best measured fitness | x1 | x2...
1 +2.043476306e+02 +2.043476306e+02 +1.325276306e+02 +1.325276306e+02 +0.0000e+00 +0.0000e+00 +0.0000e+00 +0.0000e+00 +0.0000e+00 +0.0000e+00 +0.0000e+00 +0.0000e+00 +0.0000e+00 +0.0000e+00
4 +1.783450789e+02 +1.783450789e+02 +1.065250789e+02 +1.065250789e+02 +5.6918e-01 -6.8130e-01 +7.9004e-02 +1.0958e+00 -6.2310e-01 +4.3724e-01 -9.0178e-01 +1.5144e+00 +8.4451e-01 -3.4975e-01
12 +1.736666183e+02 +1.736666183e+02 +1.018466183e+02 +1.018466183e+02 -3.1827e-01 -8.8928e-01 +6.1909e-01 +2.4251e-03 -3.8518e-01 +1.2665e+00 -1.7581e+00 +2.1048e+00 +1.1240e+00 -4.2399e-01
13 +1.542309170e+02 +1.542309170e+02 +8.241091703e+01 +8.241091703e+01 +1.0322e+00 -1.2729e+00 -8.5323e-01 +1.5769e+00 +2.8327e-01 +1.0179e+00 -1.4984e+00 +1.3780e+00 +1.8639e+00 -1.9484e+00
25 +1.238965658e+02 +1.238965658e+02 +5.207656584e+01 +5.207656584e+01 +1.6144e+00 -1.3555e+00 +4.0815e-01 +3.0244e+00 -8.4508e-01 +1.9930e+00 -6.7344e+00 +3.3975e+00 +6.5689e-01 -3.0630e+00
33 +1.204867875e+02 +1.204867875e+02 +4.866678746e+01 +4.866678746e+01 +1.1471e+00 -3.3477e+00 +3.2853e-01 +2.4391e+00 -1.5427e+00 +2.2916e+00 -8.4963e+00 +4.3882e+00 +7.3314e-02 -2.9838e+00
35 +9.561749211e+01 +9.561749211e+01 +2.379749211e+01 +2.379749211e+01 +1.7209e+00 -1.4120e+00 +1.6681e+00 +4.4476e+00 -1.0755e+00 +2.9796e+00 -9.7141e+00 +4.7598e+00 +2.0861e+00 -4.1649e+00
43 +9.318802549e+01 +9.318802549e+01 +2.136802549e+01 +2.136802549e+01 +3.9795e-01 -6.8725e-01 +1.5988e+00 +4.1910e+00 -8.0175e-01 +5.8623e+00 -1.0813e+01 +3.1966e+00 +3.9746e+00 -6.3211e+00
44 +8.125746545e+01 +8.125746545e+01 +9.437465447e+00 +9.437465447e+00 +1.8095e-01 -2.8229e+00 +1.2674e+00 +4.3350e+00 -1.9744e+00 +3.3489e+00 -1.1829e+01 +6.1660e+00 +2.1596e+00 -4.9038e+00
48 +7.150757691e+01 +7.150757691e+01 -3.124230875e-01 -3.124230875e-01 +2.1722e+00 -2.0568e+00 +1.0515e+00 +5.9643e+00 -2.5386e+00 +4.6510e+00 -1.3134e+01 +7.2160e+00 +4.4684e+00 -4.5210e+00
53 +5.600393859e+01 +5.600393859e+01 -1.581606141e+01 -1.581606141e+01 +2.3774e+00 -3.8626e+00 +8.1877e-01 +9.9312e+00 -2.5851e+00 +3.5512e+00 -1.9437e+01 +8.9156e+00 +8.1386e+00 -6.0963e+00
68 +5.449602593e+01 +5.449602593e+01 -1.732397407e+01 -1.732397407e+01 +3.2723e+00 -4.0824e+00 +2.1095e-01 +8.5617e+00 -1.7760e+00 +2.6174e+00 -1.8978e+01 +9.7830e+00 +8.9121e+00 -5.3232e+00
70 +4.918587010e+01 +4.918587010e+01 -2.263412990e+01 -2.263412990e+01 +2.8669e+00 -4.3783e+00 +6.4139e-01 +1.2259e+01 -2.7557e+00 +1.9176e+00 -2.1729e+01 +9.5646e+00 +9.5697e+00 -6.5101e+00
73 +4.400170637e+01 +4.400170637e+01 -2.781829363e+01 -2.781829363e+01 +1.2946e+00 -6.0989e+00 +2.6014e+00 +1.3505e+01 -2.5064e+00 +3.3313e-02 -2.6628e+01 +1.1739e+01 +1.1476e+01 -6.1690e+00
88 +4.003900057e+01 +4.003900057e+01 -3.178099943e+01 -3.178099943e+01 +1.4772e+00 -6.3887e+00 +1.6822e+00 +1.6002e+01 -4.2819e+00 +6.8117e-01 -2.5791e+01 +1.2110e+01 +8.0009e+00 -5.0199e+00
89 +3.428421967e+01 +3.428421967e+01 -3.753578033e+01 -3.753578033e+01 +1.4808e+00 -5.1015e+00 +1.8549e+00 +1.3764e+01 -4.0706e+00 -1.1649e+00 -2.8019e+01 +1.1635e+01 +1.4664e+01 -5.7424e+00
92 +3.337548341e+01 +3.337548341e+01 -3.844451659e+01 -3.844451659e+01 +1.0909e+00 -5.0781e+00 +3.2659e+00 +1.6653e+01 -6.4020e+00 -1.2446e+00 -3.9972e+01 +1.3672e+01 +1.8572e+01 -9.5385e+00
95 +2.670557037e+01 +2.670557037e+01 -4.511442963e+01 -4.511442963e+01 +3.7628e+00 -5.6532e+00 +1.5691e+00 +1.7669e+01 -5.6652e+00 -3.0564e+00 -3.6296e+01 +1.3771e+01 +2.1607e+01 -6.1792e+00
98 +2.155076310e+01 +2.155076310e+01 -5.026923690e+01 -5.026923690e+01 -6.3311e-01 -7.4357e+00 +2.0952e-01 +1.8050e+01 -7.5125e+00 -2.6365e+00 -3.8064e+01 +1.6264e+01 +1.7238e+01 -8.0616e+00
108 +2.003698548e+01 +2.003698548e+01 -5.178301452e+01 -5.178301452e+01 -6.2721e-01 -4.6695e+00 -4.4769e-01 +1.8591e+01 -7.3091e+00 -2.8731e+00 -3.8667e+01 +1.4118e+01 +1.6927e+01 -8.0358e+00
110 +1.551032359e+01 +1.551032359e+01 -5.630967641e+01 -5.630967641e+01 +2.6870e-01 -1.1705e+01 +8.5545e-01 +2.4734e+01 -1.0909e+01 -4.8681e+00 -4.6647e+01 +2.1994e+01 +2.4732e+01 -8.7701e+00
111 +8.660073429e+00 +8.660073429e+00 -6.315992657e+01 -6.315992657e+01 -3.4868e+00 -1.3664e+01 -7.1553e-01 +2.6581e+01 -9.8164e+00 -5.0555e+00 -5.5408e+01 +2.4448e+01 +2.4902e+01 -1.1773e+01
113 +5.696503072e+00 +5.696503072e+00 -6.612349693e+01 -6.612349693e+01 -6.1721e+00 -1.3582e+01 -1.5850e+00 +2.4794e+01 -9.2894e+00 -9.1630e+00 -5.0126e+01 +2.4891e+01 +2.2924e+01 -8.8818e+00
115 +3.024799530e+00 +3.024799530e+00 -6.879520047e+01 -6.879520047e+01 -4.0173e+00 -1.1416e+01 -3.7758e+00 +2.0810e+01 -9.6286e+00 -5.9733e+00 -4.8686e+01 +2.3256e+01 +2.2051e+01 -1.0910e+01
122 +5.679776048e-01 +5.679776048e-01 -7.125202240e+01 -7.125202240e+01 -7.3764e+00 -1.6063e+01 -4.6595e+00 +2.6246e+01 -1.3680e+01 -8.7781e+00 -6.5205e+01 +3.1918e+01 +2.6778e+01 -1.4706e+01
134 +0.000000000e+00 +0.000000000e+00 -7.182000000e+01 -7.182000000e+01 -6.2195e+00 -1.1782e+01 -6.8239e+00 +2.1009e+01 -1.0122e+01 -9.4103e+00 -5.2155e+01 +2.6414e+01 +1.7583e+01 -1.3885e+01
% function evaluation | noise-free fitness - Fopt (1.606400000000e+02) | best noise-free fitness - Fopt | measured fitness | best measured fitness | x1 | x2...
1 +2.043476306e+02 +2.043476306e+02 +3.649876306e+02 +3.649876306e+02 +0.0000e+00 +0.0000e+00 +0.0000e+00 +0.0000e+00 +0.0000e+00 +0.0000e+00 +0.0000e+00 +0.0000e+00 +0.0000e+00 +0.0000e+00
2 +1.971972368e+02 +1.971972368e+02 +3.578372368e+02 +3.578372368e+02 -1.5979e-01 +1.2078e+00 -9.9334e-01 +8.0887e-03 +4.3371e-01 +1.2823e+00 -8.7340e-01 +3.7520e-01 +2.4796e-01 -6.1666e-01
6 +1.846628431e+02 +1.846628431e+02 +3.453028431e+02 +3.453028431e+02 -4.7391e-01 +4.5881e-02 -2.8315e-01 +8.7772e-01 +9.3716e-01 -1.1442e+00 -4.4329e-01 -1.1528e+00 -1.5607e-01 -8.4719e-01
8 +1.747400228e+02 +1.747400228e+02 +3.353800228e+02 +3.353800228e+02 +1.2060e+00 -1.0927e+00 -1.1444e+00 +1.5268e+00 -9.9318e-01 +2.2502e-01 -4.5815e-01 +1.4818e+00 +2.1169e+00 -1.3026e+00
12 +1.547163623e+02 +1.547163623e+02 +3.153563623e+02 +3.153563623e+02 +1.5134e+00 -1.0695e+00 -1.1335e+00 +4.5438e+00 -6.1812e-01 +4.7910e-01 +5.1774e-01 -1.7338e-01 +2.3926e+00 -2.0659e+00
22 +1.299452634e+02 +1.299452634e+02 +2.905852634e+02 +2.905852634e+02 +2.2704e+00 -5.7802e-01 -4.4176e+00 +1.7712e+00 -3.0687e+00 +5.8236e-01 -9.1790e-01 -1.6846e-01 +2.6507e+00 -2.9453e+00
29 +1.141853796e+02 +1.141853796e+02 +2.748253796e+02 +2.748253796e+02 +1.2092e+00 -1.3471e+00 -3.2840e+00 +9.3091e-02 -3.6691e+00 -5.7763e-02 -2.0619e+00 +9.8715e-01 +4.8189e+00 -3.3634e+00
33 +1.074278865e+02 +1.074278865e+02 +2.680678865e+02 +2.680678865e+02 +2.1887e+00 -9.2083e-01 -3.1369e+00 +4.2052e-01 -4.0910e+00 -4.0919e-01 -2.1064e+00 +1.3190e+00 +5.4553e+00 -3.6344e+00
38 +9.751688534e+01 +9.751688534e+01 +2.581568853e+02 +2.581568853e+02 -2.6817e-01 -1.9679e+00 -3.6755e+00 +4.1408e-01 -4.0041e+00 -2.1577e-01 -3.1098e+00 +1.0549e+00 +7.2256e+00 -4.3877e+00
47 +8.313564421e+01 +8.313564421e+01 +2.437756442e+02 +2.437756442e+02 -1.1803e+00 -1.6244e+00 -4.4491e+00 +1.4125e+00 -4.8240e+00 -1.4739e+00 -4.1463e+00 +9.6731e-01 +9.9565e+00 -4.3146e+00
55 +6.880019530e+01 +6.880019530e+01 +2.294401953e+02 +2.294401953e+02 -2.9447e+00 -1.8916e+00 -5.7964e+00 +1.8779e+00 -6.9742e+00 -2.6431e+00 -4.7391e+00 +9.2961e-01 +1.2908e+01 -6.1290e+00
60 +6.743239417e+01 +6.743239417e+01 +2.280723942e+02 +2.280723942e+02 -7.3948e-01 -1.8318e+00 -5.8687e+00 +4.7911e-01 -5.5161e+00 -1.6228e+00 -4.9335e+00 +1.3131e-02 +1.0004e+01 -4.9369e+00
65 +6.605483085e+01 +6.605483085e+01 +2.266948308e+02 +2.266948308e+02 +8.4619e-01 -2.3515e+00 -5.6724e+00 -7.6982e-01 -5.8567e+00 -3.6857e+00 -5.7959e+00 +7.4226e-01 +1.1084e+01 -4.9172e+00
75 +6.046418873e+01 +6.046418873e+01 +2.211041887e+02 +2.211041887e+02 +1.9659e+00 -1.3182e+00 -5.5437e+00 +8.8851e-01 -5.8977e+00 -4.3865e+00 -4.6623e+00 +2.0587e-01 +1.0944e+01 -4.4569e+00
80 +5.776863155e+01 +5.776863155e+01 +2.184086316e+02 +2.184086316e+02 +8.6930e-01 -2.2548e+00 -5.7465e+00 -5.4351e-01 -6.2460e+00 -4.6908e+00 -7.5283e+00 +2.0678e-01 +1.3512e+01 -6.1213e+00
88 +5.394483768e+01 +5.394483768e+01 +2.145848377e+02 +2.145848377e+02 +4.9592e-01 -2.3531e+00 -7.4946e+00 -4.4077e-01 -8.6097e+00 -5.3839e+00 -8.8843e+00 -2.9227e-01 +1.6739e+01 -8.0842e+00
92 +5.180718289e+01 +5.180718289e+01 +2.124471829e+02 +2.124471829e+02 +5.2811e-01 -2.8823e+00 -1.0091e+01 -6.0259e-01 -1.0638e+01 -6.9003e+00 -1.0085e+01 -8.1566e-01 +1.8367e+01 -8.9081e+00
93 +4.973245465e+01 +4.973245465e+01 +2.103724546e+02 +2.103724546e+02 -4.2768e-01 -2.5060e+00 -9.2807e+00 -2.8475e-01 -1.1309e+01 -7.4246e+00 -1.1151e+01 -1.1259e+00 +1.9266e+01 -1.0351e+01
103 +4.571398591e+01 +4.571398591e+01 +2.063539859e+02 +2.063539859e+02 -3.2410e-01 -1.6520e+00 -9.4215e+00 +1.2877e-02 -1.0261e+01 -6.0104e+00 -9.2137e+00 -1.4880e+00 +1.6486e+01 -9.1896e+00
108 +4.120699525e+01 +4.120699525e+01 +2.018469953e+02 +2.018469953e+02 -5.1993e-01 -3.2483e+00 -1.1595e+01 -6.9657e-01 -1.5819e+01 -1.1496e+01 -1.4925e+01 -2.8713e+00 +2.4705e+01 -1.2582e+01
113 +2.945026695e+01 +2.945026695e+01 +1.900902670e+02 +1.900902670e+02 +1.2119e-02 -3.4859e+00 -1.1596e+01 -1.2673e+00 -1.5160e+01 -9.4346e+00 -1.5179e+01 -5.1008e+00 +2.2720e+01 -1.1477e+01
124 +2.789357185e+01 +2.789357185e+01 +1.885335718e+02 +1.885335718e+02 +7.0345e-01 -3.2822e+00 -1.1565e+01 -9.8772e-01 -1.5719e+01 -1.1359e+01 -1.6125e+01 -6.4224e+00 +2.1980e+01 -1.2668e+01
127 +2.640060024e+01 +2.640060024e+01 +1.870406002e+02 +1.870406002e+02 -1.0923e+00 -3.5526e+00 -1.2095e+01 +7.0087e-01 -1.8189e+01 -1.0694e+01 -1.7085e+01 -5.8446e+00 +2.4457e+01 -1.2346e+01
132 +2.499472312e+01 +2.499472312e+01 +1.856347231e+02 +1.856347231e+02 +5.8190e-02 -4.5962e+00 -1.5579e+01 +1.4450e+00 -2.4440e+01 -1.4455e+01 -2.3451e+01 -7.5968e+00 +3.1430e+01 -1.5364e+01
137 +2.447502463e+01 +2.447502463e+01 +1.851150246e+02 +1.851150246e+02 -1.7306e+00 -2.6036e+00 -1.0250e+01 +1.9410e+00 -1.8454e+01 -1.0070e+01 -1.7263e+01 -4.7776e+00 +2.1882e+01 -1.0980e+01
140 +2.157938958e+01 +2.157938958e+01 +1.822193896e+02 +1.822193896e+02 +1.1641e+00 -4.4292e+00 -1.2406e+01 +2.4169e+00 -2.1514e+01 -1.2067e+01 -1.9365e+01 -7.1780e+00 +2.7896e+01 -1.1669e+01
146 +2.086399012e+01 +2.086399012e+01 +1.815039901e+02 +1.815039901e+02 +8.6683e-02 -5.0776e+00 -1.5011e+01 +3.6377e+00 -2.6909e+01 -1.4554e+01 -2.4722e+01 -8.2530e+00 +3.0667e+01 -1.2819e+01
149 +2.016266664e+01 +2.016266664e+01 +1.808026666e+02 +1.808026666e+02 +8.2848e-01 -4.7011e+00 -1.4317e+01 +3.3932e+00 -2.6142e+01 -1.4248e+01 -2.3477e+01 -8.3719e+00 +3.0359e+01 -1.3083e+01
160 +1.431596734e+01 +1.431596734e+01 +1.749559673e+02 +1.749559673e+02 +1.9148e+00 -3.6956e+00 -1.1759e+01 +6.0788e+00 -1.8975e+01 -1.2449e+01 -1.6118e+01 -5.0837e+00 +2.2155e+01 -1.0890e+01
170 +1.370293219e+01 +1.370293219e+01 +1.743429322e+02 +1.743429322e+02 +2.3625e+00 -3.5676e+00 -1.0095e+01 +7.3403e+00 -1.9284e+01 -1.3240e+01 -1.4244e+01 -5.2578e+00 +1.9612e+01 -9.0750e+00
172 +1.046503694e+01 +1.046503694e+01 +1.711050369e+02 +1.711050369e+02 +5.0780e+00 -3.1027e+00 -1.1462e+01 +9.5291e+00 -2.4899e+01 -1.7259e+01 -1.6846e+01 -5.2265e+00 +2.4502e+01 -1.3674e+01
188 +9.995440831e+00 +9.995440831e+00 +1.706354408e+02 +1.706354408e+02 +3.7803e+00 -1.1240e+00 -6.6475e+00 +7.4424e+00 -2.2668e+01 -1.0718e+01 -1.3496e+01 -4.8555e+00 +2.1889e+01 -1.0967e+01
195 +6.445185839e+00 +6.445185839e+00 +1.670851858e+02 +1.670851858e+02 +4.9284e+00 +6.5175e-02 -8.5065e+00 +6.6725e+00 -2.4119e+01 -1.2399e+01 -1.5221e+01 -7.0314e+00 +2.1113e+01 -1.0173e+01
202 +4.202199134e+00 +4.202199134e+00 +1.648421991e+02 +1.648421991e+02 +9.3156e+00 +1.7464e+00 -7.5854e+00 +6.3734e+00 -2.6682e+01 -1.7367e+01 -1.6994e+01 -1.2670e+01 +2.6093e+01 -1.0047e+01
212 +2.769363892e+00 +2.769363892e+00 +1.634093639e+02 +1.634093639e+02 +9.3728e+00 +2.8558e+00 -6.9991e+00 +7.1456e+00 -2.7921e+01 -1.7485e+01 -1.5077e+01 -1.4028e+01 +2.3863e+01 -9.7061e+00
214 +2.355082499e+00 +2.355082499e+00 +1.629950825e+02 +1.629950825e+02 +1.5021e+01 +3.1765e+00 -9.7599e+00 +1.0020e+01 -3.9067e+01 -2.2636e+01 -2.3206e+01 -1.8607e+01 +3.4848e+01 -1.3260e+01
218 +2.480844535e-01 +2.480844535e-01 +1.608880845e+02 +1.608880845e+02 +5.5643e+00 +4.8079e+00 -9.2170e+00 +7.5322e+00 -3.1487e+01 -1.3522e+01 -1.7483e+01 -1.0364e+01 +2.7042e+01 -9.5232e+00
234 +0.000000000e+00 +0.000000000e+00 +1.606400000e+02 +1.606400000e+02 +5.5105e+00 +6.7356e+00 -1.1592e+01 +1.5490e+01 -3.6794e+01 -1.4320e+01 -1.7645e+01 -6.9581e+00 +2.9115e+01 -1.3205e+01
% function evaluation | noise-free fitness - Fopt (-1.003600000000e+02) | best noise-free fitness - Fopt | measured fitness | best measured fitness | x1 | x2...
1 +2.043476306e+02 +2.043476306e+02 +1.039876306e+02 +1.039876306e+02 +0.0000e+00 +0.0000e+00 +0.0000e+00 +0.0000e+00 +0.0000e+00 +0.0000e+00 +0.0000e+00 +0.0000e+00 +0.0000e+00 +0.0000e+00
4 +1.788646421e+02 +1.788646421e+02 +7.850464212e+01 +7.850464212e+01 +9.4740e-01 +2.6519e-01 -1.4408e-01 -3.6169e-01 +1.5752e+00 +3.2495e-01 +1.7644e+00 -1.1398e+00 +1.0259e+00 -6.4841e-01
9 +1.690189675e+02 +1.690189675e+02 +6.865896750e+01 +6.865896750e+01 +5.8072e-01 +3.4871e-01 +1.7550e+00 +4.7640e-02 +6.9395e-01 +7.5076e-01 +1.0228e+00 -1.5799e+00 +1.4343e+00 -7.4439e-01
18 +1.559929142e+02 +1.559929142e+02 +5.563291416e+01 +5.563291416e+01 -1.0101e+00 +1.0957e+00 +1.5381e+00 -4.8947e-01 +4.4566e-01 +1.1536e+00 +1.2294e+00 -3.2116e+00 +1.7357e+00 -3.8353e-01
19 +1.430490270e+02 +1.430490270e+02 +4.268902702e+01 +4.268902702e+01 +1.7739e+00 +1.2375e+00 +1.5672e+00 +1.0310e+00 +8.1548e-01 +4.4955e-01 +2.4079e+00 -2.0976e+00 +1.9927e+00 -2.5751e+00
23 +1.242143258e+02 +1.242143258e+02 +2.385432578e+01 +2.385432578e+01 +2.8535e+00 +1.0427e+00 +2.0267e+00 +1.8861e+00 +8.1890e-01 +1.5401e+00 +2.8130e+00 -2.6963e+00 +3.9858e+00 -2.1679e+00
29 +1.026352424e+02 +1.026352424e+02 +2.275242413e+00 +2.275242413e+00 +3.5834e+00 +1.2389e+00 +1.4305e+00 +7.9654e-01 -1.0680e+00 +4.8579e-01 +1.2177e+00 -4.0438e+00 +2.7916e+00 -5.2473e+00
34 +1.003813881e+02 +1.003813881e+02 +2.138809330e-02 +2.138809330e-02 +2.3145e+00 +2.7421e+00 +3.1816e+00 +1.4102e+00 -6.5147e-01 +1.4027e+00 +1.1576e+00 -4.0783e+00 +2.6964e+00 -5.1134e+00
35 +8.249914331e+01 +8.249914331e+01 -1.786085669e+01 -1.786085669e+01 +4.1764e+00 +7.2787e-01 -3.1741e-01 +7.2275e-01 -2.5566e+00 +5.1093e-01 +2.3665e+00 -3.6981e+00 +4.7719e+00 -6.0374e+00
46 +7.633804460e+01 +7.633804460e+01 -2.402195540e+01 -2.402195540e+01 +4.9563e+00 +6.8113e-01 +5.3600e-01 -4.2668e-01 -2.3338e+00 +7.8952e-01 +3.9424e+00 -3.4704e+00 +4.3392e+00 -9.2455e+00
56 +6.625777451e+01 +6.625777451e+01 -3.410222549e+01 -3.410222549e+01 +5.0874e+00 +4.0518e-01 +1.6904e+00 -7.5222e-02 -1.3819e+00 +4.2322e-01 +5.5520e+00 -3.9086e+00 +5.4962e+00 -8.2155e+00
68 +6.061604514e+01 +6.061604514e+01 -3.974395486e+01 -3.974395486e+01 +4.8038e+00 +7.4634e-01 +2.1410e+00 -1.4168e-01 -4.6419e-01 +9.3886e-01 +5.8063e+00 -4.8504e+00 +4.9946e+00 -9.1456e+00
72 +5.317628250e+01 +5.317628250e+01 -4.718371750e+01 -4.718371750e+01 +4.5579e+00 -2.1141e-02 +2.9574e-01 -6.1105e-01 -1.1155e+00 +2.4745e+00 +5.5653e+00 -5.7260e+00 +5.3213e+00 -7.5993e+00
84 +5.037334943e+01 +5.037334943e+01 -4.998665057e+01 -4.998665057e+01 +5.7707e+00 +3.6600e-01 -3.0204e-02 -1.2943e+00 -1.9152e-01 +4.1881e+00 +8.7516e+00 -8.3507e+00 +7.0208e+00 -9.8057e+00
86 +4.699089382e+01 +4.699089382e+01 -5.336910618e+01 -5.336910618e+01 +3.6524e+00 -4.4816e-01 +4.2533e-01 -1.1127e+00 -2.6963e+00 +2.8480e+00 +6.7063e+00 -5.3275e+00 +4.7017e+00 -8.7632e+00
92 +3.560074983e+01 +3.560074983e+01 -6.475925017e+01 -6.475925017e+01 +1.2740e+00 -3.1357e+00 +1.1957e+00 -1.5710e+00 -3.4874e+00 +4.1903e+00 +7.8415e+00 -6.0592e+00 +4.2165e+00 -8.0337e+00
103 +3.173399053e+01 +3.173399053e+01 -6.862600947e+01 -6.862600947e+01 +8.0702e-01 -4.1887e+00 -2.7428e-01 +9.3203e-02 -3.1643e+00 +5.0855e+00 +8.2637e+00 -5.4836e+00 +5.6031e+00 -6.9156e+00
120 +3.144397064e+01 +3.144397064e+01 -6.891602936e+01 -6.891602936e+01 -2.7857e-01 -5.5689e+00 -2.0571e+00 +9.5899e-01 -4.2409e+00 +5.2818e+00 +1.0501e+01 -5.3514e+00 +7.3291e+00 -5.5459e+00
128 +3.075091373e+01 +3.075091373e+01 -6.960908627e+01 -6.960908627e+01 -7.6419e-01 -5.5271e+00 -7.0505e-01 -1.0858e+00 -5.2530e+00 +2.6166e+00 +7.2785e+00 -5.4106e+00 +9.5172e+00 -5.5572e+00
136 +2.599689441e+01 +2.599689441e+01 -7.436310559e+01 -7.436310559e+01 -9.7790e-01 -8.3001e+00 +1.1912e+00 -3.0225e+00 -4.6667e+00 +2.0968e+00 +6.4915e+00 -6.4045e+00 +1.3392e+01 -7.7041e+00
144 +2.444612785e+01 +2.444612785e+01 -7.591387215e+01 -7.591387215e+01 +1.5246e-01 -7.6396e+00 +3.0856e+00 -3.4317e+00 -6.1996e+00 +1.4602e+00 +6.4176e+00 -7.6181e+00 +1.5486e+01 -7.0429e+00
149 +1.786678746e+01 +1.786678746e+01 -8.249321254e+01 -8.249321254e+01 -1.3063e+00 -8.4482e+00 +3.3537e+00 -4.0168e+00 -4.1222e+00 +3.0895e+00 +7.7275e+00 -6.1435e+00 +1.2819e+01 -1.0540e+01
150 +1.593329231e+01 +1.593329231e+01 -8.442670769e+01 -8.442670769e+01 +1.4609e+00 -7.1427e+00 +4.3173e-01 -4.9799e+00 -4.4531e+00 +4.9202e+00 +8.4533e+00 -7.1758e+00 +1.3726e+01 -6.8361e+00
153 +1.365283147e+01 +1.365283147e+01 -8.670716853e+01 -8.670716853e+01 +1.6442e+00 -6.2339e+00 +7.9844e-01 -6.5394e+00 -6.0844e+00 +6.0895e+00 +7.4575e+00 -5.9905e+00 +1.4884e+01 -7.4427e+00
159 +8.692479609e+00 +8.692479609e+00 -9.166752039e+01 -9.166752039e+01 -6.8635e-01 -5.5648e+00 +2.4875e+00 -6.6961e+00 -4.9325e+00 +6.6701e+00 +7.1692e+00 -9.1145e+00 +1.5722e+01 -8.2980e+00
163 +8.357719374e+00 +8.357719374e+00 -9.200228063e+01 -9.200228063e+01 -2.3266e+00 -4.2004e+00 +2.8180e+00 -4.5304e+00 -5.2603e+00 +1.0027e+01 +6.5993e+00 -1.3004e+01 +1.5639e+01 -7.6827e+00
165 +7.812492250e+00 +7.812492250e+00 -9.254750775e+01 -9.254750775e+01 +1.4950e+00 -4.3864e+00 +4.6853e+00 -5.4716e+00 -5.3486e+00 +7.1608e+00 +9.4495e+00 -9.1983e+00 +1.4165e+01 -9.6786e+00
178 +6.673904408e+00 +6.673904408e+00 -9.368609559e+01 -9.368609559e+01 +1.8916e-01 -5.0644e+00 +4.1099e+00 -7.6413e+00 -5.0935e+00 +1.0366e+01 +7.8036e+00 -7.4935e+00 +1.5462e+01 -1.2585e+01
191 +4.733252839e+00 +4.733252839e+00 -9.562674716e+01 -9.562674716e+01 -3.1631e+00 -5.2313e+00 +5.6002e+00 -5.4501e+00 -3.9591e+00 +1.2734e+01 +7.4179e+00 -7.7571e+00 +1.6543e+01 -1.3869e+01
192 +3.078682120e+00 +3.078682120e+00 -9.728131788e+01 -9.728131788e+01 -3.4832e+00 -4.7622e+00 +6.8897e+00 -4.4176e+00 -6.8237e+00 +9.6429e+00 +7.6356e+00 -5.1110e+00 +1.8016e+01 -1.1820e+01
202 +2.519647549e+00 +2.519647549e+00 -9.784035245e+01 -9.784035245e+01 -3.9974e+00 -3.8254e+00 +6.5486e+00 -5.1847e+00 -6.0419e+00 +1.0337e+01 +8.0179e+00 -5.4279e+00 +1.6598e+01 -1.2224e+01
210 +2.091940358e+00 +2.091940358e+00 -9.826805964e+01 -9.826805964e+01 -3.4011e+00 -4.6804e+00 +6.8735e+00 -4.9627e+00 -7.2115e+00 +8.8338e+00 +1.0504e+01 -7.5302e+00 +1.8542e+01 -7.9561e+00
212 +5.266210367e-01 +5.266210367e-01 -9.983337896e+01 -9.983337896e+01 -5.5104e+00 -4.5923e+00 +7.5565e+00 -6.0017e+00 -9.4396e+00 +8.8154e+00 +1.2439e+01 -7.0927e+00 +1.7368e+01 -9.4388e+00
225 +3.437143337e-01 +3.437143337e-01 -1.000162857e+02 -1.000162857e+02 -8.3966e+00 -4.7339e+00 +9.3479e+00 -6.6294e+00 -7.5907e+00 +8.5354e+00 +1.1431e+01 -7.0422e+00 +2.0455e+01 -7.9159e+00
228 +0.000000000e+00 +0.000000000e+00 -1.003600000e+02 -1.003600000e+02 -8.4205e+00 -5.4234e+00 +8.1366e+00 -6.0998e+00 -8.6179e+00 +9.0928e+00 +1.1455e+01 -5.0184e+00 +1.7638e+01 -8.1699e+00
