% function evaluation | noise-free fitness - Fopt (-9.210000000000e+00) | best noise-free fitness - Fopt | measured fitness | best measured fitness | x1 | x2...
1 +5.500000000e+01 +5.500000000e+01 +4.579000000e+01 +4.579000000e+01 +0.0000e+00 +0.0000e+00
2 +4.914592463e+01 +4.914592463e+01 +3.993592463e+01 +3.993592463e+01 -7.8221e-01 +6.6363e-01
5 +4.794639218e+01 +4.794639218e+01 +3.873639218e+01 +3.873639218e+01 -1.9285e-01 +7.2465e-01
7 +4.637351115e+01 +4.637351115e+01 +3.716351115e+01 +3.716351115e+01 -4.5531e-01 +9.0818e-01
12 +3.749770459e+01 +3.749770459e+01 +2.828770459e+01 +2.828770459e+01 -1.6700e+00 +1.9172e+00
22 +3.560614535e+01 +3.560614535e+01 +2.639614535e+01 +2.639614535e+01 -1.8821e+00 +2.1276e+00
23 +3.217729104e+01 +3.217729104e+01 +2.296729104e+01 +2.296729104e+01 -2.0918e+00 +2.4915e+00
33 +2.792821174e+01 +2.792821174e+01 +1.871821174e+01 +1.871821174e+01 -2.2289e+00 +2.9301e+00
35 +2.344800724e+01 +2.344800724e+01 +1.423800724e+01 +1.423800724e+01 -2.9316e+00 +3.4484e+00
44 +1.146490128e+01 +1.146490128e+01 +2.254901285e+00 +2.254901285e+00 -3.7485e+00 +4.7284e+00
51 +1.104024950e+01 +1.104024950e+01 +1.830249498e+00 +1.830249498e+00 -4.6858e+00 +4.8646e+00
52 +1.029058752e+01 +1.029058752e+01 +1.080587519e+00 +1.080587519e+00 -5.2906e+00 +5.9221e+00
58 +1.018615319e+01 +1.018615319e+01 +9.761531870e-01 +9.761531870e-01 -5.1862e+00 +5.4637e+00
61 +8.959559392e+00 +8.959559392e+00 -2.504406083e-01 -2.504406083e-01 -3.8537e+00 +4.9894e+00
68 +8.566151706e+00 +8.566151706e+00 -6.438482941e-01 -6.438482941e-01 -3.5662e+00 +5.0870e+00
74 +7.999686880e+00 +7.999686880e+00 -1.210313120e+00 -1.210313120e+00 -2.9997e+00 +7.2108e+00
77 +7.724117209e+00 +7.724117209e+00 -1.485882791e+00 -1.485882791e+00 -2.7241e+00 +6.1999e+00
83 +6.780595399e+00 +6.780595399e+00 -2.429404601e+00 -2.429404601e+00 -1.7806e+00 +8.4923e+00
84 +6.127746502e+00 +6.127746502e+00 -3.082253498e+00 -3.082253498e+00 -1.1277e+00 +5.6275e+00
92 +5.780676842e+00 +5.780676842e+00 -3.429323158e+00 -3.429323158e+00 -7.8068e-01 +5.0997e+00
95 +5.665854931e+00 +5.665854931e+00 -3.544145069e+00 -3.544145069e+00 -6.6585e-01 +9.0430e+00
97 +3.728079875e+00 +3.728079875e+00 -5.481920125e+00 -5.481920125e+00 +1.2719e+00 +6.9865e+00
106 +3.715328668e+00 +3.715328668e+00 -5.494671332e+00 -5.494671332e+00 +1.2847e+00 +7.1704e+00
107 +3.370170152e-01 +3.370170152e-01 -8.872982985e+00 -8.872982985e+00 +5.2474e+00 +4.9663e+00
120 +0.000000000e+00 +0.000000000e+00 -9.210000000e+00 -9.210000000e+00 +7.6633e+00 +8.6361e+00
% function evaluation | noise-free fitness - Fopt (6.559900000000e+02) | best noise-free fitness - Fopt | measured fitness | best measured fitness | x1 | x2...
1 +5.500000000e+01 +5.500000000e+01 +7.109900000e+02 +7.109900000e+02 +0.0000e+00 +0.0000e+00
10 +4.193677610e+01 +4.193677610e+01 +6.979267761e+02 +6.979267761e+02 +7.0305e-01 -1.2360e+00
13 +3.949994099e+01 +3.949994099e+01 +6.954899410e+02 +6.954899410e+02 +5.4593e-01 -1.4954e+00
17 +3.778730304e+01 +3.778730304e+01 +6.937773030e+02 +6.937773030e+02 +1.7719e+00 -1.5441e+00
19 +3.545863218e+01 +3.545863218e+01 +6.914486322e+02 +6.914486322e+02 +4.5078e-01 -1.9091e+00
22 +3.063762232e+01 +3.063762232e+01 +6.866276223e+02 +6.866276223e+02 +3.0991e-01 -2.4052e+00
26 +2.991759999e+01 +2.991759999e+01 +6.859076000e+02 +6.859076000e+02 +4.4033e-01 -2.4642e+00
29 +1.944152501e+01 +1.944152501e+01 +6.754315250e+02 +6.754315250e+02 +2.5932e-01 -3.5299e+00
34 +3.490129529e+00 +3.490129529e+00 +6.594801295e+02 +6.594801295e+02 +1.5099e+00 -5.9192e+00
48 +0.000000000e+00 +0.000000000e+00 +6.559900000e+02 +6.559900000e+02 +5.0130e+00 -1.0833e+01
% function evaluation | noise-free fitness - Fopt (6.671000000000e+01) | best noise-free fitness - Fopt | measured fitness | best measured fitness | x1 | x2...
1 +5.500000000e+01 +5.500000000e+01 +1.217100000e+02 +1.217100000e+02 +0.0000e+00 +0.0000e+00
4 +3.856113854e+01 +3.856113854e+01 +1.052711385e+02 +1.052711385e+02 +1.9584e-01 -1.6635e+00
12 +2.182913105e+01 +2.182913105e+01 +8.853913105e+01 +8.853913105e+01 -4.7416e-01 -3.2697e+00
13 +1.132509219e+01 +1.132509219e+01 +7.803509219e+01 +7.803509219e+01 -1.5184e+00 -4.2157e+00
24 +9.270484997e+00 +9.270484997e+00 +7.598048500e+01 +7.598048500e+01 -3.3660e+00 -4.2364e+00
28 +7.922771707e+00 +7.922771707e+00 +7.463277171e+01 +7.463277171e+01 +2.9228e+00 -6.4609e+00
29 +6.184802255e+00 +6.184802255e+00 +7.289480225e+01 +7.289480225e+01 -1.0280e+00 -4.7787e+00
35 +2.750971328e+00 +2.750971328e+00 +6.946097133e+01 +6.946097133e+01 -2.2490e+00 -5.1425e+00
44 +6.553113931e-01 +6.553113931e-01 +6.736531139e+01 +6.736531139e+01 -4.3447e+00 -7.9708e+00
53 +0.000000000e+00 +0.000000000e+00 +6.671000000e+01 +6.671000000e+01 -5.4600e+00 -1.1912e+01
% function evaluation | noise-free fitness - Fopt (9.416700000000e+02) | best noise-free fitness - Fopt | measured fitness | best measured fitness | x1 | x2...
1 +5.500000000e+01 +5.500000000e+01 +9.966700000e+02 +9.966700000e+02 +0.0000e+00 +0.0000e+00
5 +4.695690047e+01 +4.695690047e+01 +9.886269005e+02 +9.886269005e+02 -3.0593e-01 -7.7372e-01
7 +4.072236671e+01 +4.072236671e+01 +9.823923667e+02 +9.823923667e+02 +9.6635e-01 -1.5244e+00
16 +2.732143071e+01 +2.732143071e+01 +9.689914307e+02 +9.689914307e+02 -5.8484e-03 -2.7673e+00
21 +1.594348421e+01 +1.594348421e+01 +9.576134842e+02 +9.576134842e+02 +6.9012e-01 -3.9747e+00
24 +5.427352499e+00 +5.427352499e+00 +9.470973525e+02 +9.470973525e+02 +4.2735e-01 -6.6089e+00
30 +2.711387395e+00 +2.711387395e+00 +9.443813874e+02 +9.443813874e+02 -2.2886e+00 -5.2209e+00
34 +0.000000000e+00 +0.000000000e+00 +9.416700000e+02 +9.416700000e+02 -6.4833e+00 -8.1959e+00
% function evaluation | noise-free fitness - Fopt (-3.745000000000e+01) | best noise-free fitness - Fopt | measured fitness | best measured fitness | x1 | x2...
1 +5.500000000e+01 +5.500000000e+01 +1.755000000e+01 +1.755000000e+01 +0.0000e+00 +0.0000e+00
2 +4.165927039e+01 +4.165927039e+01 +4.209270389e+00 +4.209270389e+00 +4.1841e-01 +1.2922e+00
12 +3.294084506e+01 +3.294084506e+01 -4.509154945e+00 -4.509154945e+00 -4.3252e-01 +2.2492e+00
17 +3.150844792e+01 +3.150844792e+01 -5.941552077e+00 -5.941552077e+00 +6.2568e-01 +2.2866e+00
24 +4.053464570e+00 +4.053464570e+00 -3.339653543e+01 -3.339653543e+01 +9.4654e-01 +5.3414e+00
32 +2.160685989e+00 +2.160685989e+00 -3.528931401e+01 -3.528931401e+01 +2.8393e+00 +5.3720e+00
43 +0.000000000e+00 +0.000000000e+00 -3.745000000e+01 -3.745000000e+01 +5.7398e+00 +6.7529e+00
% function evaluation | noise-free fitness - Fopt (2.134000000000e+01) | best noise-free fitness - Fopt | measured fitness | best measured fitness | x1 | x2...
1 +5.500000000e+01 +5.500000000e+01 +7.634000000e+01 +7.634000000e+01 +0.0000e+00 +0.0000e+00
2 +3.678075245e+01 +3.678075245e+01 +5.812075245e+01 +5.812075245e+01 +3.0850e-02 +1.8250e+00
12 +1.815734578e+01 +1.815734578e+01 +3.949734578e+01 +3.949734578e+01 +1.3707e+00 +3.8213e+00
14 +6.353973821e+00 +6.353973821e+00 +2.769397382e+01 +2.769397382e+01 +1.3540e+00 +5.3163e+00
22 +5.566497799e+00 +5.566497799e+00 +2.690649780e+01 +2.690649780e+01 +5.6650e-01 +7.3363e+00
28 +2.825421777e+00 +2.825421777e+00 +2.416542178e+01 +2.416542178e+01 -2.1746e+00 +7.6479e+00
32 +0.000000000e+00 +0.000000000e+00 +2.134000000e+01 +2.134000000e+01 -5.9958e+00 +9.5290e+00
% function evaluation | noise-free fitness - Fopt (2.284000000000e+01) | best noise-free fitness - Fopt | measured fitness | best measured fitness | x1 | x2...
1 +5.500000000e+01 +5.500000000e+01 +7.784000000e+01 +7.784000000e+01 +0.0000e+00 +0.0000e+00
2 +5.000998914e+01 +5.000998914e+01 +7.284998914e+01 +7.284998914e+01 +4.2646e-01 +5.4165e-01
3 +4.677516036e+01 +4.677516036e+01 +6.961516036e+01 +6.961516036e+01 +3.8582e-01 +8.6107e-01
8 +3.811146778e+01 +3.811146778e+01 +6.095146778e+01 +6.095146778e+01 -4.8924e-01 +1.6399e+00
12 +2.307559277e+01 +2.307559277e+01 +4.591559277e+01 +4.591559277e+01 +1.4723e-01 +3.2072e+00
24 +1.190758362e+01 +1.190758362e+01 +3.474758362e+01 +3.474758362e+01 -1.2983e+00 +4.1794e+00
25 +5.207724403e+00 +5.207724403e+00 +2.804772440e+01 +2.804772440e+01 +2.0772e-01 +8.6689e+00
35 +4.832020580e+00 +4.832020580e+00 +2.767202058e+01 +2.767202058e+01 -3.0607e+00 +4.7107e+00
40 +7.486589486e-01 +7.486589486e-01 +2.358865895e+01 +2.358865895e+01 -4.2513e+00 +7.8399e+00
42 +0.000000000e+00 +0.000000000e+00 +2.284000000e+01 +2.284000000e+01 -6.9188e+00 +6.8185e+00
% function evaluation | noise-free fitness - Fopt (-1.038100000000e+02) | best noise-free fitness - Fopt | measured fitness | best measured fitness | x1 | x2...
1 +5.500000000e+01 +5.500000000e+01 -4.881000000e+01 -4.881000000e+01 +0.0000e+00 +0.0000e+00
2 +4.881267637e+01 +4.881267637e+01 -5.499732363e+01 -5.499732363e+01 -6.7160e-01 +6.8589e-01
7 +4.733182630e+01 +4.733182630e+01 -5.647817370e+01 -5.647817370e+01 +2.2991e-01 +7.4383e-01
8 +4.601964326e+01 +4.601964326e+01 -5.779035674e+01 -5.779035674e+01 +4.6481e-01 +8.5155e-01
12 +4.404752744e+01 +4.404752744e+01 -5.976247256e+01 -5.976247256e+01 +1.0793e+00 +9.8732e-01
15 +4.342101543e+01 +4.342101543e+01 -6.038898457e+01 -6.038898457e+01 +9.5597e-01 +1.0623e+00
16 +3.951577577e+01 +3.951577577e+01 -6.429422423e+01 -6.429422423e+01 +1.6611e+00 +1.3823e+00
24 +3.559937629e+01 +3.559937629e+01 -6.821062371e+01 -6.821062371e+01 +1.2612e+00 +1.8139e+00
25 +2.440448778e+01 +2.440448778e+01 -7.940551222e+01 -7.940551222e+01 +7.2839e-01 +2.9867e+00
32 +4.740447885e+00 +4.740447885e+00 -9.906955211e+01 -9.906955211e+01 +2.5955e-01 +5.1031e+00
37 +3.332541653e+00 +3.332541653e+00 -1.004774583e+02 -1.004774583e+02 +1.6675e+00 +5.5095e+00
43 +4.385156979e-01 +4.385156979e-01 -1.033714843e+02 -1.033714843e+02 +4.5615e+00 +7.7603e+00
44 +0.000000000e+00 +0.000000000e+00 -1.038100000e+02 -1.038100000e+02 +5.3321e+00 +9.6615e+00
% function evaluation | noise-free fitness - Fopt (1.237000000000e+01) | best noise-free fitness - Fopt | measured fitness | best measured fitness | x1 | x2...
1 +5.500000000e+01 +5.500000000e+01 +6.737000000e+01 +6.737000000e+01 +0.0000e+00 +0.0000e+00
4 +5.288576473e+01 +5.288576473e+01 +6.525576473e+01 +6.525576473e+01 -2.9028e-01 -2.4045e-01
5 +5.138021891e+01 +5.138021891e+01 +6.375021891e+01 +6.375021891e+01 -1.0125e+00 -4.6323e-01
7 +4.584835073e+01 +4.584835073e+01 +5.821835073e+01 +5.821835073e+01 +2.1439e+00 -7.0077e-01
12 +4.263100868e+01 +4.263100868e+01 +5.500100868e+01 +5.500100868e+01 -6.6713e-01 -1.3036e+00
13 +2.861198424e+01 +2.861198424e+01 +4.098198424e+01 +4.098198424e+01 +1.8092e+00 -2.4579e+00
14 +1.308934004e+01 +1.308934004e+01 +2.545934004e+01 +2.545934004e+01 +3.8561e+00 -3.8055e+00
23 +0.000000000e+00 +0.000000000e+00 +1.237000000e+01 +1.237000000e+01 +5.1097e+00 -5.9539e+00
% function evaluation | noise-free fitness - Fopt (6.580000000000e+00) | best noise-free fitness - Fopt | measured fitness | best measured fitness | x1 | x2...
1 +5.500000000e+01 +5.500000000e+01 +6.158000000e+01 +6.158000000e+01 +0.0000e+00 +0.0000e+00
6 +4.608894994e+01 +4.608894994e+01 +5.266894994e+01 +5.266894994e+01 +1.0793e+00 -9.9903e-01
13 +1.819011186e+01 +1.819011186e+01 +2.477011186e+01 +2.477011186e+01 -1.3204e+00 -3.5489e+00
18 +4.120464565e+00 +4.120464565e+00 +1.070046457e+01 +1.070046457e+01 -8.7954e-01 -5.6346e+00
22 +1.747591333e+00 +1.747591333e+00 +8.327591333e+00 +8.327591333e+00 -3.2524e+00 -6.3590e+00
31 +6.608383594e-01 +6.608383594e-01 +7.240838359e+00 +7.240838359e+00 -4.3392e+00 -1.0209e+01
32 +0.000000000e+00 +0.000000000e+00 +6.580000000e+00 +6.580000000e+00 -9.2786e+00 -7.8009e+00
% function evaluation | noise-free fitness - Fopt (5.178000000000e+01) | best noise-free fitness - Fopt | measured fitness | best measured fitness | x1 | x2...
1 +5.500000000e+01 +5.500000000e+01 +1.067800000e+02 +1.067800000e+02 +0.0000e+00 +0.0000e+00
5 +2.689357016e+01 +2.689357016e+01 +7.867357016e+01 +7.867357016e+01 +7.2992e-01 -2.7377e+00
12 +1.907750925e+01 +1.907750925e+01 +7.085750925e+01 +7.085750925e+01 +4.2208e+00 -3.1702e+00
13 +1.437422058e+01 +1.437422058e+01 +6.615422058e+01 +6.615422058e+01 +6.6512e-01 -3.9961e+00
16 +6.049058344e+00 +6.049058344e+00 +5.782905834e+01 +5.782905834e+01 -1.0491e+00 -5.8230e+00
18 +5.546209389e+00 +5.546209389e+00 +5.732620939e+01 +5.732620939e+01 -5.4621e-01 -7.0697e+00
23 +4.209211453e+00 +4.209211453e+00 +5.598921145e+01 +5.598921145e+01 +7.9079e-01 -6.8659e+00
27 +3.055363023e+00 +3.055363023e+00 +5.483536302e+01 +5.483536302e+01 +1.9446e+00 -1.3829e+01
34 +0.000000000e+00 +0.000000000e+00 +5.178000000e+01 +5.178000000e+01 +7.8183e+00 -2.0631e+01
% function evaluation | noise-free fitness - Fopt (-3.760300000000e+02) | best noise-free fitness - Fopt | measured fitness | best measured fitness | x1 | x2...
1 +5.500000000e+01 +5.500000000e+01 -3.210300000e+02 -3.210300000e+02 +0.0000e+00 +0.0000e+00
3 +4.485720768e+01 +4.485720768e+01 -3.311727923e+02 -3.311727923e+02 -6.0682e-01 +9.5360e-01
9 +3.770853168e+01 +3.770853168e+01 -3.383214683e+02 -3.383214683e+02 +1.0486e+00 +1.8340e+00
10 +3.514220123e+01 +3.514220123e+01 -3.408877988e+02 -3.408877988e+02 +1.4797e+00 +2.1337e+00
13 +8.767053401e+00 +8.767053401e+00 -3.672629466e+02 -3.672629466e+02 +3.7671e+00 +5.0237e+00
20 +8.126368208e+00 +8.126368208e+00 -3.679036318e+02 -3.679036318e+02 +3.1264e+00 +7.8522e+00
24 +6.407051105e+00 +6.407051105e+00 -3.696229489e+02 -3.696229489e+02 +1.4071e+00 +2.1069e+01
29 +3.032554761e+00 +3.032554761e+00 -3.729974452e+02 -3.729974452e+02 -1.9674e+00 +1.6799e+01
32 +0.000000000e+00 +0.000000000e+00 -3.760300000e+02 -3.760300000e+02 -1.8980e+01 +7.2352e+00
% function evaluation | noise-free fitness - Fopt (-7.182000000000e+01) | best noise-free fitness - Fopt | measured fitness | best measured fitness | x1 | x2...
1 +5.500000000e+01 +5.500000000e+01 -1.682000000e+01 -1.682000000e+01 +0.0000e+00 +0.0000e+00
2 +5.335940503e+01 +5.335940503e+01 -1.846059497e+01 -1.846059497e+01 +2.1677e-01 -1.8574e-01
5 +4.702669899e+01 +4.702669899e+01 -2.479330101e+01 -2.479330101e+01 -8.0932e-01 -7.1640e-01
12 +4.642464625e+01 +4.642464625e+01 -2.539535375e+01 -2.539535375e+01 -2.3347e+00 -6.2406e-01
14 +3.715191920e+01 +3.715191920e+01 -3.466808080e+01 -3.466808080e+01 -9.3863e-01 -1.6909e+00
15 +2.308529889e+01 +2.308529889e+01 -4.873470111e+01 -4.873470111e+01 -2.0583e+00 -2.9856e+00
23 +6.267482023e+00 +6.267482023e+00 -6.555251798e+01 -6.555251798e+01 -1.7069e-01 -4.8562e+00
28 +4.499102474e+00 +4.499102474e+00 -6.732089753e+01 -6.732089753e+01 -3.9791e+00 -4.6522e+00
30 +2.004038554e+00 +2.004038554e+00 -6.981596145e+01 -6.981596145e+01 -2.9960e+00 -5.2941e+00
34 +1.248932869e+00 +1.248932869e+00 -7.057106713e+01 -7.057106713e+01 -3.7511e+00 -9.2074e+00
36 +0.000000000e+00 +0.000000000e+00 -7.182000000e+01 -7.182000000e+01 -5.0314e+00 -6.2528e+00
% function evaluation | noise-free fitness - Fopt (1.606400000000e+02) | best noise-free fitness - Fopt | measured fitness | best measured fitness | x1 | x2...
1 +5.500000000e+01 +5.500000000e+01 +2.156400000e+02 +2.156400000e+02 +0.0000e+00 +0.0000e+00
2 +4.345191361e+01 +4.345191361e+01 +2.040919136e+02 +2.040919136e+02 +2.3376e-01 +1.1314e+00
12 +4.062264206e+01 +4.062264206e+01 +2.012626421e+02 +2.012626421e+02 +2.0157e+00 +1.2362e+00
13 +2.491651012e+01 +2.491651012e+01 +1.855565101e+02 +1.855565101e+02 -2.0164e-01 +3.0285e+00
22 +2.392192519e+01 +2.392192519e+01 +1.845619252e+02 +1.845619252e+02 -1.5625e+00 +3.2641e+00
23 +2.198111781e+01 +2.198111781e+01 +1.826211178e+02 +1.826211178e+02 -1.2912e+00 +3.4310e+00
25 +2.018994350e+01 +2.018994350e+01 +1.808299435e+02 +1.808299435e+02 +9.4986e-02 +3.4715e+00
28 +8.497482868e+00 +8.497482868e+00 +1.691374829e+02 +1.691374829e+02 -1.2361e+00 +4.7739e+00
32 +7.577536838e+00 +7.577536838e+00 +1.682175368e+02 +1.682175368e+02 -2.5775e+00 +5.4960e+00
33 +5.471187255e+00 +5.471187255e+00 +1.661111873e+02 +1.661111873e+02 -4.7119e-01 +5.0172e+00
39 +5.010413464e+00 +5.010413464e+00 +1.656504135e+02 +1.656504135e+02 -1.0413e-02 +5.3793e+00
49 +4.478321410e+00 +4.478321410e+00 +1.651183214e+02 +1.651183214e+02 +5.2168e-01 +7.3000e+00
52 +4.154214467e+00 +4.154214467e+00 +1.647942145e+02 +1.647942145e+02 +8.4579e-01 +8.2215e+00
59 +3.983739103e+00 +3.983739103e+00 +1.646237391e+02 +1.646237391e+02 +1.0163e+00 +9.8119e+00
64 +2.652577146e+00 +2.652577146e+00 +1.632925771e+02 +1.632925771e+02 +2.3474e+00 +1.2325e+01
73 +1.918937408e+00 +1.918937408e+00 +1.625589374e+02 +1.625589374e+02 +3.0811e+00 +1.6815e+01
79 +0.000000000e+00 +0.000000000e+00 +1.606400000e+02 +1.606400000e+02 +5.0345e+00 +1.0851e+01
% function evaluation | noise-free fitness - Fopt (-1.003600000000e+02) | best noise-free fitness - Fopt | measured fitness | best measured fitness | x1 | x2...
1 +5.500000000e+01 +5.500000000e+01 -4.536000000e+01 -4.536000000e+01 +0.0000e+00 +0.0000e+00
2 +4.677620685e+01 +4.677620685e+01 -5.358379315e+01 -5.358379315e+01 +5.7080e-01 -8.7946e-01
4 +4.650677701e+01 +4.650677701e+01 -5.385322299e+01 -5.385322299e+01 -1.1160e-01 -8.3816e-01
8 +3.967518020e+01 +3.967518020e+01 -6.068481980e+01 -6.068481980e+01 -1.7188e-01 -1.5153e+00
12 +3.204203430e+01 +3.204203430e+01 -6.831796570e+01 -6.831796570e+01 -1.1101e-02 -2.2947e+00
13 +3.157937864e+01 +3.157937864e+01 -6.878062136e+01 -6.878062136e+01 -2.9846e+00 -2.0436e+00
17 +2.401801431e+01 +2.401801431e+01 -7.634198569e+01 -7.634198569e+01 -3.1102e-01 -3.0671e+00
25 +4.474580564e+00 +4.474580564e+00 -9.588541944e+01 -9.588541944e+01 -5.2542e-01 -5.3387e+00
32 +4.116241750e+00 +4.116241750e+00 -9.624375825e+01 -9.624375825e+01 -8.8376e-01 -9.1223e+00
38 +3.783676097e+00 +3.783676097e+00 -9.657632390e+01 -9.657632390e+01 -1.2163e+00 -5.0220e+00
39 +3.472829438e+00 +3.472829438e+00 -9.688717056e+01 -9.688717056e+01 -1.5272e+00 -7.1562e+00
40 +3.151008593e+00 +3.151008593e+00 -9.720899141e+01 -9.720899141e+01 -1.8490e+00 -6.2913e+00
47 +2.571771447e+00 +2.571771447e+00 -9.778822855e+01 -9.778822855e+01 -2.4282e+00 -1.4399e+01
49 +3.310025940e-01 +3.310025940e-01 -1.000289974e+02 -1.000289974e+02 -4.6690e+00 -6.0135e+00
58 +0.000000000e+00 +0.000000000e+00 -1.003600000e+02 -1.003600000e+02 -7.8058e+00 -8.4004e+00
