% function evaluation | noise-free fitness - Fopt (1.026100000000e+02) | best noise-free fitness - Fopt | measured fitness | best measured fitness | x1 | x2...
1 +6.587741914e+02 +6.587741914e+02 +7.613841914e+02 +7.613841914e+02
453 +5.895984445e+02 +5.895984445e+02 +6.922084445e+02 +6.922084445e+02
636 +5.806537444e+02 +5.806537444e+02 +6.832637444e+02 +6.832637444e+02
781 +5.612615786e+02 +5.612615786e+02 +6.638715786e+02 +6.638715786e+02
3593 +5.312090650e+02 +5.312090650e+02 +6.338190650e+02 +6.338190650e+02
4901 +4.723620667e+02 +4.723620667e+02 +5.749720667e+02 +5.749720667e+02
5380 +4.662466561e+02 +4.662466561e+02 +5.688566561e+02 +5.688566561e+02
5497 +4.383017868e+02 +4.383017868e+02 +5.409117868e+02 +5.409117868e+02
5510 +4.263795927e+02 +4.263795927e+02 +5.289895927e+02 +5.289895927e+02
5514 +4.149519734e+02 +4.149519734e+02 +5.175619734e+02 +5.175619734e+02
5590 +4.055760446e+02 +4.055760446e+02 +5.081860446e+02 +5.081860446e+02
5631 +3.899556582e+02 +3.899556582e+02 +4.925656582e+02 +4.925656582e+02
5635 +3.884810258e+02 +3.884810258e+02 +4.910910258e+02 +4.910910258e+02
5651 +3.773692299e+02 +3.773692299e+02 +4.799792299e+02 +4.799792299e+02
5659 +3.690629497e+02 +3.690629497e+02 +4.716729497e+02 +4.716729497e+02
5719 +3.603113819e+02 +3.603113819e+02 +4.629213819e+02 +4.629213819e+02
5728 +3.497374864e+02 +3.497374864e+02 +4.523474864e+02 +4.523474864e+02
5733 +3.457151130e+02 +3.457151130e+02 +4.483251130e+02 +4.483251130e+02
5782 +3.330675778e+02 +3.330675778e+02 +4.356775778e+02 +4.356775778e+02
5806 +3.306367699e+02 +3.306367699e+02 +4.332467699e+02 +4.332467699e+02
5903 +3.210800987e+02 +3.210800987e+02 +4.236900987e+02 +4.236900987e+02
5933 +3.138295311e+02 +3.138295311e+02 +4.164395311e+02 +4.164395311e+02
6117 +3.076187722e+02 +3.076187722e+02 +4.102287722e+02 +4.102287722e+02
6256 +3.019417955e+02 +3.019417955e+02 +4.045517955e+02 +4.045517955e+02
6412 +2.949877523e+02 +2.949877523e+02 +3.975977523e+02 +3.975977523e+02
6618 +2.883672696e+02 +2.883672696e+02 +3.909772696e+02 +3.909772696e+02
6847 +2.817538223e+02 +2.817538223e+02 +3.843638223e+02 +3.843638223e+02
7085 +2.753194633e+02 +2.753194633e+02 +3.779294633e+02 +3.779294633e+02
7695 +2.690812984e+02 +2.690812984e+02 +3.716912984e+02 +3.716912984e+02
9094 +2.630155736e+02 +2.630155736e+02 +3.656255736e+02 +3.656255736e+02
% function evaluation | noise-free fitness - Fopt (9.330000000000e+01) | best noise-free fitness - Fopt | measured fitness | best measured fitness | x1 | x2...
1 +6.708457127e+02 +6.708457127e+02 +7.641457127e+02 +7.641457127e+02
294 +6.599901923e+02 +6.599901923e+02 +7.532901923e+02 +7.532901923e+02
299 +6.221167587e+02 +6.221167587e+02 +7.154167587e+02 +7.154167587e+02
328 +6.028492195e+02 +6.028492195e+02 +6.961492195e+02 +6.961492195e+02
338 +5.986583429e+02 +5.986583429e+02 +6.919583429e+02 +6.919583429e+02
344 +5.085466309e+02 +5.085466309e+02 +6.018466309e+02 +6.018466309e+02
4525 +4.991409042e+02 +4.991409042e+02 +5.924409042e+02 +5.924409042e+02
6582 +4.562016618e+02 +4.562016618e+02 +5.495016618e+02 +5.495016618e+02
7100 +4.450993301e+02 +4.450993301e+02 +5.383993301e+02 +5.383993301e+02
7198 +4.289913657e+02 +4.289913657e+02 +5.222913657e+02 +5.222913657e+02
7307 +4.166146456e+02 +4.166146456e+02 +5.099146456e+02 +5.099146456e+02
7392 +3.894168557e+02 +3.894168557e+02 +4.827168557e+02 +4.827168557e+02
7402 +3.824272274e+02 +3.824272274e+02 +4.757272274e+02 +4.757272274e+02
7404 +3.717849344e+02 +3.717849344e+02 +4.650849344e+02 +4.650849344e+02
7506 +3.694450323e+02 +3.694450323e+02 +4.627450323e+02 +4.627450323e+02
7526 +3.605325725e+02 +3.605325725e+02 +4.538325725e+02 +4.538325725e+02
7540 +3.479664966e+02 +3.479664966e+02 +4.412664966e+02 +4.412664966e+02
7546 +3.463285885e+02 +3.463285885e+02 +4.396285885e+02 +4.396285885e+02
7563 +3.382352863e+02 +3.382352863e+02 +4.315352863e+02 +4.315352863e+02
7591 +3.304138018e+02 +3.304138018e+02 +4.237138018e+02 +4.237138018e+02
7652 +3.223456673e+02 +3.223456673e+02 +4.156456673e+02 +4.156456673e+02
7685 +3.146650200e+02 +3.146650200e+02 +4.079650200e+02 +4.079650200e+02
7792 +3.043015731e+02 +3.043015731e+02 +3.976015731e+02 +3.976015731e+02
7804 +3.015828411e+02 +3.015828411e+02 +3.948828411e+02 +3.948828411e+02
7845 +2.935883132e+02 +2.935883132e+02 +3.868883132e+02 +3.868883132e+02
8002 +2.877197502e+02 +2.877197502e+02 +3.810197502e+02 +3.810197502e+02
8069 +2.814731339e+02 +2.814731339e+02 +3.747731339e+02 +3.747731339e+02
8158 +2.753738493e+02 +2.753738493e+02 +3.686738493e+02 +3.686738493e+02
8300 +2.689610836e+02 +2.689610836e+02 +3.622610836e+02 +3.622610836e+02
8764 +2.629904871e+02 +2.629904871e+02 +3.562904871e+02 +3.562904871e+02
9415 +2.570223253e+02 +2.570223253e+02 +3.503223253e+02 +3.503223253e+02
% function evaluation | noise-free fitness - Fopt (1.364000000000e+01) | best noise-free fitness - Fopt | measured fitness | best measured fitness | x1 | x2...
1 +6.419713988e+02 +6.419713988e+02 +6.556113988e+02 +6.556113988e+02
809 +6.236828757e+02 +6.236828757e+02 +6.373228757e+02 +6.373228757e+02
871 +6.103421449e+02 +6.103421449e+02 +6.239821449e+02 +6.239821449e+02
1224 +5.830107398e+02 +5.830107398e+02 +5.966507398e+02 +5.966507398e+02
1277 +5.749826438e+02 +5.749826438e+02 +5.886226438e+02 +5.886226438e+02
1327 +5.268528242e+02 +5.268528242e+02 +5.404928242e+02 +5.404928242e+02
1598 +5.176846056e+02 +5.176846056e+02 +5.313246056e+02 +5.313246056e+02
1933 +4.998211629e+02 +4.998211629e+02 +5.134611629e+02 +5.134611629e+02
2544 +4.786532584e+02 +4.786532584e+02 +4.922932584e+02 +4.922932584e+02
2631 +4.758011044e+02 +4.758011044e+02 +4.894411044e+02 +4.894411044e+02
3640 +4.629804993e+02 +4.629804993e+02 +4.766204993e+02 +4.766204993e+02
3659 +4.487302434e+02 +4.487302434e+02 +4.623702434e+02 +4.623702434e+02
3665 +4.459542540e+02 +4.459542540e+02 +4.595942540e+02 +4.595942540e+02
3969 +4.164191154e+02 +4.164191154e+02 +4.300591154e+02 +4.300591154e+02
4712 +3.984000552e+02 +3.984000552e+02 +4.120400552e+02 +4.120400552e+02
5106 +3.885698950e+02 +3.885698950e+02 +4.022098950e+02 +4.022098950e+02
5205 +3.676214318e+02 +3.676214318e+02 +3.812614318e+02 +3.812614318e+02
10255 +3.583116769e+02 +3.583116769e+02 +3.719516769e+02 +3.719516769e+02
12061 +3.542341011e+02 +3.542341011e+02 +3.678741011e+02 +3.678741011e+02
12501 +3.358586519e+02 +3.358586519e+02 +3.494986519e+02 +3.494986519e+02
18361 +3.289771964e+02 +3.289771964e+02 +3.426171964e+02 +3.426171964e+02
18368 +3.150359108e+02 +3.150359108e+02 +3.286759108e+02 +3.286759108e+02
18397 +3.033982281e+02 +3.033982281e+02 +3.170382281e+02 +3.170382281e+02
18422 +2.944158145e+02 +2.944158145e+02 +3.080558145e+02 +3.080558145e+02
18535 +2.714751532e+02 +2.714751532e+02 +2.851151532e+02 +2.851151532e+02
18549 +2.632459204e+02 +2.632459204e+02 +2.768859204e+02 +2.768859204e+02
18553 +2.615304725e+02 +2.615304725e+02 +2.751704725e+02 +2.751704725e+02
18580 +2.528139814e+02 +2.528139814e+02 +2.664539814e+02 +2.664539814e+02
18583 +2.495635344e+02 +2.495635344e+02 +2.632035344e+02 +2.632035344e+02
18594 +2.441087472e+02 +2.441087472e+02 +2.577487472e+02 +2.577487472e+02
18634 +2.396055656e+02 +2.396055656e+02 +2.532455656e+02 +2.532455656e+02
18642 +2.322024531e+02 +2.322024531e+02 +2.458424531e+02 +2.458424531e+02
18807 +2.289209942e+02 +2.289209942e+02 +2.425609942e+02 +2.425609942e+02
18886 +2.230383012e+02 +2.230383012e+02 +2.366783012e+02 +2.366783012e+02
18929 +2.167489049e+02 +2.167489049e+02 +2.303889049e+02 +2.303889049e+02
18953 +2.133738180e+02 +2.133738180e+02 +2.270138180e+02 +2.270138180e+02
19024 +2.089012527e+02 +2.089012527e+02 +2.225412527e+02 +2.225412527e+02
19077 +2.017901232e+02 +2.017901232e+02 +2.154301232e+02 +2.154301232e+02
19122 +1.988039441e+02 +1.988039441e+02 +2.124439441e+02 +2.124439441e+02
19154 +1.948152861e+02 +1.948152861e+02 +2.084552861e+02 +2.084552861e+02
19246 +1.895017646e+02 +1.895017646e+02 +2.031417646e+02 +2.031417646e+02
19286 +1.859957993e+02 +1.859957993e+02 +1.996357993e+02 +1.996357993e+02
19317 +1.813843282e+02 +1.813843282e+02 +1.950243282e+02 +1.950243282e+02
19343 +1.770497776e+02 +1.770497776e+02 +1.906897776e+02 +1.906897776e+02
19395 +1.717811372e+02 +1.717811372e+02 +1.854211372e+02 +1.854211372e+02
19405 +1.694719589e+02 +1.694719589e+02 +1.831119589e+02 +1.831119589e+02
19447 +1.653679422e+02 +1.653679422e+02 +1.790079422e+02 +1.790079422e+02
19485 +1.616734274e+02 +1.616734274e+02 +1.753134274e+02 +1.753134274e+02
19580 +1.574390477e+02 +1.574390477e+02 +1.710790477e+02 +1.710790477e+02
19682 +1.544721179e+02 +1.544721179e+02 +1.681121179e+02 +1.681121179e+02
19822 +1.512834138e+02 +1.512834138e+02 +1.649234138e+02 +1.649234138e+02
20083 +1.479084174e+02 +1.479084174e+02 +1.615484174e+02 +1.615484174e+02
20299 +1.441429859e+02 +1.441429859e+02 +1.577829859e+02 +1.577829859e+02
20592 +1.412121713e+02 +1.412121713e+02 +1.548521713e+02 +1.548521713e+02
21744 +1.380134831e+02 +1.380134831e+02 +1.516534831e+02 +1.516534831e+02
% function evaluation | noise-free fitness - Fopt (1.948000000000e+02) | best noise-free fitness - Fopt | measured fitness | best measured fitness | x1 | x2...
1 +5.818754603e+02 +5.818754603e+02 +7.766754603e+02 +7.766754603e+02
49 +5.694394616e+02 +5.694394616e+02 +7.642394616e+02 +7.642394616e+02
1564 +5.461325417e+02 +5.461325417e+02 +7.409325417e+02 +7.409325417e+02
2690 +5.303874477e+02 +5.303874477e+02 +7.251874477e+02 +7.251874477e+02
3103 +5.162109567e+02 +5.162109567e+02 +7.110109567e+02 +7.110109567e+02
3231 +4.862081855e+02 +4.862081855e+02 +6.810081855e+02 +6.810081855e+02
4943 +4.713659866e+02 +4.713659866e+02 +6.661659866e+02 +6.661659866e+02
4968 +4.607599711e+02 +4.607599711e+02 +6.555599711e+02 +6.555599711e+02
7675 +4.344254129e+02 +4.344254129e+02 +6.292254129e+02 +6.292254129e+02
9821 +4.192277626e+02 +4.192277626e+02 +6.140277626e+02 +6.140277626e+02
9886 +4.114935107e+02 +4.114935107e+02 +6.062935107e+02 +6.062935107e+02
9912 +4.060501320e+02 +4.060501320e+02 +6.008501320e+02 +6.008501320e+02
9946 +3.942111242e+02 +3.942111242e+02 +5.890111242e+02 +5.890111242e+02
9995 +3.807775311e+02 +3.807775311e+02 +5.755775311e+02 +5.755775311e+02
10008 +3.786538392e+02 +3.786538392e+02 +5.734538392e+02 +5.734538392e+02
10184 +3.555918441e+02 +3.555918441e+02 +5.503918441e+02 +5.503918441e+02
10207 +3.466638095e+02 +3.466638095e+02 +5.414638095e+02 +5.414638095e+02
10254 +3.321348785e+02 +3.321348785e+02 +5.269348785e+02 +5.269348785e+02
10271 +3.204166480e+02 +3.204166480e+02 +5.152166480e+02 +5.152166480e+02
10336 +3.149881440e+02 +3.149881440e+02 +5.097881440e+02 +5.097881440e+02
10375 +3.061060039e+02 +3.061060039e+02 +5.009060039e+02 +5.009060039e+02
10492 +2.996131591e+02 +2.996131591e+02 +4.944131591e+02 +4.944131591e+02
10515 +2.944692610e+02 +2.944692610e+02 +4.892692610e+02 +4.892692610e+02
10581 +2.874047971e+02 +2.874047971e+02 +4.822047971e+02 +4.822047971e+02
10658 +2.815010071e+02 +2.815010071e+02 +4.763010071e+02 +4.763010071e+02
10809 +2.747877356e+02 +2.747877356e+02 +4.695877356e+02 +4.695877356e+02
10947 +2.683814294e+02 +2.683814294e+02 +4.631814294e+02 +4.631814294e+02
11120 +2.628530640e+02 +2.628530640e+02 +4.576530640e+02 +4.576530640e+02
11292 +2.569729713e+02 +2.569729713e+02 +4.517729713e+02 +4.517729713e+02
11478 +2.511841298e+02 +2.511841298e+02 +4.459841298e+02 +4.459841298e+02
11627 +2.454424851e+02 +2.454424851e+02 +4.402424851e+02 +4.402424851e+02
11792 +2.397136252e+02 +2.397136252e+02 +4.345136252e+02 +4.345136252e+02
12112 +2.343888039e+02 +2.343888039e+02 +4.291888039e+02 +4.291888039e+02
12910 +2.290465718e+02 +2.290465718e+02 +4.238465718e+02 +4.238465718e+02
% function evaluation | noise-free fitness - Fopt (-1.335900000000e+02) | best noise-free fitness - Fopt | measured fitness | best measured fitness | x1 | x2...
1 +6.316373895e+02 +6.316373895e+02 +4.980473895e+02 +4.980473895e+02
144 +5.853697071e+02 +5.853697071e+02 +4.517797071e+02 +4.517797071e+02
660 +5.473553672e+02 +5.473553672e+02 +4.137653672e+02 +4.137653672e+02
668 +5.246359863e+02 +5.246359863e+02 +3.910459863e+02 +3.910459863e+02
875 +4.889316196e+02 +4.889316196e+02 +3.553416196e+02 +3.553416196e+02
1366 +4.737651282e+02 +4.737651282e+02 +3.401751282e+02 +3.401751282e+02
1369 +4.616715407e+02 +4.616715407e+02 +3.280815407e+02 +3.280815407e+02
5016 +4.448543823e+02 +4.448543823e+02 +3.112643823e+02 +3.112643823e+02
5047 +4.145554695e+02 +4.145554695e+02 +2.809654695e+02 +2.809654695e+02
5265 +3.950829232e+02 +3.950829232e+02 +2.614929232e+02 +2.614929232e+02
5276 +3.806953698e+02 +3.806953698e+02 +2.471053698e+02 +2.471053698e+02
5282 +3.768777325e+02 +3.768777325e+02 +2.432877325e+02 +2.432877325e+02
5298 +3.561488358e+02 +3.561488358e+02 +2.225588358e+02 +2.225588358e+02
5481 +3.414256030e+02 +3.414256030e+02 +2.078356030e+02 +2.078356030e+02
5488 +3.371186601e+02 +3.371186601e+02 +2.035286601e+02 +2.035286601e+02
5623 +3.251459890e+02 +3.251459890e+02 +1.915559890e+02 +1.915559890e+02
5640 +3.215412817e+02 +3.215412817e+02 +1.879512817e+02 +1.879512817e+02
5668 +3.150580915e+02 +3.150580915e+02 +1.814680915e+02 +1.814680915e+02
5696 +3.044746869e+02 +3.044746869e+02 +1.708846869e+02 +1.708846869e+02
5711 +3.005671458e+02 +3.005671458e+02 +1.669771458e+02 +1.669771458e+02
5812 +2.946938106e+02 +2.946938106e+02 +1.611038106e+02 +1.611038106e+02
5855 +2.845124428e+02 +2.845124428e+02 +1.509224428e+02 +1.509224428e+02
5953 +2.788613046e+02 +2.788613046e+02 +1.452713046e+02 +1.452713046e+02
5966 +2.708789478e+02 +2.708789478e+02 +1.372889478e+02 +1.372889478e+02
5983 +2.682775763e+02 +2.682775763e+02 +1.346875763e+02 +1.346875763e+02
6060 +2.618698388e+02 +2.618698388e+02 +1.282798388e+02 +1.282798388e+02
6064 +2.549692975e+02 +2.549692975e+02 +1.213792975e+02 +1.213792975e+02
6088 +2.466734288e+02 +2.466734288e+02 +1.130834288e+02 +1.130834288e+02
6100 +2.454386887e+02 +2.454386887e+02 +1.118486887e+02 +1.118486887e+02
6199 +2.387794865e+02 +2.387794865e+02 +1.051894865e+02 +1.051894865e+02
6430 +2.343569525e+02 +2.343569525e+02 +1.007669525e+02 +1.007669525e+02
6531 +2.261729795e+02 +2.261729795e+02 +9.258297946e+01 +9.258297946e+01
6552 +2.225946663e+02 +2.225946663e+02 +8.900466632e+01 +8.900466632e+01
6575 +2.187608760e+02 +2.187608760e+02 +8.517087605e+01 +8.517087605e+01
6655 +2.137410265e+02 +2.137410265e+02 +8.015102646e+01 +8.015102646e+01
6822 +2.083976130e+02 +2.083976130e+02 +7.480761299e+01 +7.480761299e+01
7002 +2.034825543e+02 +2.034825543e+02 +6.989255431e+01 +6.989255431e+01
7152 +1.989374995e+02 +1.989374995e+02 +6.534749955e+01 +6.534749955e+01
7414 +1.949303330e+02 +1.949303330e+02 +6.134033303e+01 +6.134033303e+01
7896 +1.904985164e+02 +1.904985164e+02 +5.690851638e+01 +5.690851638e+01
% function evaluation | noise-free fitness - Fopt (1.198100000000e+02) | best noise-free fitness - Fopt | measured fitness | best measured fitness | x1 | x2...
1 +6.455182431e+02 +6.455182431e+02 +7.653282431e+02 +7.653282431e+02
455 +6.167902559e+02 +6.167902559e+02 +7.366002559e+02 +7.366002559e+02
633 +5.915240238e+02 +5.915240238e+02 +7.113340238e+02 +7.113340238e+02
637 +5.348392638e+02 +5.348392638e+02 +6.546492638e+02 +6.546492638e+02
4724 +5.117466315e+02 +5.117466315e+02 +6.315566315e+02 +6.315566315e+02
5617 +4.864696100e+02 +4.864696100e+02 +6.062796100e+02 +6.062796100e+02
14093 +4.591592520e+02 +4.591592520e+02 +5.789692520e+02 +5.789692520e+02
21590 +4.565899595e+02 +4.565899595e+02 +5.763999595e+02 +5.763999595e+02
21742 +4.410067920e+02 +4.410067920e+02 +5.608167920e+02 +5.608167920e+02
21761 +4.264510683e+02 +4.264510683e+02 +5.462610683e+02 +5.462610683e+02
21821 +4.156132980e+02 +4.156132980e+02 +5.354232980e+02 +5.354232980e+02
22017 +4.023028793e+02 +4.023028793e+02 +5.221128793e+02 +5.221128793e+02
22023 +3.918770650e+02 +3.918770650e+02 +5.116870650e+02 +5.116870650e+02
22130 +3.763678917e+02 +3.763678917e+02 +4.961778917e+02 +4.961778917e+02
22144 +3.689396960e+02 +3.689396960e+02 +4.887496960e+02 +4.887496960e+02
22197 +3.621412911e+02 +3.621412911e+02 +4.819512911e+02 +4.819512911e+02
22246 +3.529429758e+02 +3.529429758e+02 +4.727529758e+02 +4.727529758e+02
22356 +3.455448193e+02 +3.455448193e+02 +4.653548193e+02 +4.653548193e+02
22378 +3.375513100e+02 +3.375513100e+02 +4.573613100e+02 +4.573613100e+02
22431 +3.309896534e+02 +3.309896534e+02 +4.507996534e+02 +4.507996534e+02
22482 +3.226971337e+02 +3.226971337e+02 +4.425071337e+02 +4.425071337e+02
22538 +3.157265890e+02 +3.157265890e+02 +4.355365890e+02 +4.355365890e+02
22588 +3.083211795e+02 +3.083211795e+02 +4.281311795e+02 +4.281311795e+02
22640 +3.008193180e+02 +3.008193180e+02 +4.206293180e+02 +4.206293180e+02
22760 +2.932519021e+02 +2.932519021e+02 +4.130619021e+02 +4.130619021e+02
22775 +2.873766851e+02 +2.873766851e+02 +4.071866851e+02 +4.071866851e+02
22889 +2.801270873e+02 +2.801270873e+02 +3.999370873e+02 +3.999370873e+02
22986 +2.748999880e+02 +2.748999880e+02 +3.947099880e+02 +3.947099880e+02
23089 +2.691058594e+02 +2.691058594e+02 +3.889158594e+02 +3.889158594e+02
23237 +2.628764852e+02 +2.628764852e+02 +3.826864852e+02 +3.826864852e+02
23418 +2.569108253e+02 +2.569108253e+02 +3.767208253e+02 +3.767208253e+02
23750 +2.510692202e+02 +2.510692202e+02 +3.708792202e+02 +3.708792202e+02
24171 +2.454649344e+02 +2.454649344e+02 +3.652749344e+02 +3.652749344e+02
% function evaluation | noise-free fitness - Fopt (-1.224900000000e+02) | best noise-free fitness - Fopt | measured fitness | best measured fitness | x1 | x2...
1 +7.035544687e+02 +7.035544687e+02 +5.810644687e+02 +5.810644687e+02
4 +6.850311486e+02 +6.850311486e+02 +5.625411486e+02 +5.625411486e+02
7 +6.713653297e+02 +6.713653297e+02 +5.488753297e+02 +5.488753297e+02
11 +6.388312826e+02 +6.388312826e+02 +5.163412826e+02 +5.163412826e+02
16 +5.962226984e+02 +5.962226984e+02 +4.737326984e+02 +4.737326984e+02
732 +5.552562300e+02 +5.552562300e+02 +4.327662300e+02 +4.327662300e+02
746 +5.189011865e+02 +5.189011865e+02 +3.964111865e+02 +3.964111865e+02
991 +4.910704453e+02 +4.910704453e+02 +3.685804453e+02 +3.685804453e+02
1082 +4.836318743e+02 +4.836318743e+02 +3.611418743e+02 +3.611418743e+02
4853 +4.777668087e+02 +4.777668087e+02 +3.552768087e+02 +3.552768087e+02
4942 +4.590782663e+02 +4.590782663e+02 +3.365882663e+02 +3.365882663e+02
6563 +4.443805896e+02 +4.443805896e+02 +3.218905896e+02 +3.218905896e+02
6707 +4.337191223e+02 +4.337191223e+02 +3.112291223e+02 +3.112291223e+02
6829 +4.109642587e+02 +4.109642587e+02 +2.884742587e+02 +2.884742587e+02
6834 +3.939923193e+02 +3.939923193e+02 +2.715023193e+02 +2.715023193e+02
6894 +3.509712580e+02 +3.509712580e+02 +2.284812580e+02 +2.284812580e+02
7090 +3.442477001e+02 +3.442477001e+02 +2.217577001e+02 +2.217577001e+02
7093 +3.331220623e+02 +3.331220623e+02 +2.106320623e+02 +2.106320623e+02
7174 +3.257640743e+02 +3.257640743e+02 +2.032740743e+02 +2.032740743e+02
7264 +3.209618108e+02 +3.209618108e+02 +1.984718108e+02 +1.984718108e+02
7307 +3.153785366e+02 +3.153785366e+02 +1.928885366e+02 +1.928885366e+02
7377 +3.084673348e+02 +3.084673348e+02 +1.859773348e+02 +1.859773348e+02
7445 +2.934344038e+02 +2.934344038e+02 +1.709444038e+02 +1.709444038e+02
7477 +2.883170142e+02 +2.883170142e+02 +1.658270142e+02 +1.658270142e+02
7524 +2.777409746e+02 +2.777409746e+02 +1.552509746e+02 +1.552509746e+02
7536 +2.741537880e+02 +2.741537880e+02 +1.516637880e+02 +1.516637880e+02
7664 +2.669576370e+02 +2.669576370e+02 +1.444676370e+02 +1.444676370e+02
7743 +2.609986140e+02 +2.609986140e+02 +1.385086140e+02 +1.385086140e+02
7776 +2.552821322e+02 +2.552821322e+02 +1.327921322e+02 +1.327921322e+02
7916 +2.506383108e+02 +2.506383108e+02 +1.281483108e+02 +1.281483108e+02
8049 +2.443821592e+02 +2.443821592e+02 +1.218921592e+02 +1.218921592e+02
8173 +2.393324446e+02 +2.393324446e+02 +1.168424446e+02 +1.168424446e+02
8329 +2.341929655e+02 +2.341929655e+02 +1.117029655e+02 +1.117029655e+02
8875 +2.289308170e+02 +2.289308170e+02 +1.064408170e+02 +1.064408170e+02
9831 +2.238504195e+02 +2.238504195e+02 +1.013604195e+02 +1.013604195e+02
% function evaluation | noise-free fitness - Fopt (1.829000000000e+01) | best noise-free fitness - Fopt | measured fitness | best measured fitness | x1 | x2...
1 +6.149067354e+02 +6.149067354e+02 +6.331967354e+02 +6.331967354e+02
438 +5.890102653e+02 +5.890102653e+02 +6.073002653e+02 +6.073002653e+02
986 +5.814221412e+02 +5.814221412e+02 +5.997121412e+02 +5.997121412e+02
989 +5.639663220e+02 +5.639663220e+02 +5.822563220e+02 +5.822563220e+02
1049 +5.501050896e+02 +5.501050896e+02 +5.683950896e+02 +5.683950896e+02
1470 +5.315721593e+02 +5.315721593e+02 +5.498621593e+02 +5.498621593e+02
2240 +5.062009163e+02 +5.062009163e+02 +5.244909163e+02 +5.244909163e+02
2775 +4.642491208e+02 +4.642491208e+02 +4.825391208e+02 +4.825391208e+02
6744 +4.400252614e+02 +4.400252614e+02 +4.583152614e+02 +4.583152614e+02
6746 +4.179435653e+02 +4.179435653e+02 +4.362335653e+02 +4.362335653e+02
6755 +3.986663567e+02 +3.986663567e+02 +4.169563567e+02 +4.169563567e+02
6887 +3.859049566e+02 +3.859049566e+02 +4.041949566e+02 +4.041949566e+02
7001 +3.793327661e+02 +3.793327661e+02 +3.976227661e+02 +3.976227661e+02
7016 +3.708222896e+02 +3.708222896e+02 +3.891122896e+02 +3.891122896e+02
7083 +3.619834609e+02 +3.619834609e+02 +3.802734609e+02 +3.802734609e+02
7205 +3.537072794e+02 +3.537072794e+02 +3.719972794e+02 +3.719972794e+02
7295 +3.379978908e+02 +3.379978908e+02 +3.562878908e+02 +3.562878908e+02
7316 +3.290563462e+02 +3.290563462e+02 +3.473463462e+02 +3.473463462e+02
7327 +3.223891956e+02 +3.223891956e+02 +3.406791956e+02 +3.406791956e+02
7368 +3.159732216e+02 +3.159732216e+02 +3.342632216e+02 +3.342632216e+02
7434 +3.065729739e+02 +3.065729739e+02 +3.248629739e+02 +3.248629739e+02
7526 +3.013843243e+02 +3.013843243e+02 +3.196743243e+02 +3.196743243e+02
7587 +2.942541870e+02 +2.942541870e+02 +3.125441870e+02 +3.125441870e+02
7686 +2.879469461e+02 +2.879469461e+02 +3.062369461e+02 +3.062369461e+02
7722 +2.817944885e+02 +2.817944885e+02 +3.000844885e+02 +3.000844885e+02
7794 +2.751532647e+02 +2.751532647e+02 +2.934432647e+02 +2.934432647e+02
7883 +2.684781213e+02 +2.684781213e+02 +2.867681213e+02 +2.867681213e+02
8024 +2.621389257e+02 +2.621389257e+02 +2.804289257e+02 +2.804289257e+02
8253 +2.562398138e+02 +2.562398138e+02 +2.745298138e+02 +2.745298138e+02
8373 +2.510738126e+02 +2.510738126e+02 +2.693638126e+02 +2.693638126e+02
8566 +2.449595736e+02 +2.449595736e+02 +2.632495736e+02 +2.632495736e+02
8908 +2.394088474e+02 +2.394088474e+02 +2.576988474e+02 +2.576988474e+02
9242 +2.342542541e+02 +2.342542541e+02 +2.525442541e+02 +2.525442541e+02
9837 +2.290196567e+02 +2.290196567e+02 +2.473096567e+02 +2.473096567e+02
% function evaluation | noise-free fitness - Fopt (-1.635000000000e+01) | best noise-free fitness - Fopt | measured fitness | best measured fitness | x1 | x2...
1 +6.553937972e+02 +6.553937972e+02 +6.390437972e+02 +6.390437972e+02
385 +6.401913429e+02 +6.401913429e+02 +6.238413429e+02 +6.238413429e+02
612 +6.235924240e+02 +6.235924240e+02 +6.072424240e+02 +6.072424240e+02
668 +6.066993249e+02 +6.066993249e+02 +5.903493249e+02 +5.903493249e+02
673 +5.730656131e+02 +5.730656131e+02 +5.567156131e+02 +5.567156131e+02
716 +5.514050071e+02 +5.514050071e+02 +5.350550071e+02 +5.350550071e+02
738 +5.229841854e+02 +5.229841854e+02 +5.066341854e+02 +5.066341854e+02
844 +5.088976721e+02 +5.088976721e+02 +4.925476721e+02 +4.925476721e+02
868 +4.859073495e+02 +4.859073495e+02 +4.695573495e+02 +4.695573495e+02
2599 +4.563668866e+02 +4.563668866e+02 +4.400168866e+02 +4.400168866e+02
3246 +4.458473714e+02 +4.458473714e+02 +4.294973714e+02 +4.294973714e+02
3611 +4.100373364e+02 +4.100373364e+02 +3.936873364e+02 +3.936873364e+02
16295 +3.705863957e+02 +3.705863957e+02 +3.542363957e+02 +3.542363957e+02
41098 +3.626165801e+02 +3.626165801e+02 +3.462665801e+02 +3.462665801e+02
41103 +3.528003549e+02 +3.528003549e+02 +3.364503549e+02 +3.364503549e+02
41120 +3.362653954e+02 +3.362653954e+02 +3.199153954e+02 +3.199153954e+02
41225 +3.255431491e+02 +3.255431491e+02 +3.091931491e+02 +3.091931491e+02
41226 +3.210594970e+02 +3.210594970e+02 +3.047094970e+02 +3.047094970e+02
41227 +3.155253995e+02 +3.155253995e+02 +2.991753995e+02 +2.991753995e+02
41264 +3.053746270e+02 +3.053746270e+02 +2.890246270e+02 +2.890246270e+02
41351 +2.992904114e+02 +2.992904114e+02 +2.829404114e+02 +2.829404114e+02
41419 +2.947304333e+02 +2.947304333e+02 +2.783804333e+02 +2.783804333e+02
41600 +2.870219405e+02 +2.870219405e+02 +2.706719405e+02 +2.706719405e+02
41612 +2.799580755e+02 +2.799580755e+02 +2.636080755e+02 +2.636080755e+02
41676 +2.729171106e+02 +2.729171106e+02 +2.565671106e+02 +2.565671106e+02
41688 +2.688562180e+02 +2.688562180e+02 +2.525062180e+02 +2.525062180e+02
41757 +2.585952707e+02 +2.585952707e+02 +2.422452707e+02 +2.422452707e+02
41814 +2.524460752e+02 +2.524460752e+02 +2.360960752e+02 +2.360960752e+02
41822 +2.506889632e+02 +2.506889632e+02 +2.343389632e+02 +2.343389632e+02
41842 +2.451679525e+02 +2.451679525e+02 +2.288179525e+02 +2.288179525e+02
41904 +2.381404824e+02 +2.381404824e+02 +2.217904824e+02 +2.217904824e+02
41945 +2.343972284e+02 +2.343972284e+02 +2.180472284e+02 +2.180472284e+02
42135 +2.289821779e+02 +2.289821779e+02 +2.126321779e+02 +2.126321779e+02
42406 +2.237336310e+02 +2.237336310e+02 +2.073836310e+02 +2.073836310e+02
43259 +2.187653042e+02 +2.187653042e+02 +2.024153042e+02 +2.024153042e+02
% function evaluation | noise-free fitness - Fopt (6.840000000000e+00) | best noise-free fitness - Fopt | measured fitness | best measured fitness | x1 | x2...
1 +6.167489798e+02 +6.167489798e+02 +6.235889798e+02 +6.235889798e+02
507 +6.057036294e+02 +6.057036294e+02 +6.125436294e+02 +6.125436294e+02
524 +6.012140695e+02 +6.012140695e+02 +6.080540695e+02 +6.080540695e+02
574 +5.765104679e+02 +5.765104679e+02 +5.833504679e+02 +5.833504679e+02
618 +5.564911040e+02 +5.564911040e+02 +5.633311040e+02 +5.633311040e+02
623 +5.140326190e+02 +5.140326190e+02 +5.208726190e+02 +5.208726190e+02
1961 +5.057522717e+02 +5.057522717e+02 +5.125922717e+02 +5.125922717e+02
3932 +4.850249091e+02 +4.850249091e+02 +4.918649091e+02 +4.918649091e+02
5569 +4.548292113e+02 +4.548292113e+02 +4.616692113e+02 +4.616692113e+02
6207 +4.037471026e+02 +4.037471026e+02 +4.105871026e+02 +4.105871026e+02
7107 +3.835449372e+02 +3.835449372e+02 +3.903849372e+02 +3.903849372e+02
9161 +3.686768901e+02 +3.686768901e+02 +3.755168901e+02 +3.755168901e+02
9366 +3.601716783e+02 +3.601716783e+02 +3.670116783e+02 +3.670116783e+02
9385 +3.470369615e+02 +3.470369615e+02 +3.538769615e+02 +3.538769615e+02
9392 +3.428048492e+02 +3.428048492e+02 +3.496448492e+02 +3.496448492e+02
9422 +3.352645193e+02 +3.352645193e+02 +3.421045193e+02 +3.421045193e+02
9480 +3.271297077e+02 +3.271297077e+02 +3.339697077e+02 +3.339697077e+02
9485 +3.162486162e+02 +3.162486162e+02 +3.230886162e+02 +3.230886162e+02
9492 +2.937626736e+02 +2.937626736e+02 +3.006026736e+02 +3.006026736e+02
9504 +2.845078501e+02 +2.845078501e+02 +2.913478501e+02 +2.913478501e+02
9531 +2.728214056e+02 +2.728214056e+02 +2.796614056e+02 +2.796614056e+02
9539 +2.620376185e+02 +2.620376185e+02 +2.688776185e+02 +2.688776185e+02
9561 +2.478720992e+02 +2.478720992e+02 +2.547120992e+02 +2.547120992e+02
9706 +2.422061869e+02 +2.422061869e+02 +2.490461869e+02 +2.490461869e+02
9718 +2.386869253e+02 +2.386869253e+02 +2.455269253e+02 +2.455269253e+02
9725 +2.337068630e+02 +2.337068630e+02 +2.405468630e+02 +2.405468630e+02
9743 +2.234290053e+02 +2.234290053e+02 +2.302690053e+02 +2.302690053e+02
9853 +2.187572674e+02 +2.187572674e+02 +2.255972674e+02 +2.255972674e+02
9868 +2.107294731e+02 +2.107294731e+02 +2.175694731e+02 +2.175694731e+02
9887 +2.081423255e+02 +2.081423255e+02 +2.149823255e+02 +2.149823255e+02
9905 +2.033461564e+02 +2.033461564e+02 +2.101861564e+02 +2.101861564e+02
9922 +1.981818849e+02 +1.981818849e+02 +2.050218849e+02 +2.050218849e+02
9989 +1.930963117e+02 +1.930963117e+02 +1.999363117e+02 +1.999363117e+02
10135 +1.892697169e+02 +1.892697169e+02 +1.961097169e+02 +1.961097169e+02
10175 +1.847761538e+02 +1.847761538e+02 +1.916161538e+02 +1.916161538e+02
10224 +1.803004746e+02 +1.803004746e+02 +1.871404746e+02 +1.871404746e+02
10330 +1.775126081e+02 +1.775126081e+02 +1.843526081e+02 +1.843526081e+02
10437 +1.736737898e+02 +1.736737898e+02 +1.805137898e+02 +1.805137898e+02
10676 +1.698177213e+02 +1.698177213e+02 +1.766577213e+02 +1.766577213e+02
10979 +1.657872909e+02 +1.657872909e+02 +1.726272909e+02 +1.726272909e+02
11406 +1.621804532e+02 +1.621804532e+02 +1.690204532e+02 +1.690204532e+02
12054 +1.584586604e+02 +1.584586604e+02 +1.652986604e+02 +1.652986604e+02
% function evaluation | noise-free fitness - Fopt (-2.068000000000e+01) | best noise-free fitness - Fopt | measured fitness | best measured fitness | x1 | x2...
1 +6.600001651e+02 +6.600001651e+02 +6.393201651e+02 +6.393201651e+02
2 +6.099181305e+02 +6.099181305e+02 +5.892381305e+02 +5.892381305e+02
69 +5.890110328e+02 +5.890110328e+02 +5.683310328e+02 +5.683310328e+02
1906 +5.870454841e+02 +5.870454841e+02 +5.663654841e+02 +5.663654841e+02
1924 +5.732488274e+02 +5.732488274e+02 +5.525688274e+02 +5.525688274e+02
1933 +5.534514280e+02 +5.534514280e+02 +5.327714280e+02 +5.327714280e+02
2227 +5.260988417e+02 +5.260988417e+02 +5.054188417e+02 +5.054188417e+02
2234 +5.230200450e+02 +5.230200450e+02 +5.023400450e+02 +5.023400450e+02
2437 +5.016843954e+02 +5.016843954e+02 +4.810043954e+02 +4.810043954e+02
2488 +4.930107604e+02 +4.930107604e+02 +4.723307604e+02 +4.723307604e+02
5607 +4.816351283e+02 +4.816351283e+02 +4.609551283e+02 +4.609551283e+02
6280 +4.731788381e+02 +4.731788381e+02 +4.524988381e+02 +4.524988381e+02
6407 +4.598159486e+02 +4.598159486e+02 +4.391359486e+02 +4.391359486e+02
6990 +4.555264786e+02 +4.555264786e+02 +4.348464786e+02 +4.348464786e+02
7456 +4.462074670e+02 +4.462074670e+02 +4.255274670e+02 +4.255274670e+02
7865 +4.184426179e+02 +4.184426179e+02 +3.977626179e+02 +3.977626179e+02
9273 +4.078038224e+02 +4.078038224e+02 +3.871238224e+02 +3.871238224e+02
9925 +4.002409964e+02 +4.002409964e+02 +3.795609964e+02 +3.795609964e+02
10177 +3.787370641e+02 +3.787370641e+02 +3.580570641e+02 +3.580570641e+02
10263 +3.708083721e+02 +3.708083721e+02 +3.501283721e+02 +3.501283721e+02
10282 +3.593155734e+02 +3.593155734e+02 +3.386355734e+02 +3.386355734e+02
10291 +3.542170242e+02 +3.542170242e+02 +3.335370242e+02 +3.335370242e+02
10363 +3.427425761e+02 +3.427425761e+02 +3.220625761e+02 +3.220625761e+02
10385 +3.256305354e+02 +3.256305354e+02 +3.049505354e+02 +3.049505354e+02
10554 +3.212462241e+02 +3.212462241e+02 +3.005662241e+02 +3.005662241e+02
10567 +3.147522128e+02 +3.147522128e+02 +2.940722128e+02 +2.940722128e+02
10641 +3.028808160e+02 +3.028808160e+02 +2.822008160e+02 +2.822008160e+02
10644 +3.010528803e+02 +3.010528803e+02 +2.803728803e+02 +2.803728803e+02
10678 +2.948687808e+02 +2.948687808e+02 +2.741887808e+02 +2.741887808e+02
10776 +2.878420003e+02 +2.878420003e+02 +2.671620003e+02 +2.671620003e+02
10791 +2.761785404e+02 +2.761785404e+02 +2.554985404e+02 +2.554985404e+02
10849 +2.745711785e+02 +2.745711785e+02 +2.538911785e+02 +2.538911785e+02
10878 +2.679908145e+02 +2.679908145e+02 +2.473108145e+02 +2.473108145e+02
10898 +2.615237082e+02 +2.615237082e+02 +2.408437082e+02 +2.408437082e+02
11035 +2.562773768e+02 +2.562773768e+02 +2.355973768e+02 +2.355973768e+02
11057 +2.502546957e+02 +2.502546957e+02 +2.295746957e+02 +2.295746957e+02
11075 +2.438911774e+02 +2.438911774e+02 +2.232111774e+02 +2.232111774e+02
11121 +2.381203797e+02 +2.381203797e+02 +2.174403797e+02 +2.174403797e+02
11204 +2.336550530e+02 +2.336550530e+02 +2.129750530e+02 +2.129750530e+02
11224 +2.266386606e+02 +2.266386606e+02 +2.059586606e+02 +2.059586606e+02
11303 +2.230291809e+02 +2.230291809e+02 +2.023491809e+02 +2.023491809e+02
11453 +2.176822557e+02 +2.176822557e+02 +1.970022557e+02 +1.970022557e+02
11573 +2.137423491e+02 +2.137423491e+02 +1.930623491e+02 +1.930623491e+02
11763 +2.086473200e+02 +2.086473200e+02 +1.879673200e+02 +1.879673200e+02
11898 +2.037578361e+02 +2.037578361e+02 +1.830778361e+02 +1.830778361e+02
11997 +1.994818630e+02 +1.994818630e+02 +1.788018630e+02 +1.788018630e+02
12278 +1.949555475e+02 +1.949555475e+02 +1.742755475e+02 +1.742755475e+02
12923 +1.905111827e+02 +1.905111827e+02 +1.698311827e+02 +1.698311827e+02
% function evaluation | noise-free fitness - Fopt (3.138500000000e+02) | best noise-free fitness - Fopt | measured fitness | best measured fitness | x1 | x2...
1 +6.034771843e+02 +6.034771843e+02 +9.173271843e+02 +9.173271843e+02
826 +5.702863346e+02 +5.702863346e+02 +8.841363346e+02 +8.841363346e+02
1773 +5.594963870e+02 +5.594963870e+02 +8.733463870e+02 +8.733463870e+02
2075 +5.405992340e+02 +5.405992340e+02 +8.544492340e+02 +8.544492340e+02
2431 +4.995395129e+02 +4.995395129e+02 +8.133895129e+02 +8.133895129e+02
4435 +4.762483974e+02 +4.762483974e+02 +7.900983974e+02 +7.900983974e+02
5281 +4.538870250e+02 +4.538870250e+02 +7.677370250e+02 +7.677370250e+02
5283 +4.291815060e+02 +4.291815060e+02 +7.430315060e+02 +7.430315060e+02
23601 +4.129736081e+02 +4.129736081e+02 +7.268236081e+02 +7.268236081e+02
25330 +4.015627147e+02 +4.015627147e+02 +7.154127147e+02 +7.154127147e+02
25425 +3.919229332e+02 +3.919229332e+02 +7.057729332e+02 +7.057729332e+02
25720 +3.690440611e+02 +3.690440611e+02 +6.828940611e+02 +6.828940611e+02
29069 +3.618001825e+02 +3.618001825e+02 +6.756501825e+02 +6.756501825e+02
30121 +3.523956941e+02 +3.523956941e+02 +6.662456941e+02 +6.662456941e+02
30135 +3.432821495e+02 +3.432821495e+02 +6.571321495e+02 +6.571321495e+02
30163 +3.385974019e+02 +3.385974019e+02 +6.524474019e+02 +6.524474019e+02
30175 +3.291677118e+02 +3.291677118e+02 +6.430177118e+02 +6.430177118e+02
30184 +3.207390685e+02 +3.207390685e+02 +6.345890685e+02 +6.345890685e+02
30243 +3.143717349e+02 +3.143717349e+02 +6.282217349e+02 +6.282217349e+02
30259 +3.047789947e+02 +3.047789947e+02 +6.186289947e+02 +6.186289947e+02
30264 +2.926342125e+02 +2.926342125e+02 +6.064842125e+02 +6.064842125e+02
30281 +2.726688977e+02 +2.726688977e+02 +5.865188977e+02 +5.865188977e+02
30370 +2.658574246e+02 +2.658574246e+02 +5.797074246e+02 +5.797074246e+02
30447 +2.575381321e+02 +2.575381321e+02 +5.713881321e+02 +5.713881321e+02
30460 +2.546133020e+02 +2.546133020e+02 +5.684633020e+02 +5.684633020e+02
30462 +2.493752322e+02 +2.493752322e+02 +5.632252322e+02 +5.632252322e+02
30486 +2.440954978e+02 +2.440954978e+02 +5.579454978e+02 +5.579454978e+02
30530 +2.396628806e+02 +2.396628806e+02 +5.535128806e+02 +5.535128806e+02
30613 +2.319972119e+02 +2.319972119e+02 +5.458472119e+02 +5.458472119e+02
30657 +2.286587074e+02 +2.286587074e+02 +5.425087074e+02 +5.425087074e+02
30682 +2.232626929e+02 +2.232626929e+02 +5.371126929e+02 +5.371126929e+02
30784 +2.174482089e+02 +2.174482089e+02 +5.312982089e+02 +5.312982089e+02
30842 +2.131216311e+02 +2.131216311e+02 +5.269716311e+02 +5.269716311e+02
31017 +2.082763293e+02 +2.082763293e+02 +5.221263293e+02 +5.221263293e+02
31078 +2.041244373e+02 +2.041244373e+02 +5.179744373e+02 +5.179744373e+02
31186 +1.993892174e+02 +1.993892174e+02 +5.132392174e+02 +5.132392174e+02
31342 +1.949379409e+02 +1.949379409e+02 +5.087879409e+02 +5.087879409e+02
31411 +1.904787747e+02 +1.904787747e+02 +5.043287747e+02 +5.043287747e+02
31552 +1.859447093e+02 +1.859447093e+02 +4.997947093e+02 +4.997947093e+02
31804 +1.818894585e+02 +1.818894585e+02 +4.957394585e+02 +4.957394585e+02
32069 +1.776958449e+02 +1.776958449e+02 +4.915458449e+02 +4.915458449e+02
32627 +1.737072039e+02 +1.737072039e+02 +4.875572039e+02 +4.875572039e+02
33406 +1.698132515e+02 +1.698132515e+02 +4.836632515e+02 +4.836632515e+02
% function evaluation | noise-free fitness - Fopt (-1.640200000000e+02) | best noise-free fitness - Fopt | measured fitness | best measured fitness | x1 | x2...
1 +7.125031126e+02 +7.125031126e+02 +5.484831126e+02 +5.484831126e+02
4 +6.402490560e+02 +6.402490560e+02 +4.762290560e+02 +4.762290560e+02
585 +6.196678053e+02 +6.196678053e+02 +4.556478053e+02 +4.556478053e+02
659 +5.969193081e+02 +5.969193081e+02 +4.328993081e+02 +4.328993081e+02
831 +5.863707027e+02 +5.863707027e+02 +4.223507027e+02 +4.223507027e+02
857 +5.584255895e+02 +5.584255895e+02 +3.944055895e+02 +3.944055895e+02
1218 +5.293527600e+02 +5.293527600e+02 +3.653327600e+02 +3.653327600e+02
1378 +5.132343554e+02 +5.132343554e+02 +3.492143554e+02 +3.492143554e+02
2060 +4.962778619e+02 +4.962778619e+02 +3.322578619e+02 +3.322578619e+02
2959 +4.695478989e+02 +4.695478989e+02 +3.055278989e+02 +3.055278989e+02
3007 +4.513828188e+02 +4.513828188e+02 +2.873628188e+02 +2.873628188e+02
6811 +4.353016843e+02 +4.353016843e+02 +2.712816843e+02 +2.712816843e+02
13114 +4.051099626e+02 +4.051099626e+02 +2.410899626e+02 +2.410899626e+02
13833 +3.917065357e+02 +3.917065357e+02 +2.276865357e+02 +2.276865357e+02
13903 +3.883507588e+02 +3.883507588e+02 +2.243307588e+02 +2.243307588e+02
13938 +3.717200920e+02 +3.717200920e+02 +2.077000920e+02 +2.077000920e+02
13946 +3.653629652e+02 +3.653629652e+02 +2.013429652e+02 +2.013429652e+02
13979 +3.548664251e+02 +3.548664251e+02 +1.908464251e+02 +1.908464251e+02
13996 +3.209370851e+02 +3.209370851e+02 +1.569170851e+02 +1.569170851e+02
14060 +3.136291834e+02 +3.136291834e+02 +1.496091834e+02 +1.496091834e+02
14163 +2.979982027e+02 +2.979982027e+02 +1.339782027e+02 +1.339782027e+02
14215 +2.857084268e+02 +2.857084268e+02 +1.216884268e+02 +1.216884268e+02
14292 +2.752686279e+02 +2.752686279e+02 +1.112486279e+02 +1.112486279e+02
14354 +2.662532944e+02 +2.662532944e+02 +1.022332944e+02 +1.022332944e+02
14418 +2.628303542e+02 +2.628303542e+02 +9.881035420e+01 +9.881035420e+01
14436 +2.551037235e+02 +2.551037235e+02 +9.108372349e+01 +9.108372349e+01
14483 +2.504049847e+02 +2.504049847e+02 +8.638498470e+01 +8.638498470e+01
14534 +2.451270896e+02 +2.451270896e+02 +8.110708958e+01 +8.110708958e+01
14612 +2.395297874e+02 +2.395297874e+02 +7.550978745e+01 +7.550978745e+01
14630 +2.334197309e+02 +2.334197309e+02 +6.939973086e+01 +6.939973086e+01
14693 +2.275574938e+02 +2.275574938e+02 +6.353749375e+01 +6.353749375e+01
14746 +2.230311025e+02 +2.230311025e+02 +5.901110254e+01 +5.901110254e+01
14783 +2.166186472e+02 +2.166186472e+02 +5.259864717e+01 +5.259864717e+01
14837 +2.134683018e+02 +2.134683018e+02 +4.944830181e+01 +4.944830181e+01
14867 +2.077112634e+02 +2.077112634e+02 +4.369126341e+01 +4.369126341e+01
14965 +2.025625594e+02 +2.025625594e+02 +3.854255939e+01 +3.854255939e+01
15057 +1.981399669e+02 +1.981399669e+02 +3.411996687e+01 +3.411996687e+01
15117 +1.940405122e+02 +1.940405122e+02 +3.002051222e+01 +3.002051222e+01
15173 +1.905175189e+02 +1.905175189e+02 +2.649751894e+01 +2.649751894e+01
15252 +1.853968168e+02 +1.853968168e+02 +2.137681682e+01 +2.137681682e+01
15325 +1.816855738e+02 +1.816855738e+02 +1.766557380e+01 +1.766557380e+01
15504 +1.777582969e+02 +1.777582969e+02 +1.373829691e+01 +1.373829691e+01
15843 +1.734395582e+02 +1.734395582e+02 +9.419558153e+00 +9.419558153e+00
16696 +1.698021071e+02 +1.698021071e+02 +5.782107132e+00 +5.782107132e+00
% function evaluation | noise-free fitness - Fopt (-1.000000000000e+03) | best noise-free fitness - Fopt | measured fitness | best measured fitness | x1 | x2...
1 +6.142733451e+02 +6.142733451e+02 -3.857266549e+02 -3.857266549e+02
440 +5.741645915e+02 +5.741645915e+02 -4.258354085e+02 -4.258354085e+02
5219 +5.616651916e+02 +5.616651916e+02 -4.383348084e+02 -4.383348084e+02
5240 +5.480717270e+02 +5.480717270e+02 -4.519282730e+02 -4.519282730e+02
5252 +5.362035091e+02 +5.362035091e+02 -4.637964909e+02 -4.637964909e+02
6390 +5.232130078e+02 +5.232130078e+02 -4.767869922e+02 -4.767869922e+02
6577 +4.921349093e+02 +4.921349093e+02 -5.078650907e+02 -5.078650907e+02
6640 +4.410259387e+02 +4.410259387e+02 -5.589740613e+02 -5.589740613e+02
13240 +4.279354534e+02 +4.279354534e+02 -5.720645466e+02 -5.720645466e+02
13347 +4.236911726e+02 +4.236911726e+02 -5.763088274e+02 -5.763088274e+02
14110 +4.130733046e+02 +4.130733046e+02 -5.869266954e+02 -5.869266954e+02
14121 +4.052037551e+02 +4.052037551e+02 -5.947962449e+02 -5.947962449e+02
14161 +3.858819764e+02 +3.858819764e+02 -6.141180236e+02 -6.141180236e+02
14181 +3.745996173e+02 +3.745996173e+02 -6.254003827e+02 -6.254003827e+02
14206 +3.586268832e+02 +3.586268832e+02 -6.413731168e+02 -6.413731168e+02
14227 +3.486285676e+02 +3.486285676e+02 -6.513714324e+02 -6.513714324e+02
14236 +3.462686401e+02 +3.462686401e+02 -6.537313599e+02 -6.537313599e+02
14241 +3.359442740e+02 +3.359442740e+02 -6.640557260e+02 -6.640557260e+02
14275 +3.278529653e+02 +3.278529653e+02 -6.721470347e+02 -6.721470347e+02
14352 +3.232950433e+02 +3.232950433e+02 -6.767049567e+02 -6.767049567e+02
14373 +3.140961918e+02 +3.140961918e+02 -6.859038082e+02 -6.859038082e+02
14377 +3.084629957e+02 +3.084629957e+02 -6.915370043e+02 -6.915370043e+02
14443 +2.845239995e+02 +2.845239995e+02 -7.154760005e+02 -7.154760005e+02
14484 +2.764727492e+02 +2.764727492e+02 -7.235272508e+02 -7.235272508e+02
14504 +2.747130755e+02 +2.747130755e+02 -7.252869245e+02 -7.252869245e+02
14571 +2.685358177e+02 +2.685358177e+02 -7.314641823e+02 -7.314641823e+02
14583 +2.597914783e+02 +2.597914783e+02 -7.402085217e+02 -7.402085217e+02
14619 +2.506528290e+02 +2.506528290e+02 -7.493471710e+02 -7.493471710e+02
14760 +2.423845907e+02 +2.423845907e+02 -7.576154093e+02 -7.576154093e+02
14792 +2.372469729e+02 +2.372469729e+02 -7.627530271e+02 -7.627530271e+02
14828 +2.305672079e+02 +2.305672079e+02 -7.694327921e+02 -7.694327921e+02
14832 +2.287340125e+02 +2.287340125e+02 -7.712659875e+02 -7.712659875e+02
14931 +2.237551832e+02 +2.237551832e+02 -7.762448168e+02 -7.762448168e+02
14952 +2.185064890e+02 +2.185064890e+02 -7.814935110e+02 -7.814935110e+02
15072 +2.124306201e+02 +2.124306201e+02 -7.875693799e+02 -7.875693799e+02
15142 +2.088696863e+02 +2.088696863e+02 -7.911303137e+02 -7.911303137e+02
15232 +2.035048230e+02 +2.035048230e+02 -7.964951770e+02 -7.964951770e+02
15478 +1.991109069e+02 +1.991109069e+02 -8.008890931e+02 -8.008890931e+02
15855 +1.945858508e+02 +1.945858508e+02 -8.054141492e+02 -8.054141492e+02
16164 +1.905245222e+02 +1.905245222e+02 -8.094754778e+02 -8.094754778e+02
% function evaluation | noise-free fitness - Fopt (-1.001300000000e+02) | best noise-free fitness - Fopt | measured fitness | best measured fitness | x1 | x2...
1 +6.963502861e+02 +6.963502861e+02 +5.962202861e+02 +5.962202861e+02
6 +6.542145636e+02 +6.542145636e+02 +5.540845636e+02 +5.540845636e+02
24 +5.790328976e+02 +5.790328976e+02 +4.789028976e+02 +4.789028976e+02
489 +5.361947744e+02 +5.361947744e+02 +4.360647744e+02 +4.360647744e+02
528 +5.177778856e+02 +5.177778856e+02 +4.176478856e+02 +4.176478856e+02
530 +5.067761314e+02 +5.067761314e+02 +4.066461314e+02 +4.066461314e+02
542 +4.899406556e+02 +4.899406556e+02 +3.898106556e+02 +3.898106556e+02
670 +4.480169477e+02 +4.480169477e+02 +3.478869477e+02 +3.478869477e+02
7502 +4.283968862e+02 +4.283968862e+02 +3.282668862e+02 +3.282668862e+02
8274 +4.191047656e+02 +4.191047656e+02 +3.189747656e+02 +3.189747656e+02
8404 +4.166479900e+02 +4.166479900e+02 +3.165179900e+02 +3.165179900e+02
8412 +4.023962954e+02 +4.023962954e+02 +3.022662954e+02 +3.022662954e+02
8446 +3.953038171e+02 +3.953038171e+02 +2.951738171e+02 +2.951738171e+02
8485 +3.805981003e+02 +3.805981003e+02 +2.804681003e+02 +2.804681003e+02
8486 +3.766439999e+02 +3.766439999e+02 +2.765139999e+02 +2.765139999e+02
8506 +3.692814636e+02 +3.692814636e+02 +2.691514636e+02 +2.691514636e+02
8521 +3.584800813e+02 +3.584800813e+02 +2.583500813e+02 +2.583500813e+02
8522 +3.488269262e+02 +3.488269262e+02 +2.486969262e+02 +2.486969262e+02
8539 +3.416099806e+02 +3.416099806e+02 +2.414799806e+02 +2.414799806e+02
8547 +3.383845638e+02 +3.383845638e+02 +2.382545638e+02 +2.382545638e+02
8602 +3.261575179e+02 +3.261575179e+02 +2.260275179e+02 +2.260275179e+02
8617 +3.216459127e+02 +3.216459127e+02 +2.215159127e+02 +2.215159127e+02
8663 +3.126974718e+02 +3.126974718e+02 +2.125674718e+02 +2.125674718e+02
8693 +3.081438586e+02 +3.081438586e+02 +2.080138586e+02 +2.080138586e+02
8738 +2.980150809e+02 +2.980150809e+02 +1.978850809e+02 +1.978850809e+02
8802 +2.950481922e+02 +2.950481922e+02 +1.949181922e+02 +1.949181922e+02
8907 +2.876775380e+02 +2.876775380e+02 +1.875475380e+02 +1.875475380e+02
8945 +2.799604817e+02 +2.799604817e+02 +1.798304817e+02 +1.798304817e+02
8993 +2.738509995e+02 +2.738509995e+02 +1.737209995e+02 +1.737209995e+02
9057 +2.688858514e+02 +2.688858514e+02 +1.687558514e+02 +1.687558514e+02
9140 +2.620914866e+02 +2.620914866e+02 +1.619614866e+02 +1.619614866e+02
9213 +2.567464341e+02 +2.567464341e+02 +1.566164341e+02 +1.566164341e+02
9306 +2.505989339e+02 +2.505989339e+02 +1.504689339e+02 +1.504689339e+02
9403 +2.452448431e+02 +2.452448431e+02 +1.451148431e+02 +1.451148431e+02
9560 +2.391191998e+02 +2.391191998e+02 +1.389891998e+02 +1.389891998e+02
9637 +2.340403493e+02 +2.340403493e+02 +1.339103493e+02 +1.339103493e+02
9766 +2.286250127e+02 +2.286250127e+02 +1.284950127e+02 +1.284950127e+02
9889 +2.225244501e+02 +2.225244501e+02 +1.223944501e+02 +1.223944501e+02
10070 +2.185954414e+02 +2.185954414e+02 +1.184654414e+02 +1.184654414e+02
10538 +2.137343996e+02 +2.137343996e+02 +1.136043996e+02 +1.136043996e+02
