% function evaluation | noise-free fitness - Fopt (1.026100000000e+02) | best noise-free fitness - Fopt | measured fitness | best measured fitness | x1 | x2...
1 +1.386956331e+02 +1.386956331e+02 +2.413056331e+02 +2.413056331e+02 +0.0000e+00 +0.0000e+00 +0.0000e+00 +0.0000e+00 +0.0000e+00 +0.0000e+00 +0.0000e+00 +0.0000e+00 +0.0000e+00 +0.0000e+00
16 +1.002905878e+02 +1.002905878e+02 +2.029005878e+02 +2.029005878e+02 -1.9270e+00 -1.2090e+00 -2.0581e+00 +3.5308e+00 -9.3993e-01 +4.0926e-01 -6.1587e-01 +3.1998e-01 +7.9831e-01 +8.6331e-01
30 +8.863050253e+01 +8.863050253e+01 +1.912405025e+02 +1.912405025e+02 -1.7387e+00 -1.5976e+00 -2.7456e+00 +1.7040e+00 -1.3419e+00 +9.5011e-01 +2.5782e-01 +2.1284e-01 +1.8949e+00 +1.1448e+00
220 +8.160239476e+01 +8.160239476e+01 +1.842123948e+02 +1.842123948e+02 -5.2663e-01 -2.1809e+00 -1.7326e+00 +2.4562e+00 +4.2833e-01 +1.0750e+00 +1.3201e+00 +9.3413e-02 -3.4633e-01 +1.0011e+00
532 +7.780246091e+01 +7.780246091e+01 +1.804124609e+02 +1.804124609e+02 -9.0776e-01 -2.4685e+00 -4.1079e-01 +1.6094e+00 -2.0793e+00 +1.8197e+00 +2.1186e+00 +4.7293e-01 +1.2224e+00 +1.8363e+00
896 +6.993830198e+01 +6.993830198e+01 +1.725483020e+02 +1.725483020e+02 -5.7758e-01 -1.8331e+00 -1.0228e+00 +2.4891e+00 -1.1530e+00 +2.1973e+00 +1.0411e+00 +1.7223e-01 +1.2515e+00 +2.5708e+00
1021 +5.612485440e+01 +5.612485440e+01 +1.587348544e+02 +1.587348544e+02 -1.3502e+00 -1.1563e+00 -8.5504e-01 +2.7983e+00 -1.5680e+00 +1.7938e+00 +1.2533e+00 -5.8688e-01 +1.0046e+00 +2.4286e+00
6147 +5.004277375e+01 +5.004277375e+01 +1.526527737e+02 +1.526527737e+02 +8.7002e-02 -1.5400e+00 -7.6749e-02 +8.1695e-01 -2.8946e+00 +6.2606e-01 +4.3364e-01 -1.3626e+00 +1.7158e+00 +1.2399e+00
6318 +4.618239979e+01 +4.618239979e+01 +1.487923998e+02 +1.487923998e+02 +1.0253e-01 -1.5512e+00 -9.0887e-02 +8.3442e-01 -2.9085e+00 +6.1923e-01 +4.2745e-01 -1.3488e+00 +1.7169e+00 +1.2396e+00
6319 +4.566334266e+01 +4.566334266e+01 +1.482733427e+02 +1.482733427e+02 +1.0591e-01 -1.5601e+00 -9.6141e-02 +8.3107e-01 -2.9061e+00 +6.1262e-01 +4.2182e-01 -1.3403e+00 +1.7192e+00 +1.2344e+00
6322 +4.465622895e+01 +4.465622895e+01 +1.472662289e+02 +1.472662289e+02 +1.0748e-01 -1.5806e+00 -9.2646e-02 +8.3038e-01 -2.9024e+00 +6.2824e-01 +4.1024e-01 -1.3461e+00 +1.7198e+00 +1.2297e+00
6323 +4.152572443e+01 +4.152572443e+01 +1.441357244e+02 +1.441357244e+02 +9.3593e-02 -1.5414e+00 -8.6450e-02 +8.1272e-01 -2.8976e+00 +6.2233e-01 +4.1725e-01 -1.3422e+00 +1.7158e+00 +1.2359e+00
6335 +3.873380540e+01 +3.873380540e+01 +1.413438054e+02 +1.413438054e+02 +9.8784e-02 -1.5509e+00 -8.4228e-02 +8.1794e-01 -2.8959e+00 +6.2528e-01 +4.2253e-01 -1.3401e+00 +1.7152e+00 +1.2362e+00
6362 +3.717433724e+01 +3.717433724e+01 +1.397843372e+02 +1.397843372e+02 +9.5428e-02 -1.5503e+00 -8.1052e-02 +8.2216e-01 -2.8991e+00 +6.2263e-01 +4.2335e-01 -1.3350e+00 +1.7166e+00 +1.2349e+00
6387 +3.693494141e+01 +3.693494141e+01 +1.395449414e+02 +1.395449414e+02 +1.0262e-01 -1.5465e+00 -8.4206e-02 +8.1813e-01 -2.8966e+00 +6.2718e-01 +4.2059e-01 -1.3397e+00 +1.7168e+00 +1.2349e+00
6425 +3.574223068e+01 +3.574223068e+01 +1.383522307e+02 +1.383522307e+02 +1.0016e-01 -1.5485e+00 -8.1255e-02 +8.1268e-01 -2.8954e+00 +6.3616e-01 +4.1373e-01 -1.3357e+00 +1.7163e+00 +1.2259e+00
6451 +3.500004988e+01 +3.500004988e+01 +1.376100499e+02 +1.376100499e+02 +1.0377e-01 -1.5478e+00 -8.1599e-02 +8.1435e-01 -2.8940e+00 +6.2754e-01 +4.1140e-01 -1.3359e+00 +1.7181e+00 +1.2225e+00
6481 +3.441563657e+01 +3.441563657e+01 +1.370256366e+02 +1.370256366e+02 +1.0140e-01 -1.5497e+00 -8.2815e-02 +8.1920e-01 -2.8963e+00 +6.2844e-01 +4.1655e-01 -1.3350e+00 +1.7192e+00 +1.2258e+00
6545 +3.374296192e+01 +3.374296192e+01 +1.363529619e+02 +1.363529619e+02 +1.0559e-01 -1.5512e+00 -8.4407e-02 +8.1520e-01 -2.8976e+00 +6.2947e-01 +4.1279e-01 -1.3350e+00 +1.7212e+00 +1.2212e+00
6613 +3.304136712e+01 +3.304136712e+01 +1.356513671e+02 +1.356513671e+02 +1.0820e-01 -1.5455e+00 -8.4825e-02 +8.1281e-01 -2.8958e+00 +6.3219e-01 +4.1038e-01 -1.3304e+00 +1.7236e+00 +1.2219e+00
6762 +3.233560720e+01 +3.233560720e+01 +1.349456072e+02 +1.349456072e+02 +1.0879e-01 -1.5365e+00 -8.5673e-02 +8.0693e-01 -2.8925e+00 +6.3544e-01 +4.0397e-01 -1.3195e+00 +1.7247e+00 +1.2172e+00
% function evaluation | noise-free fitness - Fopt (9.330000000000e+01) | best noise-free fitness - Fopt | measured fitness | best measured fitness | x1 | x2...
1 +1.432620636e+02 +1.432620636e+02 +2.365620636e+02 +2.365620636e+02 +0.0000e+00 +0.0000e+00 +0.0000e+00 +0.0000e+00 +0.0000e+00 +0.0000e+00 +0.0000e+00 +0.0000e+00 +0.0000e+00 +0.0000e+00
6 +1.325657529e+02 +1.325657529e+02 +2.258657529e+02 +2.258657529e+02 -1.7171e+00 +1.0918e+00 +7.3777e-02 -8.4678e-01 -4.3529e-01 +9.0406e-01 +8.3254e-01 -1.8591e-01 +3.2383e-01 -1.2208e+00
100 +1.315434904e+02 +1.315434904e+02 +2.248434904e+02 +2.248434904e+02 -3.9484e+00 +1.9437e+00 +6.6854e-01 -2.8470e+00 +2.3287e+00 -1.7528e+00 +2.0125e+00 +3.4656e-01 -1.2663e+00 +2.2954e-02
104 +1.209311844e+02 +1.209311844e+02 +2.142311844e+02 +2.142311844e+02 -2.3561e+00 +8.1149e-01 +5.2197e-01 -2.3190e+00 +2.7198e+00 -2.5834e+00 +1.9067e+00 -2.5066e-01 -8.5883e-01 +4.3788e-01
137 +1.027637024e+02 +1.027637024e+02 +1.960637024e+02 +1.960637024e+02 -2.6997e+00 +6.5321e-01 -6.2928e-01 -5.8447e-01 +2.1245e+00 -1.2899e+00 +1.9349e+00 +6.3134e-01 -7.2690e-01 +2.0374e-01
177 +8.595827294e+01 +8.595827294e+01 +1.792582729e+02 +1.792582729e+02 -2.3976e+00 +1.4397e+00 -1.3446e+00 -1.4254e+00 +9.1686e-01 -1.4387e+00 +2.2987e+00 +6.3163e-01 +8.3867e-02 +1.1256e+00
206 +7.498802967e+01 +7.498802967e+01 +1.682880297e+02 +1.682880297e+02 -4.1458e-01 +2.0114e+00 -1.5811e+00 -1.5800e+00 +6.4716e-01 -1.7009e+00 +5.7951e-01 +9.3727e-01 +4.7120e-01 +2.4455e+00
755 +6.865980259e+01 +6.865980259e+01 +1.619598026e+02 +1.619598026e+02 -1.9450e+00 +7.7027e-01 -2.2574e+00 -1.3325e+00 +1.6298e+00 -2.7261e+00 +7.2870e-01 +2.3187e+00 +2.0940e+00 +2.6495e+00
1016 +6.171391385e+01 +6.171391385e+01 +1.550139138e+02 +1.550139138e+02 -2.2549e+00 +1.1732e+00 -1.4691e+00 -1.1859e+00 +2.1027e+00 -2.8379e+00 +1.2470e+00 +1.4597e+00 +1.4508e+00 +1.4849e+00
1115 +5.442012178e+01 +5.442012178e+01 +1.477201218e+02 +1.477201218e+02 -2.5254e+00 +1.2751e+00 -1.5004e+00 -8.2323e-01 +2.0751e+00 -1.9724e+00 +8.1495e-01 +1.6825e+00 +1.2221e+00 +1.5853e+00
1391 +5.136874969e+01 +5.136874969e+01 +1.446687497e+02 +1.446687497e+02 -2.3585e+00 +1.7587e+00 -1.1787e+00 -9.9633e-01 +2.1669e+00 -2.1843e+00 +8.6292e-01 +1.6558e+00 +1.8306e+00 +1.2186e+00
1463 +4.894529302e+01 +4.894529302e+01 +1.422452930e+02 +1.422452930e+02 -2.4102e+00 +1.6526e+00 -1.1227e+00 -1.0079e+00 +2.1850e+00 -2.2199e+00 +8.7803e-01 +1.6760e+00 +1.7467e+00 +1.2057e+00
1545 +4.685943672e+01 +4.685943672e+01 +1.401594367e+02 +1.401594367e+02 -2.3947e+00 +1.6866e+00 -1.1388e+00 -1.0065e+00 +2.1792e+00 -2.2305e+00 +8.9240e-01 +1.6804e+00 +1.7594e+00 +1.1673e+00
1600 +3.469640924e+01 +3.469640924e+01 +1.279964092e+02 +1.279964092e+02 -2.3791e+00 +1.6859e+00 -1.1494e+00 -1.0150e+00 +2.1884e+00 -2.2374e+00 +8.9086e-01 +1.6964e+00 +1.7400e+00 +1.1599e+00
1604 +3.315366395e+01 +3.315366395e+01 +1.264536639e+02 +1.264536639e+02 -2.3945e+00 +1.6933e+00 -1.1469e+00 -1.0027e+00 +2.1922e+00 -2.2129e+00 +8.9044e-01 +1.7033e+00 +1.7462e+00 +1.1490e+00
1639 +2.945610050e+01 +2.945610050e+01 +1.227561005e+02 +1.227561005e+02 -2.3905e+00 +1.6944e+00 -1.1413e+00 -1.0109e+00 +2.1796e+00 -2.2123e+00 +8.8037e-01 +1.7164e+00 +1.7434e+00 +1.1591e+00
1644 +2.712723285e+01 +2.712723285e+01 +1.204272328e+02 +1.204272328e+02 -2.3988e+00 +1.7009e+00 -1.1244e+00 -1.0085e+00 +2.1855e+00 -2.2079e+00 +8.9615e-01 +1.7129e+00 +1.7389e+00 +1.1671e+00
1712 +2.244041200e+01 +2.244041200e+01 +1.157404120e+02 +1.157404120e+02 -2.3879e+00 +1.6924e+00 -1.1199e+00 -9.8821e-01 +2.1925e+00 -2.2277e+00 +8.8083e-01 +1.7103e+00 +1.7359e+00 +1.1703e+00
1718 +2.238126635e+01 +2.238126635e+01 +1.156812664e+02 +1.156812664e+02 -2.3870e+00 +1.6889e+00 -1.1268e+00 -1.0065e+00 +2.1836e+00 -2.2223e+00 +8.8191e-01 +1.7097e+00 +1.7369e+00 +1.1586e+00
1765 +1.995580973e+01 +1.995580973e+01 +1.132558097e+02 +1.132558097e+02 -2.3779e+00 +1.6967e+00 -1.1265e+00 -1.0077e+00 +2.1893e+00 -2.2179e+00 +8.7123e-01 +1.7117e+00 +1.7143e+00 +1.1660e+00
1787 +1.968153371e+01 +1.968153371e+01 +1.129815337e+02 +1.129815337e+02 -2.3828e+00 +1.6961e+00 -1.1208e+00 -1.0069e+00 +2.1927e+00 -2.2053e+00 +8.7388e-01 +1.7084e+00 +1.7146e+00 +1.1587e+00
1842 +1.887498505e+01 +1.887498505e+01 +1.121749851e+02 +1.121749851e+02 -2.3851e+00 +1.6942e+00 -1.1192e+00 -1.0068e+00 +2.1920e+00 -2.2095e+00 +8.7385e-01 +1.7086e+00 +1.7183e+00 +1.1490e+00
1875 +1.855618853e+01 +1.855618853e+01 +1.118561885e+02 +1.118561885e+02 -2.3851e+00 +1.6897e+00 -1.1187e+00 -1.0072e+00 +2.1909e+00 -2.2144e+00 +8.6794e-01 +1.7011e+00 +1.7171e+00 +1.1638e+00
1895 +1.818477162e+01 +1.818477162e+01 +1.114847716e+02 +1.114847716e+02 -2.3822e+00 +1.6937e+00 -1.1195e+00 -1.0057e+00 +2.1908e+00 -2.2158e+00 +8.6708e-01 +1.7039e+00 +1.7156e+00 +1.1618e+00
1999 +1.769237630e+01 +1.769237630e+01 +1.109923763e+02 +1.109923763e+02 -2.3844e+00 +1.6945e+00 -1.1181e+00 -1.0062e+00 +2.1920e+00 -2.2150e+00 +8.6402e-01 +1.7048e+00 +1.7122e+00 +1.1550e+00
% function evaluation | noise-free fitness - Fopt (1.364000000000e+01) | best noise-free fitness - Fopt | measured fitness | best measured fitness | x1 | x2...
1 +1.533351914e+02 +1.533351914e+02 +1.669751914e+02 +1.669751914e+02 +0.0000e+00 +0.0000e+00 +0.0000e+00 +0.0000e+00 +0.0000e+00 +0.0000e+00 +0.0000e+00 +0.0000e+00 +0.0000e+00 +0.0000e+00
2 +1.465827020e+02 +1.465827020e+02 +1.602227020e+02 +1.602227020e+02 +1.6537e-02 -1.3918e+00 -5.7555e-01 -2.6860e-01 +1.0776e+00 +4.5129e-03 -9.4730e-01 +1.0328e+00 +1.7519e-01 +2.7382e-01
3 +1.387160182e+02 +1.387160182e+02 +1.523560182e+02 +1.523560182e+02 -7.4582e-01 -6.7188e-01 +6.1664e-01 -1.8140e-01 -4.0032e-01 +4.8230e-03 +9.6102e-01 -1.4290e+00 +2.9863e-01 +2.2152e-01
94 +1.298059532e+02 +1.298059532e+02 +1.434459532e+02 +1.434459532e+02 +5.2893e-01 -1.6904e+00 +2.7224e+00 +1.1500e+00 +2.3638e-01 -1.5036e+00 +9.9049e-01 -1.1257e+00 -1.7032e-01 +2.3574e+00
105 +9.895575940e+01 +9.895575940e+01 +1.125957594e+02 +1.125957594e+02 +6.6648e-01 -1.4244e+00 +1.7678e+00 +1.2175e+00 +1.6683e+00 -2.0764e+00 -2.4840e-02 -1.1364e+00 +3.0065e-01 +1.3124e+00
305 +9.441074177e+01 +9.441074177e+01 +1.080507418e+02 +1.080507418e+02 +1.0049e+00 -2.7658e+00 +3.1371e-01 +1.4413e+00 +3.8806e-01 -1.5107e+00 -1.3535e-01 +4.8490e-01 +1.1729e+00 +1.1281e+00
318 +8.701483621e+01 +8.701483621e+01 +1.006548362e+02 +1.006548362e+02 +1.0422e+00 -2.1411e+00 +5.0021e-01 +1.9477e+00 +1.9919e-01 -9.6149e-01 -2.5232e-01 -2.1979e-01 +1.0372e+00 +1.6634e+00
429 +8.001075894e+01 +8.001075894e+01 +9.365075894e+01 +9.365075894e+01 +3.9643e-01 -2.7955e+00 +6.7552e-01 +2.0991e+00 +8.7176e-01 -1.1806e+00 +2.4516e-01 +8.7092e-01 +8.4141e-01 +1.5085e+00
548 +7.902177451e+01 +7.902177451e+01 +9.266177451e+01 +9.266177451e+01 -3.7246e-01 -3.2507e+00 +2.6687e-01 +1.9474e+00 +2.1737e-01 -1.0966e+00 -5.8503e-01 +2.0273e+00 +7.0841e-01 +2.2014e+00
632 +6.971839525e+01 +6.971839525e+01 +8.335839525e+01 +8.335839525e+01 -1.1796e+00 -2.6879e+00 +3.9014e-01 +1.8023e+00 +1.6042e-01 -6.8890e-01 -2.0606e-01 +1.4527e+00 +5.6168e-01 +3.5030e+00
1686 +5.222564164e+01 +5.222564164e+01 +6.586564164e+01 +6.586564164e+01 -1.3787e+00 -2.4369e+00 +1.2138e+00 +1.2306e+00 +1.4068e+00 -1.0948e+00 +5.3137e-01 +1.3565e+00 +1.2313e+00 +1.6846e+00
2374 +5.025615682e+01 +5.025615682e+01 +6.389615682e+01 +6.389615682e+01 -1.0765e+00 -3.4134e+00 +1.2394e+00 +1.2127e+00 +1.7964e+00 -9.2217e-01 +1.8440e-01 +1.0904e+00 +6.3653e-01 +2.1414e+00
2386 +4.982938635e+01 +4.982938635e+01 +6.346938635e+01 +6.346938635e+01 -1.0812e+00 -3.4081e+00 +1.2455e+00 +1.2126e+00 +1.7990e+00 -9.0298e-01 +1.8256e-01 +1.0762e+00 +6.3199e-01 +2.1471e+00
2402 +4.884442930e+01 +4.884442930e+01 +6.248442930e+01 +6.248442930e+01 -1.0793e+00 -3.4035e+00 +1.2450e+00 +1.2074e+00 +1.8008e+00 -9.0601e-01 +1.7528e-01 +1.0636e+00 +6.4409e-01 +2.1323e+00
2435 +4.710372943e+01 +4.710372943e+01 +6.074372943e+01 +6.074372943e+01 -1.0945e+00 -3.4137e+00 +1.2418e+00 +1.2041e+00 +1.8026e+00 -8.9912e-01 +1.8277e-01 +1.0894e+00 +6.2145e-01 +2.1324e+00
2453 +4.642001169e+01 +4.642001169e+01 +6.006001169e+01 +6.006001169e+01 -1.0988e+00 -3.4361e+00 +1.2350e+00 +1.2063e+00 +1.8028e+00 -9.1151e-01 +1.8812e-01 +1.0943e+00 +6.2918e-01 +2.1274e+00
2466 +4.355163246e+01 +4.355163246e+01 +5.719163246e+01 +5.719163246e+01 -1.1017e+00 -3.4223e+00 +1.2297e+00 +1.2000e+00 +1.7969e+00 -9.0484e-01 +1.9162e-01 +1.0905e+00 +6.2052e-01 +2.1288e+00
2473 +4.200077450e+01 +4.200077450e+01 +5.564077450e+01 +5.564077450e+01 -1.1057e+00 -3.4265e+00 +1.2253e+00 +1.2078e+00 +1.7980e+00 -9.0335e-01 +1.8614e-01 +1.0902e+00 +6.2471e-01 +2.1177e+00
2497 +4.074318737e+01 +4.074318737e+01 +5.438318737e+01 +5.438318737e+01 -1.1172e+00 -3.4396e+00 +1.2253e+00 +1.2115e+00 +1.7907e+00 -8.9861e-01 +1.9335e-01 +1.1012e+00 +6.1785e-01 +2.1231e+00
2539 +3.950733667e+01 +3.950733667e+01 +5.314733667e+01 +5.314733667e+01 -1.1200e+00 -3.4382e+00 +1.2295e+00 +1.2031e+00 +1.7900e+00 -9.0690e-01 +1.9725e-01 +1.1042e+00 +6.2295e-01 +2.1360e+00
2564 +3.842256357e+01 +3.842256357e+01 +5.206256357e+01 +5.206256357e+01 -1.1193e+00 -3.4494e+00 +1.2333e+00 +1.2037e+00 +1.7867e+00 -9.0356e-01 +1.9393e-01 +1.1133e+00 +6.2395e-01 +2.1437e+00
2566 +3.798541081e+01 +3.798541081e+01 +5.162541081e+01 +5.162541081e+01 -1.1276e+00 -3.4576e+00 +1.2385e+00 +1.2012e+00 +1.7800e+00 -9.0201e-01 +1.9594e-01 +1.1157e+00 +6.2798e-01 +2.1489e+00
2591 +3.580800946e+01 +3.580800946e+01 +4.944800946e+01 +4.944800946e+01 -1.1242e+00 -3.4631e+00 +1.2360e+00 +1.2050e+00 +1.7736e+00 -8.9830e-01 +1.9290e-01 +1.1137e+00 +6.3697e-01 +2.1547e+00
2597 +3.527930883e+01 +3.527930883e+01 +4.891930883e+01 +4.891930883e+01 -1.1258e+00 -3.4613e+00 +1.2325e+00 +1.2097e+00 +1.7688e+00 -8.9703e-01 +1.9328e-01 +1.1106e+00 +6.3920e-01 +2.1513e+00
2658 +3.443457516e+01 +3.443457516e+01 +4.807457516e+01 +4.807457516e+01 -1.1432e+00 -3.4620e+00 +1.2377e+00 +1.2101e+00 +1.7761e+00 -8.8756e-01 +1.8645e-01 +1.1062e+00 +6.4468e-01 +2.1443e+00
2742 +3.385852400e+01 +3.385852400e+01 +4.749852400e+01 +4.749852400e+01 -1.1321e+00 -3.4525e+00 +1.2340e+00 +1.2077e+00 +1.7737e+00 -8.9563e-01 +1.9143e-01 +1.1014e+00 +6.4525e-01 +2.1438e+00
2800 +3.303960262e+01 +3.303960262e+01 +4.667960262e+01 +4.667960262e+01 -1.1334e+00 -3.4529e+00 +1.2344e+00 +1.2016e+00 +1.7716e+00 -8.9696e-01 +1.8891e-01 +1.0983e+00 +6.5124e-01 +2.1460e+00
2935 +3.232958920e+01 +3.232958920e+01 +4.596958920e+01 +4.596958920e+01 -1.1373e+00 -3.4561e+00 +1.2333e+00 +1.2025e+00 +1.7716e+00 -8.8838e-01 +1.8680e-01 +1.0983e+00 +6.5444e-01 +2.1413e+00
% function evaluation | noise-free fitness - Fopt (1.948000000000e+02) | best noise-free fitness - Fopt | measured fitness | best measured fitness | x1 | x2...
1 +1.947008140e+02 +1.947008140e+02 +3.895008140e+02 +3.895008140e+02 +0.0000e+00 +0.0000e+00 +0.0000e+00 +0.0000e+00 +0.0000e+00 +0.0000e+00 +0.0000e+00 +0.0000e+00 +0.0000e+00 +0.0000e+00
2 +1.596972361e+02 +1.596972361e+02 +3.544972361e+02 +3.544972361e+02 -7.9507e-01 +1.0443e+00 +1.1301e+00 +1.1706e+00 -4.1644e-01 +4.2859e-01 -7.8221e-02 -6.9912e-01 +1.3405e+00 -8.9054e-01
3 +1.360853655e+02 +1.360853655e+02 +3.308853655e+02 +3.308853655e+02 +6.8988e-01 +1.1747e+00 +1.0687e-01 -7.9788e-02 +5.2221e-02 -7.2901e-01 +3.6458e-01 +8.0096e-01 -6.7994e-01 -1.2536e+00
20 +1.108936481e+02 +1.108936481e+02 +3.056936481e+02 +3.056936481e+02 +6.0438e-01 +9.6720e-01 -3.4142e-01 +2.7487e+00 +3.7116e-02 +7.9676e-01 -8.1600e-01 -1.1201e+00 +1.2060e+00 +2.1345e+00
69 +8.335472824e+01 +8.335472824e+01 +2.781547282e+02 +2.781547282e+02 +1.8114e-01 +8.2275e-01 +6.7213e-02 +5.8625e-01 +3.5560e-01 -2.1673e-01 -5.9467e-01 -1.3117e+00 +2.1114e+00 +9.7929e-01
137 +7.868608115e+01 +7.868608115e+01 +2.734860812e+02 +2.734860812e+02 +2.8575e-01 +1.6671e+00 -1.1494e+00 +1.7742e+00 +2.5103e-01 +4.6857e-01 -1.7858e+00 -1.1344e+00 +1.9083e+00 +2.8982e+00
200 +7.134091317e+01 +7.134091317e+01 +2.661409132e+02 +2.661409132e+02 +1.9816e-01 +1.4360e+00 -8.1173e-01 +9.1750e-01 +3.5373e-02 -4.0174e-01 -1.2402e+00 -1.3581e+00 +1.8411e+00 +1.4356e+00
259 +6.657665668e+01 +6.657665668e+01 +2.613766567e+02 +2.613766567e+02 +1.2683e-01 +1.9813e+00 -1.2860e+00 +5.0593e-01 +8.3021e-01 -1.0773e+00 -1.1553e+00 -6.8488e-01 +1.4154e+00 +8.1868e-01
660 +5.709758861e+01 +5.709758861e+01 +2.518975886e+02 +2.518975886e+02 -1.3081e-01 +1.8487e+00 -2.6194e+00 +1.9407e+00 +9.3236e-01 -2.1470e-01 -1.0833e+00 -7.2190e-01 +1.4187e+00 +9.2034e-01
2109 +4.860398248e+01 +4.860398248e+01 +2.434039825e+02 +2.434039825e+02 +7.8983e-01 +1.4596e+00 -1.1231e+00 +1.0617e+00 +1.6109e+00 -1.0861e+00 -1.7951e+00 +1.0601e-01 +2.8730e+00 +1.8149e+00
4442 +4.727789717e+01 +4.727789717e+01 +2.420778972e+02 +2.420778972e+02 +4.0134e-01 +6.9715e-01 -3.5850e-01 +4.7195e-01 +1.4576e+00 -1.9476e-01 -1.5359e+00 +3.8769e-01 +2.6819e+00 -2.8120e-01
4621 +4.650283181e+01 +4.650283181e+01 +2.413028318e+02 +2.413028318e+02 +3.9760e-01 +6.8705e-01 -3.6644e-01 +4.8940e-01 +1.4584e+00 -1.8314e-01 -1.5359e+00 +3.8359e-01 +2.6796e+00 -2.8923e-01
4652 +4.539114678e+01 +4.539114678e+01 +2.401911468e+02 +2.401911468e+02 +4.0196e-01 +6.9123e-01 -3.5752e-01 +4.9886e-01 +1.4448e+00 -1.5354e-01 -1.5307e+00 +3.7847e-01 +2.6831e+00 -2.8811e-01
4763 +4.430025537e+01 +4.430025537e+01 +2.391002554e+02 +2.391002554e+02 +3.9702e-01 +6.9374e-01 -3.5868e-01 +4.9015e-01 +1.4500e+00 -1.6906e-01 -1.5279e+00 +3.7560e-01 +2.6781e+00 -2.8868e-01
4881 +4.363055603e+01 +4.363055603e+01 +2.384305560e+02 +2.384305560e+02 +3.9458e-01 +6.9883e-01 -3.5728e-01 +4.9013e-01 +1.4512e+00 -1.6306e-01 -1.5264e+00 +3.7353e-01 +2.6808e+00 -2.8468e-01
% function evaluation | noise-free fitness - Fopt (-1.335900000000e+02) | best noise-free fitness - Fopt | measured fitness | best measured fitness | x1 | x2...
1 +1.778421450e+02 +1.778421450e+02 +4.425214496e+01 +4.425214496e+01 +0.0000e+00 +0.0000e+00 +0.0000e+00 +0.0000e+00 +0.0000e+00 +0.0000e+00 +0.0000e+00 +0.0000e+00 +0.0000e+00 +0.0000e+00
2 +1.574422316e+02 +1.574422316e+02 +2.385223163e+01 +2.385223163e+01 -9.9708e-01 +1.1597e+00 -7.3202e-01 -6.0680e-01 +1.8923e+00 -1.5097e+00 -1.9370e+00 +6.8905e-01 -3.6923e-02 +5.8015e-01
4 +1.408406365e+02 +1.408406365e+02 +7.250636511e+00 +7.250636511e+00 -7.4629e-01 +1.7318e+00 +1.2081e+00 +7.6075e-01 -1.7207e+00 -5.9975e-01 +3.4933e-01 -5.0083e-01 +5.7413e-01 -7.6518e-02
19 +1.213342361e+02 +1.213342361e+02 -1.225576392e+01 -1.225576392e+01 -8.0175e-01 +3.1888e+00 +1.3171e+00 +7.3467e-01 -1.9399e+00 -5.5165e-01 +9.5801e-01 -2.2641e+00 +1.1107e+00 +7.7363e-01
99 +1.034865807e+02 +1.034865807e+02 -3.010341926e+01 -3.010341926e+01 -3.4534e-01 +3.7891e+00 +5.4504e-01 +6.8659e-01 -1.4372e-01 -6.5471e-01 +3.4844e-01 -2.5859e+00 +4.3556e-01 +1.1923e+00
163 +8.739928165e+01 +8.739928165e+01 -4.619071835e+01 -4.619071835e+01 -1.2038e+00 +6.2188e-01 +1.8464e+00 -1.3580e+00 +1.2985e+00 +3.0710e+00 +2.7355e+00 -9.4461e-01 -2.0039e+00 +1.1362e+00
196 +7.804577996e+01 +7.804577996e+01 -5.554422004e+01 -5.554422004e+01 -6.7870e-01 +1.3349e+00 +1.5718e+00 -4.5251e-01 -4.2657e-01 +2.2538e+00 +2.0425e+00 -1.4699e+00 -1.7648e+00 +1.0963e+00
878 +7.653847928e+01 +7.653847928e+01 -5.705152072e+01 -5.705152072e+01 -1.2751e+00 +2.9110e+00 +2.7223e+00 -1.8199e+00 -2.4598e+00 +1.7128e+00 +1.9703e-01 -2.1839e+00 -2.7666e+00 +2.3765e+00
1223 +7.435298332e+01 +7.435298332e+01 -5.923701668e+01 -5.923701668e+01 -8.3747e-01 +8.2984e-01 +2.4159e-01 -1.5203e+00 -2.3886e+00 +1.7225e+00 +1.7580e+00 -1.0013e-01 -1.1021e+00 +4.3033e-01
1313 +6.821829461e+01 +6.821829461e+01 -6.537170539e+01 -6.537170539e+01 -1.4748e+00 +1.3087e+00 -1.6729e-01 -1.4582e+00 -2.3213e+00 +1.7165e+00 +2.0079e+00 -3.5425e-01 -8.9455e-01 +1.2806e-01
1389 +6.262518946e+01 +6.262518946e+01 -7.096481054e+01 -7.096481054e+01 -4.7593e-01 +1.5819e+00 +4.7578e-01 -8.5170e-01 -1.8293e+00 +6.7964e-01 +1.4068e+00 -5.0969e-01 -1.8131e+00 +2.3424e-01
1430 +6.026745156e+01 +6.026745156e+01 -7.332254844e+01 -7.332254844e+01 -9.0298e-01 +1.0174e+00 +8.3922e-01 -9.5978e-01 -1.6845e+00 +4.4061e-01 +9.7475e-01 -7.4957e-01 -1.8872e+00 +3.8385e-03
3555 +6.023029091e+01 +6.023029091e+01 -7.335970909e+01 -7.335970909e+01 +4.7920e-02 +1.7581e-01 +2.0189e+00 +9.5953e-01 -1.9326e+00 +1.2231e+00 +1.2405e-01 -9.3991e-02 -2.5090e+00 +3.6029e+00
% function evaluation | noise-free fitness - Fopt (1.198100000000e+02) | best noise-free fitness - Fopt | measured fitness | best measured fitness | x1 | x2...
1 +1.805157789e+02 +1.805157789e+02 +3.003257789e+02 +3.003257789e+02 +0.0000e+00 +0.0000e+00 +0.0000e+00 +0.0000e+00 +0.0000e+00 +0.0000e+00 +0.0000e+00 +0.0000e+00 +0.0000e+00 +0.0000e+00
2 +1.352113166e+02 +1.352113166e+02 +2.550213166e+02 +2.550213166e+02 +1.4045e+00 +2.3599e-01 +9.7073e-01 -2.5132e+00 +1.3764e+00 +4.3537e-01 +1.4045e+00 +1.2114e+00 -5.4339e-01 -3.8893e-02
10 +1.231701916e+02 +1.231701916e+02 +2.429801916e+02 +2.429801916e+02 +1.0959e+00 +1.2029e+00 -2.8152e-01 -1.0643e+00 +1.9868e+00 -9.4633e-01 +1.9988e+00 +2.5234e-01 +2.2105e-01 -1.5485e+00
23 +1.191396753e+02 +1.191396753e+02 +2.389496753e+02 +2.389496753e+02 +5.9772e-01 -5.6107e-01 -7.2863e-01 -3.3955e-01 +1.9344e+00 -1.4530e+00 +2.7061e+00 +5.0665e-02 +1.6673e-01 -1.0312e+00
31 +1.165588918e+02 +1.165588918e+02 +2.363688918e+02 +2.363688918e+02 +2.8270e+00 -6.9100e-01 -1.1390e+00 -1.3826e+00 +2.0968e+00 -2.2866e+00 +3.2761e+00 -1.5426e+00 -2.5240e-01 -9.1873e-01
40 +1.103872627e+02 +1.103872627e+02 +2.301972627e+02 +2.301972627e+02 +3.1662e+00 -1.3002e-01 -1.6858e+00 -2.0640e+00 +2.6471e+00 -2.3180e+00 +2.2007e+00 -1.5189e+00 -1.2465e-01 -2.2154e+00
67 +8.414825929e+01 +8.414825929e+01 +2.039582593e+02 +2.039582593e+02 +1.0222e+00 -1.0485e+00 -3.0024e-01 -1.9530e+00 +1.8078e+00 -2.4272e+00 +1.2701e+00 -7.4167e-01 +1.1549e-01 -8.9137e-01
86 +7.859390097e+01 +7.859390097e+01 +1.984039010e+02 +1.984039010e+02 +8.1318e-01 -1.7733e+00 -8.6288e-01 -9.3566e-01 +1.0214e+00 -8.9448e-01 +1.2539e+00 -1.5188e-01 -6.6948e-01 -3.4538e-02
133 +7.581027384e+01 +7.581027384e+01 +1.956202738e+02 +1.956202738e+02 +1.4445e+00 -1.5012e+00 -1.1035e-01 -9.2178e-01 +9.0742e-01 -2.4065e+00 +1.7065e+00 +1.4935e-01 -9.5411e-01 -3.6636e-01
209 +6.574005018e+01 +6.574005018e+01 +1.855500502e+02 +1.855500502e+02 +1.0256e+00 -2.0892e+00 +1.0769e+00 -5.3910e-01 +1.1574e+00 -2.4971e+00 +1.2403e+00 +9.7679e-01 -5.6965e-01 -1.3886e+00
2070 +6.317434373e+01 +6.317434373e+01 +1.829843437e+02 +1.829843437e+02 +2.4144e+00 -1.0622e+00 -9.1358e-01 +5.3254e-01 +2.3340e+00 -1.1957e+00 +2.5574e-01 -7.3711e-01 -2.8343e+00 -9.2259e-01
2084 +6.155791798e+01 +6.155791798e+01 +1.813679180e+02 +1.813679180e+02 +2.4122e+00 -1.0554e+00 -9.1628e-01 +5.2832e-01 +2.3318e+00 -1.1898e+00 +2.6183e-01 -7.3720e-01 -2.8414e+00 -9.2280e-01
2159 +6.012070211e+01 +6.012070211e+01 +1.799307021e+02 +1.799307021e+02 +2.4134e+00 -1.0486e+00 -9.2133e-01 +5.3479e-01 +2.3319e+00 -1.1929e+00 +2.6180e-01 -7.3632e-01 -2.8356e+00 -9.1570e-01
2169 +5.886307885e+01 +5.886307885e+01 +1.786730788e+02 +1.786730788e+02 +2.4136e+00 -1.0429e+00 -9.2401e-01 +5.3892e-01 +2.3335e+00 -1.1938e+00 +2.6421e-01 -7.3566e-01 -2.8363e+00 -9.1198e-01
2193 +5.739399971e+01 +5.739399971e+01 +1.772039997e+02 +1.772039997e+02 +2.4163e+00 -1.0424e+00 -9.1955e-01 +5.3792e-01 +2.3379e+00 -1.1873e+00 +2.6525e-01 -7.3411e-01 -2.8339e+00 -9.0923e-01
2211 +5.608708416e+01 +5.608708416e+01 +1.758970842e+02 +1.758970842e+02 +2.4162e+00 -1.0422e+00 -9.1419e-01 +5.4070e-01 +2.3384e+00 -1.1862e+00 +2.6864e-01 -7.3457e-01 -2.8333e+00 -9.0570e-01
2233 +5.394029629e+01 +5.394029629e+01 +1.737502963e+02 +1.737502963e+02 +2.4153e+00 -1.0330e+00 -9.1671e-01 +5.4707e-01 +2.3373e+00 -1.1824e+00 +2.7146e-01 -7.2866e-01 -2.8382e+00 -9.0238e-01
2255 +5.297121083e+01 +5.297121083e+01 +1.727812108e+02 +1.727812108e+02 +2.4153e+00 -1.0337e+00 -9.1764e-01 +5.5048e-01 +2.3363e+00 -1.1826e+00 +2.7341e-01 -7.2938e-01 -2.8328e+00 -8.9724e-01
2265 +5.220399029e+01 +5.220399029e+01 +1.720139903e+02 +1.720139903e+02 +2.4144e+00 -1.0291e+00 -9.1622e-01 +5.4972e-01 +2.3364e+00 -1.1779e+00 +2.7823e-01 -7.2429e-01 -2.8298e+00 -8.9104e-01
2301 +5.115419831e+01 +5.115419831e+01 +1.709641983e+02 +1.709641983e+02 +2.4244e+00 -1.0095e+00 -9.1233e-01 +5.6532e-01 +2.3352e+00 -1.1702e+00 +2.8605e-01 -7.1402e-01 -2.8380e+00 -8.7831e-01
2336 +4.977094464e+01 +4.977094464e+01 +1.695809446e+02 +1.695809446e+02 +2.4248e+00 -1.0026e+00 -9.1396e-01 +5.7091e-01 +2.3350e+00 -1.1692e+00 +2.8334e-01 -7.1532e-01 -2.8283e+00 -8.7727e-01
2374 +4.884784244e+01 +4.884784244e+01 +1.686578424e+02 +1.686578424e+02 +2.4231e+00 -9.9234e-01 -9.1364e-01 +5.7362e-01 +2.3363e+00 -1.1762e+00 +2.8513e-01 -7.1062e-01 -2.8262e+00 -8.7018e-01
2503 +4.772906084e+01 +4.772906084e+01 +1.675390608e+02 +1.675390608e+02 +2.4279e+00 -9.9720e-01 -9.1354e-01 +5.6975e-01 +2.3388e+00 -1.1803e+00 +2.8563e-01 -7.1576e-01 -2.8335e+00 -8.6304e-01
% function evaluation | noise-free fitness - Fopt (-1.224900000000e+02) | best noise-free fitness - Fopt | measured fitness | best measured fitness | x1 | x2...
1 +1.306338727e+02 +1.306338727e+02 +8.143872662e+00 +8.143872662e+00 +0.0000e+00 +0.0000e+00 +0.0000e+00 +0.0000e+00 +0.0000e+00 +0.0000e+00 +0.0000e+00 +0.0000e+00 +0.0000e+00 +0.0000e+00
81 +7.353558984e+01 +7.353558984e+01 -4.895441016e+01 -4.895441016e+01 -2.3404e+00 +2.9172e+00 -2.3012e+00 +1.5036e+00 -7.0469e-01 -2.0389e+00 +1.7915e+00 +8.1121e-01 -6.6933e-01 -4.2218e-01
306 +7.145788613e+01 +7.145788613e+01 -5.103211387e+01 -5.103211387e+01 -1.5396e+00 +2.0805e+00 -1.7607e+00 +9.6183e-01 -9.9120e-01 -1.7773e-01 +7.8946e-01 +6.1419e-01 -6.9197e-01 -1.2261e+00
332 +6.497133722e+01 +6.497133722e+01 -5.751866278e+01 -5.751866278e+01 -1.4202e+00 +1.2119e+00 -1.1107e+00 +1.7203e+00 -1.0032e+00 -4.4775e-01 +1.3268e+00 +1.8794e+00 +1.6284e-01 -1.1431e+00
563 +6.355011020e+01 +6.355011020e+01 -5.893988980e+01 -5.893988980e+01 -9.3332e-01 +1.1686e+00 -6.3173e-01 +2.4413e+00 -1.0625e+00 -1.2241e+00 +1.2021e+00 +1.5254e+00 -2.0994e-01 -1.6249e+00
699 +5.688166269e+01 +5.688166269e+01 -6.560833731e+01 -6.560833731e+01 -1.8989e-01 +1.3477e+00 +1.1064e-01 +1.4204e+00 -1.4028e+00 -1.4970e+00 +7.8379e-01 +1.1150e+00 -3.5793e-01 -1.4105e+00
2066 +5.564189504e+01 +5.564189504e+01 -6.684810496e+01 -6.684810496e+01 +7.0769e-01 +2.1008e+00 -6.2591e-01 -3.8173e-01 -2.8109e-01 -4.1624e-01 +3.8921e-01 +9.7169e-01 +4.3955e-02 -1.3733e+00
2234 +5.492248499e+01 +5.492248499e+01 -6.756751501e+01 -6.756751501e+01 +6.9965e-01 +2.1173e+00 -6.3474e-01 -3.8293e-01 -2.8899e-01 -4.0959e-01 +3.9055e-01 +9.6341e-01 +5.2610e-02 -1.3652e+00
2256 +5.345973332e+01 +5.345973332e+01 -6.903026668e+01 -6.903026668e+01 +6.9698e-01 +2.1101e+00 -6.2934e-01 -3.8219e-01 -2.8805e-01 -4.1189e-01 +3.9556e-01 +9.7034e-01 +5.2132e-02 -1.3711e+00
2278 +5.236893937e+01 +5.236893937e+01 -7.012106063e+01 -7.012106063e+01 +7.0420e-01 +2.1107e+00 -6.2371e-01 -3.8452e-01 -2.9501e-01 -4.1391e-01 +4.0510e-01 +9.7216e-01 +4.9942e-02 -1.3698e+00
2322 +5.107770170e+01 +5.107770170e+01 -7.141229830e+01 -7.141229830e+01 +7.0823e-01 +2.1201e+00 -6.2233e-01 -3.8943e-01 -2.9649e-01 -4.0773e-01 +4.0475e-01 +9.7341e-01 +5.2248e-02 -1.3736e+00
2371 +5.008653997e+01 +5.008653997e+01 -7.240346003e+01 -7.240346003e+01 +7.1769e-01 +2.1178e+00 -6.2530e-01 -3.8797e-01 -3.0396e-01 -4.1365e-01 +4.1504e-01 +9.8296e-01 +5.3615e-02 -1.3779e+00
2453 +4.868068591e+01 +4.868068591e+01 -7.380931409e+01 -7.380931409e+01 +7.1604e-01 +2.1250e+00 -6.2250e-01 -3.9414e-01 -3.1547e-01 -4.0763e-01 +4.2582e-01 +9.8192e-01 +6.1440e-02 -1.3745e+00
2803 +4.785227454e+01 +4.785227454e+01 -7.463772546e+01 -7.463772546e+01 +7.3110e-01 +2.1304e+00 -6.2010e-01 -3.9235e-01 -3.1245e-01 -4.0239e-01 +4.3515e-01 +9.8258e-01 +6.5111e-02 -1.3760e+00
% function evaluation | noise-free fitness - Fopt (1.829000000000e+01) | best noise-free fitness - Fopt | measured fitness | best measured fitness | x1 | x2...
1 +1.525511169e+02 +1.525511169e+02 +1.708411169e+02 +1.708411169e+02 +0.0000e+00 +0.0000e+00 +0.0000e+00 +0.0000e+00 +0.0000e+00 +0.0000e+00 +0.0000e+00 +0.0000e+00 +0.0000e+00 +0.0000e+00
9 +1.427819765e+02 +1.427819765e+02 +1.610719765e+02 +1.610719765e+02 -1.2018e-01 +3.5496e-01 -2.3002e-01 -3.1327e-01 +4.0496e-01 +1.9852e-01 -6.7253e-01 +3.0531e-02 +8.6580e-01 -4.5209e-01
19 +1.153523703e+02 +1.153523703e+02 +1.336423703e+02 +1.336423703e+02 -8.1820e-01 +8.9890e-01 -5.8991e-01 +1.1257e+00 +1.5077e-01 +3.4864e-01 +2.4747e-01 +1.6679e-01 -1.0810e-01 -6.1167e-01
69 +1.063528311e+02 +1.063528311e+02 +1.246428311e+02 +1.246428311e+02 +1.3835e-01 +2.2111e+00 +2.7741e-01 +2.2388e-01 -7.8013e-01 -1.8742e+00 +6.9237e-01 +1.7159e+00 +2.1061e+00 +1.9455e+00
182 +9.569340929e+01 +9.569340929e+01 +1.139834093e+02 +1.139834093e+02 +1.3092e+00 +1.5827e+00 -6.9266e-01 -2.4120e+00 -1.3673e+00 -1.9968e+00 -6.2170e-01 +1.2108e-01 +7.7045e-01 +1.6816e+00
190 +8.746942516e+01 +8.746942516e+01 +1.057594252e+02 +1.057594252e+02 +1.8275e+00 +2.1099e+00 -8.9097e-01 -1.0796e+00 -1.2297e+00 -1.5375e+00 -5.4863e-01 +3.7890e-01 +6.0669e-01 +1.8957e+00
232 +7.746070857e+01 +7.746070857e+01 +9.575070857e+01 +9.575070857e+01 +8.4458e-01 +2.7860e+00 +1.8724e-01 -1.0145e+00 -1.4927e+00 -1.4061e+00 -3.5274e-01 +8.7550e-03 +8.1715e-01 +1.4807e+00
242 +5.652237797e+01 +5.652237797e+01 +7.481237797e+01 +7.481237797e+01 +1.0796e+00 +2.5277e+00 +6.6148e-01 -1.0216e+00 -1.4033e+00 -9.3270e-01 -5.2739e-01 +1.0686e+00 +9.2560e-01 +1.8485e+00
994 +5.581642165e+01 +5.581642165e+01 +7.410642165e+01 +7.410642165e+01 +4.7326e-01 +2.2779e+00 +2.1830e-01 -2.4705e+00 -1.1540e+00 -1.1056e+00 -8.7151e-01 +6.8669e-01 +1.6093e+00 +1.3215e+00
1013 +4.974826067e+01 +4.974826067e+01 +6.803826067e+01 +6.803826067e+01 +4.8475e-01 +2.2967e+00 +2.2512e-01 -2.4711e+00 -1.1397e+00 -1.1316e+00 -8.8619e-01 +6.9957e-01 +1.5918e+00 +1.3422e+00
1129 +4.483756228e+01 +4.483756228e+01 +6.312756228e+01 +6.312756228e+01 +5.1495e-01 +2.3069e+00 +2.2553e-01 -2.4472e+00 -1.1397e+00 -1.1437e+00 -8.7752e-01 +6.7962e-01 +1.6082e+00 +1.3251e+00
1136 +4.200216624e+01 +4.200216624e+01 +6.029216624e+01 +6.029216624e+01 +5.0803e-01 +2.3085e+00 +2.2818e-01 -2.4436e+00 -1.1334e+00 -1.1459e+00 -8.7690e-01 +6.7534e-01 +1.6089e+00 +1.3274e+00
1143 +3.874904127e+01 +3.874904127e+01 +5.703904127e+01 +5.703904127e+01 +5.1790e-01 +2.3067e+00 +2.2232e-01 -2.4392e+00 -1.1242e+00 -1.1564e+00 -8.7139e-01 +6.6843e-01 +1.6089e+00 +1.3227e+00
1154 +3.747848946e+01 +3.747848946e+01 +5.576848946e+01 +5.576848946e+01 +5.0047e-01 +2.3049e+00 +2.3078e-01 -2.4303e+00 -1.1245e+00 -1.1693e+00 -8.6654e-01 +6.7278e-01 +1.6118e+00 +1.3262e+00
1157 +3.454624338e+01 +3.454624338e+01 +5.283624338e+01 +5.283624338e+01 +5.0417e-01 +2.3031e+00 +2.2808e-01 -2.4345e+00 -1.1255e+00 -1.1567e+00 -8.7113e-01 +6.6982e-01 +1.6158e+00 +1.3376e+00
1158 +3.324647556e+01 +3.324647556e+01 +5.153647556e+01 +5.153647556e+01 +5.0241e-01 +2.3057e+00 +2.2409e-01 -2.4292e+00 -1.1275e+00 -1.1572e+00 -8.6370e-01 +6.6403e-01 +1.6150e+00 +1.3325e+00
1169 +3.284267312e+01 +3.284267312e+01 +5.113267312e+01 +5.113267312e+01 +4.9895e-01 +2.2979e+00 +2.2452e-01 -2.4311e+00 -1.1340e+00 -1.1475e+00 -8.6363e-01 +6.6827e-01 +1.6137e+00 +1.3313e+00
1174 +3.113948958e+01 +3.113948958e+01 +4.942948958e+01 +4.942948958e+01 +5.0164e-01 +2.2865e+00 +2.2258e-01 -2.4245e+00 -1.1315e+00 -1.1631e+00 -8.5443e-01 +6.6787e-01 +1.6117e+00 +1.3263e+00
1194 +3.016992656e+01 +3.016992656e+01 +4.845992656e+01 +4.845992656e+01 +4.9484e-01 +2.2858e+00 +2.2300e-01 -2.4389e+00 -1.1408e+00 -1.1616e+00 -8.6580e-01 +6.7931e-01 +1.6096e+00 +1.3341e+00
1221 +2.770843638e+01 +2.770843638e+01 +4.599843638e+01 +4.599843638e+01 +4.7668e-01 +2.2679e+00 +2.0915e-01 -2.4242e+00 -1.1395e+00 -1.1634e+00 -8.3907e-01 +6.8033e-01 +1.6126e+00 +1.3370e+00
1251 +2.677733004e+01 +2.677733004e+01 +4.506733004e+01 +4.506733004e+01 +5.0131e-01 +2.2814e+00 +2.0496e-01 -2.4184e+00 -1.1353e+00 -1.1613e+00 -8.4943e-01 +6.7728e-01 +1.6116e+00 +1.3404e+00
1257 +2.490076814e+01 +2.490076814e+01 +4.319076814e+01 +4.319076814e+01 +4.9289e-01 +2.2828e+00 +1.9550e-01 -2.4080e+00 -1.1214e+00 -1.1736e+00 -8.3637e-01 +6.8015e-01 +1.6085e+00 +1.3412e+00
1266 +2.284785557e+01 +2.284785557e+01 +4.113785557e+01 +4.113785557e+01 +4.9478e-01 +2.2791e+00 +1.8753e-01 -2.4004e+00 -1.1187e+00 -1.1800e+00 -8.2502e-01 +6.8127e-01 +1.6150e+00 +1.3480e+00
1274 +2.170423885e+01 +2.170423885e+01 +3.999423885e+01 +3.999423885e+01 +4.9210e-01 +2.2741e+00 +1.8580e-01 -2.3948e+00 -1.1212e+00 -1.1896e+00 -8.2134e-01 +6.8167e-01 +1.6153e+00 +1.3469e+00
1335 +2.137550778e+01 +2.137550778e+01 +3.966550778e+01 +3.966550778e+01 +4.9537e-01 +2.2765e+00 +1.9821e-01 -2.4059e+00 -1.1215e+00 -1.1895e+00 -8.3200e-01 +6.8789e-01 +1.6220e+00 +1.3480e+00
1352 +2.063558439e+01 +2.063558439e+01 +3.892558439e+01 +3.892558439e+01 +4.9256e-01 +2.2751e+00 +1.9939e-01 -2.4029e+00 -1.1234e+00 -1.1895e+00 -8.3154e-01 +6.8455e-01 +1.6208e+00 +1.3568e+00
1456 +2.016854143e+01 +2.016854143e+01 +3.845854143e+01 +3.845854143e+01 +4.9180e-01 +2.2738e+00 +1.9774e-01 -2.4085e+00 -1.1273e+00 -1.1905e+00 -8.3513e-01 +6.8655e-01 +1.6164e+00 +1.3544e+00
1552 +1.994915098e+01 +1.994915098e+01 +3.823915098e+01 +3.823915098e+01 +4.8714e-01 +2.2728e+00 +1.9979e-01 -2.4046e+00 -1.1298e+00 -1.1840e+00 -8.3403e-01 +6.8859e-01 +1.6162e+00 +1.3585e+00
1619 +1.944101827e+01 +1.944101827e+01 +3.773101827e+01 +3.773101827e+01 +4.9037e-01 +2.2706e+00 +2.0133e-01 -2.4047e+00 -1.1286e+00 -1.1838e+00 -8.3167e-01 +6.9282e-01 +1.6159e+00 +1.3580e+00
1711 +1.904714139e+01 +1.904714139e+01 +3.733714139e+01 +3.733714139e+01 +4.8922e-01 +2.2673e+00 +1.9797e-01 -2.3993e+00 -1.1265e+00 -1.1824e+00 -8.2349e-01 +6.9755e-01 +1.6153e+00 +1.3622e+00
% function evaluation | noise-free fitness - Fopt (-1.635000000000e+01) | best noise-free fitness - Fopt | measured fitness | best measured fitness | x1 | x2...
1 +1.458607430e+02 +1.458607430e+02 +1.295107430e+02 +1.295107430e+02 +0.0000e+00 +0.0000e+00 +0.0000e+00 +0.0000e+00 +0.0000e+00 +0.0000e+00 +0.0000e+00 +0.0000e+00 +0.0000e+00 +0.0000e+00
5 +1.211715718e+02 +1.211715718e+02 +1.048215718e+02 +1.048215718e+02 +6.0711e-01 -1.2953e-03 +7.0346e-01 -1.4494e+00 +1.0485e+00 +2.1130e-02 +9.5353e-01 +2.7243e+00 +1.5424e-01 -8.1072e-01
21 +1.195952071e+02 +1.195952071e+02 +1.032452071e+02 +1.032452071e+02 -6.0636e-02 +1.6768e+00 -8.6209e-01 -2.9280e-01 +1.1284e+00 -5.1578e-01 +2.9070e-01 +2.0224e+00 +1.0005e+00 -1.4843e+00
71 +1.115873038e+02 +1.115873038e+02 +9.523730376e+01 +9.523730376e+01 -1.4458e+00 +1.6972e+00 +2.5154e-01 -1.0224e+00 -2.2778e-01 -7.2199e-01 -7.5161e-01 +1.4720e+00 +1.3904e+00 -1.0435e+00
110 +9.761820622e+01 +9.761820622e+01 +8.126820622e+01 +8.126820622e+01 -2.2455e+00 +1.2404e+00 -2.7679e-01 -9.0008e-01 +1.6168e+00 +8.1184e-01 +5.1204e-01 +1.1498e+00 +2.0237e+00 +1.5687e-02
214 +9.084592564e+01 +9.084592564e+01 +7.449592564e+01 +7.449592564e+01 -9.5928e-01 +2.0756e+00 -5.2617e-01 -9.1149e-01 +3.1351e-01 +2.0342e+00 +1.8575e-01 +7.7515e-01 +1.6287e+00 -1.1739e+00
231 +7.757380657e+01 +7.757380657e+01 +6.122380657e+01 +6.122380657e+01 -8.9604e-01 +1.7434e+00 -5.1932e-01 -9.4623e-01 +7.3099e-01 +1.9748e+00 +3.2291e-01 +1.0753e+00 +1.4837e+00 -1.1856e+00
249 +6.149916004e+01 +6.149916004e+01 +4.514916004e+01 +4.514916004e+01 -1.3161e+00 +1.9427e+00 -4.6313e-01 -1.2457e+00 +1.7254e+00 +1.5248e+00 +6.0090e-01 +7.5064e-01 +9.5391e-01 -1.5098e+00
1984 +5.980452526e+01 +5.980452526e+01 +4.345452526e+01 +4.345452526e+01 -8.8995e-01 +2.2391e+00 +1.1769e+00 +4.1737e-01 -8.8780e-02 -7.3151e-01 +1.6707e+00 +6.3330e-01 +1.1063e+00 -2.7079e+00
1995 +5.850912743e+01 +5.850912743e+01 +4.215912743e+01 +4.215912743e+01 -8.9582e-01 +2.2343e+00 +1.1790e+00 +4.1841e-01 -8.8117e-02 -7.2018e-01 +1.6588e+00 +6.3193e-01 +1.0942e+00 -2.7173e+00
2049 +5.740810323e+01 +5.740810323e+01 +4.105810323e+01 +4.105810323e+01 -8.9003e-01 +2.2420e+00 +1.1679e+00 +4.0463e-01 -9.6947e-02 -7.0917e-01 +1.6565e+00 +6.1429e-01 +1.0996e+00 -2.7002e+00
2105 +5.486035400e+01 +5.486035400e+01 +3.851035400e+01 +3.851035400e+01 -9.0267e-01 +2.2405e+00 +1.1635e+00 +4.1762e-01 -1.1388e-01 -7.1455e-01 +1.6643e+00 +6.1178e-01 +1.0778e+00 -2.7102e+00
2119 +5.326730827e+01 +5.326730827e+01 +3.691730827e+01 +3.691730827e+01 -8.9238e-01 +2.2359e+00 +1.1636e+00 +4.2368e-01 -9.7934e-02 -7.1444e-01 +1.6659e+00 +5.9955e-01 +1.0807e+00 -2.7039e+00
2131 +5.217585114e+01 +5.217585114e+01 +3.582585114e+01 +3.582585114e+01 -9.0078e-01 +2.2445e+00 +1.1663e+00 +4.1919e-01 -9.6023e-02 -7.1247e-01 +1.6654e+00 +6.1700e-01 +1.0834e+00 -2.7046e+00
2150 +5.108980332e+01 +5.108980332e+01 +3.473980332e+01 +3.473980332e+01 -8.9903e-01 +2.2422e+00 +1.1684e+00 +4.2585e-01 -9.0220e-02 -7.1822e-01 +1.6695e+00 +6.2104e-01 +1.0857e+00 -2.7017e+00
2393 +5.001748311e+01 +5.001748311e+01 +3.366748311e+01 +3.366748311e+01 -9.0323e-01 +2.2422e+00 +1.1708e+00 +4.2628e-01 -9.4610e-02 -7.1718e-01 +1.6717e+00 +6.1671e-01 +1.0751e+00 -2.7039e+00
% function evaluation | noise-free fitness - Fopt (6.840000000000e+00) | best noise-free fitness - Fopt | measured fitness | best measured fitness | x1 | x2...
1 +1.775301813e+02 +1.775301813e+02 +1.843701813e+02 +1.843701813e+02 +0.0000e+00 +0.0000e+00 +0.0000e+00 +0.0000e+00 +0.0000e+00 +0.0000e+00 +0.0000e+00 +0.0000e+00 +0.0000e+00 +0.0000e+00
2 +1.486540483e+02 +1.486540483e+02 +1.554940483e+02 +1.554940483e+02 -1.1953e+00 +8.4406e-01 +6.7347e-01 -4.0093e-01 -7.9506e-01 -1.4568e+00 -2.1927e-01 +3.8513e-01 +4.2993e-01 +3.4793e-02
5 +1.426750107e+02 +1.426750107e+02 +1.495150107e+02 +1.495150107e+02 -5.6571e-04 -1.3433e+00 -5.1583e-01 +4.0750e-01 -5.0874e-01 +3.5035e-01 -4.2459e-01 +1.5699e+00 +2.8147e-01 -9.0299e-01
20 +1.299184198e+02 +1.299184198e+02 +1.367584198e+02 +1.367584198e+02 -7.0295e-01 -6.9189e-01 +1.4671e+00 +2.3116e+00 -5.0719e-01 +8.8574e-01 -1.2061e+00 +1.6123e-01 +4.4371e-01 -5.3163e-01
27 +1.167896342e+02 +1.167896342e+02 +1.236296342e+02 +1.236296342e+02 -9.3587e-01 +4.1791e-01 +1.9901e+00 +5.1252e-01 -1.4842e+00 +2.1154e+00 -7.2503e-01 -1.1688e+00 +1.0401e-01 +5.4752e-01
28 +1.064625463e+02 +1.064625463e+02 +1.133025463e+02 +1.133025463e+02 -5.8990e-01 -3.1752e-01 +5.2733e-01 +2.4295e+00 -4.6115e-01 +1.5465e+00 -1.5375e+00 -9.5241e-01 +5.8944e-01 +1.7982e-01
55 +9.504240974e+01 +9.504240974e+01 +1.018824097e+02 +1.018824097e+02 -2.0749e+00 +3.9704e-01 +4.5076e-01 +2.1929e+00 -5.6830e-01 +2.3378e+00 -1.5548e+00 -1.3346e+00 +1.1447e+00 -2.1506e-01
76 +9.184272846e+01 +9.184272846e+01 +9.868272846e+01 +9.868272846e+01 -1.9620e+00 +1.0767e+00 -1.4101e+00 +3.1058e+00 -1.3951e+00 +2.1598e+00 -1.1906e+00 -2.0847e+00 +1.7745e+00 -8.9028e-01
116 +8.714190702e+01 +8.714190702e+01 +9.398190702e+01 +9.398190702e+01 -1.9992e+00 +1.1517e+00 +1.4486e-01 +1.0760e+00 +1.3120e-01 +2.6009e+00 -1.8050e+00 -2.0821e+00 +1.9210e+00 -1.2572e+00
166 +8.362207219e+01 +8.362207219e+01 +9.046207219e+01 +9.046207219e+01 -1.9581e+00 +1.4827e+00 +3.5830e-02 +1.7202e+00 -7.4667e-01 +1.8140e+00 -1.3526e+00 -2.0535e+00 +2.2974e+00 +1.4132e-01
175 +6.354209259e+01 +6.354209259e+01 +7.038209259e+01 +7.038209259e+01 -2.1549e+00 +1.4896e+00 +2.7515e-01 +2.0787e+00 -7.3765e-01 +1.4144e+00 -1.2691e+00 -2.0588e+00 +2.0734e+00 -1.2556e-01
4620 +5.583913008e+01 +5.583913008e+01 +6.267913008e+01 +6.267913008e+01 -2.1948e-01 +6.0173e-01 +1.5690e+00 +1.5922e+00 -1.3578e+00 +1.4124e+00 -2.1827e+00 -1.6152e+00 +1.0766e+00 -2.6567e+00
4659 +5.479688759e+01 +5.479688759e+01 +6.163688759e+01 +6.163688759e+01 -3.1291e-01 +5.4645e-01 +1.4568e+00 +1.6521e+00 -1.3976e+00 +1.5127e+00 -2.4958e+00 -1.5446e+00 +1.1201e+00 -2.5419e+00
8300 +5.283927615e+01 +5.283927615e+01 +5.967927615e+01 +5.967927615e+01 -2.4952e+00 +2.0466e+00 +1.5854e+00 +2.1647e-01 -2.5546e-01 +2.8173e+00 -2.4187e+00 -1.3157e+00 +1.4915e+00 -7.7068e-01
8332 +4.874897847e+01 +4.874897847e+01 +5.558897847e+01 +5.558897847e+01 -2.5272e+00 +2.0340e+00 +1.5679e+00 +2.0373e-01 -2.6893e-01 +2.8167e+00 -2.4168e+00 -1.3084e+00 +1.4967e+00 -7.6393e-01
8416 +4.773680084e+01 +4.773680084e+01 +5.457680084e+01 +5.457680084e+01 -2.5117e+00 +2.0185e+00 +1.5986e+00 +2.1396e-01 -2.5712e-01 +2.8319e+00 -2.3687e+00 -1.3134e+00 +1.4968e+00 -7.5106e-01
8446 +4.667158383e+01 +4.667158383e+01 +5.351158383e+01 +5.351158383e+01 -2.5207e+00 +2.0156e+00 +1.5959e+00 +2.1054e-01 -2.7051e-01 +2.8349e+00 -2.3808e+00 -1.3071e+00 +1.5004e+00 -7.5527e-01
8447 +4.421514015e+01 +4.421514015e+01 +5.105514015e+01 +5.105514015e+01 -2.5202e+00 +2.0207e+00 +1.5969e+00 +2.1250e-01 -2.6318e-01 +2.8351e+00 -2.3909e+00 -1.3089e+00 +1.5007e+00 -7.5966e-01
8460 +4.168270376e+01 +4.168270376e+01 +4.852270376e+01 +4.852270376e+01 -2.5219e+00 +2.0341e+00 +1.5929e+00 +2.0308e-01 -2.6532e-01 +2.8268e+00 -2.3865e+00 -1.3095e+00 +1.5029e+00 -7.6715e-01
8492 +3.612385985e+01 +3.612385985e+01 +4.296385985e+01 +4.296385985e+01 -2.5528e+00 +2.0150e+00 +1.5973e+00 +2.0006e-01 -2.4797e-01 +2.8152e+00 -2.3627e+00 -1.2975e+00 +1.5087e+00 -7.6835e-01
8637 +3.535846551e+01 +3.535846551e+01 +4.219846551e+01 +4.219846551e+01 -2.5371e+00 +2.0079e+00 +1.5968e+00 +1.9689e-01 -2.5221e-01 +2.8182e+00 -2.3684e+00 -1.2979e+00 +1.5086e+00 -7.6653e-01
8672 +3.361120975e+01 +3.361120975e+01 +4.045120975e+01 +4.045120975e+01 -2.5446e+00 +2.0076e+00 +1.5968e+00 +1.9541e-01 -2.4864e-01 +2.8131e+00 -2.3605e+00 -1.2971e+00 +1.5082e+00 -7.6619e-01
8699 +3.271077737e+01 +3.271077737e+01 +3.955077737e+01 +3.955077737e+01 -2.5428e+00 +2.0096e+00 +1.5934e+00 +1.9833e-01 -2.4930e-01 +2.8153e+00 -2.3715e+00 -1.2936e+00 +1.5097e+00 -7.7239e-01
8798 +3.233000172e+01 +3.233000172e+01 +3.917000172e+01 +3.917000172e+01 -2.5401e+00 +2.0082e+00 +1.5875e+00 +1.9774e-01 -2.5001e-01 +2.8121e+00 -2.3738e+00 -1.2941e+00 +1.5106e+00 -7.7585e-01
8864 +3.147460541e+01 +3.147460541e+01 +3.831460541e+01 +3.831460541e+01 -2.5462e+00 +2.0102e+00 +1.5892e+00 +1.9699e-01 -2.4696e-01 +2.8080e+00 -2.3658e+00 -1.2903e+00 +1.5124e+00 -7.7715e-01
8914 +3.085764888e+01 +3.085764888e+01 +3.769764888e+01 +3.769764888e+01 -2.5495e+00 +2.0034e+00 +1.5908e+00 +1.9466e-01 -2.4336e-01 +2.8059e+00 -2.3628e+00 -1.2869e+00 +1.5132e+00 -7.7717e-01
9116 +3.010256487e+01 +3.010256487e+01 +3.694256487e+01 +3.694256487e+01 -2.5606e+00 +1.9915e+00 +1.5917e+00 +1.9390e-01 -2.4458e-01 +2.7984e+00 -2.3496e+00 -1.2791e+00 +1.5119e+00 -7.7837e-01
9698 +2.950661171e+01 +2.950661171e+01 +3.634661171e+01 +3.634661171e+01 -2.5612e+00 +1.9820e+00 +1.5898e+00 +1.9480e-01 -2.5646e-01 +2.7907e+00 -2.3416e+00 -1.2758e+00 +1.5084e+00 -7.7458e-01
% function evaluation | noise-free fitness - Fopt (-2.068000000000e+01) | best noise-free fitness - Fopt | measured fitness | best measured fitness | x1 | x2...
1 +1.421945522e+02 +1.421945522e+02 +1.215145522e+02 +1.215145522e+02 +0.0000e+00 +0.0000e+00 +0.0000e+00 +0.0000e+00 +0.0000e+00 +0.0000e+00 +0.0000e+00 +0.0000e+00 +0.0000e+00 +0.0000e+00
8 +1.388045690e+02 +1.388045690e+02 +1.181245690e+02 +1.181245690e+02 -1.5065e+00 -1.0987e+00 -1.2998e+00 -6.6825e-02 +6.9015e-01 +6.0555e-01 -4.0142e-01 -7.4720e-01 +1.5469e+00 -1.5567e+00
14 +1.057074288e+02 +1.057074288e+02 +8.502742881e+01 +8.502742881e+01 -5.8201e-01 -8.7844e-01 -1.1510e+00 -1.6445e+00 +8.1054e-01 -3.0688e-01 -4.9328e-01 -6.2501e-01 +1.7139e+00 -1.9948e+00
51 +8.751173260e+01 +8.751173260e+01 +6.683173260e+01 +6.683173260e+01 +1.1200e+00 -8.0689e-02 -1.7316e+00 +5.1879e-01 +1.5858e+00 +1.8150e-01 -8.0273e-01 -1.1222e+00 +7.1101e-01 -8.6346e-01
98 +8.479136407e+01 +8.479136407e+01 +6.411136407e+01 +6.411136407e+01 +1.2260e+00 +2.4584e+00 -1.6162e+00 -1.3383e+00 +1.3782e+00 +1.0093e-01 -1.4336e+00 -2.5765e-01 +2.3931e+00 -2.4216e+00
149 +6.611144362e+01 +6.611144362e+01 +4.543144362e+01 +4.543144362e+01 +1.7891e+00 +2.5089e+00 -1.9967e+00 -5.1151e-01 +6.8946e-01 -1.8375e-01 -6.5537e-01 +1.0019e-01 +1.7911e+00 -2.0674e+00
225 +6.259442209e+01 +6.259442209e+01 +4.191442209e+01 +4.191442209e+01 +8.5864e-01 +2.0011e+00 -2.1728e+00 -5.3860e-01 +9.4920e-01 -2.8423e-01 -2.2470e-01 -1.0064e+00 +1.5682e+00 -1.1138e+00
524 +5.901233428e+01 +5.901233428e+01 +3.833233428e+01 +3.833233428e+01 +8.9800e-01 +1.3537e+00 -1.3071e+00 -6.1425e-01 +7.8957e-01 -3.5523e-01 -1.2538e+00 -8.3654e-01 +2.4290e+00 -1.5332e+00
1218 +5.494698990e+01 +5.494698990e+01 +3.426698990e+01 +3.426698990e+01 +7.2192e-01 +9.0753e-01 -1.1785e+00 -7.2796e-01 +1.3673e+00 +2.8424e-01 -1.6168e+00 -9.9877e-01 +2.2382e+00 -1.3376e+00
1312 +4.691324393e+01 +4.691324393e+01 +2.623324393e+01 +2.623324393e+01 +5.4714e-01 +1.0490e+00 -1.5806e+00 -7.6820e-01 +2.0330e+00 +1.2498e-01 -1.5005e+00 -9.8396e-01 +1.9095e+00 -1.2490e+00
4679 +4.573745360e+01 +4.573745360e+01 +2.505745360e+01 +2.505745360e+01 +2.0270e+00 +1.9783e+00 -1.5838e+00 -1.0397e+00 +7.1759e-01 +8.8946e-01 -1.8922e+00 -2.2982e-01 +1.7120e+00 -1.1204e+00
4687 +4.463155576e+01 +4.463155576e+01 +2.395155576e+01 +2.395155576e+01 +2.0322e+00 +1.9714e+00 -1.5826e+00 -1.0441e+00 +7.3492e-01 +8.8922e-01 -1.8915e+00 -2.3780e-01 +1.7236e+00 -1.1117e+00
4697 +4.170486732e+01 +4.170486732e+01 +2.102486732e+01 +2.102486732e+01 +2.0336e+00 +1.9691e+00 -1.5904e+00 -1.0431e+00 +7.3313e-01 +8.9182e-01 -1.8876e+00 -2.4474e-01 +1.7227e+00 -1.1093e+00
4711 +4.006488664e+01 +4.006488664e+01 +1.938488664e+01 +1.938488664e+01 +2.0413e+00 +1.9646e+00 -1.5950e+00 -1.0505e+00 +7.3471e-01 +8.7203e-01 -1.8913e+00 -2.4657e-01 +1.7169e+00 -1.1191e+00
4725 +3.900016892e+01 +3.900016892e+01 +1.832016892e+01 +1.832016892e+01 +2.0446e+00 +1.9675e+00 -1.5758e+00 -1.0385e+00 +7.3015e-01 +8.8689e-01 -1.8902e+00 -2.5239e-01 +1.7186e+00 -1.1166e+00
4768 +3.761064746e+01 +3.761064746e+01 +1.693064746e+01 +1.693064746e+01 +2.0368e+00 +1.9707e+00 -1.5820e+00 -1.0353e+00 +7.3009e-01 +8.7897e-01 -1.8910e+00 -2.5887e-01 +1.7228e+00 -1.1259e+00
4830 +3.678938210e+01 +3.678938210e+01 +1.610938210e+01 +1.610938210e+01 +2.0514e+00 +1.9637e+00 -1.5792e+00 -1.0475e+00 +7.3676e-01 +8.8150e-01 -1.8940e+00 -2.5866e-01 +1.7276e+00 -1.1132e+00
4831 +3.555074699e+01 +3.555074699e+01 +1.487074699e+01 +1.487074699e+01 +2.0529e+00 +1.9628e+00 -1.5775e+00 -1.0449e+00 +7.2684e-01 +8.7010e-01 -1.8905e+00 -2.5787e-01 +1.7173e+00 -1.1224e+00
4834 +3.438177481e+01 +3.438177481e+01 +1.370177481e+01 +1.370177481e+01 +2.0548e+00 +1.9613e+00 -1.5780e+00 -1.0454e+00 +7.2070e-01 +8.7254e-01 -1.8897e+00 -2.5975e-01 +1.7155e+00 -1.1292e+00
4845 +3.353864760e+01 +3.353864760e+01 +1.285864760e+01 +1.285864760e+01 +2.0544e+00 +1.9607e+00 -1.5782e+00 -1.0480e+00 +7.2259e-01 +8.7138e-01 -1.8923e+00 -2.5862e-01 +1.7199e+00 -1.1281e+00
4867 +3.307547863e+01 +3.307547863e+01 +1.239547863e+01 +1.239547863e+01 +2.0542e+00 +1.9628e+00 -1.5824e+00 -1.0477e+00 +7.2850e-01 +8.7524e-01 -1.8921e+00 -2.5939e-01 +1.7219e+00 -1.1294e+00
4869 +3.206303667e+01 +3.206303667e+01 +1.138303667e+01 +1.138303667e+01 +2.0575e+00 +1.9621e+00 -1.5812e+00 -1.0480e+00 +7.2790e-01 +8.7550e-01 -1.8919e+00 -2.6378e-01 +1.7230e+00 -1.1337e+00
4897 +3.105140626e+01 +3.105140626e+01 +1.037140626e+01 +1.037140626e+01 +2.0614e+00 +1.9622e+00 -1.5860e+00 -1.0478e+00 +7.2831e-01 +8.7198e-01 -1.8914e+00 -2.6752e-01 +1.7223e+00 -1.1360e+00
4902 +3.078169350e+01 +3.078169350e+01 +1.010169350e+01 +1.010169350e+01 +2.0603e+00 +1.9627e+00 -1.5862e+00 -1.0468e+00 +7.2631e-01 +8.7179e-01 -1.8925e+00 -2.6735e-01 +1.7219e+00 -1.1341e+00
4906 +2.977436425e+01 +2.977436425e+01 +9.094364251e+00 +9.094364251e+00 +2.0646e+00 +1.9606e+00 -1.5876e+00 -1.0513e+00 +7.2591e-01 +8.7229e-01 -1.8907e+00 -2.7153e-01 +1.7231e+00 -1.1401e+00
4918 +2.898395958e+01 +2.898395958e+01 +8.303959585e+00 +8.303959585e+00 +2.0674e+00 +1.9597e+00 -1.5910e+00 -1.0535e+00 +7.2424e-01 +8.7215e-01 -1.8883e+00 -2.7660e-01 +1.7255e+00 -1.1450e+00
4925 +2.883817711e+01 +2.883817711e+01 +8.158177111e+00 +8.158177111e+00 +2.0672e+00 +1.9587e+00 -1.5935e+00 -1.0539e+00 +7.2279e-01 +8.7048e-01 -1.8866e+00 -2.7907e-01 +1.7230e+00 -1.1461e+00
4943 +2.759414413e+01 +2.759414413e+01 +6.914144126e+00 +6.914144126e+00 +2.0662e+00 +1.9568e+00 -1.5977e+00 -1.0529e+00 +7.2072e-01 +8.7520e-01 -1.8907e+00 -2.7683e-01 +1.7202e+00 -1.1510e+00
4953 +2.751696910e+01 +2.751696910e+01 +6.836969105e+00 +6.836969105e+00 +2.0631e+00 +1.9573e+00 -1.5946e+00 -1.0532e+00 +7.1939e-01 +8.7653e-01 -1.8897e+00 -2.7517e-01 +1.7245e+00 -1.1464e+00
4979 +2.670178450e+01 +2.670178450e+01 +6.021784502e+00 +6.021784502e+00 +2.0649e+00 +1.9571e+00 -1.5915e+00 -1.0550e+00 +7.1803e-01 +8.7651e-01 -1.8911e+00 -2.7916e-01 +1.7244e+00 -1.1485e+00
4985 +2.612811158e+01 +2.612811158e+01 +5.448111576e+00 +5.448111576e+00 +2.0661e+00 +1.9561e+00 -1.5933e+00 -1.0574e+00 +7.1946e-01 +8.7441e-01 -1.8923e+00 -2.8130e-01 +1.7250e+00 -1.1518e+00
5003 +2.531111947e+01 +2.531111947e+01 +4.631119465e+00 +4.631119465e+00 +2.0673e+00 +1.9534e+00 -1.5949e+00 -1.0607e+00 +7.1502e-01 +8.7108e-01 -1.8925e+00 -2.8537e-01 +1.7222e+00 -1.1621e+00
5027 +2.505638703e+01 +2.505638703e+01 +4.376387035e+00 +4.376387035e+00 +2.0648e+00 +1.9537e+00 -1.5954e+00 -1.0625e+00 +7.1888e-01 +8.6910e-01 -1.8927e+00 -2.8643e-01 +1.7230e+00 -1.1581e+00
5033 +2.426110858e+01 +2.426110858e+01 +3.581108581e+00 +3.581108581e+00 +2.0720e+00 +1.9494e+00 -1.6022e+00 -1.0645e+00 +7.1606e-01 +8.6821e-01 -1.8900e+00 -2.9698e-01 +1.7230e+00 -1.1743e+00
5052 +2.364630248e+01 +2.364630248e+01 +2.966302477e+00 +2.966302477e+00 +2.0716e+00 +1.9474e+00 -1.6035e+00 -1.0666e+00 +7.1399e-01 +8.6957e-01 -1.8894e+00 -3.0091e-01 +1.7219e+00 -1.1796e+00
5065 +2.344141221e+01 +2.344141221e+01 +2.761412210e+00 +2.761412210e+00 +2.0708e+00 +1.9480e+00 -1.6023e+00 -1.0644e+00 +7.1401e-01 +8.7002e-01 -1.8880e+00 -2.9846e-01 +1.7227e+00 -1.1772e+00
5093 +2.275471605e+01 +2.275471605e+01 +2.074716050e+00 +2.074716050e+00 +2.0687e+00 +1.9507e+00 -1.5963e+00 -1.0616e+00 +7.1831e-01 +8.6928e-01 -1.8889e+00 -2.9549e-01 +1.7229e+00 -1.1703e+00
5105 +2.208145501e+01 +2.208145501e+01 +1.401455007e+00 +1.401455007e+00 +2.0695e+00 +1.9476e+00 -1.5998e+00 -1.0657e+00 +7.1687e-01 +8.6952e-01 -1.8881e+00 -3.0267e-01 +1.7220e+00 -1.1786e+00
5117 +2.184010179e+01 +2.184010179e+01 +1.160101786e+00 +1.160101786e+00 +2.0695e+00 +1.9471e+00 -1.6011e+00 -1.0667e+00 +7.1696e-01 +8.7045e-01 -1.8884e+00 -3.0609e-01 +1.7216e+00 -1.1813e+00
5125 +2.113747077e+01 +2.113747077e+01 +4.574707708e-01 +4.574707708e-01 +2.0684e+00 +1.9465e+00 -1.6005e+00 -1.0675e+00 +7.1654e-01 +8.7211e-01 -1.8878e+00 -3.0707e-01 +1.7216e+00 -1.1794e+00
5141 +2.067065577e+01 +2.067065577e+01 -9.344230001e-03 -9.344230001e-03 +2.0685e+00 +1.9460e+00 -1.6011e+00 -1.0690e+00 +7.1571e-01 +8.7321e-01 -1.8883e+00 -3.0813e-01 +1.7238e+00 -1.1790e+00
5145 +2.036267295e+01 +2.036267295e+01 -3.173270455e-01 -3.173270455e-01 +2.0673e+00 +1.9445e+00 -1.6010e+00 -1.0703e+00 +7.1503e-01 +8.7512e-01 -1.8885e+00 -3.1044e-01 +1.7221e+00 -1.1798e+00
5184 +1.994271701e+01 +1.994271701e+01 -7.372829887e-01 -7.372829887e-01 +2.0637e+00 +1.9476e+00 -1.5971e+00 -1.0677e+00 +7.2280e-01 +8.7677e-01 -1.8883e+00 -3.1024e-01 +1.7234e+00 -1.1793e+00
5192 +1.945918956e+01 +1.945918956e+01 -1.220810436e+00 -1.220810436e+00 +2.0568e+00 +1.9440e+00 -1.6017e+00 -1.0738e+00 +7.1999e-01 +8.8891e-01 -1.8836e+00 -3.1727e-01 +1.7208e+00 -1.1855e+00
5193 +1.885935508e+01 +1.885935508e+01 -1.820644916e+00 -1.820644916e+00 +2.0606e+00 +1.9445e+00 -1.6004e+00 -1.0723e+00 +7.1608e-01 +8.8368e-01 -1.8869e+00 -3.2148e-01 +1.7234e+00 -1.1837e+00
5208 +1.726994708e+01 +1.726994708e+01 -3.410052922e+00 -3.410052922e+00 +2.0610e+00 +1.9442e+00 -1.6006e+00 -1.0728e+00 +7.1858e-01 +8.7662e-01 -1.8882e+00 -3.2537e-01 +1.7292e+00 -1.1863e+00
5214 +1.693160888e+01 +1.693160888e+01 -3.748391118e+00 -3.748391118e+00 +2.0634e+00 +1.9421e+00 -1.5991e+00 -1.0725e+00 +7.2103e-01 +8.8077e-01 -1.8941e+00 -3.3035e-01 +1.7287e+00 -1.1883e+00
5262 +1.618115199e+01 +1.618115199e+01 -4.498848008e+00 -4.498848008e+00 +2.0639e+00 +1.9429e+00 -1.6024e+00 -1.0686e+00 +7.2353e-01 +8.8102e-01 -1.8943e+00 -3.3987e-01 +1.7360e+00 -1.1870e+00
5275 +1.508179722e+01 +1.508179722e+01 -5.598202781e+00 -5.598202781e+00 +2.0615e+00 +1.9409e+00 -1.6008e+00 -1.0743e+00 +7.2521e-01 +8.7735e-01 -1.8989e+00 -3.5224e-01 +1.7442e+00 -1.1855e+00
5482 +1.439579058e+01 +1.439579058e+01 -6.284209424e+00 -6.284209424e+00 +2.0605e+00 +1.9368e+00 -1.5986e+00 -1.0720e+00 +7.2853e-01 +8.8447e-01 -1.8965e+00 -3.4788e-01 +1.7416e+00 -1.1828e+00
5553 +1.389212342e+01 +1.389212342e+01 -6.787876579e+00 -6.787876579e+00 +2.0592e+00 +1.9339e+00 -1.5991e+00 -1.0779e+00 +7.3592e-01 +8.8595e-01 -1.8991e+00 -3.5537e-01 +1.7419e+00 -1.1791e+00
5587 +1.351307772e+01 +1.351307772e+01 -7.166922281e+00 -7.166922281e+00 +2.0582e+00 +1.9302e+00 -1.5985e+00 -1.0788e+00 +7.3790e-01 +8.8818e-01 -1.8981e+00 -3.5595e-01 +1.7458e+00 -1.1778e+00
5591 +1.342158262e+01 +1.342158262e+01 -7.258417379e+00 -7.258417379e+00 +2.0577e+00 +1.9322e+00 -1.5978e+00 -1.0813e+00 +7.3777e-01 +8.8357e-01 -1.8983e+00 -3.5334e-01 +1.7425e+00 -1.1751e+00
5602 +1.302672044e+01 +1.302672044e+01 -7.653279560e+00 -7.653279560e+00 +2.0567e+00 +1.9316e+00 -1.5981e+00 -1.0833e+00 +7.3514e-01 +8.8047e-01 -1.8957e+00 -3.4890e-01 +1.7449e+00 -1.1718e+00
5679 +1.286658355e+01 +1.286658355e+01 -7.813416452e+00 -7.813416452e+00 +2.0560e+00 +1.9279e+00 -1.5951e+00 -1.0880e+00 +7.4080e-01 +8.8411e-01 -1.8956e+00 -3.5034e-01 +1.7444e+00 -1.1669e+00
6065 +1.258011561e+01 +1.258011561e+01 -8.099884386e+00 -8.099884386e+00 +2.0563e+00 +1.9257e+00 -1.5973e+00 -1.0911e+00 +7.4111e-01 +8.8271e-01 -1.8955e+00 -3.5551e-01 +1.7485e+00 -1.1674e+00
% function evaluation | noise-free fitness - Fopt (3.138500000000e+02) | best noise-free fitness - Fopt | measured fitness | best measured fitness | x1 | x2...
1 +1.959978651e+02 +1.959978651e+02 +5.098478651e+02 +5.098478651e+02 +0.0000e+00 +0.0000e+00 +0.0000e+00 +0.0000e+00 +0.0000e+00 +0.0000e+00 +0.0000e+00 +0.0000e+00 +0.0000e+00 +0.0000e+00
2 +1.079307516e+02 +1.079307516e+02 +4.217807516e+02 +4.217807516e+02 +5.6130e-01 -6.3280e-01 +6.0309e-01 +2.3726e-01 -8.5507e-01 -1.2724e+00 +1.5706e+00 +6.9401e-02 +1.1960e+00 -9.5011e-01
70 +9.904145803e+01 +9.904145803e+01 +4.128914580e+02 +4.128914580e+02 +2.8642e-02 -1.7426e+00 +3.7094e-01 +1.5043e+00 -1.8608e+00 -1.8189e+00 -6.6576e-01 -3.0549e-01 +1.2337e+00 -1.1322e+00
182 +8.825273906e+01 +8.825273906e+01 +4.021027391e+02 +4.021027391e+02 +1.6220e-01 -1.6380e+00 -8.0442e-01 +1.7705e+00 -2.2418e+00 -1.2311e+00 +1.0843e+00 +3.5036e-01 +1.4357e-01 -2.3120e+00
190 +8.387253713e+01 +8.387253713e+01 +3.977225371e+02 +3.977225371e+02 -7.5988e-01 -1.8605e+00 -4.5398e-01 +1.5577e+00 -1.7662e+00 -7.5447e-01 +1.5784e+00 -7.9318e-02 +1.6659e+00 -2.0859e+00
296 +8.031670833e+01 +8.031670833e+01 +3.941667083e+02 +3.941667083e+02 -4.9293e-02 -1.3149e+00 +5.7550e-01 +1.3489e+00 -2.8223e+00 -2.1455e+00 +7.5734e-01 +6.3875e-01 +7.0381e-01 -1.7116e+00
322 +6.996477606e+01 +6.996477606e+01 +3.838147761e+02 +3.838147761e+02 -4.2808e-01 -8.4283e-01 +6.8887e-01 +1.6334e+00 -1.9098e+00 -2.5191e+00 +4.7708e-01 +7.2404e-01 +8.2349e-01 -1.8177e+00
379 +6.896483220e+01 +6.896483220e+01 +3.828148322e+02 +3.828148322e+02 -1.4595e+00 -1.1392e+00 +5.9417e-01 +1.6138e+00 -2.2033e+00 -2.2025e+00 +1.1869e+00 +8.4369e-01 +1.2195e+00 -1.3543e+00
433 +6.309912216e+01 +6.309912216e+01 +3.769491222e+02 +3.769491222e+02 -1.1764e+00 -1.1483e+00 +4.3773e-01 +1.5955e+00 -1.5448e+00 -2.1075e+00 +1.3588e+00 +7.4261e-01 +9.9588e-01 -1.9721e+00
441 +5.955975037e+01 +5.955975037e+01 +3.734097504e+02 +3.734097504e+02 -1.5204e+00 -9.1508e-01 +5.0086e-01 +1.7701e+00 -1.6006e+00 -2.3836e+00 +1.3068e+00 +8.8911e-01 +1.2241e+00 -1.8296e+00
491 +4.701190205e+01 +4.701190205e+01 +3.608619020e+02 +3.608619020e+02 -1.0316e+00 -1.1919e+00 +4.0376e-01 +1.8267e+00 -1.9399e+00 -1.8140e+00 +1.3342e+00 +6.7068e-01 +1.1066e+00 -2.0842e+00
2706 +3.929123275e+01 +3.929123275e+01 +3.531412328e+02 +3.531412328e+02 -1.7159e+00 -2.1905e+00 -2.1145e-01 +7.0774e-01 -9.3976e-01 -1.4411e+00 +4.8538e-01 +1.4178e+00 +1.6567e+00 -9.0988e-01
3017 +3.731324935e+01 +3.731324935e+01 +3.511632493e+02 +3.511632493e+02 -1.6231e+00 -2.1175e+00 -1.9238e-01 +6.7961e-01 -9.4177e-01 -1.3693e+00 +4.7215e-01 +1.3837e+00 +1.5485e+00 -8.0309e-01
3024 +3.582756513e+01 +3.582756513e+01 +3.496775651e+02 +3.496775651e+02 -1.6237e+00 -2.1099e+00 -1.9503e-01 +6.7840e-01 -9.4667e-01 -1.3635e+00 +4.6788e-01 +1.3665e+00 +1.5458e+00 -8.0741e-01
3044 +3.526602048e+01 +3.526602048e+01 +3.491160205e+02 +3.491160205e+02 -1.6201e+00 -2.1066e+00 -1.9575e-01 +6.8105e-01 -9.4395e-01 -1.3727e+00 +4.6398e-01 +1.3599e+00 +1.5250e+00 -8.1969e-01
3055 +3.270721985e+01 +3.270721985e+01 +3.465572198e+02 +3.465572198e+02 -1.6268e+00 -2.1073e+00 -1.9143e-01 +6.7297e-01 -9.3683e-01 -1.3768e+00 +4.7208e-01 +1.3710e+00 +1.5436e+00 -7.9943e-01
3071 +3.199692705e+01 +3.199692705e+01 +3.458469270e+02 +3.458469270e+02 -1.6293e+00 -2.1048e+00 -1.8813e-01 +6.7510e-01 -9.2831e-01 -1.3804e+00 +4.6693e-01 +1.3793e+00 +1.5392e+00 -7.9500e-01
3083 +3.150347780e+01 +3.150347780e+01 +3.453534778e+02 +3.453534778e+02 -1.6332e+00 -2.1040e+00 -1.8620e-01 +6.8122e-01 -9.3417e-01 -1.3818e+00 +4.7052e-01 +1.3726e+00 +1.5357e+00 -7.9715e-01
3100 +3.030597768e+01 +3.030597768e+01 +3.441559777e+02 +3.441559777e+02 -1.6324e+00 -2.1036e+00 -1.8626e-01 +6.8264e-01 -9.3493e-01 -1.3826e+00 +4.6669e-01 +1.3728e+00 +1.5225e+00 -7.9765e-01
3110 +2.886546489e+01 +2.886546489e+01 +3.427154649e+02 +3.427154649e+02 -1.6330e+00 -2.1077e+00 -1.8500e-01 +6.9087e-01 -9.2997e-01 -1.3907e+00 +4.6780e-01 +1.3689e+00 +1.5194e+00 -7.9240e-01
3115 +2.781541178e+01 +2.781541178e+01 +3.416654118e+02 +3.416654118e+02 -1.6301e+00 -2.1037e+00 -1.7935e-01 +6.9002e-01 -9.2899e-01 -1.3881e+00 +4.6512e-01 +1.3668e+00 +1.5198e+00 -7.8661e-01
3123 +2.743308333e+01 +2.743308333e+01 +3.412830833e+02 +3.412830833e+02 -1.6265e+00 -2.1010e+00 -1.8023e-01 +6.8689e-01 -9.2823e-01 -1.3858e+00 +4.6269e-01 +1.3675e+00 +1.5176e+00 -7.9022e-01
3125 +2.611230752e+01 +2.611230752e+01 +3.399623075e+02 +3.399623075e+02 -1.6291e+00 -2.0998e+00 -1.7378e-01 +6.8374e-01 -9.2853e-01 -1.3885e+00 +4.5870e-01 +1.3641e+00 +1.5168e+00 -7.8423e-01
3140 +2.546218158e+01 +2.546218158e+01 +3.393121816e+02 +3.393121816e+02 -1.6286e+00 -2.0971e+00 -1.6401e-01 +6.8451e-01 -9.2398e-01 -1.3976e+00 +4.5510e-01 +1.3559e+00 +1.5033e+00 -7.8018e-01
3175 +2.511873089e+01 +2.511873089e+01 +3.389687309e+02 +3.389687309e+02 -1.6326e+00 -2.0987e+00 -1.7159e-01 +6.8528e-01 -9.2869e-01 -1.3935e+00 +4.5817e-01 +1.3689e+00 +1.5165e+00 -7.8954e-01
3188 +2.447074621e+01 +2.447074621e+01 +3.383207462e+02 +3.383207462e+02 -1.6345e+00 -2.1011e+00 -1.6706e-01 +6.8666e-01 -9.3111e-01 -1.3915e+00 +4.5855e-01 +1.3710e+00 +1.5174e+00 -8.0316e-01
3202 +2.329287785e+01 +2.329287785e+01 +3.371428778e+02 +3.371428778e+02 -1.6315e+00 -2.1051e+00 -1.6953e-01 +6.8878e-01 -9.2929e-01 -1.3939e+00 +4.6231e-01 +1.3624e+00 +1.5119e+00 -7.9837e-01
3219 +2.285715933e+01 +2.285715933e+01 +3.367071593e+02 +3.367071593e+02 -1.6307e+00 -2.1048e+00 -1.6130e-01 +6.8643e-01 -9.2764e-01 -1.3989e+00 +4.6451e-01 +1.3583e+00 +1.5009e+00 -8.0151e-01
3224 +2.196622859e+01 +2.196622859e+01 +3.358162286e+02 +3.358162286e+02 -1.6296e+00 -2.1030e+00 -1.6615e-01 +6.9568e-01 -9.2359e-01 -1.3967e+00 +4.5975e-01 +1.3611e+00 +1.5049e+00 -8.1000e-01
3237 +2.097069889e+01 +2.097069889e+01 +3.348206989e+02 +3.348206989e+02 -1.6278e+00 -2.1024e+00 -1.6129e-01 +6.9503e-01 -9.2399e-01 -1.3998e+00 +4.6121e-01 +1.3612e+00 +1.5021e+00 -8.1049e-01
3243 +2.077144004e+01 +2.077144004e+01 +3.346214400e+02 +3.346214400e+02 -1.6272e+00 -2.1000e+00 -1.5382e-01 +7.0208e-01 -9.2120e-01 -1.4077e+00 +4.5887e-01 +1.3573e+00 +1.4939e+00 -8.1421e-01
3250 +2.038378543e+01 +2.038378543e+01 +3.342337854e+02 +3.342337854e+02 -1.6275e+00 -2.1045e+00 -1.5842e-01 +6.9219e-01 -9.2321e-01 -1.4008e+00 +4.5987e-01 +1.3561e+00 +1.4996e+00 -8.1303e-01
3275 +1.947521220e+01 +1.947521220e+01 +3.333252122e+02 +3.333252122e+02 -1.6285e+00 -2.1040e+00 -1.4535e-01 +6.9245e-01 -9.1847e-01 -1.4143e+00 +4.5366e-01 +1.3521e+00 +1.4860e+00 -8.0997e-01
3361 +1.886168154e+01 +1.886168154e+01 +3.327116815e+02 +3.327116815e+02 -1.6216e+00 -2.1062e+00 -1.5569e-01 +6.7276e-01 -9.1793e-01 -1.4091e+00 +4.6023e-01 +1.3525e+00 +1.4920e+00 -8.0547e-01
3389 +1.849234046e+01 +1.849234046e+01 +3.323423405e+02 +3.323423405e+02 -1.6200e+00 -2.1051e+00 -1.5227e-01 +6.7004e-01 -9.1544e-01 -1.4091e+00 +4.6050e-01 +1.3524e+00 +1.4875e+00 -8.0540e-01
3422 +1.806838333e+01 +1.806838333e+01 +3.319183833e+02 +3.319183833e+02 -1.6192e+00 -2.1028e+00 -1.5451e-01 +6.7060e-01 -9.1603e-01 -1.4103e+00 +4.6086e-01 +1.3548e+00 +1.4815e+00 -8.0565e-01
3433 +1.763958045e+01 +1.763958045e+01 +3.314895805e+02 +3.314895805e+02 -1.6187e+00 -2.1038e+00 -1.5312e-01 +6.6755e-01 -9.1160e-01 -1.4131e+00 +4.5993e-01 +1.3515e+00 +1.4741e+00 -8.0723e-01
3560 +1.735088025e+01 +1.735088025e+01 +3.312008802e+02 +3.312008802e+02 -1.6112e+00 -2.1017e+00 -1.4963e-01 +6.6081e-01 -9.0821e-01 -1.4136e+00 +4.6103e-01 +1.3489e+00 +1.4634e+00 -8.0676e-01
3595 +1.696413982e+01 +1.696413982e+01 +3.308141398e+02 +3.308141398e+02 -1.6113e+00 -2.0986e+00 -1.5183e-01 +6.6065e-01 -9.0727e-01 -1.4124e+00 +4.5734e-01 +1.3456e+00 +1.4619e+00 -8.1299e-01
% function evaluation | noise-free fitness - Fopt (-1.640200000000e+02) | best noise-free fitness - Fopt | measured fitness | best measured fitness | x1 | x2...
1 +1.485429855e+02 +1.485429855e+02 -1.547701448e+01 -1.547701448e+01 +0.0000e+00 +0.0000e+00 +0.0000e+00 +0.0000e+00 +0.0000e+00 +0.0000e+00 +0.0000e+00 +0.0000e+00 +0.0000e+00 +0.0000e+00
2 +1.319242509e+02 +1.319242509e+02 -3.209574908e+01 -3.209574908e+01 -7.0111e-01 -1.6973e+00 +1.5346e+00 +5.8593e-01 -1.1782e-01 +2.9186e-01 +7.2453e-01 +5.3860e-01 -1.5542e+00 +3.2483e-01
7 +1.180743298e+02 +1.180743298e+02 -4.594567025e+01 -4.594567025e+01 -6.0524e-01 +1.1908e+00 -5.2432e-03 -1.8361e+00 +6.3558e-01 +9.1822e-01 -1.1534e+00 +6.7372e-01 +5.5645e-01 -1.1837e+00
10 +7.641491820e+01 +7.641491820e+01 -8.760508180e+01 -8.760508180e+01 -5.2327e-01 +8.5979e-01 +8.7735e-02 -4.5601e-01 -5.1663e-01 -1.0361e-01 -8.9372e-01 +7.9355e-01 +4.8621e-01 +7.2026e-01
134 +4.740697372e+01 +4.740697372e+01 -1.166130263e+02 -1.166130263e+02 +4.4984e-01 +9.2131e-02 -9.5524e-01 -2.0455e+00 -1.2885e+00 +1.0979e+00 -6.2781e-01 +1.4952e+00 +1.2064e+00 -2.9642e-01
3731 +4.377146541e+01 +4.377146541e+01 -1.202485346e+02 -1.202485346e+02 +1.3365e+00 +1.2504e+00 +5.0967e-02 -5.8628e-01 -2.2471e+00 +1.0047e+00 -1.6647e+00 +1.4762e+00 +1.7939e+00 -6.1817e-01
4362 +2.852284732e+01 +2.852284732e+01 -1.354971527e+02 -1.354971527e+02 +1.0666e+00 +1.3943e+00 -2.1057e-01 -1.1771e+00 -1.3108e+00 +1.1303e+00 -1.7116e+00 +1.8169e+00 +9.7076e-01 -4.5015e-01
% function evaluation | noise-free fitness - Fopt (-1.000000000000e+03) | best noise-free fitness - Fopt | measured fitness | best measured fitness | x1 | x2...
1 +1.745663410e+02 +1.745663410e+02 -8.254336590e+02 -8.254336590e+02 +0.0000e+00 +0.0000e+00 +0.0000e+00 +0.0000e+00 +0.0000e+00 +0.0000e+00 +0.0000e+00 +0.0000e+00 +0.0000e+00 +0.0000e+00
2 +1.406513658e+02 +1.406513658e+02 -8.593486342e+02 -8.593486342e+02 -2.0228e-02 +6.7217e-01 -2.1420e-01 +3.3327e-01 +1.6917e-02 -1.0439e-01 +2.7011e-01 +4.0901e-01 +5.3751e-01 +3.1021e-01
3 +1.337466711e+02 +1.337466711e+02 -8.662533289e+02 -8.662533289e+02 +2.2268e+00 -9.7161e-01 -2.3837e-01 -6.5049e-01 -5.3051e-01 +9.0411e-01 -1.2354e+00 -2.3099e-01 +5.5698e-01 +1.0145e+00
12 +1.272964617e+02 +1.272964617e+02 -8.727035383e+02 -8.727035383e+02 +2.0810e+00 +7.1848e-01 +1.5661e-01 +1.5930e-01 +2.8040e-01 +1.0521e+00 -1.0518e+00 +1.1960e+00 +1.5390e+00 +1.1262e+00
18 +1.255456026e+02 +1.255456026e+02 -8.744543974e+02 -8.744543974e+02 +1.7629e+00 -2.0769e-01 -3.5820e-01 -1.6495e+00 -1.3080e+00 +2.2614e-01 -1.2989e+00 -5.3069e-01 +7.7130e-01 +1.6795e+00
84 +1.210676521e+02 +1.210676521e+02 -8.789323479e+02 -8.789323479e+02 +2.1510e+00 +2.8816e+00 +6.5436e-02 -2.3739e+00 -9.2079e-02 +2.9298e+00 +8.0543e-01 +4.5758e-01 +2.7541e+00 +3.3396e+00
120 +1.027398763e+02 +1.027398763e+02 -8.972601237e+02 -8.972601237e+02 +2.6006e+00 +1.6701e+00 +4.0741e-01 -2.2142e-01 +3.7223e-02 +1.8710e+00 +1.2561e-02 +3.1764e-01 +9.2404e-01 +2.4880e+00
121 +9.828976045e+01 +9.828976045e+01 -9.017102395e+02 -9.017102395e+02 +2.9195e+00 +2.5535e+00 +1.5320e+00 -1.6340e+00 -9.5407e-01 +9.0937e-01 +9.0695e-01 +2.8730e-01 +2.1212e+00 +2.5567e+00
168 +9.087469950e+01 +9.087469950e+01 -9.091253005e+02 -9.091253005e+02 +1.2235e+00 +1.7341e+00 +8.0521e-01 -1.9437e+00 -2.0104e+00 +2.0409e+00 +1.0646e+00 +5.5013e-01 +1.8345e+00 +2.7939e+00
174 +7.199706650e+01 +7.199706650e+01 -9.280029335e+02 -9.280029335e+02 +1.3097e+00 +1.6312e+00 -8.4522e-02 -2.5157e+00 -1.4669e+00 +2.0173e+00 +7.3513e-01 +1.0309e-01 +2.3701e+00 +2.3120e+00
1369 +6.885120466e+01 +6.885120466e+01 -9.311487953e+02 -9.311487953e+02 +3.2193e+00 +5.8585e-01 +9.1562e-01 -2.1900e+00 -9.8462e-01 +2.9419e+00 -1.9881e+00 +1.0250e-01 +1.8092e+00 +1.4626e+00
1617 +6.589121642e+01 +6.589121642e+01 -9.341087836e+02 -9.341087836e+02 +1.7094e+00 +2.7081e+00 +5.4151e-01 -1.8944e+00 -2.2346e-01 +2.0307e+00 -1.7757e+00 -2.8554e-01 +1.5624e+00 +1.1380e+00
3585 +5.755547234e+01 +5.755547234e+01 -9.424445277e+02 -9.424445277e+02 +2.5010e+00 +1.3172e+00 +2.7119e-01 -1.2156e+00 -4.5914e-01 +2.2198e+00 -1.7055e+00 +1.0149e+00 +1.4334e-01 +1.2595e+00
4108 +5.100126744e+01 +5.100126744e+01 -9.489987326e+02 -9.489987326e+02 +1.8848e+00 +9.3992e-01 +1.3674e+00 -1.8381e+00 -2.0389e+00 +3.2010e+00 -2.2909e+00 +7.4169e-01 +1.1258e+00 +1.0649e+00
5253 +4.765118651e+01 +4.765118651e+01 -9.523488135e+02 -9.523488135e+02 +1.4107e+00 +1.2930e+00 +1.9663e+00 -1.2777e+00 -9.7836e-01 +2.9517e+00 -3.0025e+00 +1.2186e+00 +3.0154e+00 +4.8768e-01
5295 +4.037630535e+01 +4.037630535e+01 -9.596236947e+02 -9.596236947e+02 +1.3928e+00 +1.2902e+00 +1.9735e+00 -1.2635e+00 -9.8993e-01 +2.9503e+00 -3.0136e+00 +1.2129e+00 +2.9936e+00 +4.9714e-01
5359 +3.888312680e+01 +3.888312680e+01 -9.611168732e+02 -9.611168732e+02 +1.3918e+00 +1.2974e+00 +1.9730e+00 -1.2656e+00 -9.7520e-01 +2.9535e+00 -3.0179e+00 +1.1923e+00 +3.0142e+00 +4.9199e-01
5382 +3.682343643e+01 +3.682343643e+01 -9.631765636e+02 -9.631765636e+02 +1.3966e+00 +1.2881e+00 +1.9679e+00 -1.2584e+00 -9.7901e-01 +2.9280e+00 -3.0209e+00 +1.1952e+00 +3.0063e+00 +4.9359e-01
5426 +3.548769025e+01 +3.548769025e+01 -9.645123098e+02 -9.645123098e+02 +1.4044e+00 +1.2911e+00 +1.9705e+00 -1.2756e+00 -9.7507e-01 +2.9481e+00 -3.0135e+00 +1.2057e+00 +3.0037e+00 +4.8939e-01
5428 +3.547454283e+01 +3.547454283e+01 -9.645254572e+02 -9.645254572e+02 +1.4052e+00 +1.2938e+00 +1.9766e+00 -1.2748e+00 -9.7718e-01 +2.9482e+00 -3.0142e+00 +1.2031e+00 +3.0012e+00 +4.9103e-01
5538 +3.429790006e+01 +3.429790006e+01 -9.657020999e+02 -9.657020999e+02 +1.4022e+00 +1.2988e+00 +1.9815e+00 -1.2719e+00 -9.7376e-01 +2.9557e+00 -3.0067e+00 +1.2011e+00 +3.0079e+00 +4.9416e-01
5617 +3.383517608e+01 +3.383517608e+01 -9.661648239e+02 -9.661648239e+02 +1.4017e+00 +1.2986e+00 +1.9834e+00 -1.2741e+00 -9.7571e-01 +2.9559e+00 -3.0060e+00 +1.2021e+00 +3.0069e+00 +4.9571e-01
5702 +3.304703762e+01 +3.304703762e+01 -9.669529624e+02 -9.669529624e+02 +1.3982e+00 +1.2956e+00 +1.9883e+00 -1.2756e+00 -9.8288e-01 +2.9526e+00 -3.0056e+00 +1.2054e+00 +3.0040e+00 +4.9715e-01
6003 +3.234575667e+01 +3.234575667e+01 -9.676542433e+02 -9.676542433e+02 +1.3934e+00 +1.2977e+00 +1.9994e+00 -1.2716e+00 -9.9187e-01 +2.9443e+00 -3.0058e+00 +1.2038e+00 +3.0089e+00 +5.0370e-01
% function evaluation | noise-free fitness - Fopt (-1.001300000000e+02) | best noise-free fitness - Fopt | measured fitness | best measured fitness | x1 | x2...
1 +1.317302996e+02 +1.317302996e+02 +3.160029963e+01 +3.160029963e+01 +0.0000e+00 +0.0000e+00 +0.0000e+00 +0.0000e+00 +0.0000e+00 +0.0000e+00 +0.0000e+00 +0.0000e+00 +0.0000e+00 +0.0000e+00
84 +1.249108092e+02 +1.249108092e+02 +2.478080919e+01 +2.478080919e+01 +1.6620e+00 -1.4451e+00 +1.9649e+00 +4.9128e-02 +1.7002e-01 +8.4338e-01 +6.7650e-01 -2.0166e+00 +3.7783e-01 +1.4428e+00
109 +1.217065208e+02 +1.217065208e+02 +2.157652085e+01 +2.157652085e+01 +1.8216e+00 -1.9934e+00 +1.2062e+00 +2.4159e-01 +1.7648e+00 -8.3576e-02 +1.0662e+00 -2.0483e+00 -6.9054e-02 -9.7200e-01
123 +1.151609869e+02 +1.151609869e+02 +1.503098690e+01 +1.503098690e+01 +1.3564e+00 -2.0476e+00 +4.0701e-01 +4.6156e-01 +1.3000e+00 -6.8894e-01 -4.1088e-01 -1.9151e-01 +4.3802e-01 -6.0025e-01
169 +1.009763142e+02 +1.009763142e+02 +8.463141532e-01 +8.463141532e-01 +1.5047e+00 -1.7059e+00 +1.1274e+00 -1.4996e-01 -7.5484e-02 +9.0097e-01 +3.5307e-01 -8.4396e-01 +2.0790e-01 +1.3057e+00
190 +9.451908336e+01 +9.451908336e+01 -5.610916640e+00 -5.610916640e+00 +1.6761e+00 -2.1189e+00 +1.8842e+00 -1.8328e-01 +5.2841e-01 +1.8766e-01 +1.1666e+00 -8.0342e-01 +7.6228e-01 +6.2486e-01
239 +8.179137920e+01 +8.179137920e+01 -1.833862080e+01 -1.833862080e+01 +1.5708e+00 -1.4725e+00 +6.5300e-01 -6.6788e-01 +7.9841e-01 -7.8558e-01 +1.5396e+00 -5.8255e-01 -8.1929e-02 +5.4165e-01
272 +7.162651573e+01 +7.162651573e+01 -2.850348427e+01 -2.850348427e+01 +1.4705e+00 -1.6260e+00 -3.4891e-02 -6.9703e-01 +1.7976e+00 -1.7809e+00 +1.0339e+00 -1.3723e-01 +3.7630e-01 +8.6972e-01
290 +6.899442860e+01 +6.899442860e+01 -3.113557140e+01 -3.113557140e+01 +1.2671e+00 -1.8551e+00 +2.2001e-01 -7.7007e-01 +2.2104e+00 -2.0617e+00 +7.9447e-01 +2.8945e-01 +7.8335e-01 +1.4092e+00
361 +6.447655306e+01 +6.447655306e+01 -3.565344694e+01 -3.565344694e+01 +1.1078e+00 -1.1740e+00 -2.8709e-01 -1.0762e+00 +1.3554e+00 -1.7419e+00 +1.5850e+00 -2.6282e-01 +5.4675e-01 +1.1668e+00
463 +4.443096937e+01 +4.443096937e+01 -5.569903063e+01 -5.569903063e+01 +1.2149e+00 -1.5678e+00 -1.3564e-01 -9.1987e-01 +1.0389e+00 -1.4189e+00 +1.7066e+00 -6.8436e-01 +1.0736e+00 +1.6374e+00
1153 +1.894996457e+01 +1.894996457e+01 -8.118003543e+01 -8.118003543e+01 +1.8205e+00 -1.3560e+00 +7.4255e-01 -1.2476e+00 +1.8342e+00 -1.3902e+00 +4.5699e-01 -1.1389e+00 +1.0974e+00 +1.5452e+00
3353 +1.859337570e+01 +1.859337570e+01 -8.153662430e+01 -8.153662430e+01 +1.6324e+00 -2.2756e+00 +4.9964e-01 -1.2388e+00 +1.8452e+00 -8.9122e-01 +1.0873e+00 -1.1945e+00 +5.6666e-02 +2.1463e+00
3934 +1.819446845e+01 +1.819446845e+01 -8.193553155e+01 -8.193553155e+01 +1.6361e+00 -2.2744e+00 +5.0550e-01 -1.2282e+00 +1.8478e+00 -8.9111e-01 +1.0938e+00 -1.1927e+00 +4.9573e-02 +2.1534e+00
