% function evaluation | noise-free fitness - Fopt (1.026100000000e+02) | best noise-free fitness - Fopt | measured fitness | best measured fitness | x1 | x2...
1 +6.885484536e+01 +6.885484536e+01 +1.714648454e+02 +1.714648454e+02 +0.0000e+00 +0.0000e+00 +0.0000e+00 +0.0000e+00 +0.0000e+00
5 +6.110292188e+01 +6.110292188e+01 +1.637129219e+02 +1.637129219e+02 +5.0381e-01 +9.3063e-01 -1.9025e+00 +1.7884e-02 -4.9856e-01
17 +4.224313612e+01 +4.224313612e+01 +1.448531361e+02 +1.448531361e+02 +9.0808e-01 +1.5297e-04 -1.0071e+00 -1.3260e+00 -1.1990e+00
94 +4.139975339e+01 +4.139975339e+01 +1.440097534e+02 +1.440097534e+02 +1.7222e+00 -1.1965e-02 -1.1411e+00 -1.9735e+00 -5.8355e-01
125 +3.583106786e+01 +3.583106786e+01 +1.384410679e+02 +1.384410679e+02 +2.1304e+00 +8.1767e-02 -1.0443e+00 -1.1756e+00 -4.6123e-01
162 +3.273853832e+01 +3.273853832e+01 +1.353485383e+02 +1.353485383e+02 +9.8150e-01 +1.6644e+00 -2.5436e+00 -1.4804e+00 -2.4120e-01
172 +3.078044523e+01 +3.078044523e+01 +1.333904452e+02 +1.333904452e+02 +8.5719e-01 +2.4470e+00 -1.5674e+00 -7.7225e-01 -2.8630e-01
207 +2.156591305e+01 +2.156591305e+01 +1.241759131e+02 +1.241759131e+02 +1.4169e+00 +1.9557e+00 -7.2149e-01 -1.3369e+00 -1.1643e+00
261 +1.389093797e+01 +1.389093797e+01 +1.165009380e+02 +1.165009380e+02 +6.6663e-01 +8.2893e-01 -1.5572e+00 -1.0053e+00 -1.4314e+00
933 +1.051851367e+01 +1.051851367e+01 +1.131285137e+02 +1.131285137e+02 +1.0955e+00 +8.2481e-01 -1.4880e+00 -1.2224e+00 -1.5137e+00
1042 +6.290383221e+00 +6.290383221e+00 +1.089003832e+02 +1.089003832e+02 +1.2140e+00 +9.3858e-01 -1.6924e+00 -1.3258e+00 -1.6383e+00
1293 +3.188418168e+00 +3.188418168e+00 +1.057984182e+02 +1.057984182e+02 +1.0847e+00 +1.0879e+00 -1.3782e+00 -1.1571e+00 -1.4567e+00
1354 +3.090021550e+00 +3.090021550e+00 +1.057000216e+02 +1.057000216e+02 +1.0848e+00 +1.0835e+00 -1.3735e+00 -1.1555e+00 -1.4580e+00
1363 +2.219822019e+00 +2.219822019e+00 +1.048298220e+02 +1.048298220e+02 +1.0834e+00 +1.0577e+00 -1.3800e+00 -1.1550e+00 -1.4430e+00
1372 +1.798480274e+00 +1.798480274e+00 +1.044084803e+02 +1.044084803e+02 +1.0794e+00 +1.0700e+00 -1.3823e+00 -1.1572e+00 -1.4501e+00
1406 +1.323253663e+00 +1.323253663e+00 +1.039332537e+02 +1.039332537e+02 +1.0888e+00 +1.0760e+00 -1.3850e+00 -1.1569e+00 -1.4463e+00
1427 +1.131920192e+00 +1.131920192e+00 +1.037419202e+02 +1.037419202e+02 +1.0883e+00 +1.0752e+00 -1.3826e+00 -1.1564e+00 -1.4438e+00
1435 +8.789698370e-01 +8.789698370e-01 +1.034889698e+02 +1.034889698e+02 +1.0884e+00 +1.0755e+00 -1.3823e+00 -1.1596e+00 -1.4456e+00
1438 +8.077074509e-01 +8.077074509e-01 +1.034177075e+02 +1.034177075e+02 +1.0871e+00 +1.0710e+00 -1.3830e+00 -1.1600e+00 -1.4448e+00
1444 +7.521259479e-01 +7.521259479e-01 +1.033621259e+02 +1.033621259e+02 +1.0887e+00 +1.0729e+00 -1.3853e+00 -1.1592e+00 -1.4393e+00
1453 +6.578724739e-01 +6.578724739e-01 +1.032678725e+02 +1.032678725e+02 +1.0895e+00 +1.0691e+00 -1.3863e+00 -1.1609e+00 -1.4378e+00
1603 +6.342772600e-01 +6.342772600e-01 +1.032442773e+02 +1.032442773e+02 +1.0888e+00 +1.0675e+00 -1.3865e+00 -1.1606e+00 -1.4357e+00
1613 +6.202912516e-01 +6.202912516e-01 +1.032302913e+02 +1.032302913e+02 +1.0893e+00 +1.0686e+00 -1.3866e+00 -1.1611e+00 -1.4354e+00
1627 +6.139306886e-01 +6.139306886e-01 +1.032239307e+02 +1.032239307e+02 +1.0894e+00 +1.0690e+00 -1.3863e+00 -1.1610e+00 -1.4362e+00
1631 +5.944420004e-01 +5.944420004e-01 +1.032044420e+02 +1.032044420e+02 +1.0900e+00 +1.0700e+00 -1.3863e+00 -1.1617e+00 -1.4366e+00
1632 +5.593118960e-01 +5.593118960e-01 +1.031693119e+02 +1.031693119e+02 +1.0900e+00 +1.0708e+00 -1.3861e+00 -1.1624e+00 -1.4372e+00
1642 +5.368453095e-01 +5.368453095e-01 +1.031468453e+02 +1.031468453e+02 +1.0895e+00 +1.0708e+00 -1.3864e+00 -1.1631e+00 -1.4372e+00
1670 +5.110618116e-01 +5.110618116e-01 +1.031210618e+02 +1.031210618e+02 +1.0903e+00 +1.0728e+00 -1.3853e+00 -1.1648e+00 -1.4386e+00
1679 +4.891128250e-01 +4.891128250e-01 +1.030991128e+02 +1.030991128e+02 +1.0900e+00 +1.0746e+00 -1.3855e+00 -1.1654e+00 -1.4405e+00
1706 +4.781661666e-01 +4.781661666e-01 +1.030881662e+02 +1.030881662e+02 +1.0913e+00 +1.0755e+00 -1.3856e+00 -1.1675e+00 -1.4405e+00
% function evaluation | noise-free fitness - Fopt (9.330000000000e+01) | best noise-free fitness - Fopt | measured fitness | best measured fitness | x1 | x2...
1 +7.955373779e+01 +7.955373779e+01 +1.728537378e+02 +1.728537378e+02 +0.0000e+00 +0.0000e+00 +0.0000e+00 +0.0000e+00 +0.0000e+00
3 +5.305302674e+01 +5.305302674e+01 +1.463530267e+02 +1.463530267e+02 -1.1412e+00 +1.4312e+00 -1.7068e+00 -1.8188e-01 +1.1835e+00
21 +4.549777970e+01 +4.549777970e+01 +1.387977797e+02 +1.387977797e+02 -2.0704e+00 +1.6029e+00 -2.0939e+00 -7.7157e-01 +1.6292e+00
25 +4.090781710e+01 +4.090781710e+01 +1.342078171e+02 +1.342078171e+02 -3.4602e+00 +2.1610e+00 -3.1410e+00 +8.2133e-01 +1.9266e-01
97 +3.930669304e+01 +3.930669304e+01 +1.326066930e+02 +1.326066930e+02 -1.6641e+00 +2.7115e+00 -2.5622e+00 +2.1039e+00 +9.1992e-01
99 +3.818559618e+01 +3.818559618e+01 +1.314855962e+02 +1.314855962e+02 -2.5774e+00 +2.7314e+00 -2.3095e+00 +2.2150e+00 +9.2245e-01
119 +3.665954493e+01 +3.665954493e+01 +1.299595449e+02 +1.299595449e+02 -3.1451e+00 +1.0992e+00 -1.3508e+00 +1.9442e+00 +1.2250e+00
122 +2.726236324e+01 +2.726236324e+01 +1.205623632e+02 +1.205623632e+02 -2.2570e+00 +2.1348e+00 -2.1368e+00 +2.5337e+00 +1.0948e+00
298 +1.705738236e+01 +1.705738236e+01 +1.103573824e+02 +1.103573824e+02 -2.3156e+00 +2.0263e+00 -8.9781e-01 +1.5055e+00 +8.6216e-01
434 +1.663769465e+01 +1.663769465e+01 +1.099376946e+02 +1.099376946e+02 -3.0783e+00 +2.1579e+00 -1.4118e+00 +1.3477e+00 +6.9714e-01
702 +1.621779444e+01 +1.621779444e+01 +1.095177944e+02 +1.095177944e+02 -3.1682e+00 +2.1701e+00 -1.3793e+00 +1.3250e+00 +7.4272e-01
731 +1.554064232e+01 +1.554064232e+01 +1.088406423e+02 +1.088406423e+02 -3.1898e+00 +2.1740e+00 -1.3558e+00 +1.3168e+00 +7.4203e-01
740 +1.395245286e+01 +1.395245286e+01 +1.072524529e+02 +1.072524529e+02 -3.1784e+00 +2.1789e+00 -1.3517e+00 +1.3223e+00 +7.4392e-01
790 +1.348756980e+01 +1.348756980e+01 +1.067875698e+02 +1.067875698e+02 -3.1844e+00 +2.1806e+00 -1.3368e+00 +1.3278e+00 +7.4957e-01
803 +1.282028133e+01 +1.282028133e+01 +1.061202813e+02 +1.061202813e+02 -3.1830e+00 +2.1850e+00 -1.3364e+00 +1.3216e+00 +7.5531e-01
841 +1.243121394e+01 +1.243121394e+01 +1.057312139e+02 +1.057312139e+02 -3.1846e+00 +2.1800e+00 -1.3411e+00 +1.3222e+00 +7.5112e-01
843 +1.215783725e+01 +1.215783725e+01 +1.054578373e+02 +1.054578373e+02 -3.1878e+00 +2.1799e+00 -1.3353e+00 +1.3212e+00 +7.5108e-01
854 +1.196632560e+01 +1.196632560e+01 +1.052663256e+02 +1.052663256e+02 -3.1906e+00 +2.1792e+00 -1.3316e+00 +1.3173e+00 +7.5194e-01
919 +1.168243734e+01 +1.168243734e+01 +1.049824373e+02 +1.049824373e+02 -3.1952e+00 +2.1825e+00 -1.3194e+00 +1.3150e+00 +7.5686e-01
% function evaluation | noise-free fitness - Fopt (1.364000000000e+01) | best noise-free fitness - Fopt | measured fitness | best measured fitness | x1 | x2...
1 +9.630173598e+01 +9.630173598e+01 +1.099417360e+02 +1.099417360e+02 +0.0000e+00 +0.0000e+00 +0.0000e+00 +0.0000e+00 +0.0000e+00
2 +8.801545581e+01 +8.801545581e+01 +1.016554558e+02 +1.016554558e+02 +1.3737e+00 -7.7454e-01 -1.9124e+00 -1.1035e-01 -5.7331e-01
3 +7.609699062e+01 +7.609699062e+01 +8.973699062e+01 +8.973699062e+01 +1.4643e+00 -1.2945e+00 -7.9315e-01 +2.2271e-02 +2.2083e+00
6 +4.515480603e+01 +4.515480603e+01 +5.879480603e+01 +5.879480603e+01 +9.2074e-01 -5.5157e-01 -1.6222e+00 -9.3130e-02 -1.2541e+00
44 +2.713419590e+01 +2.713419590e+01 +4.077419590e+01 +4.077419590e+01 -2.0005e+00 -1.8542e+00 -2.7794e+00 -1.1935e-01 -4.1604e-01
330 +2.360895290e+01 +2.360895290e+01 +3.724895290e+01 +3.724895290e+01 -2.4619e+00 -1.0941e+00 -2.1208e+00 +1.0107e+00 -2.1988e+00
520 +1.793289975e+01 +1.793289975e+01 +3.157289975e+01 +3.157289975e+01 -2.4469e+00 -1.1521e+00 -1.3627e+00 +5.4440e-01 -1.9749e+00
554 +1.366668311e+01 +1.366668311e+01 +2.730668311e+01 +2.730668311e+01 -2.4592e+00 -1.3136e+00 -1.1390e+00 +6.1167e-01 -1.9428e+00
792 +1.326742830e+01 +1.326742830e+01 +2.690742830e+01 +2.690742830e+01 -2.1638e+00 -1.0040e+00 -9.1357e-01 +5.9187e-01 -1.9346e+00
819 +1.170526496e+01 +1.170526496e+01 +2.534526496e+01 +2.534526496e+01 -2.1416e+00 -1.0000e+00 -9.0164e-01 +5.9200e-01 -1.9241e+00
825 +1.106413091e+01 +1.106413091e+01 +2.470413091e+01 +2.470413091e+01 -2.1224e+00 -9.8358e-01 -9.0246e-01 +5.9028e-01 -1.9197e+00
832 +1.078228179e+01 +1.078228179e+01 +2.442228179e+01 +2.442228179e+01 -2.1272e+00 -9.9641e-01 -9.0671e-01 +6.0601e-01 -1.9324e+00
862 +1.068736801e+01 +1.068736801e+01 +2.432736801e+01 +2.432736801e+01 -2.1367e+00 -9.9550e-01 -9.1062e-01 +6.1194e-01 -1.9281e+00
914 +1.021502371e+01 +1.021502371e+01 +2.385502371e+01 +2.385502371e+01 -2.1531e+00 -1.0108e+00 -9.1112e-01 +6.0492e-01 -1.9400e+00
1048 +9.955809852e+00 +9.955809852e+00 +2.359580985e+01 +2.359580985e+01 -2.1467e+00 -1.0042e+00 -9.0821e-01 +6.0184e-01 -1.9362e+00
1108 +9.767142009e+00 +9.767142009e+00 +2.340714201e+01 +2.340714201e+01 -2.1390e+00 -1.0005e+00 -9.0655e-01 +6.0294e-01 -1.9360e+00
% function evaluation | noise-free fitness - Fopt (1.948000000000e+02) | best noise-free fitness - Fopt | measured fitness | best measured fitness | x1 | x2...
1 +5.865562670e+01 +5.865562670e+01 +2.534556267e+02 +2.534556267e+02 +0.0000e+00 +0.0000e+00 +0.0000e+00 +0.0000e+00 +0.0000e+00
2 +4.332422933e+01 +4.332422933e+01 +2.381242293e+02 +2.381242293e+02 -5.4322e-01 +2.9679e-01 +1.9699e+00 -1.6158e+00 +5.3720e-02
10 +2.976802064e+01 +2.976802064e+01 +2.245680206e+02 +2.245680206e+02 -1.3378e+00 -6.2126e-01 -6.1518e-01 +1.1339e+00 +5.6206e-01
89 +2.630095696e+01 +2.630095696e+01 +2.211009570e+02 +2.211009570e+02 -1.3997e+00 -1.4097e+00 -1.1762e+00 +4.0669e-01 +1.9719e+00
109 +2.215853740e+01 +2.215853740e+01 +2.169585374e+02 +2.169585374e+02 -1.3211e+00 -1.2420e+00 -7.6558e-01 +4.6558e-01 +1.5408e+00
114 +1.944586587e+01 +1.944586587e+01 +2.142458659e+02 +2.142458659e+02 -1.4302e+00 -1.2013e+00 -7.2797e-01 +8.0032e-01 +1.3919e+00
149 +1.209460511e+01 +1.209460511e+01 +2.068946051e+02 +2.068946051e+02 -1.6579e+00 -1.4606e+00 -7.1704e-01 +1.2701e+00 +1.3010e+00
449 +4.494183354e+00 +4.494183354e+00 +1.992941834e+02 +1.992941834e+02 -1.5306e+00 -1.3378e+00 -1.0996e+00 +1.1596e+00 +1.1951e+00
484 +3.760171999e+00 +3.760171999e+00 +1.985601720e+02 +1.985601720e+02 -1.5446e+00 -1.3224e+00 -1.1137e+00 +1.1734e+00 +1.1947e+00
505 +2.168037692e+00 +2.168037692e+00 +1.969680377e+02 +1.969680377e+02 -1.5334e+00 -1.3403e+00 -1.1212e+00 +1.1727e+00 +1.1845e+00
510 +1.763906677e+00 +1.763906677e+00 +1.965639067e+02 +1.965639067e+02 -1.5356e+00 -1.3310e+00 -1.1128e+00 +1.1747e+00 +1.1877e+00
512 +1.047896009e+00 +1.047896009e+00 +1.958478960e+02 +1.958478960e+02 -1.5372e+00 -1.3296e+00 -1.1166e+00 +1.1734e+00 +1.1875e+00
563 +8.099257734e-01 +8.099257734e-01 +1.956099258e+02 +1.956099258e+02 -1.5351e+00 -1.3308e+00 -1.1163e+00 +1.1670e+00 +1.1884e+00
650 +7.853160511e-01 +7.853160511e-01 +1.955853161e+02 +1.955853161e+02 -1.5327e+00 -1.3289e+00 -1.1154e+00 +1.1678e+00 +1.1889e+00
653 +6.909887073e-01 +6.909887073e-01 +1.954909887e+02 +1.954909887e+02 -1.5340e+00 -1.3284e+00 -1.1161e+00 +1.1663e+00 +1.1898e+00
705 +6.717279868e-01 +6.717279868e-01 +1.954717280e+02 +1.954717280e+02 -1.5322e+00 -1.3273e+00 -1.1172e+00 +1.1647e+00 +1.1889e+00
709 +6.604755775e-01 +6.604755775e-01 +1.954604756e+02 +1.954604756e+02 -1.5327e+00 -1.3279e+00 -1.1165e+00 +1.1651e+00 +1.1892e+00
720 +6.243642309e-01 +6.243642309e-01 +1.954243642e+02 +1.954243642e+02 -1.5327e+00 -1.3278e+00 -1.1158e+00 +1.1633e+00 +1.1901e+00
730 +6.013673018e-01 +6.013673018e-01 +1.954013673e+02 +1.954013673e+02 -1.5319e+00 -1.3270e+00 -1.1153e+00 +1.1626e+00 +1.1902e+00
745 +5.840065527e-01 +5.840065527e-01 +1.953840066e+02 +1.953840066e+02 -1.5312e+00 -1.3256e+00 -1.1152e+00 +1.1635e+00 +1.1904e+00
792 +5.671479741e-01 +5.671479741e-01 +1.953671480e+02 +1.953671480e+02 -1.5302e+00 -1.3247e+00 -1.1149e+00 +1.1621e+00 +1.1907e+00
793 +5.545068675e-01 +5.545068675e-01 +1.953545069e+02 +1.953545069e+02 -1.5298e+00 -1.3242e+00 -1.1144e+00 +1.1624e+00 +1.1914e+00
817 +5.480758263e-01 +5.480758263e-01 +1.953480758e+02 +1.953480758e+02 -1.5294e+00 -1.3232e+00 -1.1144e+00 +1.1598e+00 +1.1914e+00
845 +5.292484800e-01 +5.292484800e-01 +1.953292485e+02 +1.953292485e+02 -1.5306e+00 -1.3235e+00 -1.1138e+00 +1.1623e+00 +1.1920e+00
858 +5.231935870e-01 +5.231935870e-01 +1.953231936e+02 +1.953231936e+02 -1.5302e+00 -1.3233e+00 -1.1137e+00 +1.1619e+00 +1.1919e+00
868 +5.112301059e-01 +5.112301059e-01 +1.953112301e+02 +1.953112301e+02 -1.5301e+00 -1.3231e+00 -1.1132e+00 +1.1616e+00 +1.1925e+00
892 +4.959190197e-01 +4.959190197e-01 +1.952959190e+02 +1.952959190e+02 -1.5292e+00 -1.3220e+00 -1.1117e+00 +1.1609e+00 +1.1935e+00
903 +4.873508234e-01 +4.873508234e-01 +1.952873508e+02 +1.952873508e+02 -1.5293e+00 -1.3221e+00 -1.1125e+00 +1.1600e+00 +1.1933e+00
924 +4.747296949e-01 +4.747296949e-01 +1.952747297e+02 +1.952747297e+02 -1.5278e+00 -1.3199e+00 -1.1108e+00 +1.1575e+00 +1.1952e+00
941 +4.638856503e-01 +4.638856503e-01 +1.952638857e+02 +1.952638857e+02 -1.5277e+00 -1.3203e+00 -1.1108e+00 +1.1573e+00 +1.1950e+00
1090 +4.569891959e-01 +4.569891959e-01 +1.952569892e+02 +1.952569892e+02 -1.5271e+00 -1.3212e+00 -1.1104e+00 +1.1564e+00 +1.1949e+00
% function evaluation | noise-free fitness - Fopt (-1.335900000000e+02) | best noise-free fitness - Fopt | measured fitness | best measured fitness | x1 | x2...
1 +9.504320291e+01 +9.504320291e+01 -3.854679709e+01 -3.854679709e+01 +0.0000e+00 +0.0000e+00 +0.0000e+00 +0.0000e+00 +0.0000e+00
3 +6.607979938e+01 +6.607979938e+01 -6.751020062e+01 -6.751020062e+01 +5.8573e-01 +9.3864e-01 +4.6653e-01 -1.1981e+00 -1.4442e+00
9 +5.042764898e+01 +5.042764898e+01 -8.316235102e+01 -8.316235102e+01 +2.1118e+00 -2.7622e-01 +1.6596e+00 -3.6914e-01 +8.9915e-01
14 +3.975158309e+01 +3.975158309e+01 -9.383841691e+01 -9.383841691e+01 +2.6910e+00 +7.8042e-01 +2.2055e+00 +6.3128e-01 +1.0818e+00
33 +3.880945848e+01 +3.880945848e+01 -9.478054152e+01 -9.478054152e+01 +1.5679e+00 -5.3378e-01 +1.5881e+00 +7.9345e-01 +8.3361e-01
42 +3.716480418e+01 +3.716480418e+01 -9.642519582e+01 -9.642519582e+01 +2.4153e+00 -1.7714e-01 +1.8520e+00 +6.3610e-01 +7.0933e-01
102 +3.482617175e+01 +3.482617175e+01 -9.876382825e+01 -9.876382825e+01 +8.4330e-01 -1.3202e+00 +1.7482e+00 +3.1683e+00 +4.9216e-01
172 +3.211211177e+01 +3.211211177e+01 -1.014778882e+02 -1.014778882e+02 +3.1937e-01 -6.1708e-02 +1.4756e+00 +2.6451e+00 +8.9062e-01
227 +1.661488855e+01 +1.661488855e+01 -1.169751115e+02 -1.169751115e+02 +8.1335e-01 -2.0015e-02 +1.4423e+00 +1.6498e+00 +1.6643e+00
% function evaluation | noise-free fitness - Fopt (1.198100000000e+02) | best noise-free fitness - Fopt | measured fitness | best measured fitness | x1 | x2...
1 +9.445407857e+01 +9.445407857e+01 +2.142640786e+02 +2.142640786e+02 +0.0000e+00 +0.0000e+00 +0.0000e+00 +0.0000e+00 +0.0000e+00
2 +8.525441045e+01 +8.525441045e+01 +2.050644104e+02 +2.050644104e+02 +9.5103e-01 +9.1116e-01 -1.7616e+00 +1.4509e+00 -7.9485e-01
3 +7.951827996e+01 +7.951827996e+01 +1.993282800e+02 +1.993282800e+02 +6.3815e-01 +1.3362e+00 +2.3971e-01 +8.3011e-01 +7.8763e-01
5 +7.062348500e+01 +7.062348500e+01 +1.904334850e+02 +1.904334850e+02 +5.5834e-01 +4.3750e-01 +8.1235e-01 -8.8908e-01 -9.3645e-01
6 +5.527835626e+01 +5.527835626e+01 +1.750883563e+02 +1.750883563e+02 -5.0258e-01 +1.4595e+00 -1.4377e+00 +1.5458e+00 -2.0102e+00
43 +5.389096980e+01 +5.389096980e+01 +1.737009698e+02 +1.737009698e+02 -3.9269e+00 +7.8359e-03 -2.4367e+00 +6.1849e-01 -2.1623e+00
48 +4.448117802e+01 +4.448117802e+01 +1.642911780e+02 +1.642911780e+02 -3.0303e+00 -5.1948e-01 -2.7974e+00 +1.4181e+00 +2.2819e-01
85 +2.029981906e+01 +2.029981906e+01 +1.401098191e+02 +1.401098191e+02 -1.7756e+00 +2.1183e+00 -2.3868e+00 +1.3370e+00 -8.5279e-01
1864 +1.975961216e+01 +1.975961216e+01 +1.395696122e+02 +1.395696122e+02 -1.1795e+00 +2.1299e+00 -2.0324e+00 -1.0458e-01 -1.5373e+00
1876 +1.489900645e+01 +1.489900645e+01 +1.347090065e+02 +1.347090065e+02 -1.1795e+00 +2.1385e+00 -2.0351e+00 -9.9652e-02 -1.5152e+00
1888 +1.428757455e+01 +1.428757455e+01 +1.340975745e+02 +1.340975745e+02 -1.1747e+00 +2.1468e+00 -2.0515e+00 -1.0620e-01 -1.5078e+00
1896 +1.361642423e+01 +1.361642423e+01 +1.334264242e+02 +1.334264242e+02 -1.1587e+00 +2.1414e+00 -2.0470e+00 -9.6842e-02 -1.5209e+00
1904 +1.244608184e+01 +1.244608184e+01 +1.322560818e+02 +1.322560818e+02 -1.1666e+00 +2.1392e+00 -2.0489e+00 -1.0070e-01 -1.5114e+00
2149 +1.215894636e+01 +1.215894636e+01 +1.319689464e+02 +1.319689464e+02 -1.1703e+00 +2.1410e+00 -2.0455e+00 -1.0196e-01 -1.5132e+00
2278 +1.201288051e+01 +1.201288051e+01 +1.318228805e+02 +1.318228805e+02 -1.1706e+00 +2.1414e+00 -2.0404e+00 -1.0264e-01 -1.5189e+00
% function evaluation | noise-free fitness - Fopt (-1.224900000000e+02) | best noise-free fitness - Fopt | measured fitness | best measured fitness | x1 | x2...
1 +6.334912285e+01 +6.334912285e+01 -5.914087715e+01 -5.914087715e+01 +0.0000e+00 +0.0000e+00 +0.0000e+00 +0.0000e+00 +0.0000e+00
4 +4.704169174e+01 +4.704169174e+01 -7.544830826e+01 -7.544830826e+01 -9.3355e-01 -4.2246e-01 -3.9842e-01 -5.7257e-01 -6.3684e-01
102 +4.615557168e+01 +4.615557168e+01 -7.633442832e+01 -7.633442832e+01 -1.6203e+00 -8.5386e-01 +8.6404e-01 +5.2200e-01 -1.1950e+00
121 +3.372105714e+01 +3.372105714e+01 -8.876894286e+01 -8.876894286e+01 -4.6693e-01 -2.9226e+00 +5.9880e-01 +3.1935e-01 -1.0250e+00
179 +3.285536090e+01 +3.285536090e+01 -8.963463910e+01 -8.963463910e+01 -9.1708e-01 -2.2821e+00 +7.8044e-01 +8.5869e-01 -1.0018e+00
268 +3.126925942e+01 +3.126925942e+01 -9.122074058e+01 -9.122074058e+01 -7.5025e-01 -3.1658e+00 +2.3868e-01 +9.6511e-01 +1.1755e-01
445 +2.954794555e+01 +2.954794555e+01 -9.294205445e+01 -9.294205445e+01 -1.4397e+00 -3.4409e+00 +3.1639e-01 +1.1715e+00 -3.6992e-01
486 +2.831573808e+01 +2.831573808e+01 -9.417426192e+01 -9.417426192e+01 -1.5228e+00 -3.4680e+00 +2.9137e-01 +1.1574e+00 -2.7714e-01
629 +2.751507371e+01 +2.751507371e+01 -9.497492629e+01 -9.497492629e+01 -1.6420e+00 -3.4466e+00 +2.5033e-01 +1.1278e+00 -2.8305e-01
647 +2.684523712e+01 +2.684523712e+01 -9.564476288e+01 -9.564476288e+01 -1.6351e+00 -3.4555e+00 +2.4809e-01 +1.1308e+00 -2.7936e-01
680 +2.521752005e+01 +2.521752005e+01 -9.727247995e+01 -9.727247995e+01 -1.6398e+00 -3.4502e+00 +2.4890e-01 +1.1358e+00 -2.9062e-01
686 +2.509619555e+01 +2.509619555e+01 -9.739380445e+01 -9.739380445e+01 -1.6399e+00 -3.4499e+00 +2.5011e-01 +1.1403e+00 -2.9378e-01
717 +2.360848696e+01 +2.360848696e+01 -9.888151304e+01 -9.888151304e+01 -1.6287e+00 -3.4465e+00 +2.4735e-01 +1.1293e+00 -2.9968e-01
724 +2.323660129e+01 +2.323660129e+01 -9.925339871e+01 -9.925339871e+01 -1.6314e+00 -3.4392e+00 +2.4550e-01 +1.1294e+00 -3.0744e-01
734 +2.211214451e+01 +2.211214451e+01 -1.003778555e+02 -1.003778555e+02 -1.6268e+00 -3.4379e+00 +2.4302e-01 +1.1288e+00 -3.1715e-01
745 +2.111356693e+01 +2.111356693e+01 -1.013764331e+02 -1.013764331e+02 -1.6255e+00 -3.4371e+00 +2.4310e-01 +1.1330e+00 -3.2447e-01
755 +2.087957969e+01 +2.087957969e+01 -1.016104203e+02 -1.016104203e+02 -1.6262e+00 -3.4349e+00 +2.3866e-01 +1.1364e+00 -3.3133e-01
765 +2.030550497e+01 +2.030550497e+01 -1.021844950e+02 -1.021844950e+02 -1.6216e+00 -3.4320e+00 +2.3648e-01 +1.1377e+00 -3.3206e-01
779 +1.888594123e+01 +1.888594123e+01 -1.036040588e+02 -1.036040588e+02 -1.6141e+00 -3.4207e+00 +2.3511e-01 +1.1436e+00 -3.3868e-01
802 +1.821285276e+01 +1.821285276e+01 -1.042771472e+02 -1.042771472e+02 -1.6113e+00 -3.4136e+00 +2.2948e-01 +1.1506e+00 -3.6243e-01
819 +1.804256617e+01 +1.804256617e+01 -1.044474338e+02 -1.044474338e+02 -1.6105e+00 -3.4100e+00 +2.2875e-01 +1.1499e+00 -3.7127e-01
% function evaluation | noise-free fitness - Fopt (1.829000000000e+01) | best noise-free fitness - Fopt | measured fitness | best measured fitness | x1 | x2...
1 +9.536599902e+01 +9.536599902e+01 +1.136559990e+02 +1.136559990e+02 +0.0000e+00 +0.0000e+00 +0.0000e+00 +0.0000e+00 +0.0000e+00
2 +7.526847554e+01 +7.526847554e+01 +9.355847554e+01 +9.355847554e+01 -6.7072e-02 +2.2239e+00 -1.0292e+00 +1.1819e+00 +1.8259e+00
7 +7.123183214e+01 +7.123183214e+01 +8.952183214e+01 +8.952183214e+01 -1.4261e+00 -1.1538e+00 -1.3626e+00 -1.1395e+00 +3.1946e-01
9 +6.523542563e+01 +6.523542563e+01 +8.352542563e+01 +8.352542563e+01 -1.6392e-01 -1.5894e-02 -1.3462e+00 +1.8925e+00 +1.6003e+00
12 +6.333809984e+01 +6.333809984e+01 +8.162809984e+01 +8.162809984e+01 +1.2996e+00 +7.8338e-01 -1.4926e+00 +1.1082e+00 +1.8752e+00
15 +5.562884508e+01 +5.562884508e+01 +7.391884508e+01 +7.391884508e+01 +8.7341e-01 -1.5428e+00 -2.8900e+00 +2.3515e+00 +1.6938e+00
16 +5.161345801e+01 +5.161345801e+01 +6.990345801e+01 +6.990345801e+01 +1.4859e+00 -1.2362e+00 -1.4148e+00 +1.3900e+00 +1.1027e+00
17 +4.885733932e+01 +4.885733932e+01 +6.714733932e+01 +6.714733932e+01 -6.1451e-01 -8.9791e-01 -3.1260e+00 +2.2801e+00 +2.2626e+00
19 +4.413831492e+01 +4.413831492e+01 +6.242831492e+01 +6.242831492e+01 +2.8469e+00 -5.3521e-01 -3.8119e+00 +2.0852e+00 +2.6597e+00
102 +2.110816222e+01 +2.110816222e+01 +3.939816222e+01 +3.939816222e+01 +1.0616e+00 -1.2522e+00 -1.9685e+00 +2.0621e+00 +6.6262e-01
644 +2.059893158e+01 +2.059893158e+01 +3.888893158e+01 +3.888893158e+01 +1.4557e+00 -1.9941e+00 -7.6104e-01 +1.1856e+00 +8.1615e-01
1299 +1.799883034e+01 +1.799883034e+01 +3.628883034e+01 +3.628883034e+01 +1.9421e+00 -1.3673e+00 +7.4212e-02 +2.3317e+00 +1.3603e+00
2182 +1.740088359e+01 +1.740088359e+01 +3.569088359e+01 +3.569088359e+01 +2.6372e+00 -1.1778e+00 -6.5581e-01 +2.1745e+00 +2.0341e+00
2981 +1.689731116e+01 +1.689731116e+01 +3.518731116e+01 +3.518731116e+01 +7.5701e-01 -2.1356e+00 -2.0688e+00 +3.4013e+00 +8.9358e-01
3275 +1.527223821e+01 +1.527223821e+01 +3.356223821e+01 +3.356223821e+01 +8.4820e-01 -1.7487e+00 -2.1205e+00 +3.2663e+00 +4.3875e-01
3304 +1.486314424e+01 +1.486314424e+01 +3.315314424e+01 +3.315314424e+01 +8.5561e-01 -1.7545e+00 -2.1229e+00 +3.2626e+00 +4.4705e-01
3357 +1.477556176e+01 +1.477556176e+01 +3.306556176e+01 +3.306556176e+01 +8.5409e-01 -1.7548e+00 -2.1265e+00 +3.2661e+00 +4.4851e-01
3493 +1.434721629e+01 +1.434721629e+01 +3.263721629e+01 +3.263721629e+01 +8.5428e-01 -1.7555e+00 -2.1191e+00 +3.2661e+00 +4.4883e-01
3533 +1.412348227e+01 +1.412348227e+01 +3.241348227e+01 +3.241348227e+01 +8.5112e-01 -1.7547e+00 -2.1181e+00 +3.2707e+00 +4.4942e-01
% function evaluation | noise-free fitness - Fopt (-1.635000000000e+01) | best noise-free fitness - Fopt | measured fitness | best measured fitness | x1 | x2...
1 +1.019177602e+02 +1.019177602e+02 +8.556776018e+01 +8.556776018e+01 +0.0000e+00 +0.0000e+00 +0.0000e+00 +0.0000e+00 +0.0000e+00
2 +6.303291730e+01 +6.303291730e+01 +4.668291730e+01 +4.668291730e+01 -8.9373e-01 -6.3925e-01 +1.3827e+00 +1.4454e+00 +1.2134e+00
6 +5.629996762e+01 +5.629996762e+01 +3.994996762e+01 +3.994996762e+01 +4.5870e-01 -8.8978e-03 +2.5072e+00 +4.5623e-01 -1.0519e-01
22 +4.326442038e+01 +4.326442038e+01 +2.691442038e+01 +2.691442038e+01 +3.3099e-01 -3.6746e-01 +1.7400e+00 +1.1505e+00 +1.1898e+00
48 +3.817783300e+01 +3.817783300e+01 +2.182783300e+01 +2.182783300e+01 +3.8679e-01 +4.5474e-01 +1.2454e+00 +1.3960e+00 +2.9282e+00
81 +3.648085727e+01 +3.648085727e+01 +2.013085727e+01 +2.013085727e+01 +1.8369e+00 -1.0065e+00 +1.1886e+00 +6.6509e-01 +2.0718e+00
94 +1.348390024e+01 +1.348390024e+01 -2.866099762e+00 -2.866099762e+00 +2.4573e+00 -1.6144e+00 +1.6629e+00 +1.1608e+00 +1.2339e+00
547 +1.221080427e+01 +1.221080427e+01 -4.139195728e+00 -4.139195728e+00 +7.7283e-01 -7.2005e-01 +1.2418e+00 +1.5560e+00 +6.1455e-01
% function evaluation | noise-free fitness - Fopt (6.840000000000e+00) | best noise-free fitness - Fopt | measured fitness | best measured fitness | x1 | x2...
1 +1.077378904e+02 +1.077378904e+02 +1.145778904e+02 +1.145778904e+02 +0.0000e+00 +0.0000e+00 +0.0000e+00 +0.0000e+00 +0.0000e+00
2 +8.314468629e+01 +8.314468629e+01 +8.998468629e+01 +8.998468629e+01 -9.3891e-01 -5.6232e-01 +3.4204e-01 -1.8178e+00 +9.2125e-01
4 +6.873206681e+01 +6.873206681e+01 +7.557206681e+01 +7.557206681e+01 +1.1477e+00 +1.3860e+00 -4.7435e-01 +1.2983e+00 +6.5404e-01
10 +6.592049536e+01 +6.592049536e+01 +7.276049536e+01 +7.276049536e+01 -5.9475e-01 +5.9712e-01 -4.2516e-01 -1.3093e-01 -9.3798e-01
14 +6.061062670e+01 +6.061062670e+01 +6.745062670e+01 +6.745062670e+01 -1.2190e+00 +7.4624e-01 -1.6986e+00 +1.1579e+00 +2.9879e-01
18 +4.435006879e+01 +4.435006879e+01 +5.119006879e+01 +5.119006879e+01 -7.1975e-01 +1.4022e+00 +4.1049e-01 +3.6373e-01 -1.1516e+00
30 +2.552591062e+01 +2.552591062e+01 +3.236591062e+01 +3.236591062e+01 +2.9161e-01 +1.3433e+00 +9.8668e-01 -5.5103e-01 -5.1929e-01
444 +2.263854602e+01 +2.263854602e+01 +2.947854602e+01 +2.947854602e+01 +8.6986e-01 +2.2247e+00 +1.6742e+00 +8.5793e-01 -9.5908e-01
616 +1.889131121e+01 +1.889131121e+01 +2.573131121e+01 +2.573131121e+01 +1.4567e+00 +1.5188e+00 +1.4803e+00 +4.6354e-01 -1.6083e+00
855 +1.126848711e+01 +1.126848711e+01 +1.810848711e+01 +1.810848711e+01 +1.5110e+00 +1.4874e+00 +1.5156e+00 +6.0110e-01 -1.9544e+00
876 +1.100566980e+01 +1.100566980e+01 +1.784566980e+01 +1.784566980e+01 +1.5086e+00 +1.4989e+00 +1.5245e+00 +6.1129e-01 -1.9659e+00
898 +9.859697905e+00 +9.859697905e+00 +1.669969791e+01 +1.669969791e+01 +1.5018e+00 +1.5055e+00 +1.5205e+00 +6.0391e-01 -1.9704e+00
979 +9.470356842e+00 +9.470356842e+00 +1.631035684e+01 +1.631035684e+01 +1.5261e+00 +1.4829e+00 +1.5079e+00 +6.3509e-01 -1.9569e+00
984 +8.524140319e+00 +8.524140319e+00 +1.536414032e+01 +1.536414032e+01 +1.5229e+00 +1.4857e+00 +1.5112e+00 +6.2321e-01 -1.9570e+00
1006 +8.243459689e+00 +8.243459689e+00 +1.508345969e+01 +1.508345969e+01 +1.4990e+00 +1.5109e+00 +1.5142e+00 +6.2183e-01 -1.9610e+00
1018 +7.419727790e+00 +7.419727790e+00 +1.425972779e+01 +1.425972779e+01 +1.5215e+00 +1.4921e+00 +1.5151e+00 +6.2582e-01 -1.9669e+00
1043 +6.904349159e+00 +6.904349159e+00 +1.374434916e+01 +1.374434916e+01 +1.5159e+00 +1.4984e+00 +1.5088e+00 +6.2764e-01 -1.9627e+00
1069 +6.534783196e+00 +6.534783196e+00 +1.337478320e+01 +1.337478320e+01 +1.5254e+00 +1.4917e+00 +1.5098e+00 +6.3011e-01 -1.9662e+00
1072 +6.395431814e+00 +6.395431814e+00 +1.323543181e+01 +1.323543181e+01 +1.5195e+00 +1.4951e+00 +1.5110e+00 +6.2571e-01 -1.9664e+00
1089 +5.810403103e+00 +5.810403103e+00 +1.265040310e+01 +1.265040310e+01 +1.5295e+00 +1.4939e+00 +1.5107e+00 +6.2585e-01 -1.9734e+00
1096 +5.604465611e+00 +5.604465611e+00 +1.244446561e+01 +1.244446561e+01 +1.5256e+00 +1.4965e+00 +1.5112e+00 +6.2352e-01 -1.9767e+00
1103 +5.437137486e+00 +5.437137486e+00 +1.227713749e+01 +1.227713749e+01 +1.5328e+00 +1.4931e+00 +1.5083e+00 +6.2992e-01 -1.9766e+00
1199 +5.359002999e+00 +5.359002999e+00 +1.219900300e+01 +1.219900300e+01 +1.5228e+00 +1.4994e+00 +1.5072e+00 +6.3031e-01 -1.9741e+00
1214 +5.180426260e+00 +5.180426260e+00 +1.202042626e+01 +1.202042626e+01 +1.5221e+00 +1.5018e+00 +1.5095e+00 +6.2696e-01 -1.9757e+00
1224 +5.086514391e+00 +5.086514391e+00 +1.192651439e+01 +1.192651439e+01 +1.5209e+00 +1.5049e+00 +1.5091e+00 +6.2813e-01 -1.9769e+00
1266 +4.969002543e+00 +4.969002543e+00 +1.180900254e+01 +1.180900254e+01 +1.5198e+00 +1.5063e+00 +1.5099e+00 +6.3165e-01 -1.9768e+00
1302 +4.881909776e+00 +4.881909776e+00 +1.172190978e+01 +1.172190978e+01 +1.5148e+00 +1.5108e+00 +1.5106e+00 +6.3030e-01 -1.9781e+00
1332 +4.705369323e+00 +4.705369323e+00 +1.154536932e+01 +1.154536932e+01 +1.5173e+00 +1.5129e+00 +1.5101e+00 +6.3608e-01 -1.9817e+00
1353 +4.657356968e+00 +4.657356968e+00 +1.149735697e+01 +1.149735697e+01 +1.5183e+00 +1.5111e+00 +1.5101e+00 +6.3545e-01 -1.9829e+00
1482 +4.565416567e+00 +4.565416567e+00 +1.140541657e+01 +1.140541657e+01 +1.5165e+00 +1.5149e+00 +1.5109e+00 +6.3540e-01 -1.9848e+00
% function evaluation | noise-free fitness - Fopt (-2.068000000000e+01) | best noise-free fitness - Fopt | measured fitness | best measured fitness | x1 | x2...
1 +8.016729351e+01 +8.016729351e+01 +5.948729351e+01 +5.948729351e+01 +0.0000e+00 +0.0000e+00 +0.0000e+00 +0.0000e+00 +0.0000e+00
6 +6.298002281e+01 +6.298002281e+01 +4.230002281e+01 +4.230002281e+01 -1.4728e+00 +2.4234e-01 -4.8082e-01 -4.2521e-01 -1.2503e+00
7 +4.359859899e+01 +4.359859899e+01 +2.291859899e+01 +2.291859899e+01 +3.7830e-01 -9.8573e-02 -1.9274e+00 -4.6150e-01 +4.7567e-01
87 +4.021337300e+01 +4.021337300e+01 +1.953337300e+01 +1.953337300e+01 -2.1807e+00 -1.3355e+00 -7.0766e-03 -1.7955e+00 +2.1589e+00
172 +2.418927168e+01 +2.418927168e+01 +3.509271679e+00 +3.509271679e+00 -6.2621e-01 -1.2738e+00 -1.9075e+00 -1.7193e+00 +6.0821e-01
186 +1.435312096e+01 +1.435312096e+01 -6.326879044e+00 -6.326879044e+00 -1.0513e+00 -9.5153e-01 -1.7245e+00 -1.9364e+00 +8.8442e-01
208 +1.130838417e+01 +1.130838417e+01 -9.371615833e+00 -9.371615833e+00 -1.6811e+00 -1.4044e+00 -4.5071e-01 -1.5064e+00 +1.5652e+00
% function evaluation | noise-free fitness - Fopt (3.138500000000e+02) | best noise-free fitness - Fopt | measured fitness | best measured fitness | x1 | x2...
1 +7.684964075e+01 +7.684964075e+01 +3.906996408e+02 +3.906996408e+02 +0.0000e+00 +0.0000e+00 +0.0000e+00 +0.0000e+00 +0.0000e+00
5 +5.951994326e+01 +5.951994326e+01 +3.733699433e+02 +3.733699433e+02 +2.0358e+00 +7.1965e-01 +1.4648e-01 -2.9130e-01 -2.0495e-01
6 +5.665156644e+01 +5.665156644e+01 +3.705015664e+02 +3.705015664e+02 -5.0210e-01 +2.5141e-01 +4.4205e-01 -1.4888e+00 -1.2411e+00
41 +5.049651834e+01 +5.049651834e+01 +3.643465183e+02 +3.643465183e+02 -9.4263e-01 +6.2237e-01 +2.0217e+00 -2.2739e+00 +9.4745e-01
44 +4.859209280e+01 +4.859209280e+01 +3.624420928e+02 +3.624420928e+02 -1.0337e+00 +7.5994e-01 +2.0612e+00 -1.1687e+00 +6.7138e-01
51 +2.639454707e+01 +2.639454707e+01 +3.402445471e+02 +3.402445471e+02 -1.5140e+00 -3.8662e-01 +3.0048e+00 -2.6915e+00 +9.2406e-01
322 +2.121259500e+01 +2.121259500e+01 +3.350625950e+02 +3.350625950e+02 -3.5223e-01 -1.1392e+00 +4.0113e-01 -2.6837e-01 +8.0704e-01
1651 +1.963973748e+01 +1.963973748e+01 +3.334897375e+02 +3.334897375e+02 -1.6872e+00 -1.2342e+00 +1.0354e-01 -1.0625e+00 +3.8301e-01
1686 +1.885421972e+01 +1.885421972e+01 +3.327042197e+02 +3.327042197e+02 -1.6752e+00 -1.2349e+00 +1.3801e-01 -1.0698e+00 +3.7177e-01
1697 +1.794001623e+01 +1.794001623e+01 +3.317900162e+02 +3.317900162e+02 -1.6741e+00 -1.2330e+00 +1.2531e-01 -1.0668e+00 +3.7306e-01
1753 +1.771477644e+01 +1.771477644e+01 +3.315647764e+02 +3.315647764e+02 -1.6827e+00 -1.2361e+00 +1.2133e-01 -1.0681e+00 +3.7187e-01
1754 +1.708861880e+01 +1.708861880e+01 +3.309386188e+02 +3.309386188e+02 -1.6764e+00 -1.2353e+00 +1.1947e-01 -1.0660e+00 +3.7034e-01
1765 +1.675031292e+01 +1.675031292e+01 +3.306003129e+02 +3.306003129e+02 -1.6768e+00 -1.2329e+00 +1.2005e-01 -1.0747e+00 +3.6368e-01
1775 +1.557485841e+01 +1.557485841e+01 +3.294248584e+02 +3.294248584e+02 -1.6730e+00 -1.2346e+00 +1.2000e-01 -1.0730e+00 +3.4796e-01
1782 +1.546597162e+01 +1.546597162e+01 +3.293159716e+02 +3.293159716e+02 -1.6739e+00 -1.2366e+00 +1.2278e-01 -1.0718e+00 +3.4832e-01
1793 +1.474531719e+01 +1.474531719e+01 +3.285953172e+02 +3.285953172e+02 -1.6727e+00 -1.2385e+00 +1.2328e-01 -1.0643e+00 +3.4706e-01
2027 +1.445370036e+01 +1.445370036e+01 +3.283037004e+02 +3.283037004e+02 -1.6741e+00 -1.2385e+00 +1.1814e-01 -1.0601e+00 +3.4295e-01
% function evaluation | noise-free fitness - Fopt (-1.640200000000e+02) | best noise-free fitness - Fopt | measured fitness | best measured fitness | x1 | x2...
1 +6.641045006e+01 +6.641045006e+01 -9.760954994e+01 -9.760954994e+01 +0.0000e+00 +0.0000e+00 +0.0000e+00 +0.0000e+00 +0.0000e+00
3 +6.471463106e+01 +6.471463106e+01 -9.930536894e+01 -9.930536894e+01 -5.2353e-01 -3.1203e-01 +2.1042e-01 +1.8117e+00 +8.2678e-02
4 +5.665417555e+01 +5.665417555e+01 -1.073658244e+02 -1.073658244e+02 +1.5566e+00 -2.4446e+00 +1.0699e+00 +3.1036e-01 -1.1415e+00
6 +4.620587354e+01 +4.620587354e+01 -1.178141265e+02 -1.178141265e+02 -9.0803e-01 +1.0944e+00 +5.9388e-01 -4.9525e-01 +5.6690e-01
25 +4.513320839e+01 +4.513320839e+01 -1.188867916e+02 -1.188867916e+02 -1.1457e+00 +1.1325e+00 -3.3748e-01 -9.8132e-01 -4.3012e-01
33 +3.884189554e+01 +3.884189554e+01 -1.251781045e+02 -1.251781045e+02 -1.3638e+00 +1.7717e+00 -1.6513e+00 -1.3418e+00 -9.2020e-03
45 +3.395753300e+01 +3.395753300e+01 -1.300624670e+02 -1.300624670e+02 -2.0544e+00 +2.2352e+00 -2.2584e+00 -2.4924e+00 +1.3427e-01
73 +3.201412740e+01 +3.201412740e+01 -1.320058726e+02 -1.320058726e+02 -1.2563e+00 +2.3416e+00 -2.3838e+00 -7.6371e-01 +4.3385e-01
113 +1.799790032e+01 +1.799790032e+01 -1.460220997e+02 -1.460220997e+02 -1.2457e+00 +7.8714e-01 -1.9011e+00 -4.0008e-01 +6.2211e-01
392 +8.738151221e+00 +8.738151221e+00 -1.552818488e+02 -1.552818488e+02 -8.0320e-01 +1.6427e+00 -1.4594e+00 -2.2088e+00 +1.6587e+00
1026 +8.054818874e+00 +8.054818874e+00 -1.559651811e+02 -1.559651811e+02 -1.4625e+00 +2.0631e+00 -1.9340e+00 -1.4424e+00 +1.8691e+00
1102 +7.852478269e+00 +7.852478269e+00 -1.561675217e+02 -1.561675217e+02 -1.4588e+00 +2.0788e+00 -1.9346e+00 -1.4443e+00 +1.8660e+00
1111 +7.630603825e+00 +7.630603825e+00 -1.563893962e+02 -1.563893962e+02 -1.4583e+00 +2.0752e+00 -1.9353e+00 -1.4413e+00 +1.8670e+00
1112 +7.513314788e+00 +7.513314788e+00 -1.565066852e+02 -1.565066852e+02 -1.4610e+00 +2.0795e+00 -1.9303e+00 -1.4461e+00 +1.8676e+00
1138 +7.374224075e+00 +7.374224075e+00 -1.566457759e+02 -1.566457759e+02 -1.4615e+00 +2.0759e+00 -1.9290e+00 -1.4449e+00 +1.8721e+00
1165 +6.981825591e+00 +6.981825591e+00 -1.570381744e+02 -1.570381744e+02 -1.4575e+00 +2.0758e+00 -1.9284e+00 -1.4460e+00 +1.8724e+00
1268 +6.867304754e+00 +6.867304754e+00 -1.571526952e+02 -1.571526952e+02 -1.4485e+00 +2.0830e+00 -1.9277e+00 -1.4436e+00 +1.8759e+00
1343 +6.736330862e+00 +6.736330862e+00 -1.572836691e+02 -1.572836691e+02 -1.4538e+00 +2.0873e+00 -1.9277e+00 -1.4458e+00 +1.8734e+00
1453 +6.596378825e+00 +6.596378825e+00 -1.574236212e+02 -1.574236212e+02 -1.4509e+00 +2.0906e+00 -1.9251e+00 -1.4458e+00 +1.8763e+00
% function evaluation | noise-free fitness - Fopt (-1.000000000000e+03) | best noise-free fitness - Fopt | measured fitness | best measured fitness | x1 | x2...
1 +1.019866566e+02 +1.019866566e+02 -8.980133434e+02 -8.980133434e+02 +0.0000e+00 +0.0000e+00 +0.0000e+00 +0.0000e+00 +0.0000e+00
4 +6.340052009e+01 +6.340052009e+01 -9.365994799e+02 -9.365994799e+02 +2.2818e+00 -1.2839e-01 +4.6130e-01 +5.8566e-03 -1.4668e-01
12 +5.507709806e+01 +5.507709806e+01 -9.449229019e+02 -9.449229019e+02 +1.3091e+00 -1.1742e+00 +3.7842e-01 -4.4398e-01 -1.1178e+00
18 +5.423098160e+01 +5.423098160e+01 -9.457690184e+02 -9.457690184e+02 +2.1281e+00 -1.8882e-01 +3.1061e-01 +2.0492e-01 -4.0732e-01
33 +3.948703146e+01 +3.948703146e+01 -9.605129685e+02 -9.605129685e+02 +1.4342e+00 -2.7057e+00 +1.3539e+00 -1.3124e-01 +2.4309e+00
75 +3.806792738e+01 +3.806792738e+01 -9.619320726e+02 -9.619320726e+02 +2.0697e+00 -3.6175e-01 +9.1357e-01 +2.3079e-01 +2.1054e+00
118 +3.033724847e+01 +3.033724847e+01 -9.696627515e+02 -9.696627515e+02 +7.2176e-01 -6.8185e-01 +1.3925e+00 +3.2745e-01 +2.0438e+00
173 +2.819301139e+01 +2.819301139e+01 -9.718069886e+02 -9.718069886e+02 +1.3315e+00 -3.7990e-01 +1.3538e+00 +2.1828e-01 +1.6766e+00
274 +2.804507273e+01 +2.804507273e+01 -9.719549273e+02 -9.719549273e+02 +1.0567e+00 +6.9996e-01 +1.0714e+00 +5.5065e-01 +5.9578e-01
759 +2.163184604e+01 +2.163184604e+01 -9.783681540e+02 -9.783681540e+02 +1.5677e+00 -3.3785e-01 +3.8587e-01 +1.7754e-01 +7.1110e-01
829 +1.981569277e+01 +1.981569277e+01 -9.801843072e+02 -9.801843072e+02 +1.8604e+00 -2.7174e-01 +1.0566e+00 +1.2588e+00 +2.1027e-01
1008 +1.319545099e+01 +1.319545099e+01 -9.868045490e+02 -9.868045490e+02 +1.9275e+00 -9.7979e-02 +1.3857e+00 +1.9504e+00 +1.1267e+00
% function evaluation | noise-free fitness - Fopt (-1.001300000000e+02) | best noise-free fitness - Fopt | measured fitness | best measured fitness | x1 | x2...
1 +7.384983154e+01 +7.384983154e+01 -2.628016846e+01 -2.628016846e+01 +0.0000e+00 +0.0000e+00 +0.0000e+00 +0.0000e+00 +0.0000e+00
6 +6.052705065e+01 +6.052705065e+01 -3.960294935e+01 -3.960294935e+01 -7.1314e-01 -1.3650e+00 -6.4612e-01 +3.1969e-01 +9.8795e-01
15 +5.685351308e+01 +5.685351308e+01 -4.327648692e+01 -4.327648692e+01 +9.9514e-02 -2.2327e+00 -9.6379e-01 +5.4061e-01 -8.7051e-03
18 +4.641041358e+01 +4.641041358e+01 -5.371958642e+01 -5.371958642e+01 -2.9157e-01 -1.8596e-01 +2.2853e-01 -1.0619e+00 +1.6863e+00
65 +4.213471919e+01 +4.213471919e+01 -5.799528081e+01 -5.799528081e+01 -7.1679e-01 +2.2171e+00 +6.8852e-01 -9.6367e-01 +2.8076e+00
76 +3.592466009e+01 +3.592466009e+01 -6.420533991e+01 -6.420533991e+01 -4.4593e-01 +2.1755e+00 +1.2049e+00 -1.3446e+00 +1.5560e+00
110 +2.588890128e+01 +2.588890128e+01 -7.424109872e+01 -7.424109872e+01 -2.4715e+00 +2.0692e+00 +2.4922e+00 -9.4012e-01 -6.9712e-02
177 +2.406648217e+01 +2.406648217e+01 -7.606351783e+01 -7.606351783e+01 -1.5570e+00 +2.2367e+00 +3.3000e+00 -1.7620e+00 +4.1680e-01
503 +2.064714584e+01 +2.064714584e+01 -7.948285416e+01 -7.948285416e+01 -7.9286e-01 +3.7155e+00 +2.2468e+00 -2.4474e+00 +1.9365e+00
529 +2.028741866e+01 +2.028741866e+01 -7.984258134e+01 -7.984258134e+01 -7.7789e-01 +3.7771e+00 +2.1246e+00 -2.3767e+00 +2.0174e+00
757 +1.891424055e+01 +1.891424055e+01 -8.121575945e+01 -8.121575945e+01 -8.2178e-01 +3.7200e+00 +2.1451e+00 -2.3209e+00 +1.7774e+00
779 +1.808732780e+01 +1.808732780e+01 -8.204267220e+01 -8.204267220e+01 -8.3204e-01 +3.7270e+00 +2.1290e+00 -2.3282e+00 +1.7930e+00
883 +1.701774413e+01 +1.701774413e+01 -8.311225587e+01 -8.311225587e+01 -8.1401e-01 +3.7318e+00 +2.1110e+00 -2.3416e+00 +1.7875e+00
913 +1.579586780e+01 +1.579586780e+01 -8.433413220e+01 -8.433413220e+01 -8.2544e-01 +3.7263e+00 +2.1122e+00 -2.3396e+00 +1.7916e+00
932 +1.536443463e+01 +1.536443463e+01 -8.476556537e+01 -8.476556537e+01 -8.2862e-01 +3.7267e+00 +2.1196e+00 -2.3351e+00 +1.7872e+00
961 +1.483052811e+01 +1.483052811e+01 -8.529947189e+01 -8.529947189e+01 -8.3628e-01 +3.7288e+00 +2.1267e+00 -2.3356e+00 +1.7821e+00
990 +1.478876442e+01 +1.478876442e+01 -8.534123558e+01 -8.534123558e+01 -8.4304e-01 +3.7310e+00 +2.1336e+00 -2.3356e+00 +1.7758e+00
