% function evaluation | noise-free fitness - Fopt (-2.098800000000e+02) | best noise-free fitness - Fopt | measured fitness | best measured fitness | x1 | x2...
1 +2.076966042e+05 +2.076966042e+05 +2.074867242e+05 +2.074867242e+05 +0.0000e+00 +0.0000e+00
5 +1.381332430e+05 +1.381332430e+05 +1.379233630e+05 +1.379233630e+05 +7.4847e-01 +8.3629e-01
7 +3.686755587e+04 +3.686755587e+04 +3.665767587e+04 +3.665767587e+04 +4.3734e-01 +6.3761e-01
15 +3.116883923e+03 +3.116883923e+03 +2.907003923e+03 +2.907003923e+03 +1.4887e+00 +4.9862e-01
18 +1.559785141e+03 +1.559785141e+03 +1.349905141e+03 +1.349905141e+03 +1.4895e-02 +4.1108e-01
30 +2.932760827e+01 +2.932760827e+01 -1.805523917e+02 -1.805523917e+02 -1.1306e+00 +4.5258e-01
134 +6.229957763e+00 +6.229957763e+00 -2.036500422e+02 -2.036500422e+02 -1.0401e+00 +4.4910e-01
197 +4.023029742e+00 +4.023029742e+00 -2.058569703e+02 -2.058569703e+02 +9.5563e-01 +4.4593e-01
211 +2.208127646e+00 +2.208127646e+00 -2.076718724e+02 -2.076718724e+02 +5.2801e-01 +4.4946e-01
272 +1.759295288e+00 +1.759295288e+00 -2.081207047e+02 -2.081207047e+02 +1.1228e+00 +4.4942e-01
300 +1.572110128e+00 +1.572110128e+00 -2.083078899e+02 -2.083078899e+02 +1.1396e+00 +4.4922e-01
302 +6.975277935e-01 +6.975277935e-01 -2.091824722e+02 -2.091824722e+02 +1.0861e+00 +4.4713e-01
303 +7.512015781e-02 +7.512015781e-02 -2.098048798e+02 -2.098048798e+02 +1.1330e+00 +4.4828e-01
321 +2.957110448e-02 +2.957110448e-02 -2.098504289e+02 -2.098504289e+02 +1.1189e+00 +4.4815e-01
328 +7.918899779e-03 +7.918899779e-03 -2.098720811e+02 -2.098720811e+02 +1.1173e+00 +4.4803e-01
346 +4.272440767e-03 +4.272440767e-03 -2.098757276e+02 -2.098757276e+02 +1.1388e+00 +4.4802e-01
404 +2.718585098e-03 +2.718585098e-03 -2.098772814e+02 -2.098772814e+02 +1.1664e+00 +4.4803e-01
421 +2.469906883e-03 +2.469906883e-03 -2.098775301e+02 -2.098775301e+02 +1.1617e+00 +4.4799e-01
454 +1.696331925e-03 +1.696331925e-03 -2.098783037e+02 -2.098783037e+02 +1.1689e+00 +4.4800e-01
497 +1.571427453e-03 +1.571427453e-03 -2.098784286e+02 -2.098784286e+02 +1.1702e+00 +4.4800e-01
529 +1.515252525e-03 +1.515252525e-03 -2.098784847e+02 -2.098784847e+02 +1.1708e+00 +4.4800e-01
558 +1.503226255e-03 +1.503226255e-03 -2.098784968e+02 -2.098784968e+02 +1.1711e+00 +4.4800e-01
582 +1.407427662e-03 +1.407427662e-03 -2.098785926e+02 -2.098785926e+02 +1.1722e+00 +4.4799e-01
596 +1.377029480e-03 +1.377029480e-03 -2.098786230e+02 -2.098786230e+02 +1.1725e+00 +4.4800e-01
612 +1.347486372e-03 +1.347486372e-03 -2.098786525e+02 -2.098786525e+02 +1.1726e+00 +4.4800e-01
614 +1.301865201e-03 +1.301865201e-03 -2.098786981e+02 -2.098786981e+02 +1.1731e+00 +4.4800e-01
627 +1.242008889e-03 +1.242008889e-03 -2.098787580e+02 -2.098787580e+02 +1.1740e+00 +4.4799e-01
632 +1.229841776e-03 +1.229841776e-03 -2.098787702e+02 -2.098787702e+02 +1.1741e+00 +4.4800e-01
633 +1.120747644e-03 +1.120747644e-03 -2.098788793e+02 -2.098788793e+02 +1.1754e+00 +4.4800e-01
659 +1.011191884e-03 +1.011191884e-03 -2.098789888e+02 -2.098789888e+02 +1.1771e+00 +4.4799e-01
661 +9.417456533e-04 +9.417456533e-04 -2.098790583e+02 -2.098790583e+02 +1.1773e+00 +4.4800e-01
665 +9.116856319e-04 +9.116856319e-04 -2.098790883e+02 -2.098790883e+02 +1.1781e+00 +4.4800e-01
680 +7.983625504e-04 +7.983625504e-04 -2.098792016e+02 -2.098792016e+02 +1.1795e+00 +4.4800e-01
686 +7.753574078e-04 +7.753574078e-04 -2.098792246e+02 -2.098792246e+02 +1.1798e+00 +4.4800e-01
687 +7.076272555e-04 +7.076272555e-04 -2.098792924e+02 -2.098792924e+02 +1.1807e+00 +4.4800e-01
701 +6.498266814e-04 +6.498266814e-04 -2.098793502e+02 -2.098793502e+02 +1.1820e+00 +4.4800e-01
731 +5.343449819e-04 +5.343449819e-04 -2.098794657e+02 -2.098794657e+02 +1.1844e+00 +4.4801e-01
735 +3.143561360e-04 +3.143561360e-04 -2.098796856e+02 -2.098796856e+02 +1.1897e+00 +4.4800e-01
742 +1.732499904e-04 +1.732499904e-04 -2.098798268e+02 -2.098798268e+02 +1.1995e+00 +4.4801e-01
743 +6.113259462e-05 +6.113259462e-05 -2.098799389e+02 -2.098799389e+02 +1.2051e+00 +4.4801e-01
779 +3.709576163e-05 +3.709576163e-05 -2.098799629e+02 -2.098799629e+02 +1.2045e+00 +4.4799e-01
801 +4.069254061e-06 +4.069254061e-06 -2.098799959e+02 -2.098799959e+02 +1.2073e+00 +4.4800e-01
871 +2.546588235e-06 +2.546588235e-06 -2.098799975e+02 -2.098799975e+02 +1.2089e+00 +4.4800e-01
982 +1.699991003e-06 +1.699991003e-06 -2.098799983e+02 -2.098799983e+02 +1.2084e+00 +4.4800e-01
983 +1.697998897e-06 +1.697998897e-06 -2.098799983e+02 -2.098799983e+02 +1.2085e+00 +4.4800e-01
993 +1.499485819e-06 +1.499485819e-06 -2.098799985e+02 -2.098799985e+02 +1.2083e+00 +4.4800e-01
1016 +3.569130058e-07 +3.569130058e-07 -2.098799996e+02 -2.098799996e+02 +1.2077e+00 +4.4800e-01
1022 +3.514502680e-07 +3.514502680e-07 -2.098799996e+02 -2.098799996e+02 +1.2070e+00 +4.4800e-01
1038 +3.348031896e-08 +3.348031896e-08 -2.098800000e+02 -2.098800000e+02 +1.2070e+00 +4.4800e-01
1060 +1.589080512e-08 +1.589080512e-08 -2.098800000e+02 -2.098800000e+02 +1.2072e+00 +4.4800e-01
1102 +1.337068056e-08 +1.337068056e-08 -2.098800000e+02 -2.098800000e+02 +1.2072e+00 +4.4800e-01
1112 +8.864361689e-09 +8.864361689e-09 -2.098800000e+02 -2.098800000e+02 +1.2072e+00 +4.4800e-01
1594 +0.000000000e+00 +0.000000000e+00 -2.098800000e+02 -2.098800000e+02 +1.2072e+00 +4.4800e-01
% function evaluation | noise-free fitness - Fopt (-9.209000000000e+01) | best noise-free fitness - Fopt | measured fitness | best measured fitness | x1 | x2...
1 +6.430618442e+06 +6.430618442e+06 +6.430526352e+06 +6.430526352e+06 +0.0000e+00 +0.0000e+00
2 +5.471312445e+06 +5.471312445e+06 +5.471220355e+06 +5.471220355e+06 +1.1982e+00 +2.1429e-01
3 +3.970381418e+06 +3.970381418e+06 +3.970289328e+06 +3.970289328e+06 +4.5584e-02 +6.6199e-01
4 +5.318853631e+05 +5.318853631e+05 +5.317932731e+05 +5.317932731e+05 +1.5141e+00 +1.8316e+00
12 +3.264582066e+05 +3.264582066e+05 +3.263661166e+05 +3.263661166e+05 +1.3176e+00 +2.0087e+00
20 +1.354831000e+05 +1.354831000e+05 +1.353910100e+05 +1.353910100e+05 +2.3156e+00 +3.0040e+00
32 +2.786887774e+04 +2.786887774e+04 +2.777678774e+04 +2.777678774e+04 -4.3617e-02 +2.7897e+00
41 +2.409274471e+04 +2.409274471e+04 +2.400065471e+04 +2.400065471e+04 +6.9331e-01 +2.7805e+00
61 +4.874737167e+03 +4.874737167e+03 +4.782647167e+03 +4.782647167e+03 +3.2882e-01 +2.5446e+00
90 +3.357068244e+03 +3.357068244e+03 +3.264978244e+03 +3.264978244e+03 -4.5756e-01 +2.5608e+00
96 +2.463356902e+03 +2.463356902e+03 +2.371266902e+03 +2.371266902e+03 +2.6644e-01 +2.5741e+00
101 +9.450301278e+02 +9.450301278e+02 +8.529401278e+02 +8.529401278e+02 -1.2940e+00 +2.5917e+00
117 +2.115658527e+02 +2.115658527e+02 +1.194758527e+02 +1.194758527e+02 -9.2745e-01 +2.6359e+00
131 +1.674778620e+02 +1.674778620e+02 +7.538786205e+01 +7.538786205e+01 -8.5180e-01 +2.6088e+00
132 +4.957270555e+01 +4.957270555e+01 -4.251729445e+01 -4.251729445e+01 -9.0763e-01 +2.6143e+00
146 +4.885661807e+01 +4.885661807e+01 -4.323338193e+01 -4.323338193e+01 -9.0175e-01 +2.6285e+00
159 +3.927276517e+00 +3.927276517e+00 -8.816272348e+01 -8.816272348e+01 -9.3105e-01 +2.6225e+00
238 +3.280955271e+00 +3.280955271e+00 -8.880904473e+01 -8.880904473e+01 -9.0847e-01 +2.6221e+00
256 +3.168618286e+00 +3.168618286e+00 -8.892138171e+01 -8.892138171e+01 -8.6912e-01 +2.6212e+00
274 +2.945569893e+00 +2.945569893e+00 -8.914443011e+01 -8.914443011e+01 -8.6144e-01 +2.6215e+00
311 +2.883156760e+00 +2.883156760e+00 -8.920684324e+01 -8.920684324e+01 -8.4442e-01 +2.6216e+00
344 +2.806808777e+00 +2.806808777e+00 -8.928319122e+01 -8.928319122e+01 -8.0350e-01 +2.6218e+00
396 +2.751824250e+00 +2.751824250e+00 -8.933817575e+01 -8.933817575e+01 -8.0107e-01 +2.6216e+00
435 +2.688337868e+00 +2.688337868e+00 -8.940166213e+01 -8.940166213e+01 -7.7516e-01 +2.6215e+00
488 +2.605870530e+00 +2.605870530e+00 -8.948412947e+01 -8.948412947e+01 -7.5025e-01 +2.6217e+00
493 +2.552802559e+00 +2.552802559e+00 -8.953719744e+01 -8.953719744e+01 -7.3790e-01 +2.6216e+00
520 +2.496446086e+00 +2.496446086e+00 -8.959355391e+01 -8.959355391e+01 -7.1992e-01 +2.6216e+00
545 +2.448861132e+00 +2.448861132e+00 -8.964113887e+01 -8.964113887e+01 -6.9912e-01 +2.6218e+00
562 +2.342320409e+00 +2.342320409e+00 -8.974767959e+01 -8.974767959e+01 -6.5949e-01 +2.6218e+00
581 +2.248281704e+00 +2.248281704e+00 -8.984171830e+01 -8.984171830e+01 -6.4605e-01 +2.6216e+00
585 +2.016746843e+00 +2.016746843e+00 -9.007325316e+01 -9.007325316e+01 -5.7852e-01 +2.6216e+00
594 +1.977739674e+00 +1.977739674e+00 -9.011226033e+01 -9.011226033e+01 -5.6659e-01 +2.6215e+00
599 +1.740308370e+00 +1.740308370e+00 -9.034969163e+01 -9.034969163e+01 -4.8185e-01 +2.6219e+00
601 +1.622032482e+00 +1.622032482e+00 -9.046796752e+01 -9.046796752e+01 -4.5912e-01 +2.6214e+00
603 +1.275620540e+00 +1.275620540e+00 -9.081437946e+01 -9.081437946e+01 -3.6367e-01 +2.6215e+00
618 +1.197597805e+00 +1.197597805e+00 -9.089240220e+01 -9.089240220e+01 -3.3321e-01 +2.6215e+00
621 +1.063210650e+00 +1.063210650e+00 -9.102678935e+01 -9.102678935e+01 -2.9328e-01 +2.6215e+00
629 +7.896841120e-01 +7.896841120e-01 -9.130031589e+01 -9.130031589e+01 -6.5605e-02 +2.6211e+00
631 +7.557796196e-01 +7.557796196e-01 -9.133422038e+01 -9.133422038e+01 -1.2723e-01 +2.6213e+00
633 +4.745409353e-01 +4.745409353e-01 -9.161545906e+01 -9.161545906e+01 +1.3871e-02 +2.6214e+00
643 +3.738064462e-01 +3.738064462e-01 -9.171619355e+01 -9.171619355e+01 +1.8273e-01 +2.6213e+00
644 +1.514529037e-01 +1.514529037e-01 -9.193854710e+01 -9.193854710e+01 +4.7255e-01 +2.6213e+00
650 +1.326043992e-01 +1.326043992e-01 -9.195739560e+01 -9.195739560e+01 +4.1675e-01 +2.6214e+00
652 +4.177616669e-02 +4.177616669e-02 -9.204822383e+01 -9.204822383e+01 +6.2173e-01 +2.6214e+00
653 +1.977651589e-02 +1.977651589e-02 -9.207022348e+01 -9.207022348e+01 +6.4208e-01 +2.6215e+00
665 +1.237207247e-02 +1.237207247e-02 -9.207762793e+01 -9.207762793e+01 +6.3716e-01 +2.6215e+00
673 +2.856521085e-03 +2.856521085e-03 -9.208714348e+01 -9.208714348e+01 +7.7329e-01 +2.6216e+00
684 +2.943930837e-04 +2.943930837e-04 -9.208970561e+01 -9.208970561e+01 +7.1779e-01 +2.6216e+00
699 +2.532753243e-04 +2.532753243e-04 -9.208974672e+01 -9.208974672e+01 +7.1186e-01 +2.6216e+00
734 +8.913604631e-06 +8.913604631e-06 -9.208999109e+01 -9.208999109e+01 +7.2603e-01 +2.6216e+00
785 +5.649060995e-06 +5.649060995e-06 -9.208999435e+01 -9.208999435e+01 +7.2554e-01 +2.6216e+00
797 +3.968119557e-07 +3.968119557e-07 -9.208999960e+01 -9.208999960e+01 +7.2533e-01 +2.6216e+00
926 +4.458701142e-08 +4.458701142e-08 -9.208999996e+01 -9.208999996e+01 +7.2558e-01 +2.6216e+00
1072 +2.956168998e-08 +2.956168998e-08 -9.208999997e+01 -9.208999997e+01 +7.2562e-01 +2.6216e+00
1074 +2.030978408e-08 +2.030978408e-08 -9.208999998e+01 -9.208999998e+01 +7.2570e-01 +2.6216e+00
1079 +3.255209435e-09 +3.255209435e-09 -9.209000000e+01 -9.209000000e+01 +7.2556e-01 +2.6216e+00
1553 +0.000000000e+00 +0.000000000e+00 -9.209000000e+01 -9.209000000e+01 +7.2560e-01 +2.6216e+00
% function evaluation | noise-free fitness - Fopt (-8.789000000000e+01) | best noise-free fitness - Fopt | measured fitness | best measured fitness | x1 | x2...
1 +1.325850294e+07 +1.325850294e+07 +1.325841505e+07 +1.325841505e+07 +0.0000e+00 +0.0000e+00
5 +5.180885333e+06 +5.180885333e+06 +5.180797443e+06 +5.180797443e+06 -9.7763e-01 +1.3123e+00
12 +1.574462934e+06 +1.574462934e+06 +1.574375044e+06 +1.574375044e+06 -3.9401e+00 +2.4668e+00
16 +1.343252592e+04 +1.343252592e+04 +1.334463592e+04 +1.334463592e+04 -5.3462e-01 +3.5308e+00
27 +1.257446091e+04 +1.257446091e+04 +1.248657091e+04 +1.248657091e+04 -5.9926e-01 +3.7503e+00
29 +1.398900507e+02 +1.398900507e+02 +5.200005068e+01 +5.200005068e+01 +1.4204e+00 +3.6337e+00
72 +8.829022256e+01 +8.829022256e+01 +4.002225582e-01 +4.002225582e-01 -6.4340e-01 +3.6548e+00
88 +6.710402163e+01 +6.710402163e+01 -2.078597837e+01 -2.078597837e+01 -3.8315e-02 +3.6536e+00
150 +3.504945620e+00 +3.504945620e+00 -8.438505438e+01 -8.438505438e+01 +6.7951e-01 +3.6437e+00
213 +2.897589049e+00 +2.897589049e+00 -8.499241095e+01 -8.499241095e+01 +7.7536e-01 +3.6440e+00
249 +2.461926438e-01 +2.461926438e-01 -8.764380736e+01 -8.764380736e+01 +7.1717e-01 +3.6454e+00
583 +2.227374473e-01 +2.227374473e-01 -8.766726255e+01 -8.766726255e+01 +7.1451e-01 +3.6455e+00
623 +2.024078761e-01 +2.024078761e-01 -8.768759212e+01 -8.768759212e+01 +6.9581e-01 +3.6457e+00
657 +1.790753205e-01 +1.790753205e-01 -8.771092468e+01 -8.771092468e+01 +6.8079e-01 +3.6455e+00
669 +1.745644802e-01 +1.745644802e-01 -8.771543552e+01 -8.771543552e+01 +6.7306e-01 +3.6457e+00
670 +1.542098933e-01 +1.542098933e-01 -8.773579011e+01 -8.773579011e+01 +6.5331e-01 +3.6456e+00
690 +1.293983404e-01 +1.293983404e-01 -8.776060166e+01 -8.776060166e+01 +6.0657e-01 +3.6456e+00
700 +1.268358785e-01 +1.268358785e-01 -8.776316412e+01 -8.776316412e+01 +5.7251e-01 +3.6457e+00
709 +6.797565694e-02 +6.797565694e-02 -8.782202434e+01 -8.782202434e+01 +4.8850e-01 +3.6455e+00
743 +6.433110951e-02 +6.433110951e-02 -8.782566889e+01 -8.782566889e+01 +4.9199e-01 +3.6456e+00
756 +5.910766349e-02 +5.910766349e-02 -8.783089234e+01 -8.783089234e+01 +4.8249e-01 +3.6456e+00
758 +5.805258294e-02 +5.805258294e-02 -8.783194742e+01 -8.783194742e+01 +4.7977e-01 +3.6456e+00
766 +5.586831979e-02 +5.586831979e-02 -8.783413168e+01 -8.783413168e+01 +4.7499e-01 +3.6456e+00
767 +5.189220311e-02 +5.189220311e-02 -8.783810780e+01 -8.783810780e+01 +4.6074e-01 +3.6457e+00
768 +4.978266466e-02 +4.978266466e-02 -8.784021734e+01 -8.784021734e+01 +4.6008e-01 +3.6456e+00
772 +4.084272544e-02 +4.084272544e-02 -8.784915727e+01 -8.784915727e+01 +4.3312e-01 +3.6456e+00
783 +2.903694883e-02 +2.903694883e-02 -8.786096305e+01 -8.786096305e+01 +4.0631e-01 +3.6456e+00
792 +2.663584372e-02 +2.663584372e-02 -8.786336416e+01 -8.786336416e+01 +4.0207e-01 +3.6456e+00
793 +1.574428130e-02 +1.574428130e-02 -8.787425572e+01 -8.787425572e+01 +3.5175e-01 +3.6456e+00
794 +1.474258157e-02 +1.474258157e-02 -8.787525742e+01 -8.787525742e+01 +3.5932e-01 +3.6456e+00
804 +1.267502767e-02 +1.267502767e-02 -8.787732497e+01 -8.787732497e+01 +3.4146e-01 +3.6456e+00
807 +1.377771934e-04 +1.377771934e-04 -8.788986222e+01 -8.788986222e+01 +2.5042e-01 +3.6456e+00
825 +9.760357838e-05 +9.760357838e-05 -8.788990240e+01 -8.788990240e+01 +2.4250e-01 +3.6456e+00
835 +2.606384402e-05 +2.606384402e-05 -8.788997394e+01 -8.788997394e+01 +2.3547e-01 +3.6456e+00
858 +5.414946642e-06 +5.414946642e-06 -8.788999459e+01 -8.788999459e+01 +2.3879e-01 +3.6456e+00
863 +5.271675548e-06 +5.271675548e-06 -8.788999473e+01 -8.788999473e+01 +2.4031e-01 +3.6456e+00
942 +3.097641567e-06 +3.097641567e-06 -8.788999690e+01 -8.788999690e+01 +2.3745e-01 +3.6456e+00
963 +1.511959283e-06 +1.511959283e-06 -8.788999849e+01 -8.788999849e+01 +2.4032e-01 +3.6456e+00
1238 +1.422505875e-06 +1.422505875e-06 -8.788999858e+01 -8.788999858e+01 +2.4030e-01 +3.6456e+00
1242 +6.076128471e-07 +6.076128471e-07 -8.788999939e+01 -8.788999939e+01 +2.4000e-01 +3.6456e+00
1251 +3.030629045e-07 +3.030629045e-07 -8.788999970e+01 -8.788999970e+01 +2.3974e-01 +3.6456e+00
1255 +2.279583953e-07 +2.279583953e-07 -8.788999977e+01 -8.788999977e+01 +2.3877e-01 +3.6456e+00
1257 +1.503265992e-07 +1.503265992e-07 -8.788999985e+01 -8.788999985e+01 +2.3957e-01 +3.6456e+00
1259 +1.004685686e-07 +1.004685686e-07 -8.788999990e+01 -8.788999990e+01 +2.3945e-01 +3.6456e+00
1272 +3.974133733e-08 +3.974133733e-08 -8.788999996e+01 -8.788999996e+01 +2.3928e-01 +3.6456e+00
1296 +2.911937713e-08 +2.911937713e-08 -8.788999997e+01 -8.788999997e+01 +2.3930e-01 +3.6456e+00
1305 +1.700631458e-08 +1.700631458e-08 -8.788999998e+01 -8.788999998e+01 +2.3930e-01 +3.6456e+00
1322 +1.438179709e-08 +1.438179709e-08 -8.788999999e+01 -8.788999999e+01 +2.3931e-01 +3.6456e+00
1323 +9.398704037e-09 +9.398704037e-09 -8.788999999e+01 -8.788999999e+01 +2.3911e-01 +3.6456e+00
1624 +0.000000000e+00 +0.000000000e+00 -8.789000000e+01 -8.789000000e+01 +2.3920e-01 +3.6456e+00
% function evaluation | noise-free fitness - Fopt (3.201900000000e+02) | best noise-free fitness - Fopt | measured fitness | best measured fitness | x1 | x2...
1 +6.283126796e+06 +6.283126796e+06 +6.283446986e+06 +6.283446986e+06 +0.0000e+00 +0.0000e+00
7 +2.192711711e+06 +2.192711711e+06 +2.193031901e+06 +2.193031901e+06 -7.2249e-01 -7.6550e-01
13 +1.118875951e+06 +1.118875951e+06 +1.119196141e+06 +1.119196141e+06 -1.0437e+00 -1.3302e+00
18 +1.088649886e+05 +1.088649886e+05 +1.091851786e+05 +1.091851786e+05 -3.3358e-01 -2.0386e+00
22 +7.198990744e+04 +7.198990744e+04 +7.231009744e+04 +7.231009744e+04 -3.2535e-01 -2.0954e+00
27 +4.554371852e+00 +4.554371852e+00 +3.247443719e+02 +3.247443719e+02 -2.6566e-01 -2.3588e+00
83 +1.755262400e+00 +1.755262400e+00 +3.219452624e+02 +3.219452624e+02 -7.3920e-01 -2.3595e+00
86 +4.792355164e-01 +4.792355164e-01 +3.206692355e+02 +3.206692355e+02 -3.3379e-01 -2.3615e+00
534 +3.820604295e-01 +3.820604295e-01 +3.205720604e+02 +3.205720604e+02 -9.3140e-01 -2.3612e+00
536 +3.642100098e-01 +3.642100098e-01 +3.205542100e+02 +3.205542100e+02 -1.0351e+00 -2.3610e+00
543 +2.142478228e-01 +2.142478228e-01 +3.204042478e+02 +3.204042478e+02 -5.4295e-01 -2.3612e+00
553 +1.816480385e-01 +1.816480385e-01 +3.203716480e+02 +3.203716480e+02 -6.7553e-01 -2.3611e+00
561 +1.711011679e-01 +1.711011679e-01 +3.203611012e+02 +3.203611012e+02 -7.3503e-01 -2.3611e+00
568 +9.441276329e-02 +9.441276329e-02 +3.202844128e+02 +3.202844128e+02 -6.4026e-01 -2.3610e+00
572 +5.321690082e-02 +5.321690082e-02 +3.202432169e+02 +3.202432169e+02 -2.3587e-01 -2.3609e+00
573 +3.663355267e-02 +3.663355267e-02 +3.202266336e+02 +3.202266336e+02 -3.7191e-01 -2.3610e+00
576 +3.248641764e-02 +3.248641764e-02 +3.202224864e+02 +3.202224864e+02 -4.7621e-01 -2.3610e+00
578 +2.308407264e-02 +2.308407264e-02 +3.202130841e+02 +3.202130841e+02 -4.2362e-01 -2.3610e+00
583 +2.008941519e-02 +2.008941519e-02 +3.202100894e+02 +3.202100894e+02 -5.2496e-01 -2.3609e+00
596 +1.093417040e-02 +1.093417040e-02 +3.202009342e+02 +3.202009342e+02 -3.4132e-01 -2.3608e+00
598 +5.479122946e-04 +5.479122946e-04 +3.201905479e+02 +3.201905479e+02 -4.1724e-01 -2.3608e+00
646 +4.158243476e-04 +4.158243476e-04 +3.201904158e+02 +3.201904158e+02 -4.2219e-01 -2.3608e+00
650 +6.934012316e-05 +6.934012316e-05 +3.201900693e+02 +3.201900693e+02 -4.3154e-01 -2.3608e+00
654 +5.433214824e-06 +5.433214824e-06 +3.201900054e+02 +3.201900054e+02 -4.3332e-01 -2.3608e+00
692 +3.120297208e-06 +3.120297208e-06 +3.201900031e+02 +3.201900031e+02 -4.3222e-01 -2.3608e+00
767 +2.211662149e-06 +2.211662149e-06 +3.201900022e+02 +3.201900022e+02 -4.3149e-01 -2.3608e+00
778 +1.754232017e-06 +1.754232017e-06 +3.201900018e+02 +3.201900018e+02 -4.3335e-01 -2.3608e+00
791 +2.254196261e-07 +2.254196261e-07 +3.201900002e+02 +3.201900002e+02 -4.3304e-01 -2.3608e+00
818 +2.123109653e-07 +2.123109653e-07 +3.201900002e+02 +3.201900002e+02 -4.3322e-01 -2.3608e+00
827 +1.819270778e-07 +1.819270778e-07 +3.201900002e+02 +3.201900002e+02 -4.3317e-01 -2.3608e+00
828 +1.139333676e-07 +1.139333676e-07 +3.201900001e+02 +3.201900001e+02 -4.3302e-01 -2.3608e+00
829 +3.106856639e-08 +3.106856639e-08 +3.201900000e+02 +3.201900000e+02 -4.3292e-01 -2.3608e+00
883 +2.700255664e-08 +2.700255664e-08 +3.201900000e+02 +3.201900000e+02 -4.3296e-01 -2.3608e+00
900 +2.348565431e-08 +2.348565431e-08 +3.201900000e+02 +3.201900000e+02 -4.3295e-01 -2.3608e+00
911 +2.129598897e-08 +2.129598897e-08 +3.201900000e+02 +3.201900000e+02 -4.3293e-01 -2.3608e+00
919 +1.944670203e-08 +1.944670203e-08 +3.201900000e+02 +3.201900000e+02 -4.3294e-01 -2.3608e+00
926 +1.793870297e-08 +1.793870297e-08 +3.201900000e+02 +3.201900000e+02 -4.3292e-01 -2.3608e+00
928 +1.729017640e-08 +1.729017640e-08 +3.201900000e+02 +3.201900000e+02 -4.3291e-01 -2.3608e+00
932 +1.188163878e-08 +1.188163878e-08 +3.201900000e+02 +3.201900000e+02 -4.3288e-01 -2.3608e+00
936 +6.403411135e-09 +6.403411135e-09 +3.201900000e+02 +3.201900000e+02 -4.3288e-01 -2.3608e+00
1214 +0.000000000e+00 +0.000000000e+00 +3.201900000e+02 +3.201900000e+02 -4.3280e-01 -2.3608e+00
% function evaluation | noise-free fitness - Fopt (-1.042400000000e+02) | best noise-free fitness - Fopt | measured fitness | best measured fitness | x1 | x2...
1 +1.523048660e+07 +1.523048660e+07 +1.523038236e+07 +1.523038236e+07 +0.0000e+00 +0.0000e+00
4 +9.632476753e+06 +9.632476753e+06 +9.632372513e+06 +9.632372513e+06 +3.3493e-01 -7.2917e-01
5 +9.400080892e+06 +9.400080892e+06 +9.399976652e+06 +9.399976652e+06 +1.0665e+00 -7.7300e-01
13 +5.157537495e+06 +5.157537495e+06 +5.157433255e+06 +5.157433255e+06 +6.5700e-01 -1.7428e+00
17 +1.882618165e+06 +1.882618165e+06 +1.882513925e+06 +1.882513925e+06 +1.0311e+00 -2.6563e+00
23 +4.530001245e+05 +4.530001245e+05 +4.528958845e+05 +4.528958845e+05 -1.0874e+00 -3.2963e+00
26 +2.148035760e+02 +2.148035760e+02 +1.105635760e+02 +1.105635760e+02 +3.1498e+00 -3.9057e+00
53 +2.513829472e+01 +2.513829472e+01 -7.910170528e+01 -7.910170528e+01 +1.6594e+00 -3.9244e+00
165 +1.612030830e+01 +1.612030830e+01 -8.811969170e+01 -8.811969170e+01 +3.4318e+00 -3.9170e+00
222 +1.072908511e+01 +1.072908511e+01 -9.351091489e+01 -9.351091489e+01 +3.5912e+00 -3.9211e+00
239 +9.863413519e+00 +9.863413519e+00 -9.437658648e+01 -9.437658648e+01 +3.5850e+00 -3.9195e+00
259 +9.767506646e+00 +9.767506646e+00 -9.447249335e+01 -9.447249335e+01 +3.5772e+00 -3.9196e+00
265 +9.542437322e+00 +9.542437322e+00 -9.469756268e+01 -9.469756268e+01 +3.5557e+00 -3.9197e+00
383 +9.330483309e+00 +9.330483309e+00 -9.490951669e+01 -9.490951669e+01 +3.5267e+00 -3.9201e+00
430 +9.114532475e+00 +9.114532475e+00 -9.512546753e+01 -9.512546753e+01 +3.4710e+00 -3.9203e+00
463 +8.842828050e+00 +8.842828050e+00 -9.539717195e+01 -9.539717195e+01 +3.3405e+00 -3.9205e+00
473 +8.687459960e+00 +8.687459960e+00 -9.555254004e+01 -9.555254004e+01 +3.2419e+00 -3.9208e+00
532 +8.489911412e+00 +8.489911412e+00 -9.575008859e+01 -9.575008859e+01 +3.0763e+00 -3.9210e+00
542 +7.919937544e+00 +7.919937544e+00 -9.632006246e+01 -9.632006246e+01 +2.9980e+00 -3.9208e+00
553 +7.223336867e+00 +7.223336867e+00 -9.701666313e+01 -9.701666313e+01 +2.9145e+00 -3.9204e+00
561 +7.059726575e+00 +7.059726575e+00 -9.718027343e+01 -9.718027343e+01 +2.8778e+00 -3.9204e+00
563 +5.791741230e+00 +5.791741230e+00 -9.844825877e+01 -9.844825877e+01 +2.6604e+00 -3.9197e+00
572 +4.908108925e+00 +4.908108925e+00 -9.933189108e+01 -9.933189108e+01 +2.2296e+00 -3.9185e+00
576 +4.860548065e+00 +4.860548065e+00 -9.937945193e+01 -9.937945193e+01 +2.4566e+00 -3.9193e+00
584 +4.351071025e+00 +4.351071025e+00 -9.988892898e+01 -9.988892898e+01 +2.3890e+00 -3.9193e+00
595 +4.031292714e+00 +4.031292714e+00 -1.002087073e+02 -1.002087073e+02 +2.3295e+00 -3.9193e+00
598 +3.849204635e+00 +3.849204635e+00 -1.003907954e+02 -1.003907954e+02 +1.8834e+00 -3.9186e+00
599 +3.044250107e+00 +3.044250107e+00 -1.011957499e+02 -1.011957499e+02 +2.1426e+00 -3.9193e+00
604 +2.296476652e+00 +2.296476652e+00 -1.019435233e+02 -1.019435233e+02 +1.9321e+00 -3.9196e+00
618 +2.005412264e+00 +2.005412264e+00 -1.022345877e+02 -1.022345877e+02 +1.7454e+00 -3.9198e+00
619 +1.863210528e+00 +1.863210528e+00 -1.023767895e+02 -1.023767895e+02 +1.6265e+00 -3.9202e+00
624 +1.548506281e+00 +1.548506281e+00 -1.026914937e+02 -1.026914937e+02 +1.4667e+00 -3.9205e+00
627 +8.803649025e-01 +8.803649025e-01 -1.033596351e+02 -1.033596351e+02 +1.1239e+00 -3.9206e+00
633 +8.502201692e-01 +8.502201692e-01 -1.033897798e+02 -1.033897798e+02 +1.1074e+00 -3.9206e+00
635 +5.480862046e-01 +5.480862046e-01 -1.036919138e+02 -1.036919138e+02 +1.0611e+00 -3.9203e+00
636 +4.047825917e-01 +4.047825917e-01 -1.038352174e+02 -1.038352174e+02 +8.8691e-01 -3.9204e+00
648 +2.234869417e-01 +2.234869417e-01 -1.040165131e+02 -1.040165131e+02 +7.4766e-01 -3.9203e+00
659 +2.045937684e-01 +2.045937684e-01 -1.040354062e+02 -1.040354062e+02 +7.1328e-01 -3.9203e+00
661 +1.354686757e-01 +1.354686757e-01 -1.041045313e+02 -1.041045313e+02 +7.4884e-01 -3.9199e+00
667 +4.501126408e-02 +4.501126408e-02 -1.041949887e+02 -1.041949887e+02 +5.7503e-01 -3.9199e+00
682 +3.505064639e-02 +3.505064639e-02 -1.042049494e+02 -1.042049494e+02 +2.2986e-01 -3.9199e+00
696 +1.084469984e-02 +1.084469984e-02 -1.042291553e+02 -1.042291553e+02 +3.8347e-01 -3.9199e+00
698 +7.042096487e-03 +7.042096487e-03 -1.042329579e+02 -1.042329579e+02 +3.6404e-01 -3.9199e+00
704 +6.774111674e-03 +6.774111674e-03 -1.042332259e+02 -1.042332259e+02 +4.7362e-01 -3.9200e+00
708 +4.989997151e-03 +4.989997151e-03 -1.042350100e+02 -1.042350100e+02 +3.1721e-01 -3.9200e+00
776 +1.464306085e-03 +1.464306085e-03 -1.042385357e+02 -1.042385357e+02 +4.3075e-01 -3.9200e+00
1396 +1.360662265e-03 +1.360662265e-03 -1.042386393e+02 -1.042386393e+02 +4.2998e-01 -3.9200e+00
1399 +1.075689743e-03 +1.075689743e-03 -1.042389243e+02 -1.042389243e+02 +4.2542e-01 -3.9200e+00
1402 +8.566376234e-04 +8.566376234e-04 -1.042391434e+02 -1.042391434e+02 +4.2021e-01 -3.9200e+00
1403 +4.638610391e-04 +4.638610391e-04 -1.042395361e+02 -1.042395361e+02 +4.1447e-01 -3.9200e+00
1407 +3.202464583e-04 +3.202464583e-04 -1.042396798e+02 -1.042396798e+02 +4.1294e-01 -3.9200e+00
1412 +5.250215193e-05 +5.250215193e-05 -1.042399475e+02 -1.042399475e+02 +3.9859e-01 -3.9200e+00
1426 +1.323536819e-05 +1.323536819e-05 -1.042399868e+02 -1.042399868e+02 +3.9801e-01 -3.9200e+00
1445 +1.011546084e-05 +1.011546084e-05 -1.042399899e+02 -1.042399899e+02 +3.9196e-01 -3.9200e+00
1452 +8.543818964e-06 +8.543818964e-06 -1.042399915e+02 -1.042399915e+02 +3.9689e-01 -3.9200e+00
1477 +6.832933067e-06 +6.832933067e-06 -1.042399932e+02 -1.042399932e+02 +3.9720e-01 -3.9200e+00
1480 +5.968221430e-06 +5.968221430e-06 -1.042399940e+02 -1.042399940e+02 +3.9194e-01 -3.9200e+00
1483 +2.646089200e-06 +2.646089200e-06 -1.042399974e+02 -1.042399974e+02 +3.9607e-01 -3.9200e+00
1513 +5.818876048e-07 +5.818876048e-07 -1.042399994e+02 -1.042399994e+02 +3.9519e-01 -3.9200e+00
1536 +4.662348516e-07 +4.662348516e-07 -1.042399995e+02 -1.042399995e+02 +3.9372e-01 -3.9200e+00
1553 +1.341197873e-07 +1.341197873e-07 -1.042399999e+02 -1.042399999e+02 +3.9409e-01 -3.9200e+00
1604 +4.548574850e-08 +4.548574850e-08 -1.042400000e+02 -1.042400000e+02 +3.9418e-01 -3.9200e+00
1924 +3.300559115e-08 +3.300559115e-08 -1.042400000e+02 -1.042400000e+02 +3.9422e-01 -3.9200e+00
1938 +2.753368733e-08 +2.753368733e-08 -1.042400000e+02 -1.042400000e+02 +3.9438e-01 -3.9200e+00
1947 +6.355378446e-09 +6.355378446e-09 -1.042400000e+02 -1.042400000e+02 +3.9432e-01 -3.9200e+00
2573 +0.000000000e+00 +0.000000000e+00 -1.042400000e+02 -1.042400000e+02 +3.9440e-01 -3.9200e+00
% function evaluation | noise-free fitness - Fopt (-4.791000000000e+01) | best noise-free fitness - Fopt | measured fitness | best measured fitness | x1 | x2...
1 +2.061584109e+06 +2.061584109e+06 +2.061536199e+06 +2.061536199e+06 +0.0000e+00 +0.0000e+00
3 +2.013985065e+06 +2.013985065e+06 +2.013937155e+06 +2.013937155e+06 -9.4376e-01 -7.7427e-02
9 +3.946406431e+04 +3.946406431e+04 +3.941615431e+04 +3.941615431e+04 -4.1321e-01 -1.2942e+00
13 +3.149435496e+04 +3.149435496e+04 +3.144644496e+04 +3.144644496e+04 -1.5737e+00 -1.6589e+00
15 +1.427147563e+04 +1.427147563e+04 +1.422356563e+04 +1.422356563e+04 -1.7710e-01 -1.3736e+00
21 +1.968418090e+02 +1.968418090e+02 +1.489318090e+02 +1.489318090e+02 -1.3813e+00 -1.4768e+00
45 +2.205558810e+01 +2.205558810e+01 -2.585441190e+01 -2.585441190e+01 -5.8366e-01 -1.4943e+00
98 +4.729109769e+00 +4.729109769e+00 -4.318089023e+01 -4.318089023e+01 -5.6302e-01 -1.4914e+00
165 +4.206132067e+00 +4.206132067e+00 -4.370386793e+01 -4.370386793e+01 -7.0490e-01 -1.4902e+00
169 +3.928459351e+00 +3.928459351e+00 -4.398154065e+01 -4.398154065e+01 -6.2387e-01 -1.4905e+00
316 +3.863068335e+00 +3.863068335e+00 -4.404693167e+01 -4.404693167e+01 -5.7650e-01 -1.4907e+00
422 +3.796023483e+00 +3.796023483e+00 -4.411397652e+01 -4.411397652e+01 -5.7732e-01 -1.4904e+00
545 +3.700859685e+00 +3.700859685e+00 -4.420914032e+01 -4.420914032e+01 -5.4185e-01 -1.4903e+00
564 +3.601028805e+00 +3.601028805e+00 -4.430897119e+01 -4.430897119e+01 -5.0441e-01 -1.4905e+00
572 +3.447445292e+00 +3.447445292e+00 -4.446255471e+01 -4.446255471e+01 -4.4625e-01 -1.4905e+00
584 +3.288093166e+00 +3.288093166e+00 -4.462190683e+01 -4.462190683e+01 -3.8498e-01 -1.4905e+00
592 +2.986799568e+00 +2.986799568e+00 -4.492320043e+01 -4.492320043e+01 -2.7335e-01 -1.4906e+00
594 +2.838273395e+00 +2.838273395e+00 -4.507172661e+01 -4.507172661e+01 -2.1706e-01 -1.4907e+00
607 +2.480351102e+00 +2.480351102e+00 -4.542964890e+01 -4.542964890e+01 -6.1345e-02 -1.4908e+00
609 +2.417358794e+00 +2.417358794e+00 -4.549264121e+01 -4.549264121e+01 -4.5889e-02 -1.4908e+00
612 +1.959391128e+00 +1.959391128e+00 -4.595060887e+01 -4.595060887e+01 +1.2722e-01 -1.4909e+00
614 +1.441804649e+00 +1.441804649e+00 -4.646819535e+01 -4.646819535e+01 +3.4210e-01 -1.4911e+00
622 +1.267746519e+00 +1.267746519e+00 -4.664225348e+01 -4.664225348e+01 +5.9232e-01 -1.4914e+00
624 +1.239151239e+00 +1.239151239e+00 -4.667084876e+01 -4.667084876e+01 +5.0694e-01 -1.4913e+00
677 +1.173318990e+00 +1.173318990e+00 -4.673668101e+01 -4.673668101e+01 +5.7826e-01 -1.4913e+00
685 +1.095701904e+00 +1.095701904e+00 -4.681429810e+01 -4.681429810e+01 +6.2521e-01 -1.4913e+00
689 +1.045404278e+00 +1.045404278e+00 -4.686459572e+01 -4.686459572e+01 +4.9534e-01 -1.4911e+00
696 +5.104561965e-01 +5.104561965e-01 -4.739954380e+01 -4.739954380e+01 +5.4401e-01 -1.4904e+00
708 +4.832565495e-01 +4.832565495e-01 -4.742674345e+01 -4.742674345e+01 +5.7101e-01 -1.4903e+00
720 +4.036928371e-01 +4.036928371e-01 -4.750630716e+01 -4.750630716e+01 +6.3835e-01 -1.4903e+00
732 +3.472511233e-01 +3.472511233e-01 -4.756274888e+01 -4.756274888e+01 +7.1721e-01 -1.4902e+00
746 +3.232353603e-01 +3.232353603e-01 -4.758676464e+01 -4.758676464e+01 +7.1663e-01 -1.4905e+00
765 +2.835002833e-01 +2.835002833e-01 -4.762649972e+01 -4.762649972e+01 +7.9416e-01 -1.4905e+00
799 +2.707872121e-01 +2.707872121e-01 -4.763921279e+01 -4.763921279e+01 +8.9252e-01 -1.4907e+00
803 +2.191682084e-01 +2.191682084e-01 -4.769083179e+01 -4.769083179e+01 +8.5984e-01 -1.4905e+00
808 +1.800819134e-01 +1.800819134e-01 -4.772991809e+01 -4.772991809e+01 +9.1094e-01 -1.4903e+00
812 +1.647792309e-01 +1.647792309e-01 -4.774522077e+01 -4.774522077e+01 +9.2898e-01 -1.4904e+00
828 +1.187116516e-01 +1.187116516e-01 -4.779128835e+01 -4.779128835e+01 +9.9870e-01 -1.4903e+00
832 +1.156565285e-01 +1.156565285e-01 -4.779434347e+01 -4.779434347e+01 +9.9602e-01 -1.4905e+00
833 +7.371972111e-02 +7.371972111e-02 -4.783628028e+01 -4.783628028e+01 +1.0642e+00 -1.4903e+00
842 +5.060161827e-02 +5.060161827e-02 -4.785939838e+01 -4.785939838e+01 +1.1103e+00 -1.4905e+00
843 +2.895757572e-03 +2.895757572e-03 -4.790710424e+01 -4.790710424e+01 +1.2864e+00 -1.4904e+00
871 +8.858820821e-04 +8.858820821e-04 -4.790911412e+01 -4.790911412e+01 +1.2901e+00 -1.4904e+00
888 +5.282700961e-04 +5.282700961e-04 -4.790947173e+01 -4.790947173e+01 +1.3118e+00 -1.4904e+00
896 +2.158579367e-04 +2.158579367e-04 -4.790978414e+01 -4.790978414e+01 +1.3241e+00 -1.4904e+00
903 +5.555188129e-05 +5.555188129e-05 -4.790994445e+01 -4.790994445e+01 +1.3156e+00 -1.4904e+00
935 +2.505873231e-05 +2.505873231e-05 -4.790997494e+01 -4.790997494e+01 +1.3196e+00 -1.4904e+00
992 +1.427499305e-05 +1.427499305e-05 -4.790998573e+01 -4.790998573e+01 +1.3161e+00 -1.4904e+00
1103 +1.080383398e-05 +1.080383398e-05 -4.790998920e+01 -4.790998920e+01 +1.3166e+00 -1.4904e+00
1145 +3.838005519e-06 +3.838005519e-06 -4.790999616e+01 -4.790999616e+01 +1.3199e+00 -1.4904e+00
1184 +1.419600927e-06 +1.419600927e-06 -4.790999858e+01 -4.790999858e+01 +1.3203e+00 -1.4904e+00
1197 +1.001084364e-06 +1.001084364e-06 -4.790999900e+01 -4.790999900e+01 +1.3197e+00 -1.4904e+00
1200 +2.123123011e-08 +2.123123011e-08 -4.790999998e+01 -4.790999998e+01 +1.3191e+00 -1.4904e+00
1235 +2.939252397e-09 +2.939252397e-09 -4.791000000e+01 -4.791000000e+01 +1.3192e+00 -1.4904e+00
1944 +0.000000000e+00 +0.000000000e+00 -4.791000000e+01 -4.791000000e+01 +1.3192e+00 -1.4904e+00
% function evaluation | noise-free fitness - Fopt (-9.688000000000e+01) | best noise-free fitness - Fopt | measured fitness | best measured fitness | x1 | x2...
1 +6.877056913e+06 +6.877056913e+06 +6.876960033e+06 +6.876960033e+06 +0.0000e+00 +0.0000e+00
6 +3.955856829e+06 +3.955856829e+06 +3.955759949e+06 +3.955759949e+06 -1.4656e-01 -4.8368e-01
8 +5.003493842e+05 +5.003493842e+05 +5.002525042e+05 +5.002525042e+05 +2.1528e+00 -1.7612e+00
15 +4.185557695e+05 +4.185557695e+05 +4.184588895e+05 +4.184588895e+05 +1.7761e+00 -3.1914e+00
19 +2.114175301e+04 +2.114175301e+04 +2.104487301e+04 +2.104487301e+04 +6.3911e+00 -2.6215e+00
52 +3.264041786e+03 +3.264041786e+03 +3.167161786e+03 +3.167161786e+03 +6.8632e+00 -2.5432e+00
73 +3.151412755e+02 +3.151412755e+02 +2.182612755e+02 +2.182612755e+02 +5.6532e+00 -2.4656e+00
104 +1.028312512e+01 +1.028312512e+01 -8.659687488e+01 -8.659687488e+01 +5.5806e+00 -2.4822e+00
162 +4.713158909e+00 +4.713158909e+00 -9.216684109e+01 -9.216684109e+01 +5.1037e+00 -2.4850e+00
188 +3.230645189e+00 +3.230645189e+00 -9.364935481e+01 -9.364935481e+01 +4.8669e+00 -2.4832e+00
241 +2.958812846e+00 +2.958812846e+00 -9.392118715e+01 -9.392118715e+01 +4.8837e+00 -2.4845e+00
257 +2.589862202e+00 +2.589862202e+00 -9.429013780e+01 -9.429013780e+01 +4.8554e+00 -2.4842e+00
301 +2.536217610e+00 +2.536217610e+00 -9.434378239e+01 -9.434378239e+01 +4.8445e+00 -2.4842e+00
307 +2.390846595e+00 +2.390846595e+00 -9.448915340e+01 -9.448915340e+01 +4.8063e+00 -2.4841e+00
317 +2.341910062e+00 +2.341910062e+00 -9.453808994e+01 -9.453808994e+01 +4.7886e+00 -2.4840e+00
352 +2.250436101e+00 +2.250436101e+00 -9.462956390e+01 -9.462956390e+01 +4.7451e+00 -2.4839e+00
367 +2.226542965e+00 +2.226542965e+00 -9.465345703e+01 -9.465345703e+01 +4.7256e+00 -2.4842e+00
372 +2.160731212e+00 +2.160731212e+00 -9.471926879e+01 -9.471926879e+01 +4.6833e+00 -2.4842e+00
392 +2.108314309e+00 +2.108314309e+00 -9.477168569e+01 -9.477168569e+01 +4.6589e+00 -2.4841e+00
410 +2.068905536e+00 +2.068905536e+00 -9.481109446e+01 -9.481109446e+01 +4.6252e+00 -2.4840e+00
419 +2.030558225e+00 +2.030558225e+00 -9.484944177e+01 -9.484944177e+01 +4.5573e+00 -2.4841e+00
453 +1.980984066e+00 +1.980984066e+00 -9.489901593e+01 -9.489901593e+01 +4.4800e+00 -2.4840e+00
467 +1.942038301e+00 +1.942038301e+00 -9.493796170e+01 -9.493796170e+01 +4.4343e+00 -2.4840e+00
471 +1.892063368e+00 +1.892063368e+00 -9.498793663e+01 -9.498793663e+01 +4.3955e+00 -2.4840e+00
479 +1.814535986e+00 +1.814535986e+00 -9.506546401e+01 -9.506546401e+01 +4.3256e+00 -2.4837e+00
482 +1.579551868e+00 +1.579551868e+00 -9.530044813e+01 -9.530044813e+01 +4.2712e+00 -2.4841e+00
491 +1.470978690e+00 +1.470978690e+00 -9.540902131e+01 -9.540902131e+01 +4.1693e+00 -2.4834e+00
501 +1.311072965e+00 +1.311072965e+00 -9.556892703e+01 -9.556892703e+01 +4.2039e+00 -2.4840e+00
519 +1.249535370e+00 +1.249535370e+00 -9.563046463e+01 -9.563046463e+01 +4.1890e+00 -2.4840e+00
526 +8.626095778e-01 +8.626095778e-01 -9.601739042e+01 -9.601739042e+01 +4.0843e+00 -2.4839e+00
547 +7.738587190e-01 +7.738587190e-01 -9.610614128e+01 -9.610614128e+01 +4.0106e+00 -2.4843e+00
552 +6.406224845e-01 +6.406224845e-01 -9.623937752e+01 -9.623937752e+01 +3.9832e+00 -2.4838e+00
562 +5.760965805e-01 +5.760965805e-01 -9.630390342e+01 -9.630390342e+01 +3.9387e+00 -2.4842e+00
572 +5.273721379e-01 +5.273721379e-01 -9.635262786e+01 -9.635262786e+01 +3.8790e+00 -2.4839e+00
584 +4.466289781e-01 +4.466289781e-01 -9.643337102e+01 -9.643337102e+01 +3.7427e+00 -2.4840e+00
595 +2.572494669e-01 +2.572494669e-01 -9.662275053e+01 -9.662275053e+01 +3.5990e+00 -2.4842e+00
602 +2.103642054e-01 +2.103642054e-01 -9.666963579e+01 -9.666963579e+01 +3.5650e+00 -2.4838e+00
607 +1.290815120e-01 +1.290815120e-01 -9.675091849e+01 -9.675091849e+01 +3.4893e+00 -2.4840e+00
615 +1.509830783e-02 +1.509830783e-02 -9.686490169e+01 -9.686490169e+01 +3.2356e+00 -2.4840e+00
626 +1.158757462e-02 +1.158757462e-02 -9.686841243e+01 -9.686841243e+01 +3.0720e+00 -2.4839e+00
632 +4.509798142e-03 +4.509798142e-03 -9.687549020e+01 -9.687549020e+01 +3.0626e+00 -2.4840e+00
636 +3.659623278e-04 +3.659623278e-04 -9.687963404e+01 -9.687963404e+01 +3.1339e+00 -2.4840e+00
709 +6.314764792e-05 +6.314764792e-05 -9.687993685e+01 -9.687993685e+01 +3.1189e+00 -2.4840e+00
854 +1.716868887e-05 +1.716868887e-05 -9.687998283e+01 -9.687998283e+01 +3.1246e+00 -2.4840e+00
900 +5.232014331e-06 +5.232014331e-06 -9.687999477e+01 -9.687999477e+01 +3.1242e+00 -2.4840e+00
915 +1.665313931e-06 +1.665313931e-06 -9.687999833e+01 -9.687999833e+01 +3.1277e+00 -2.4840e+00
942 +1.004840655e-06 +1.004840655e-06 -9.687999900e+01 -9.687999900e+01 +3.1260e+00 -2.4840e+00
952 +2.720742742e-07 +2.720742742e-07 -9.687999973e+01 -9.687999973e+01 +3.1268e+00 -2.4840e+00
953 +1.293015970e-07 +1.293015970e-07 -9.687999987e+01 -9.687999987e+01 +3.1261e+00 -2.4840e+00
1110 +6.727238144e-08 +6.727238144e-08 -9.687999993e+01 -9.687999993e+01 +3.1262e+00 -2.4840e+00
1207 +2.691777468e-09 +2.691777468e-09 -9.688000000e+01 -9.688000000e+01 +3.1264e+00 -2.4840e+00
2086 +0.000000000e+00 +0.000000000e+00 -9.688000000e+01 -9.688000000e+01 +3.1264e+00 -2.4840e+00
% function evaluation | noise-free fitness - Fopt (-3.152000000000e+02) | best noise-free fitness - Fopt | measured fitness | best measured fitness | x1 | x2...
1 +2.475327952e+05 +2.475327952e+05 +2.472175952e+05 +2.472175952e+05 +0.0000e+00 +0.0000e+00
4 +2.125305511e+05 +2.125305511e+05 +2.122153511e+05 +2.122153511e+05 +4.1356e-01 +4.9463e-02
8 +4.543929835e+04 +4.543929835e+04 +4.512409835e+04 +4.512409835e+04 +5.1881e-02 +7.1597e-01
9 +4.423431813e+03 +4.423431813e+03 +4.108231813e+03 +4.108231813e+03 +1.1766e+00 +4.3103e-01
33 +1.370835516e+02 +1.370835516e+02 -1.781164484e+02 -1.781164484e+02 -6.8886e-02 +4.9245e-01
47 +3.706369323e+01 +3.706369323e+01 -2.781363068e+02 -2.781363068e+02 +9.2671e-02 +4.9912e-01
55 +2.208683013e+01 +2.208683013e+01 -2.931131699e+02 -2.931131699e+02 -3.7654e-01 +5.0773e-01
64 +1.270312187e+01 +1.270312187e+01 -3.024968781e+02 -3.024968781e+02 -8.2818e-01 +5.0696e-01
127 +1.423391570e+00 +1.423391570e+00 -3.137766084e+02 -3.137766084e+02 -1.9938e+00 +5.0446e-01
662 +1.101710903e+00 +1.101710903e+00 -3.140982891e+02 -3.140982891e+02 -2.0617e+00 +5.0437e-01
666 +1.002770036e+00 +1.002770036e+00 -3.141972300e+02 -3.141972300e+02 -2.1038e+00 +5.0443e-01
667 +9.085802171e-01 +9.085802171e-01 -3.142914198e+02 -3.142914198e+02 -2.1403e+00 +5.0444e-01
672 +8.110949552e-01 +8.110949552e-01 -3.143889050e+02 -3.143889050e+02 -2.2844e+00 +5.0455e-01
684 +7.810225423e-01 +7.810225423e-01 -3.144189775e+02 -3.144189775e+02 -2.5423e+00 +5.0474e-01
687 +7.716537629e-01 +7.716537629e-01 -3.144283462e+02 -3.144283462e+02 -2.5687e+00 +5.0476e-01
694 +7.490687785e-01 +7.490687785e-01 -3.144509312e+02 -3.144509312e+02 -2.6189e+00 +5.0479e-01
738 +7.063549064e-01 +7.063549064e-01 -3.144936451e+02 -3.144936451e+02 -2.1718e+00 +5.0427e-01
753 +6.457869691e-01 +6.457869691e-01 -3.145542130e+02 -3.145542130e+02 -2.2482e+00 +5.0432e-01
775 +6.201517789e-01 +6.201517789e-01 -3.145798482e+02 -3.145798482e+02 -2.1848e+00 +5.0403e-01
788 +5.867253451e-01 +5.867253451e-01 -3.146132747e+02 -3.146132747e+02 -2.2150e+00 +5.0413e-01
805 +5.698539858e-01 +5.698539858e-01 -3.146301460e+02 -3.146301460e+02 -2.2188e+00 +5.0397e-01
818 +5.553096441e-01 +5.553096441e-01 -3.146446904e+02 -3.146446904e+02 -2.2338e+00 +5.0406e-01
891 +5.482550925e-01 +5.482550925e-01 -3.146517449e+02 -3.146517449e+02 -2.2489e+00 +5.0409e-01
1005 +5.357550587e-01 +5.357550587e-01 -3.146642449e+02 -3.146642449e+02 -2.2515e+00 +5.0400e-01
1056 +5.090259222e-01 +5.090259222e-01 -3.146909741e+02 -3.146909741e+02 -2.3070e+00 +5.0395e-01
1077 +5.009964241e-01 +5.009964241e-01 -3.146990036e+02 -3.146990036e+02 -2.3261e+00 +5.0397e-01
1116 +4.895000737e-01 +4.895000737e-01 -3.147104999e+02 -3.147104999e+02 -2.3664e+00 +5.0401e-01
1133 +4.739749065e-01 +4.739749065e-01 -3.147260251e+02 -3.147260251e+02 -2.4002e+00 +5.0397e-01
1145 +4.567750782e-01 +4.567750782e-01 -3.147432249e+02 -3.147432249e+02 -2.4220e+00 +5.0403e-01
1147 +4.447357471e-01 +4.447357471e-01 -3.147552643e+02 -3.147552643e+02 -2.4383e+00 +5.0392e-01
1166 +4.117357809e-01 +4.117357809e-01 -3.147882642e+02 -3.147882642e+02 -2.4659e+00 +5.0410e-01
1172 +3.478820369e-01 +3.478820369e-01 -3.148521180e+02 -3.148521180e+02 -2.5643e+00 +5.0434e-01
1173 +1.963203786e-01 +1.963203786e-01 -3.150036796e+02 -3.150036796e+02 -2.6065e+00 +5.0386e-01
1186 +1.864912933e-01 +1.864912933e-01 -3.150135087e+02 -3.150135087e+02 -2.6009e+00 +5.0407e-01
1191 +1.194032438e-01 +1.194032438e-01 -3.150805968e+02 -3.150805968e+02 -2.7781e+00 +5.0419e-01
1192 +1.170243950e-01 +1.170243950e-01 -3.150829756e+02 -3.150829756e+02 -2.9618e+00 +5.0432e-01
1194 +5.013619906e-02 +5.013619906e-02 -3.151498638e+02 -3.151498638e+02 -2.9460e+00 +5.0379e-01
1199 +9.034307052e-03 +9.034307052e-03 -3.151909657e+02 -3.151909657e+02 -3.0115e+00 +5.0408e-01
1211 +4.858162593e-03 +4.858162593e-03 -3.151951418e+02 -3.151951418e+02 -2.9870e+00 +5.0404e-01
1224 +2.423528307e-03 +2.423528307e-03 -3.151975765e+02 -3.151975765e+02 -3.0027e+00 +5.0400e-01
1239 +1.238651954e-03 +1.238651954e-03 -3.151987613e+02 -3.151987613e+02 -3.0238e+00 +5.0398e-01
1279 +2.136356172e-04 +2.136356172e-04 -3.151997864e+02 -3.151997864e+02 -3.0368e+00 +5.0401e-01
1334 +1.388603198e-05 +1.388603198e-05 -3.151999861e+02 -3.151999861e+02 -3.0474e+00 +5.0400e-01
1486 +1.205164693e-05 +1.205164693e-05 -3.151999879e+02 -3.151999879e+02 -3.0521e+00 +5.0400e-01
1506 +4.239383429e-06 +4.239383429e-06 -3.151999958e+02 -3.151999958e+02 -3.0509e+00 +5.0400e-01
1526 +3.838196960e-06 +3.838196960e-06 -3.151999962e+02 -3.151999962e+02 -3.0488e+00 +5.0400e-01
1531 +3.331520873e-06 +3.331520873e-06 -3.151999967e+02 -3.151999967e+02 -3.0473e+00 +5.0400e-01
1541 +1.360588328e-06 +1.360588328e-06 -3.151999986e+02 -3.151999986e+02 -3.0497e+00 +5.0400e-01
1550 +1.011410745e-06 +1.011410745e-06 -3.151999990e+02 -3.151999990e+02 -3.0495e+00 +5.0400e-01
1562 +4.618360663e-07 +4.618360663e-07 -3.151999995e+02 -3.151999995e+02 -3.0485e+00 +5.0400e-01
1600 +8.543389640e-08 +8.543389640e-08 -3.151999999e+02 -3.151999999e+02 -3.0490e+00 +5.0400e-01
1614 +7.517576250e-08 +7.517576250e-08 -3.151999999e+02 -3.151999999e+02 -3.0488e+00 +5.0400e-01
1623 +7.277662917e-10 +7.277662917e-10 -3.152000000e+02 -3.152000000e+02 -3.0488e+00 +5.0400e-01
2138 +0.000000000e+00 +0.000000000e+00 -3.152000000e+02 -3.152000000e+02 -3.0488e+00 +5.0400e-01
% function evaluation | noise-free fitness - Fopt (1.811000000000e+01) | best noise-free fitness - Fopt | measured fitness | best measured fitness | x1 | x2...
1 +5.701198055e+06 +5.701198055e+06 +5.701216165e+06 +5.701216165e+06 +0.0000e+00 +0.0000e+00
2 +2.173282145e+06 +2.173282145e+06 +2.173300255e+06 +2.173300255e+06 +6.6218e-01 -6.7679e-01
15 +1.076128618e+06 +1.076128618e+06 +1.076146728e+06 +1.076146728e+06 -3.7733e-01 -1.2410e+00
18 +5.018064430e+05 +5.018064430e+05 +5.018245530e+05 +5.018245530e+05 -8.0135e-01 -1.5325e+00
21 +4.936202811e+05 +4.936202811e+05 +4.936383911e+05 +4.936383911e+05 +1.7001e+00 -1.5643e+00
23 +1.493769460e+04 +1.493769460e+04 +1.495580460e+04 +1.495580460e+04 -4.7068e-02 -2.1380e+00
55 +1.590316568e+02 +1.590316568e+02 +1.771416568e+02 +1.771416568e+02 -2.0689e-01 -2.2483e+00
74 +1.372418672e+02 +1.372418672e+02 +1.553518672e+02 +1.553518672e+02 -2.6435e-01 -2.2727e+00
109 +1.407892597e+01 +1.407892597e+01 +3.218892597e+01 +3.218892597e+01 -6.9412e-01 -2.2643e+00
143 +1.043649616e+01 +1.043649616e+01 +2.854649616e+01 +2.854649616e+01 -3.1143e-01 -2.2639e+00
196 +5.498738234e-01 +5.498738234e-01 +1.865987382e+01 +1.865987382e+01 -6.0820e-01 -2.2612e+00
253 +3.296636401e-01 +3.296636401e-01 +1.843966364e+01 +1.843966364e+01 -5.5510e-01 -2.2610e+00
302 +2.170824676e-01 +2.170824676e-01 +1.832708247e+01 +1.832708247e+01 -4.4278e-01 -2.2608e+00
504 +2.125348263e-01 +2.125348263e-01 +1.832253483e+01 +1.832253483e+01 -4.3377e-01 -2.2608e+00
532 +2.064481024e-01 +2.064481024e-01 +1.831644810e+01 +1.831644810e+01 -4.2547e-01 -2.2608e+00
537 +2.036383296e-01 +2.036383296e-01 +1.831363833e+01 +1.831363833e+01 -4.2094e-01 -2.2607e+00
569 +1.980011627e-01 +1.980011627e-01 +1.830800116e+01 +1.830800116e+01 -4.1696e-01 -2.2608e+00
602 +1.945083117e-01 +1.945083117e-01 +1.830450831e+01 +1.830450831e+01 -4.1245e-01 -2.2608e+00
630 +1.883546924e-01 +1.883546924e-01 +1.829835469e+01 +1.829835469e+01 -4.0368e-01 -2.2608e+00
657 +1.846002695e-01 +1.846002695e-01 +1.829460027e+01 +1.829460027e+01 -3.9874e-01 -2.2608e+00
669 +1.778009266e-01 +1.778009266e-01 +1.828780093e+01 +1.828780093e+01 -3.9151e-01 -2.2608e+00
675 +1.710857912e-01 +1.710857912e-01 +1.828108579e+01 +1.828108579e+01 -3.8280e-01 -2.2608e+00
677 +1.677568314e-01 +1.677568314e-01 +1.827775683e+01 +1.827775683e+01 -3.7845e-01 -2.2608e+00
693 +1.593107720e-01 +1.593107720e-01 +1.826931077e+01 +1.826931077e+01 -3.6635e-01 -2.2608e+00
694 +1.554127256e-01 +1.554127256e-01 +1.826541273e+01 +1.826541273e+01 -3.4840e-01 -2.2607e+00
697 +1.095387074e-01 +1.095387074e-01 +1.821953871e+01 +1.821953871e+01 -3.0273e-01 -2.2608e+00
705 +5.999762860e-02 +5.999762860e-02 +1.816999763e+01 +1.816999763e+01 -2.2693e-01 -2.2608e+00
740 +5.859415879e-02 +5.859415879e-02 +1.816859416e+01 +1.816859416e+01 -1.9713e-01 -2.2607e+00
747 +5.190184381e-02 +5.190184381e-02 +1.816190184e+01 +1.816190184e+01 -1.7699e-01 -2.2607e+00
757 +4.924156935e-02 +4.924156935e-02 +1.815924157e+01 +1.815924157e+01 -2.0162e-01 -2.2608e+00
872 +4.868952496e-02 +4.868952496e-02 +1.815868952e+01 +1.815868952e+01 -2.0162e-01 -2.2608e+00
953 +4.762439327e-02 +4.762439327e-02 +1.815762439e+01 +1.815762439e+01 -1.9901e-01 -2.2608e+00
972 +4.583201786e-02 +4.583201786e-02 +1.815583202e+01 +1.815583202e+01 -1.9419e-01 -2.2608e+00
973 +4.565001740e-02 +4.565001740e-02 +1.815565002e+01 +1.815565002e+01 -1.9362e-01 -2.2608e+00
982 +4.220856161e-02 +4.220856161e-02 +1.815220856e+01 +1.815220856e+01 -1.7741e-01 -2.2608e+00
994 +3.403936282e-02 +3.403936282e-02 +1.814403936e+01 +1.814403936e+01 -1.0141e-01 -2.2609e+00
1004 +9.416938980e-04 +9.416938980e-04 +1.811094169e+01 +1.811094169e+01 +3.7956e-02 -2.2608e+00
1005 +4.873725166e-04 +4.873725166e-04 +1.811048737e+01 +1.811048737e+01 -3.7551e-03 -2.2608e+00
1078 +4.382902126e-04 +4.382902126e-04 +1.811043829e+01 +1.811043829e+01 +1.5698e-02 -2.2608e+00
1146 +2.578941607e-05 +2.578941607e-05 +1.811002579e+01 +1.811002579e+01 +1.9993e-02 -2.2608e+00
1274 +2.240896668e-05 +2.240896668e-05 +1.811002241e+01 +1.811002241e+01 +1.6637e-02 -2.2608e+00
1280 +1.418193413e-06 +1.418193413e-06 +1.811000142e+01 +1.811000142e+01 +1.6749e-02 -2.2608e+00
1292 +1.214920673e-06 +1.214920673e-06 +1.811000121e+01 +1.811000121e+01 +1.8099e-02 -2.2608e+00
1304 +6.750141601e-07 +6.750141601e-07 +1.811000068e+01 +1.811000068e+01 +1.7301e-02 -2.2608e+00
1323 +5.232346361e-07 +5.232346361e-07 +1.811000052e+01 +1.811000052e+01 +1.7619e-02 -2.2608e+00
1361 +1.296377938e-07 +1.296377938e-07 +1.811000013e+01 +1.811000013e+01 +1.7909e-02 -2.2608e+00
1376 +4.545002952e-08 +4.545002952e-08 +1.811000005e+01 +1.811000005e+01 +1.7375e-02 -2.2608e+00
1463 +2.720654635e-08 +2.720654635e-08 +1.811000003e+01 +1.811000003e+01 +1.7750e-02 -2.2608e+00
1504 +1.601539523e-08 +1.601539523e-08 +1.811000002e+01 +1.811000002e+01 +1.7722e-02 -2.2608e+00
1511 +3.860829878e-09 +3.860829878e-09 +1.811000000e+01 +1.811000000e+01 +1.7602e-02 -2.2608e+00
2109 +0.000000000e+00 +0.000000000e+00 +1.811000000e+01 +1.811000000e+01 +1.7600e-02 -2.2608e+00
% function evaluation | noise-free fitness - Fopt (9.656000000000e+01) | best noise-free fitness - Fopt | measured fitness | best measured fitness | x1 | x2...
1 +1.010220876e+07 +1.010220876e+07 +1.010230532e+07 +1.010230532e+07 +0.0000e+00 +0.0000e+00
4 +9.106043867e+05 +9.106043867e+05 +9.107009467e+05 +9.107009467e+05 +1.3369e+00 +2.2597e+00
5 +2.245032944e+05 +2.245032944e+05 +2.245998544e+05 +2.245998544e+05 -3.6611e-01 +2.7561e+00
8 +1.881902782e+05 +1.881902782e+05 +1.882868382e+05 +1.882868382e+05 -9.5412e-01 +2.8049e+00
17 +1.555605062e+05 +1.555605062e+05 +1.556570662e+05 +1.556570662e+05 -1.6057e+00 +2.8457e+00
28 +2.937626076e+03 +2.937626076e+03 +3.034186076e+03 +3.034186076e+03 -2.4131e+00 +3.2765e+00
99 +2.633732302e+03 +2.633732302e+03 +2.730292302e+03 +2.730292302e+03 -5.7020e+00 +3.2745e+00
104 +2.167965166e+02 +2.167965166e+02 +3.133565166e+02 +3.133565166e+02 -5.1619e+00 +3.2129e+00
151 +1.102818805e+02 +1.102818805e+02 +2.068418805e+02 +2.068418805e+02 -4.9984e+00 +3.2375e+00
183 +1.082634298e+01 +1.082634298e+01 +1.073863430e+02 +1.073863430e+02 -4.6260e+00 +3.2244e+00
208 +7.441163836e+00 +7.441163836e+00 +1.040011638e+02 +1.040011638e+02 -4.7837e+00 +3.2252e+00
226 +5.397693568e+00 +5.397693568e+00 +1.019576936e+02 +1.019576936e+02 -4.7739e+00 +3.2259e+00
235 +4.063908592e+00 +4.063908592e+00 +1.006239086e+02 +1.006239086e+02 -4.7772e+00 +3.2278e+00
316 +3.802859008e+00 +3.802859008e+00 +1.003628590e+02 +1.003628590e+02 -4.8039e+00 +3.2272e+00
354 +3.786509303e+00 +3.786509303e+00 +1.003465093e+02 +1.003465093e+02 -4.7984e+00 +3.2272e+00
419 +3.712290981e+00 +3.712290981e+00 +1.002722910e+02 +1.002722910e+02 -4.7588e+00 +3.2270e+00
425 +3.624110072e+00 +3.624110072e+00 +1.001841101e+02 +1.001841101e+02 -4.7386e+00 +3.2272e+00
445 +3.539450081e+00 +3.539450081e+00 +1.000994501e+02 +1.000994501e+02 -4.7035e+00 +3.2273e+00
457 +3.305841099e+00 +3.305841099e+00 +9.986584110e+01 +9.986584110e+01 -4.5614e+00 +3.2276e+00
468 +3.060290885e+00 +3.060290885e+00 +9.962029089e+01 +9.962029089e+01 -4.4987e+00 +3.2275e+00
471 +2.824614922e+00 +2.824614922e+00 +9.938461492e+01 +9.938461492e+01 -4.3540e+00 +3.2278e+00
474 +2.162894925e+00 +2.162894925e+00 +9.872289493e+01 +9.872289493e+01 -4.2382e+00 +3.2270e+00
476 +1.272048253e+00 +1.272048253e+00 +9.783204825e+01 +9.783204825e+01 -3.9778e+00 +3.2274e+00
482 +3.406641065e-01 +3.406641065e-01 +9.690066411e+01 +9.690066411e+01 -3.4652e+00 +3.2274e+00
488 +2.714549556e-01 +2.714549556e-01 +9.683145496e+01 +9.683145496e+01 -3.4338e+00 +3.2271e+00
494 +9.054856731e-02 +9.054856731e-02 +9.665054857e+01 +9.665054857e+01 -3.1720e+00 +3.2271e+00
497 +8.911999691e-02 +8.911999691e-02 +9.664912000e+01 +9.664912000e+01 -2.6671e+00 +3.2270e+00
499 +3.334781628e-02 +3.334781628e-02 +9.659334782e+01 +9.659334782e+01 -3.0697e+00 +3.2271e+00
500 +4.493982045e-03 +4.493982045e-03 +9.656449398e+01 +9.656449398e+01 -2.8353e+00 +3.2272e+00
547 +3.700420116e-03 +3.700420116e-03 +9.656370042e+01 +9.656370042e+01 -2.9114e+00 +3.2271e+00
590 +2.676176962e-04 +2.676176962e-04 +9.656026762e+01 +9.656026762e+01 -2.9183e+00 +3.2272e+00
629 +1.432308954e-04 +1.432308954e-04 +9.656014323e+01 +9.656014323e+01 -2.9043e+00 +3.2272e+00
646 +5.156320340e-05 +5.156320340e-05 +9.656005156e+01 +9.656005156e+01 -2.8987e+00 +3.2272e+00
884 +9.362823434e-06 +9.362823434e-06 +9.656000936e+01 +9.656000936e+01 -2.9040e+00 +3.2272e+00
916 +7.220825793e-06 +7.220825793e-06 +9.656000722e+01 +9.656000722e+01 -2.9019e+00 +3.2272e+00
1046 +6.875131788e-06 +6.875131788e-06 +9.656000688e+01 +9.656000688e+01 -2.9020e+00 +3.2272e+00
1295 +6.743685717e-06 +6.743685717e-06 +9.656000674e+01 +9.656000674e+01 -2.9021e+00 +3.2272e+00
1304 +6.492696613e-06 +6.492696613e-06 +9.656000649e+01 +9.656000649e+01 -2.9023e+00 +3.2272e+00
1312 +6.355013511e-06 +6.355013511e-06 +9.656000636e+01 +9.656000636e+01 -2.9024e+00 +3.2272e+00
1314 +5.480748158e-06 +5.480748158e-06 +9.656000548e+01 +9.656000548e+01 -2.9027e+00 +3.2272e+00
1323 +2.239216641e-06 +2.239216641e-06 +9.656000224e+01 +9.656000224e+01 -2.9032e+00 +3.2272e+00
1330 +1.938852733e-06 +1.938852733e-06 +9.656000194e+01 +9.656000194e+01 -2.9033e+00 +3.2272e+00
1332 +1.206873833e-06 +1.206873833e-06 +9.656000121e+01 +9.656000121e+01 -2.9038e+00 +3.2272e+00
1336 +6.243164563e-07 +6.243164563e-07 +9.656000062e+01 +9.656000062e+01 -2.9040e+00 +3.2272e+00
1344 +7.062777740e-08 +7.062777740e-08 +9.656000007e+01 +9.656000007e+01 -2.9050e+00 +3.2272e+00
1380 +1.398177574e-09 +1.398177574e-09 +9.656000000e+01 +9.656000000e+01 -2.9048e+00 +3.2272e+00
1717 +0.000000000e+00 +0.000000000e+00 +9.656000000e+01 +9.656000000e+01 -2.9048e+00 +3.2272e+00
% function evaluation | noise-free fitness - Fopt (1.000000000000e+03) | best noise-free fitness - Fopt | measured fitness | best measured fitness | x1 | x2...
1 +3.826732347e+01 +3.826732347e+01 +1.038267323e+03 +1.038267323e+03 +0.0000e+00 +0.0000e+00
38 +1.839497226e+01 +1.839497226e+01 +1.018394972e+03 +1.018394972e+03 -6.3920e+00 +6.2405e-03
78 +1.630546366e+01 +1.630546366e+01 +1.016305464e+03 +1.016305464e+03 -6.1602e+00 +6.0169e-03
218 +8.768009343e+00 +8.768009343e+00 +1.008768009e+03 +1.008768009e+03 -3.9962e+00 +3.2379e-03
314 +1.953564736e+00 +1.953564736e+00 +1.001953565e+03 +1.001953565e+03 -3.4406e+00 +5.5114e-03
332 +1.512957307e+00 +1.512957307e+00 +1.001512957e+03 +1.001512957e+03 -3.3169e+00 +5.6162e-03
380 +6.685980970e-01 +6.685980970e-01 +1.000668598e+03 +1.000668598e+03 -2.9783e+00 +5.8950e-03
500 +1.158763814e-01 +1.158763814e-01 +1.000115876e+03 +1.000115876e+03 -2.0813e+00 +5.9264e-03
502 +1.660070443e-02 +1.660070443e-02 +1.000016601e+03 +1.000016601e+03 -2.1590e+00 +5.4734e-03
669 +1.054062806e-02 +1.054062806e-02 +1.000010541e+03 +1.000010541e+03 -2.1862e+00 +5.6894e-03
676 +5.455450001e-03 +5.455450001e-03 +1.000005455e+03 +1.000005455e+03 -2.1241e+00 +5.5346e-03
692 +1.257484471e-03 +1.257484471e-03 +1.000001257e+03 +1.000001257e+03 -2.1748e+00 +5.6301e-03
764 +4.497506613e-04 +4.497506613e-04 +1.000000450e+03 +1.000000450e+03 -2.1359e+00 +5.5919e-03
791 +4.903753324e-05 +4.903753324e-05 +1.000000049e+03 +1.000000049e+03 -2.1608e+00 +5.6050e-03
933 +3.900663125e-05 +3.900663125e-05 +1.000000039e+03 +1.000000039e+03 -2.1497e+00 +5.5982e-03
974 +3.471572961e-05 +3.471572961e-05 +1.000000035e+03 +1.000000035e+03 -2.1498e+00 +5.6003e-03
1039 +3.390493498e-05 +3.390493498e-05 +1.000000034e+03 +1.000000034e+03 -2.1499e+00 +5.6007e-03
1084 +3.236247858e-05 +3.236247858e-05 +1.000000032e+03 +1.000000032e+03 -2.1500e+00 +5.5998e-03
1123 +3.168401770e-05 +3.168401770e-05 +1.000000032e+03 +1.000000032e+03 -2.1501e+00 +5.6005e-03
1134 +3.099333401e-05 +3.099333401e-05 +1.000000031e+03 +1.000000031e+03 -2.1501e+00 +5.5997e-03
1137 +3.061138796e-05 +3.061138796e-05 +1.000000031e+03 +1.000000031e+03 -2.1502e+00 +5.5997e-03
1179 +3.015247319e-05 +3.015247319e-05 +1.000000030e+03 +1.000000030e+03 -2.1502e+00 +5.5999e-03
1237 +2.946962798e-05 +2.946962798e-05 +1.000000029e+03 +1.000000029e+03 -2.1503e+00 +5.5995e-03
1247 +2.851464035e-05 +2.851464035e-05 +1.000000029e+03 +1.000000029e+03 -2.1504e+00 +5.6001e-03
1254 +2.812500702e-05 +2.812500702e-05 +1.000000028e+03 +1.000000028e+03 -2.1507e+00 +5.5990e-03
1288 +2.745825395e-05 +2.745825395e-05 +1.000000027e+03 +1.000000027e+03 -2.1507e+00 +5.5995e-03
1298 +2.651238196e-05 +2.651238196e-05 +1.000000027e+03 +1.000000027e+03 -2.1510e+00 +5.5995e-03
1306 +2.581617730e-05 +2.581617730e-05 +1.000000026e+03 +1.000000026e+03 -2.1511e+00 +5.6005e-03
1314 +2.549316252e-05 +2.549316252e-05 +1.000000025e+03 +1.000000025e+03 -2.1512e+00 +5.6001e-03
1324 +2.419483076e-05 +2.419483076e-05 +1.000000024e+03 +1.000000024e+03 -2.1514e+00 +5.5996e-03
1341 +2.327660388e-05 +2.327660388e-05 +1.000000023e+03 +1.000000023e+03 -2.1515e+00 +5.6001e-03
1346 +2.066195032e-05 +2.066195032e-05 +1.000000021e+03 +1.000000021e+03 -2.1518e+00 +5.5996e-03
1351 +2.013783853e-05 +2.013783853e-05 +1.000000020e+03 +1.000000020e+03 -2.1519e+00 +5.5999e-03
1355 +1.890729595e-05 +1.890729595e-05 +1.000000019e+03 +1.000000019e+03 -2.1520e+00 +5.5990e-03
1356 +1.722408717e-05 +1.722408717e-05 +1.000000017e+03 +1.000000017e+03 -2.1521e+00 +5.6000e-03
1357 +1.696843935e-05 +1.696843935e-05 +1.000000017e+03 +1.000000017e+03 -2.1521e+00 +5.5999e-03
1367 +1.600652411e-05 +1.600652411e-05 +1.000000016e+03 +1.000000016e+03 -2.1522e+00 +5.5994e-03
1370 +1.486624478e-05 +1.486624478e-05 +1.000000015e+03 +1.000000015e+03 -2.1522e+00 +5.6001e-03
1372 +1.369355732e-05 +1.369355732e-05 +1.000000014e+03 +1.000000014e+03 -2.1523e+00 +5.6002e-03
1374 +1.095524635e-05 +1.095524635e-05 +1.000000011e+03 +1.000000011e+03 -2.1526e+00 +5.6003e-03
1375 +9.251310303e-06 +9.251310303e-06 +1.000000009e+03 +1.000000009e+03 -2.1528e+00 +5.6008e-03
1378 +8.808793837e-06 +8.808793837e-06 +1.000000009e+03 +1.000000009e+03 -2.1528e+00 +5.5994e-03
1383 +7.194481668e-06 +7.194481668e-06 +1.000000007e+03 +1.000000007e+03 -2.1531e+00 +5.5998e-03
1392 +6.419125384e-06 +6.419125384e-06 +1.000000006e+03 +1.000000006e+03 -2.1536e+00 +5.5998e-03
1403 +3.837150757e-06 +3.837150757e-06 +1.000000004e+03 +1.000000004e+03 -2.1542e+00 +5.5995e-03
1405 +2.747325880e-06 +2.747325880e-06 +1.000000003e+03 +1.000000003e+03 -2.1543e+00 +5.5995e-03
1407 +6.757945812e-07 +6.757945812e-07 +1.000000001e+03 +1.000000001e+03 -2.1552e+00 +5.6000e-03
1412 +2.332465101e-07 +2.332465101e-07 +1.000000000e+03 +1.000000000e+03 -2.1563e+00 +5.5996e-03
1416 +4.047126367e-08 +4.047126367e-08 +1.000000000e+03 +1.000000000e+03 -2.1559e+00 +5.6002e-03
1428 +3.571199159e-08 +3.571199159e-08 +1.000000000e+03 +1.000000000e+03 -2.1560e+00 +5.5998e-03
1482 +2.457602477e-08 +2.457602477e-08 +1.000000000e+03 +1.000000000e+03 -2.1561e+00 +5.6001e-03
1487 +8.646111382e-09 +8.646111382e-09 +1.000000000e+03 +1.000000000e+03 -2.1560e+00 +5.6001e-03
1773 +0.000000000e+00 +0.000000000e+00 +1.000000000e+03 +1.000000000e+03 -2.1560e+00 +5.6000e-03
% function evaluation | noise-free fitness - Fopt (-7.724000000000e+01) | best noise-free fitness - Fopt | measured fitness | best measured fitness | x1 | x2...
1 +1.949441172e+06 +1.949441172e+06 +1.949363932e+06 +1.949363932e+06 +0.0000e+00 +0.0000e+00
2 +1.647020550e+06 +1.647020550e+06 +1.646943310e+06 +1.646943310e+06 +8.1166e-01 +8.5965e-02
6 +1.448819005e+06 +1.448819005e+06 +1.448741765e+06 +1.448741765e+06 -3.7475e-01 +1.4334e-01
7 +7.634643591e+05 +7.634643591e+05 +7.633871191e+05 +7.633871191e+05 -7.3410e-01 +3.7706e-01
8 +2.303686469e+05 +2.303686469e+05 +2.302914069e+05 +2.302914069e+05 -1.5026e+00 +8.0624e-01
14 +2.021439275e+05 +2.021439275e+05 +2.020666875e+05 +2.020666875e+05 -1.8996e+00 +1.7516e+00
21 +1.535072575e+04 +1.535072575e+04 +1.527348575e+04 +1.527348575e+04 -2.4797e+00 +1.1649e+00
36 +2.465497708e+02 +2.465497708e+02 +1.693097708e+02 +1.693097708e+02 -3.7559e+00 +1.3012e+00
75 +6.806906901e+00 +6.806906901e+00 -7.043309310e+01 -7.043309310e+01 -4.8498e-01 +1.2884e+00
302 +6.577465848e+00 +6.577465848e+00 -7.066253415e+01 -7.066253415e+01 +1.7985e+00 +1.2863e+00
306 +4.690275487e+00 +4.690275487e+00 -7.254972451e+01 -7.254972451e+01 +1.4974e+00 +1.2863e+00
311 +3.925162128e+00 +3.925162128e+00 -7.331483787e+01 -7.331483787e+01 +1.4559e+00 +1.2857e+00
317 +2.832496830e+00 +2.832496830e+00 -7.440750317e+01 -7.440750317e+01 +2.5901e-01 +1.2872e+00
325 +2.729010395e+00 +2.729010395e+00 -7.451098961e+01 -7.451098961e+01 +3.0106e-01 +1.2841e+00
327 +5.994751455e-01 +5.994751455e-01 -7.664052485e+01 -7.664052485e+01 +2.1216e-01 +1.2859e+00
332 +4.846399135e-01 +4.846399135e-01 -7.675536009e+01 -7.675536009e+01 +9.1750e-02 +1.2854e+00
333 +7.249572185e-02 +7.249572185e-02 -7.716750428e+01 -7.716750428e+01 -3.1921e-01 +1.2854e+00
351 +1.762329162e-02 +1.762329162e-02 -7.722237671e+01 -7.722237671e+01 -4.3323e-01 +1.2857e+00
397 +1.054537757e-02 +1.054537757e-02 -7.722945462e+01 -7.722945462e+01 -6.2934e-01 +1.2855e+00
402 +7.332807303e-03 +7.332807303e-03 -7.723266719e+01 -7.723266719e+01 -6.1741e-01 +1.2856e+00
790 +5.443465334e-03 +5.443465334e-03 -7.723455653e+01 -7.723455653e+01 -6.1808e-01 +1.2856e+00
872 +4.816882708e-03 +4.816882708e-03 -7.723518312e+01 -7.723518312e+01 -6.0991e-01 +1.2856e+00
886 +4.190120813e-03 +4.190120813e-03 -7.723580988e+01 -7.723580988e+01 -6.0794e-01 +1.2856e+00
899 +3.928832920e-03 +3.928832920e-03 -7.723607117e+01 -7.723607117e+01 -6.0306e-01 +1.2856e+00
936 +3.665726971e-03 +3.665726971e-03 -7.723633427e+01 -7.723633427e+01 -6.0031e-01 +1.2856e+00
956 +2.527588948e-03 +2.527588948e-03 -7.723747241e+01 -7.723747241e+01 -5.8600e-01 +1.2856e+00
988 +2.374436737e-03 +2.374436737e-03 -7.723762556e+01 -7.723762556e+01 -5.8142e-01 +1.2856e+00
995 +1.571014382e-03 +1.571014382e-03 -7.723842899e+01 -7.723842899e+01 -5.7462e-01 +1.2856e+00
1013 +4.155481360e-04 +4.155481360e-04 -7.723958445e+01 -7.723958445e+01 -5.3794e-01 +1.2856e+00
1021 +3.991769127e-04 +3.991769127e-04 -7.723960082e+01 -7.723960082e+01 -5.3158e-01 +1.2856e+00
1053 +8.767825240e-05 +8.767825240e-05 -7.723991232e+01 -7.723991232e+01 -5.2901e-01 +1.2856e+00
1093 +5.293612384e-05 +5.293612384e-05 -7.723994706e+01 -7.723994706e+01 -5.4548e-01 +1.2856e+00
1105 +4.482458849e-08 +4.482458849e-08 -7.723999996e+01 -7.723999996e+01 -5.3765e-01 +1.2856e+00
1235 +4.315380409e-08 +4.315380409e-08 -7.723999996e+01 -7.723999996e+01 -5.3762e-01 +1.2856e+00
1375 +6.081378956e-09 +6.081378956e-09 -7.723999999e+01 -7.723999999e+01 -5.3753e-01 +1.2856e+00
2310 +0.000000000e+00 +0.000000000e+00 -7.724000000e+01 -7.724000000e+01 -5.3760e-01 +1.2856e+00
% function evaluation | noise-free fitness - Fopt (4.939400000000e+02) | best noise-free fitness - Fopt | measured fitness | best measured fitness | x1 | x2...
1 +1.204437305e+07 +1.204437305e+07 +1.204486699e+07 +1.204486699e+07 +0.0000e+00 +0.0000e+00
3 +1.187701370e+07 +1.187701370e+07 +1.187750764e+07 +1.187750764e+07 -1.3414e+00 +2.1876e-02
4 +4.381228781e+06 +4.381228781e+06 +4.381722721e+06 +4.381722721e+06 -6.4097e-01 +1.3904e+00
8 +3.206726540e+06 +3.206726540e+06 +3.207220480e+06 +3.207220480e+06 +6.2934e-01 +1.8075e+00
12 +9.263093680e+05 +9.263093680e+05 +9.268033080e+05 +9.268033080e+05 -1.2551e+00 +2.5162e+00
14 +1.715917283e+04 +1.715917283e+04 +1.765311283e+04 +1.765311283e+04 -8.1145e-01 +3.6261e+00
22 +5.183218617e+03 +5.183218617e+03 +5.677158617e+03 +5.677158617e+03 -4.6277e+00 +3.4103e+00
33 +4.844335887e+03 +4.844335887e+03 +5.338275887e+03 +5.338275887e+03 -9.3832e+00 +3.5649e+00
60 +1.153755561e+01 +1.153755561e+01 +5.054775556e+02 +5.054775556e+02 -1.0712e+00 +3.4876e+00
190 +1.001708361e+01 +1.001708361e+01 +5.039570836e+02 +5.039570836e+02 -2.1401e+00 +3.4927e+00
220 +2.713008635e+00 +2.713008635e+00 +4.966530086e+02 +4.966530086e+02 -2.3276e+00 +3.4887e+00
251 +2.168552819e+00 +2.168552819e+00 +4.961085528e+02 +4.961085528e+02 -2.9542e+00 +3.4909e+00
391 +7.871850978e-01 +7.871850978e-01 +4.947271851e+02 +4.947271851e+02 -3.9172e+00 +3.4905e+00
451 +6.218296933e-01 +6.218296933e-01 +4.945618297e+02 +4.945618297e+02 -2.9215e+00 +3.4896e+00
457 +2.183062145e-01 +2.183062145e-01 +4.941583062e+02 +4.941583062e+02 -3.3447e+00 +3.4898e+00
490 +1.149285365e-01 +1.149285365e-01 +4.940549285e+02 +4.940549285e+02 -3.5534e+00 +3.4893e+00
563 +7.269084049e-02 +7.269084049e-02 +4.940126908e+02 +4.940126908e+02 -3.5205e+00 +3.4896e+00
571 +5.544666121e-02 +5.544666121e-02 +4.939954467e+02 +4.939954467e+02 -3.5564e+00 +3.4897e+00
603 +4.683151200e-02 +4.683151200e-02 +4.939868315e+02 +4.939868315e+02 -3.5923e+00 +3.4897e+00
622 +3.932306353e-02 +3.932306353e-02 +4.939793231e+02 +4.939793231e+02 -3.5959e+00 +3.4896e+00
639 +3.369039505e-02 +3.369039505e-02 +4.939736904e+02 +4.939736904e+02 -3.6810e+00 +3.4897e+00
649 +9.241303150e-03 +9.241303150e-03 +4.939492413e+02 +4.939492413e+02 -3.7368e+00 +3.4895e+00
662 +8.722802044e-03 +8.722802044e-03 +4.939487228e+02 +4.939487228e+02 -3.7112e+00 +3.4897e+00
666 +5.078119659e-03 +5.078119659e-03 +4.939450781e+02 +4.939450781e+02 -3.7131e+00 +3.4896e+00
674 +3.724772376e-03 +3.724772376e-03 +4.939437248e+02 +4.939437248e+02 -3.7296e+00 +3.4896e+00
764 +1.255729599e-03 +1.255729599e-03 +4.939412557e+02 +4.939412557e+02 -3.7484e+00 +3.4896e+00
813 +1.175606329e-03 +1.175606329e-03 +4.939411756e+02 +4.939411756e+02 -3.7493e+00 +3.4896e+00
827 +1.108084915e-03 +1.108084915e-03 +4.939411081e+02 +4.939411081e+02 -3.7573e+00 +3.4896e+00
829 +5.398239604e-04 +5.398239604e-04 +4.939405398e+02 +4.939405398e+02 -3.7655e+00 +3.4896e+00
848 +4.281121493e-04 +4.281121493e-04 +4.939404281e+02 +4.939404281e+02 -3.7742e+00 +3.4896e+00
849 +3.406485025e-04 +3.406485025e-04 +4.939403406e+02 +4.939403406e+02 -3.7676e+00 +3.4896e+00
859 +2.685930411e-04 +2.685930411e-04 +4.939402686e+02 +4.939402686e+02 -3.7737e+00 +3.4896e+00
861 +2.570393763e-04 +2.570393763e-04 +4.939402570e+02 +4.939402570e+02 -3.7702e+00 +3.4896e+00
883 +1.823682575e-04 +1.823682575e-04 +4.939401824e+02 +4.939401824e+02 -3.7741e+00 +3.4896e+00
885 +1.746353907e-04 +1.746353907e-04 +4.939401746e+02 +4.939401746e+02 -3.7800e+00 +3.4896e+00
893 +1.503908936e-05 +1.503908936e-05 +4.939400150e+02 +4.939400150e+02 -3.7836e+00 +3.4896e+00
904 +1.208351932e-05 +1.208351932e-05 +4.939400121e+02 +4.939400121e+02 -3.7884e+00 +3.4896e+00
909 +7.755124045e-06 +7.755124045e-06 +4.939400078e+02 +4.939400078e+02 -3.7892e+00 +3.4896e+00
929 +5.789615898e-09 +5.789615898e-09 +4.939400000e+02 +4.939400000e+02 -3.7863e+00 +3.4896e+00
1426 +0.000000000e+00 +0.000000000e+00 +4.939400000e+02 +4.939400000e+02 -3.7864e+00 +3.4896e+00
% function evaluation | noise-free fitness - Fopt (4.161000000000e+01) | best noise-free fitness - Fopt | measured fitness | best measured fitness | x1 | x2...
1 +1.400667011e+07 +1.400667011e+07 +1.400671172e+07 +1.400671172e+07 +0.0000e+00 +0.0000e+00
3 +4.839028487e+06 +4.839028487e+06 +4.839070097e+06 +4.839070097e+06 +8.6649e-01 +1.5009e+00
13 +2.165860545e+06 +2.165860545e+06 +2.165902155e+06 +2.165902155e+06 +1.0476e+00 +2.3923e+00
17 +1.300876733e+06 +1.300876733e+06 +1.300918343e+06 +1.300918343e+06 +6.2808e-01 +2.6421e+00
23 +3.174358016e+05 +3.174358016e+05 +3.174774116e+05 +3.174774116e+05 +6.7957e-01 +3.1384e+00
26 +2.479860723e+05 +2.479860723e+05 +2.480276823e+05 +2.480276823e+05 -6.5682e-01 +4.2370e+00
33 +5.906182282e+04 +5.906182282e+04 +5.910343282e+04 +5.910343282e+04 +1.8435e+00 +3.4964e+00
49 +3.576173858e+04 +3.576173858e+04 +3.580334858e+04 +3.580334858e+04 +1.2013e+00 +3.5581e+00
55 +1.560478609e+03 +1.560478609e+03 +1.602088609e+03 +1.602088609e+03 +9.8433e-01 +3.7031e+00
73 +7.846080692e+01 +7.846080692e+01 +1.200708069e+02 +1.200708069e+02 +1.5098e+00 +3.7307e+00
290 +5.442756655e+01 +5.442756655e+01 +9.603756655e+01 +9.603756655e+01 -2.6212e+00 +3.7441e+00
304 +3.463429400e+01 +3.463429400e+01 +7.624429400e+01 +7.624429400e+01 -2.5642e+00 +3.7400e+00
537 +3.194794650e+01 +3.194794650e+01 +7.355794650e+01 +7.355794650e+01 -2.2386e+00 +3.7393e+00
550 +3.143589281e+01 +3.143589281e+01 +7.304589281e+01 +7.304589281e+01 -2.1797e+00 +3.7393e+00
553 +2.997039705e+01 +2.997039705e+01 +7.158039705e+01 +7.158039705e+01 -2.0075e+00 +3.7393e+00
558 +2.884854754e+01 +2.884854754e+01 +7.045854754e+01 +7.045854754e+01 -1.8795e+00 +3.7393e+00
559 +2.808397100e+01 +2.808397100e+01 +6.969397100e+01 +6.969397100e+01 -1.8310e+00 +3.7397e+00
563 +2.453254670e+01 +2.453254670e+01 +6.614254670e+01 +6.614254670e+01 -1.3656e+00 +3.7395e+00
570 +2.291590504e+01 +2.291590504e+01 +6.452590504e+01 +6.452590504e+01 -1.1910e+00 +3.7398e+00
574 +1.826154792e+01 +1.826154792e+01 +5.987154792e+01 +5.987154792e+01 -6.0239e-01 +3.7400e+00
577 +1.756148547e+01 +1.756148547e+01 +5.917148547e+01 +5.917148547e+01 -5.1486e-01 +3.7400e+00
582 +1.345480280e+01 +1.345480280e+01 +5.506480280e+01 +5.506480280e+01 +2.4212e-03 +3.7402e+00
583 +9.574649342e+00 +9.574649342e+00 +5.118464934e+01 +5.118464934e+01 +5.2014e-01 +3.7402e+00
586 +7.813862541e+00 +7.813862541e+00 +4.942386254e+01 +4.942386254e+01 +8.0107e-01 +3.7403e+00
593 +4.468071200e+00 +4.468071200e+00 +4.607807120e+01 +4.607807120e+01 +1.6058e+00 +3.7404e+00
598 +2.632264328e+00 +2.632264328e+00 +4.424226433e+01 +4.424226433e+01 +2.3298e+00 +3.7407e+00
604 +1.801883128e+00 +1.801883128e+00 +4.341188313e+01 +4.341188313e+01 +3.8758e+00 +3.7414e+00
608 +1.691563445e+00 +1.691563445e+00 +4.330156345e+01 +4.330156345e+01 +4.1754e+00 +3.7411e+00
610 +1.182369465e+00 +1.182369465e+00 +4.279236947e+01 +4.279236947e+01 +2.9564e+00 +3.7409e+00
614 +1.031670908e+00 +1.031670908e+00 +4.264167091e+01 +4.264167091e+01 +2.9218e+00 +3.7408e+00
617 +8.790734934e-01 +8.790734934e-01 +4.248907349e+01 +4.248907349e+01 +3.0240e+00 +3.7407e+00
627 +8.159778392e-01 +8.159778392e-01 +4.242597784e+01 +4.242597784e+01 +3.0813e+00 +3.7407e+00
633 +4.962361208e-01 +4.962361208e-01 +4.210623612e+01 +4.210623612e+01 +3.6323e+00 +3.7407e+00
646 +3.682983694e-01 +3.682983694e-01 +4.197829837e+01 +4.197829837e+01 +3.5006e+00 +3.7406e+00
656 +3.111483106e-01 +3.111483106e-01 +4.192114831e+01 +4.192114831e+01 +4.0276e+00 +3.7404e+00
660 +2.519220665e-01 +2.519220665e-01 +4.186192207e+01 +4.186192207e+01 +4.1300e+00 +3.7403e+00
664 +1.975437334e-01 +1.975437334e-01 +4.180754373e+01 +4.180754373e+01 +3.2500e+00 +3.7399e+00
682 +5.517174139e-02 +5.517174139e-02 +4.166517174e+01 +4.166517174e+01 +3.4372e+00 +3.7400e+00
693 +1.972595506e-03 +1.972595506e-03 +4.161197260e+01 +4.161197260e+01 +3.6970e+00 +3.7400e+00
1009 +1.587928246e-03 +1.587928246e-03 +4.161158793e+01 +4.161158793e+01 +3.7010e+00 +3.7400e+00
1014 +1.543791854e-03 +1.543791854e-03 +4.161154379e+01 +4.161154379e+01 +3.6750e+00 +3.7400e+00
1020 +1.253421167e-03 +1.253421167e-03 +4.161125342e+01 +4.161125342e+01 +3.7060e+00 +3.7400e+00
1026 +1.222110446e-03 +1.222110446e-03 +4.161122211e+01 +4.161122211e+01 +3.6983e+00 +3.7400e+00
1029 +1.110869417e-03 +1.110869417e-03 +4.161111087e+01 +4.161111087e+01 +3.7032e+00 +3.7400e+00
1041 +1.095949889e-03 +1.095949889e-03 +4.161109595e+01 +4.161109595e+01 +3.6961e+00 +3.7400e+00
1063 +1.066324725e-03 +1.066324725e-03 +4.161106632e+01 +4.161106632e+01 +3.7023e+00 +3.7400e+00
1064 +9.966226219e-04 +9.966226219e-04 +4.161099662e+01 +4.161099662e+01 +3.7023e+00 +3.7400e+00
1087 +9.291559931e-04 +9.291559931e-04 +4.161092916e+01 +4.161092916e+01 +3.6967e+00 +3.7400e+00
1088 +8.267077172e-04 +8.267077172e-04 +4.161082671e+01 +4.161082671e+01 +3.6950e+00 +3.7400e+00
1092 +5.648955109e-04 +5.648955109e-04 +4.161056490e+01 +4.161056490e+01 +3.6907e+00 +3.7400e+00
1102 +5.615012566e-04 +5.615012566e-04 +4.161056150e+01 +4.161056150e+01 +3.6907e+00 +3.7400e+00
1105 +4.855823901e-04 +4.855823901e-04 +4.161048558e+01 +4.161048558e+01 +3.6868e+00 +3.7400e+00
1107 +2.820950455e-04 +2.820950455e-04 +4.161028210e+01 +4.161028210e+01 +3.6795e+00 +3.7400e+00
1122 +2.561165274e-04 +2.561165274e-04 +4.161025612e+01 +4.161025612e+01 +3.6812e+00 +3.7400e+00
1133 +1.838683374e-04 +1.838683374e-04 +4.161018387e+01 +4.161018387e+01 +3.6804e+00 +3.7400e+00
1134 +1.111406624e-04 +1.111406624e-04 +4.161011114e+01 +4.161011114e+01 +3.6782e+00 +3.7400e+00
1141 +1.095433947e-04 +1.095433947e-04 +4.161010954e+01 +4.161010954e+01 +3.6733e+00 +3.7400e+00
1142 +1.018198634e-04 +1.018198634e-04 +4.161010182e+01 +4.161010182e+01 +3.6727e+00 +3.7400e+00
1146 +6.579601538e-05 +6.579601538e-05 +4.161006580e+01 +4.161006580e+01 +3.6659e+00 +3.7400e+00
1150 +2.916610976e-05 +2.916610976e-05 +4.161002917e+01 +4.161002917e+01 +3.6689e+00 +3.7400e+00
1153 +1.148135952e-05 +1.148135952e-05 +4.161001148e+01 +4.161001148e+01 +3.6708e+00 +3.7400e+00
1163 +4.722296410e-06 +4.722296410e-06 +4.161000472e+01 +4.161000472e+01 +3.6694e+00 +3.7400e+00
1167 +1.767457022e-06 +1.767457022e-06 +4.161000177e+01 +4.161000177e+01 +3.6667e+00 +3.7400e+00
1246 +1.236342619e-06 +1.236342619e-06 +4.161000124e+01 +4.161000124e+01 +3.6670e+00 +3.7400e+00
1250 +1.059261081e-06 +1.059261081e-06 +4.161000106e+01 +4.161000106e+01 +3.6672e+00 +3.7400e+00
1253 +1.017600695e-06 +1.017600695e-06 +4.161000102e+01 +4.161000102e+01 +3.6670e+00 +3.7400e+00
1260 +7.395163522e-07 +7.395163522e-07 +4.161000074e+01 +4.161000074e+01 +3.6675e+00 +3.7400e+00
1340 +2.525762639e-07 +2.525762639e-07 +4.161000025e+01 +4.161000025e+01 +3.6683e+00 +3.7400e+00
1734 +1.811750039e-07 +1.811750039e-07 +4.161000018e+01 +4.161000018e+01 +3.6684e+00 +3.7400e+00
1743 +1.706057731e-07 +1.706057731e-07 +4.161000017e+01 +4.161000017e+01 +3.6683e+00 +3.7400e+00
1752 +1.452710663e-07 +1.452710663e-07 +4.161000015e+01 +4.161000015e+01 +3.6683e+00 +3.7400e+00
1762 +3.796356651e-08 +3.796356651e-08 +4.161000004e+01 +4.161000004e+01 +3.6682e+00 +3.7400e+00
1766 +1.125867755e-08 +1.125867755e-08 +4.161000001e+01 +4.161000001e+01 +3.6681e+00 +3.7400e+00
1800 +2.753935746e-09 +2.753935746e-09 +4.161000000e+01 +4.161000000e+01 +3.6680e+00 +3.7400e+00
2335 +0.000000000e+00 +0.000000000e+00 +4.161000000e+01 +4.161000000e+01 +3.6680e+00 +3.7400e+00
% function evaluation | noise-free fitness - Fopt (-1.619400000000e+02) | best noise-free fitness - Fopt | measured fitness | best measured fitness | x1 | x2...
1 +7.936746742e+06 +7.936746742e+06 +7.936584802e+06 +7.936584802e+06 +0.0000e+00 +0.0000e+00
2 +3.213987419e+06 +3.213987419e+06 +3.213825479e+06 +3.213825479e+06 -4.2692e-01 -9.0532e-01
6 +2.667596296e+06 +2.667596296e+06 +2.667434356e+06 +2.667434356e+06 +9.7154e-01 -1.0210e+00
10 +1.523576881e+06 +1.523576881e+06 +1.523414941e+06 +1.523414941e+06 +6.5875e-01 -1.6516e+00
12 +6.886229045e+03 +6.886229045e+03 +6.724289045e+03 +6.724289045e+03 +2.1423e+00 -2.8727e+00
31 +1.442648179e+03 +1.442648179e+03 +1.280708179e+03 +1.280708179e+03 +2.5747e+00 -2.8186e+00
58 +1.015979688e+03 +1.015979688e+03 +8.540396885e+02 +8.540396885e+02 +3.3349e+00 -2.7490e+00
63 +3.972873739e+02 +3.972873739e+02 +2.353473739e+02 +2.353473739e+02 +3.6887e+00 -2.7635e+00
115 +1.121835113e+02 +1.121835113e+02 -4.975648867e+01 -4.975648867e+01 +2.4987e+00 -2.7933e+00
134 +4.877925494e+01 +4.877925494e+01 -1.131607451e+02 -1.131607451e+02 +3.1057e+00 -2.7787e+00
196 +4.043670878e+01 +4.043670878e+01 -1.215032912e+02 -1.215032912e+02 +2.9708e+00 -2.7793e+00
197 +2.458016751e+01 +2.458016751e+01 -1.373598325e+02 -1.373598325e+02 +2.9984e+00 -2.7837e+00
230 +2.446845326e+01 +2.446845326e+01 -1.374715467e+02 -1.374715467e+02 +3.0013e+00 -2.7835e+00
818 +2.392226087e+01 +2.392226087e+01 -1.380177391e+02 -1.380177391e+02 +2.9528e+00 -2.7832e+00
854 +2.343001202e+01 +2.343001202e+01 -1.385099880e+02 -1.385099880e+02 +2.8949e+00 -2.7831e+00
895 +2.276804024e+01 +2.276804024e+01 -1.391719598e+02 -1.391719598e+02 +2.8074e+00 -2.7829e+00
915 +2.202963708e+01 +2.202963708e+01 -1.399103629e+02 -1.399103629e+02 +2.7247e+00 -2.7830e+00
922 +2.149337799e+01 +2.149337799e+01 -1.404466220e+02 -1.404466220e+02 +2.6611e+00 -2.7834e+00
932 +2.071521540e+01 +2.071521540e+01 -1.412247846e+02 -1.412247846e+02 +2.5708e+00 -2.7832e+00
946 +2.036383061e+01 +2.036383061e+01 -1.415761694e+02 -1.415761694e+02 +2.5212e+00 -2.7835e+00
955 +1.933061794e+01 +1.933061794e+01 -1.426093821e+02 -1.426093821e+02 +2.4028e+00 -2.7831e+00
966 +1.856092555e+01 +1.856092555e+01 -1.433790745e+02 -1.433790745e+02 +2.3110e+00 -2.7831e+00
969 +1.803693911e+01 +1.803693911e+01 -1.439030609e+02 -1.439030609e+02 +2.2498e+00 -2.7833e+00
976 +1.740813382e+01 +1.740813382e+01 -1.445318662e+02 -1.445318662e+02 +2.1002e+00 -2.7841e+00
983 +1.585538963e+01 +1.585538963e+01 -1.460846104e+02 -1.460846104e+02 +1.9847e+00 -2.7836e+00
986 +1.547423800e+01 +1.547423800e+01 -1.464657620e+02 -1.464657620e+02 +1.9571e+00 -2.7831e+00
994 +1.482564533e+01 +1.482564533e+01 -1.471143547e+02 -1.471143547e+02 +1.8801e+00 -2.7834e+00
997 +1.310594689e+01 +1.310594689e+01 -1.488340531e+02 -1.488340531e+02 +1.4633e+00 -2.7818e+00
1003 +1.045603410e+01 +1.045603410e+01 -1.514839659e+02 -1.514839659e+02 +8.2499e-01 -2.7848e+00
1017 +6.154500380e+00 +6.154500380e+00 -1.557854996e+02 -1.557854996e+02 +3.3661e-01 -2.7835e+00
1033 +5.386959053e+00 +5.386959053e+00 -1.565530409e+02 -1.565530409e+02 +1.4308e-01 -2.7840e+00
1038 +2.340291603e+00 +2.340291603e+00 -1.595997084e+02 -1.595997084e+02 -3.5449e-01 -2.7835e+00
1043 +1.112728210e+00 +1.112728210e+00 -1.608272718e+02 -1.608272718e+02 -9.7817e-01 -2.7835e+00
1051 +7.485161627e-01 +7.485161627e-01 -1.611914838e+02 -1.611914838e+02 -1.5942e+00 -2.7840e+00
1052 +2.979556564e-01 +2.979556564e-01 -1.616420443e+02 -1.616420443e+02 -2.5255e+00 -2.7834e+00
1084 +7.021524657e-03 +7.021524657e-03 -1.619329785e+02 -1.619329785e+02 -2.0290e+00 -2.7833e+00
1128 +6.867276000e-03 +6.867276000e-03 -1.619331327e+02 -1.619331327e+02 -1.9121e+00 -2.7832e+00
1296 +5.335099702e-03 +5.335099702e-03 -1.619346649e+02 -1.619346649e+02 -2.0692e+00 -2.7832e+00
1299 +1.546072217e-03 +1.546072217e-03 -1.619384539e+02 -1.619384539e+02 -1.9481e+00 -2.7832e+00
1339 +9.859309468e-04 +9.859309468e-04 -1.619390141e+02 -1.619390141e+02 -2.0181e+00 -2.7832e+00
1347 +4.694461131e-04 +4.694461131e-04 -1.619395306e+02 -1.619395306e+02 -1.9843e+00 -2.7832e+00
1356 +2.137339914e-04 +2.137339914e-04 -1.619397863e+02 -1.619397863e+02 -1.9751e+00 -2.7832e+00
1374 +4.569236734e-05 +4.569236734e-05 -1.619399543e+02 -1.619399543e+02 -1.9842e+00 -2.7832e+00
1472 +3.224889304e-05 +3.224889304e-05 -1.619399678e+02 -1.619399678e+02 -1.9828e+00 -2.7832e+00
1483 +2.576985051e-05 +2.576985051e-05 -1.619399742e+02 -1.619399742e+02 -1.9843e+00 -2.7832e+00
1488 +7.911232586e-06 +7.911232586e-06 -1.619399921e+02 -1.619399921e+02 -1.9858e+00 -2.7832e+00
1505 +4.878500704e-06 +4.878500704e-06 -1.619399951e+02 -1.619399951e+02 -1.9899e+00 -2.7832e+00
1521 +4.647293991e-06 +4.647293991e-06 -1.619399954e+02 -1.619399954e+02 -1.9883e+00 -2.7832e+00
1526 +2.503444591e-06 +2.503444591e-06 -1.619399975e+02 -1.619399975e+02 -1.9879e+00 -2.7832e+00
1668 +2.412068739e-06 +2.412068739e-06 -1.619399976e+02 -1.619399976e+02 -1.9875e+00 -2.7832e+00
1684 +2.269758880e-06 +2.269758880e-06 -1.619399977e+02 -1.619399977e+02 -1.9895e+00 -2.7832e+00
1688 +2.591062014e-07 +2.591062014e-07 -1.619399997e+02 -1.619399997e+02 -1.9887e+00 -2.7832e+00
1725 +1.032460091e-07 +1.032460091e-07 -1.619399999e+02 -1.619399999e+02 -1.9885e+00 -2.7832e+00
1769 +6.358351357e-08 +6.358351357e-08 -1.619399999e+02 -1.619399999e+02 -1.9886e+00 -2.7832e+00
1814 +2.226204288e-08 +2.226204288e-08 -1.619400000e+02 -1.619400000e+02 -1.9889e+00 -2.7832e+00
1838 +5.637446066e-09 +5.637446066e-09 -1.619400000e+02 -1.619400000e+02 -1.9888e+00 -2.7832e+00
2232 +0.000000000e+00 +0.000000000e+00 -1.619400000e+02 -1.619400000e+02 -1.9888e+00 -2.7832e+00
