% function evaluation | noise-free fitness - Fopt (-1.694000000000e+01) | best noise-free fitness - Fopt | measured fitness | best measured fitness | x1 | x2...
1 +2.668714155e+01 +2.668714155e+01 +9.747141552e+00 +9.747141552e+00 +0.0000e+00 +0.0000e+00 +0.0000e+00 +0.0000e+00 +0.0000e+00
2 +2.230671319e+01 +2.230671319e+01 +5.366713189e+00 +5.366713189e+00 -1.2738e-01 -4.0038e-01 -4.7665e-01 +4.3922e-01 +5.8100e-02
3 +1.178057811e+01 +1.178057811e+01 -5.159421891e+00 -5.159421891e+00 +1.1572e+00 -1.2974e+00 -1.0053e+00 -1.0619e+00 -8.7576e-01
4 +9.220096218e+00 +9.220096218e+00 -7.719903782e+00 -7.719903782e+00 +1.8209e+00 +3.7579e-01 -1.7861e-01 +1.4582e-01 -1.5553e+00
14 +6.901237347e+00 +6.901237347e+00 -1.003876265e+01 -1.003876265e+01 +1.7547e+00 +1.6931e+00 -2.1000e+00 -1.8070e-02 -1.5305e+00
42 +4.385899456e+00 +4.385899456e+00 -1.255410054e+01 -1.255410054e+01 +3.0080e+00 +2.4934e+00 -1.8786e+00 +7.5312e-01 -4.9722e-01
57 +2.867365459e+00 +2.867365459e+00 -1.407263454e+01 -1.407263454e+01 +1.6055e+00 +2.7367e+00 -2.2633e+00 +2.2860e+00 +6.6581e-01
155 +1.890705923e+00 +1.890705923e+00 -1.504929408e+01 -1.504929408e+01 +2.8536e+00 +2.0472e+00 -1.5746e+00 +7.6212e-02 +8.6500e-01
179 +1.415586925e+00 +1.415586925e+00 -1.552441307e+01 -1.552441307e+01 +3.4498e+00 +2.0980e+00 -1.7193e+00 +1.1712e+00 +1.5378e+00
182 +1.335513224e+00 +1.335513224e+00 -1.560448678e+01 -1.560448678e+01 +3.6074e+00 +2.2269e+00 -1.6483e+00 +1.1023e+00 +1.8179e+00
194 +1.096797900e+00 +1.096797900e+00 -1.584320210e+01 -1.584320210e+01 +3.9185e+00 +2.4060e+00 -1.3155e+00 +1.1298e+00 +1.4479e+00
196 +1.013773127e+00 +1.013773127e+00 -1.592622687e+01 -1.592622687e+01 +3.3826e+00 +2.2882e+00 -1.5792e+00 +1.1249e+00 +1.1652e+00
200 +9.310627654e-01 +9.310627654e-01 -1.600893723e+01 -1.600893723e+01 +4.5681e+00 +2.9319e+00 -1.4300e+00 +9.7685e-01 +1.5364e+00
252 +6.700208822e-01 +6.700208822e-01 -1.626997912e+01 -1.626997912e+01 +3.5227e+00 +2.5137e+00 -1.3038e+00 +1.5070e+00 +1.5580e+00
268 +4.244081211e-01 +4.244081211e-01 -1.651559188e+01 -1.651559188e+01 +3.4180e+00 +2.6028e+00 -1.6126e+00 +1.5813e+00 +1.4976e+00
280 +3.671541359e-01 +3.671541359e-01 -1.657284586e+01 -1.657284586e+01 +3.1926e+00 +2.6919e+00 -1.6528e+00 +1.4917e+00 +1.3093e+00
333 +2.991547151e-01 +2.991547151e-01 -1.664084528e+01 -1.664084528e+01 +3.6789e+00 +2.4918e+00 -1.4707e+00 +1.5150e+00 +1.3741e+00
344 +2.809757750e-01 +2.809757750e-01 -1.665902422e+01 -1.665902422e+01 +3.7001e+00 +2.5332e+00 -1.6102e+00 +1.5685e+00 +1.3880e+00
352 +2.734657140e-01 +2.734657140e-01 -1.666653429e+01 -1.666653429e+01 +3.7199e+00 +2.4430e+00 -1.4745e+00 +1.5851e+00 +1.3577e+00
357 +2.115908269e-01 +2.115908269e-01 -1.672840917e+01 -1.672840917e+01 +3.7394e+00 +2.6602e+00 -1.6302e+00 +1.4985e+00 +1.4183e+00
363 +1.066212729e-01 +1.066212729e-01 -1.683337873e+01 -1.683337873e+01 +3.5649e+00 +2.4968e+00 -1.5905e+00 +1.4812e+00 +1.4263e+00
435 +9.707450780e-02 +9.707450780e-02 -1.684292549e+01 -1.684292549e+01 +3.6170e+00 +2.4774e+00 -1.5698e+00 +1.5133e+00 +1.3659e+00
453 +7.447109731e-02 +7.447109731e-02 -1.686552890e+01 -1.686552890e+01 +3.6459e+00 +2.5434e+00 -1.5792e+00 +1.4799e+00 +1.3664e+00
468 +6.477973149e-02 +6.477973149e-02 -1.687522027e+01 -1.687522027e+01 +3.6647e+00 +2.5313e+00 -1.5364e+00 +1.4615e+00 +1.3806e+00
502 +4.964017050e-02 +4.964017050e-02 -1.689035983e+01 -1.689035983e+01 +3.6537e+00 +2.5241e+00 -1.5605e+00 +1.4767e+00 +1.4113e+00
526 +3.600156490e-02 +3.600156490e-02 -1.690399844e+01 -1.690399844e+01 +3.6302e+00 +2.5485e+00 -1.5514e+00 +1.4681e+00 +1.4047e+00
543 +2.203906291e-02 +2.203906291e-02 -1.691796094e+01 -1.691796094e+01 +3.6531e+00 +2.5574e+00 -1.5320e+00 +1.4738e+00 +1.4017e+00
574 +1.582185811e-02 +1.582185811e-02 -1.692417814e+01 -1.692417814e+01 +3.6521e+00 +2.5542e+00 -1.5313e+00 +1.4725e+00 +1.3960e+00
592 +1.322658028e-02 +1.322658028e-02 -1.692677342e+01 -1.692677342e+01 +3.6546e+00 +2.5566e+00 -1.5279e+00 +1.4716e+00 +1.3982e+00
614 +1.016648110e-02 +1.016648110e-02 -1.692983352e+01 -1.692983352e+01 +3.6569e+00 +2.5429e+00 -1.5262e+00 +1.4684e+00 +1.3953e+00
618 +8.805253751e-03 +8.805253751e-03 -1.693119475e+01 -1.693119475e+01 +3.6534e+00 +2.5455e+00 -1.5320e+00 +1.4682e+00 +1.3931e+00
661 +6.111727402e-03 +6.111727402e-03 -1.693388827e+01 -1.693388827e+01 +3.6556e+00 +2.5496e+00 -1.5285e+00 +1.4665e+00 +1.3965e+00
669 +4.497323331e-03 +4.497323331e-03 -1.693550268e+01 -1.693550268e+01 +3.6562e+00 +2.5517e+00 -1.5307e+00 +1.4676e+00 +1.3974e+00
675 +4.272422690e-03 +4.272422690e-03 -1.693572758e+01 -1.693572758e+01 +3.6586e+00 +2.5493e+00 -1.5303e+00 +1.4685e+00 +1.3969e+00
727 +3.646264017e-03 +3.646264017e-03 -1.693635374e+01 -1.693635374e+01 +3.6551e+00 +2.5513e+00 -1.5314e+00 +1.4690e+00 +1.3964e+00
779 +3.481800535e-03 +3.481800535e-03 -1.693651820e+01 -1.693651820e+01 +3.6539e+00 +2.5492e+00 -1.5293e+00 +1.4707e+00 +1.3964e+00
785 +2.468048563e-03 +2.468048563e-03 -1.693753195e+01 -1.693753195e+01 +3.6528e+00 +2.5500e+00 -1.5310e+00 +1.4700e+00 +1.3955e+00
827 +1.829299792e-03 +1.829299792e-03 -1.693817070e+01 -1.693817070e+01 +3.6557e+00 +2.5521e+00 -1.5295e+00 +1.4680e+00 +1.3966e+00
970 +1.558101903e-03 +1.558101903e-03 -1.693844190e+01 -1.693844190e+01 +3.6565e+00 +2.5504e+00 -1.5288e+00 +1.4694e+00 +1.3956e+00
979 +1.350841587e-03 +1.350841587e-03 -1.693864916e+01 -1.693864916e+01 +3.6562e+00 +2.5507e+00 -1.5293e+00 +1.4693e+00 +1.3957e+00
996 +1.279908739e-03 +1.279908739e-03 -1.693872009e+01 -1.693872009e+01 +3.6570e+00 +2.5509e+00 -1.5290e+00 +1.4690e+00 +1.3965e+00
1020 +1.248639063e-03 +1.248639063e-03 -1.693875136e+01 -1.693875136e+01 +3.6577e+00 +2.5515e+00 -1.5288e+00 +1.4685e+00 +1.3964e+00
1067 +1.155621052e-03 +1.155621052e-03 -1.693884438e+01 -1.693884438e+01 +3.6565e+00 +2.5502e+00 -1.5295e+00 +1.4693e+00 +1.3967e+00
1072 +7.594323241e-04 +7.594323241e-04 -1.693924057e+01 -1.693924057e+01 +3.6562e+00 +2.5495e+00 -1.5299e+00 +1.4693e+00 +1.3964e+00
1137 +7.492611399e-04 +7.492611399e-04 -1.693925074e+01 -1.693925074e+01 +3.6564e+00 +2.5497e+00 -1.5292e+00 +1.4692e+00 +1.3960e+00
1145 +7.045444734e-04 +7.045444734e-04 -1.693929546e+01 -1.693929546e+01 +3.6566e+00 +2.5500e+00 -1.5292e+00 +1.4692e+00 +1.3960e+00
1158 +4.192571899e-04 +4.192571899e-04 -1.693958074e+01 -1.693958074e+01 +3.6564e+00 +2.5501e+00 -1.5293e+00 +1.4693e+00 +1.3961e+00
1179 +2.602627574e-04 +2.602627574e-04 -1.693973974e+01 -1.693973974e+01 +3.6564e+00 +2.5501e+00 -1.5293e+00 +1.4692e+00 +1.3961e+00
1199 +1.968561896e-04 +1.968561896e-04 -1.693980314e+01 -1.693980314e+01 +3.6565e+00 +2.5500e+00 -1.5293e+00 +1.4693e+00 +1.3962e+00
% function evaluation | noise-free fitness - Fopt (1.881000000000e+01) | best noise-free fitness - Fopt | measured fitness | best measured fitness | x1 | x2...
1 +7.554084938e+00 +7.554084938e+00 +2.636408494e+01 +2.636408494e+01 +0.0000e+00 +0.0000e+00 +0.0000e+00 +0.0000e+00 +0.0000e+00
2 +5.898227089e+00 +5.898227089e+00 +2.470822709e+01 +2.470822709e+01 +7.3754e-01 -4.3939e-01 -6.3025e-01 -3.8978e-01 +2.3710e+00
8 +2.051446513e+00 +2.051446513e+00 +2.086144651e+01 +2.086144651e+01 -3.2902e-01 +2.6317e-01 -6.5862e-01 -5.9838e-01 +1.5165e+00
25 +1.893551360e+00 +1.893551360e+00 +2.070355136e+01 +2.070355136e+01 -1.8903e-01 +1.0353e+00 +2.0410e-01 -3.6849e-01 +2.5664e+00
39 +1.534119214e+00 +1.534119214e+00 +2.034411921e+01 +2.034411921e+01 +3.5184e-02 +9.8715e-01 -4.4556e-01 -2.0955e-01 +2.3810e+00
57 +1.168880325e+00 +1.168880325e+00 +1.997888032e+01 +1.997888032e+01 -3.2439e-01 +1.0761e+00 -1.0972e+00 -3.0349e-01 +2.6442e+00
108 +1.124683975e+00 +1.124683975e+00 +1.993468397e+01 +1.993468397e+01 -2.9205e-01 +1.2010e+00 -3.5868e-01 -1.2106e-01 +2.2639e+00
114 +5.535603647e-01 +5.535603647e-01 +1.936356036e+01 +1.936356036e+01 -2.2040e-02 +1.4395e+00 -5.0220e-01 -2.4468e-01 +2.0882e+00
136 +5.393624491e-01 +5.393624491e-01 +1.934936245e+01 +1.934936245e+01 -1.7802e-01 +1.4563e+00 -1.0217e+00 -4.2263e-01 +1.8017e+00
186 +3.199240045e-01 +3.199240045e-01 +1.912992400e+01 +1.912992400e+01 -9.0373e-02 +1.8466e+00 -8.2114e-01 -1.4175e-01 +1.6914e+00
331 +3.133375798e-01 +3.133375798e-01 +1.912333758e+01 +1.912333758e+01 -2.4388e-01 +1.7749e+00 -9.0194e-01 -2.1331e-01 +1.8201e+00
345 +2.168240832e-01 +2.168240832e-01 +1.902682408e+01 +1.902682408e+01 -1.8956e-01 +1.7005e+00 -8.5854e-01 -2.4354e-01 +1.8456e+00
346 +2.069435444e-01 +2.069435444e-01 +1.901694354e+01 +1.901694354e+01 -1.9438e-01 +1.6576e+00 -8.6137e-01 -2.7988e-01 +1.8237e+00
352 +1.838841185e-01 +1.838841185e-01 +1.899388412e+01 +1.899388412e+01 -1.3443e-01 +1.6133e+00 -8.7659e-01 -3.8516e-01 +1.9006e+00
410 +1.735018928e-01 +1.735018928e-01 +1.898350189e+01 +1.898350189e+01 -1.6565e-01 +1.5632e+00 -7.7523e-01 -3.0422e-01 +1.8929e+00
412 +9.786811569e-02 +9.786811569e-02 +1.890786812e+01 +1.890786812e+01 -1.5418e-01 +1.5998e+00 -7.8647e-01 -2.7990e-01 +1.8836e+00
496 +8.445533112e-02 +8.445533112e-02 +1.889445533e+01 +1.889445533e+01 -1.4562e-01 +1.5722e+00 -7.8480e-01 -2.9044e-01 +1.8859e+00
524 +8.282439864e-02 +8.282439864e-02 +1.889282440e+01 +1.889282440e+01 -1.4834e-01 +1.5697e+00 -7.8694e-01 -3.0205e-01 +1.8793e+00
532 +7.096993606e-02 +7.096993606e-02 +1.888096994e+01 +1.888096994e+01 -1.5218e-01 +1.5709e+00 -7.8988e-01 -2.9142e-01 +1.8897e+00
554 +6.648120046e-02 +6.648120046e-02 +1.887648120e+01 +1.887648120e+01 -1.4743e-01 +1.5699e+00 -7.9165e-01 -2.9511e-01 +1.8865e+00
593 +6.449148999e-02 +6.449148999e-02 +1.887449149e+01 +1.887449149e+01 -1.4898e-01 +1.5638e+00 -7.8874e-01 -2.9967e-01 +1.8871e+00
664 +6.103851380e-02 +6.103851380e-02 +1.887103851e+01 +1.887103851e+01 -1.4702e-01 +1.5667e+00 -7.8681e-01 -3.0142e-01 +1.8874e+00
714 +5.483170596e-02 +5.483170596e-02 +1.886483171e+01 +1.886483171e+01 -1.4801e-01 +1.5673e+00 -7.8749e-01 -2.9890e-01 +1.8868e+00
728 +5.193269550e-02 +5.193269550e-02 +1.886193270e+01 +1.886193270e+01 -1.4719e-01 +1.5672e+00 -7.8728e-01 -3.0047e-01 +1.8879e+00
851 +5.065435156e-02 +5.065435156e-02 +1.886065435e+01 +1.886065435e+01 -1.4741e-01 +1.5673e+00 -7.8758e-01 -2.9959e-01 +1.8865e+00
869 +4.983980638e-02 +4.983980638e-02 +1.885983981e+01 +1.885983981e+01 -1.4748e-01 +1.5670e+00 -7.8763e-01 -2.9971e-01 +1.8866e+00
2555 +4.897375599e-02 +4.897375599e-02 +1.885897376e+01 +1.885897376e+01 -1.4759e-01 +1.5677e+00 -7.8768e-01 -2.9898e-01 +1.8860e+00
2701 +4.781596519e-02 +4.781596519e-02 +1.885781597e+01 +1.885781597e+01 -1.4818e-01 +1.5682e+00 -7.8815e-01 -2.9713e-01 +1.8841e+00
% function evaluation | noise-free fitness - Fopt (2.731500000000e+02) | best noise-free fitness - Fopt | measured fitness | best measured fitness | x1 | x2...
1 +1.688902988e+01 +1.688902988e+01 +2.900390299e+02 +2.900390299e+02 +0.0000e+00 +0.0000e+00 +0.0000e+00 +0.0000e+00 +0.0000e+00
2 +1.438515530e+01 +1.438515530e+01 +2.875351553e+02 +2.875351553e+02 +5.6916e-01 -1.0181e+00 -2.4409e+00 +1.6907e+00 +3.0415e-01
4 +1.258640274e+01 +1.258640274e+01 +2.857364027e+02 +2.857364027e+02 +1.6150e+00 +1.1192e+00 -2.4967e-01 +7.3499e-01 -2.4551e+00
10 +9.921026018e+00 +9.921026018e+00 +2.830710260e+02 +2.830710260e+02 -5.5668e-01 +1.5620e+00 -2.2584e-01 +1.9544e+00 -1.0399e+00
17 +9.340045533e+00 +9.340045533e+00 +2.824900455e+02 +2.824900455e+02 -1.5165e+00 +3.3427e+00 -9.0110e-01 +8.5498e-01 -8.7904e-01
18 +5.819140038e+00 +5.819140038e+00 +2.789691400e+02 +2.789691400e+02 +4.1225e-02 +1.9458e+00 +3.3318e-01 +3.1836e+00 +2.9989e-02
52 +3.806609549e+00 +3.806609549e+00 +2.769566095e+02 +2.769566095e+02 -5.3986e-01 +2.9724e+00 -7.8116e-01 +2.0723e+00 +1.9396e+00
66 +3.339884750e+00 +3.339884750e+00 +2.764898847e+02 +2.764898847e+02 -3.7012e-01 +3.1839e+00 +3.6754e-03 +2.1402e+00 +1.7006e+00
74 +1.284185977e+00 +1.284185977e+00 +2.744341860e+02 +2.744341860e+02 -1.3444e+00 +3.9474e+00 -3.4560e-01 +1.9306e+00 +1.6059e+00
344 +1.235374461e+00 +1.235374461e+00 +2.743853745e+02 +2.743853745e+02 +2.8203e-01 +3.9046e+00 +1.9124e-01 +1.8680e+00 +1.2353e+00
362 +1.192793749e+00 +1.192793749e+00 +2.743427937e+02 +2.743427937e+02 +3.1119e-01 +3.7434e+00 +7.8611e-02 +1.9618e+00 +1.1548e+00
381 +9.555698654e-01 +9.555698654e-01 +2.741055699e+02 +2.741055699e+02 +3.0309e-01 +3.7109e+00 +1.4035e-01 +2.0384e+00 +1.0234e+00
427 +8.773320843e-01 +8.773320843e-01 +2.740273321e+02 +2.740273321e+02 +3.4709e-01 +3.8673e+00 +2.9514e-02 +2.0670e+00 +1.2932e+00
445 +8.695627503e-01 +8.695627503e-01 +2.740195628e+02 +2.740195628e+02 +2.7163e-01 +3.8482e+00 +1.7704e-02 +2.0874e+00 +1.3526e+00
461 +7.970896573e-01 +7.970896573e-01 +2.739470897e+02 +2.739470897e+02 +3.0021e-01 +3.8637e+00 -1.2364e-02 +2.0309e+00 +1.2694e+00
462 +6.876262110e-01 +6.876262110e-01 +2.738376262e+02 +2.738376262e+02 +3.3841e-01 +3.9024e+00 -1.1433e-02 +2.0039e+00 +1.2649e+00
486 +6.108418582e-01 +6.108418582e-01 +2.737608419e+02 +2.737608419e+02 +3.6380e-01 +3.9044e+00 -2.1821e-02 +1.9516e+00 +1.3288e+00
492 +5.399105739e-01 +5.399105739e-01 +2.736899106e+02 +2.736899106e+02 +3.6676e-01 +3.8626e+00 +2.2989e-02 +1.9323e+00 +1.3171e+00
527 +4.940656277e-01 +4.940656277e-01 +2.736440656e+02 +2.736440656e+02 +2.9205e-01 +3.8818e+00 -5.2893e-02 +1.9514e+00 +1.3266e+00
581 +4.895687671e-01 +4.895687671e-01 +2.736395688e+02 +2.736395688e+02 +2.7123e-01 +3.8538e+00 -4.7945e-03 +1.9426e+00 +1.2945e+00
585 +4.700603181e-01 +4.700603181e-01 +2.736200603e+02 +2.736200603e+02 +2.7359e-01 +3.8593e+00 -2.5022e-03 +1.9394e+00 +1.2920e+00
593 +4.658360447e-01 +4.658360447e-01 +2.736158360e+02 +2.736158360e+02 +2.8945e-01 +3.8545e+00 -1.0683e-03 +1.9333e+00 +1.2804e+00
610 +4.237453909e-01 +4.237453909e-01 +2.735737454e+02 +2.735737454e+02 +2.8364e-01 +3.8661e+00 -6.6869e-03 +1.9464e+00 +1.2944e+00
619 +3.637895457e-01 +3.637895457e-01 +2.735137895e+02 +2.735137895e+02 +2.9492e-01 +3.8682e+00 -4.8808e-03 +1.9614e+00 +1.3019e+00
625 +3.617542393e-01 +3.617542393e-01 +2.735117542e+02 +2.735117542e+02 +2.9158e-01 +3.8589e+00 -2.9468e-03 +1.9593e+00 +1.2938e+00
744 +3.474430569e-01 +3.474430569e-01 +2.734974431e+02 +2.734974431e+02 +2.6680e-01 +3.8616e+00 -1.1217e-02 +1.9587e+00 +1.3055e+00
769 +3.437722637e-01 +3.437722637e-01 +2.734937723e+02 +2.734937723e+02 +2.7093e-01 +3.8658e+00 -1.6164e-02 +1.9577e+00 +1.2989e+00
781 +3.339803378e-01 +3.339803378e-01 +2.734839803e+02 +2.734839803e+02 +2.7953e-01 +3.8658e+00 -1.1623e-02 +1.9603e+00 +1.3025e+00
788 +3.244628428e-01 +3.244628428e-01 +2.734744628e+02 +2.734744628e+02 +2.9112e-01 +3.8658e+00 -1.4574e-02 +1.9578e+00 +1.3017e+00
853 +3.228647503e-01 +3.228647503e-01 +2.734728648e+02 +2.734728648e+02 +2.8641e-01 +3.8636e+00 -4.7930e-03 +1.9595e+00 +1.3024e+00
860 +3.113500781e-01 +3.113500781e-01 +2.734613501e+02 +2.734613501e+02 +2.8795e-01 +3.8633e+00 -7.7366e-03 +1.9590e+00 +1.3005e+00
863 +3.024324804e-01 +3.024324804e-01 +2.734524325e+02 +2.734524325e+02 +2.9047e-01 +3.8646e+00 -8.3190e-03 +1.9564e+00 +1.2994e+00
916 +3.011772772e-01 +3.011772772e-01 +2.734511773e+02 +2.734511773e+02 +2.8941e-01 +3.8650e+00 -9.4173e-03 +1.9564e+00 +1.3028e+00
957 +2.935606261e-01 +2.935606261e-01 +2.734435606e+02 +2.734435606e+02 +2.8783e-01 +3.8655e+00 -9.1854e-03 +1.9571e+00 +1.3020e+00
970 +2.868911733e-01 +2.868911733e-01 +2.734368912e+02 +2.734368912e+02 +2.8761e-01 +3.8662e+00 -1.0256e-02 +1.9572e+00 +1.3026e+00
982 +2.787586537e-01 +2.787586537e-01 +2.734287587e+02 +2.734287587e+02 +2.8632e-01 +3.8662e+00 -1.1123e-02 +1.9571e+00 +1.3022e+00
1032 +2.742796697e-01 +2.742796697e-01 +2.734242797e+02 +2.734242797e+02 +2.8638e-01 +3.8660e+00 -1.0958e-02 +1.9571e+00 +1.3017e+00
1262 +2.687809469e-01 +2.687809469e-01 +2.734187809e+02 +2.734187809e+02 +2.8445e-01 +3.8658e+00 -1.0998e-02 +1.9576e+00 +1.3022e+00
% function evaluation | noise-free fitness - Fopt (3.718000000000e+01) | best noise-free fitness - Fopt | measured fitness | best measured fitness | x1 | x2...
1 +3.440707979e+01 +3.440707979e+01 +7.158707979e+01 +7.158707979e+01 +0.0000e+00 +0.0000e+00 +0.0000e+00 +0.0000e+00 +0.0000e+00
2 +2.009545891e+01 +2.009545891e+01 +5.727545891e+01 +5.727545891e+01 -8.5742e-01 -8.3070e-02 +1.3233e-02 +1.6339e+00 -8.3013e-01
4 +1.655163977e+01 +1.655163977e+01 +5.373163977e+01 +5.373163977e+01 -6.1989e-01 +5.3292e-01 -3.0128e-01 +1.1614e+00 -2.8345e+00
7 +1.469361359e+01 +1.469361359e+01 +5.187361359e+01 +5.187361359e+01 +2.3708e-01 -9.2092e-01 +1.5453e+00 +7.8419e-01 -5.5574e-01
23 +1.165413961e+01 +1.165413961e+01 +4.883413961e+01 +4.883413961e+01 +2.2052e-01 -1.1759e-01 +4.7235e-01 -7.4981e-01 -2.6077e+00
24 +1.015298320e+01 +1.015298320e+01 +4.733298320e+01 +4.733298320e+01 -8.2108e-02 -3.3909e-01 +2.3878e+00 +2.6492e+00 -1.3200e+00
32 +8.236189141e+00 +8.236189141e+00 +4.541618914e+01 +4.541618914e+01 -9.8532e-01 -6.7729e-01 +3.7556e+00 +2.7493e+00 -2.3099e+00
37 +7.223564519e+00 +7.223564519e+00 +4.440356452e+01 +4.440356452e+01 +1.1104e-01 -6.6287e-01 +2.0524e+00 +1.8958e+00 -1.7746e+00
45 +6.673844464e+00 +6.673844464e+00 +4.385384446e+01 +4.385384446e+01 -6.7328e-01 -3.3138e-01 +2.1452e+00 +1.2353e+00 -1.7239e+00
53 +4.251209187e+00 +4.251209187e+00 +4.143120919e+01 +4.143120919e+01 -1.2035e+00 -5.5185e-01 +2.0938e+00 +1.4780e+00 -1.7960e+00
59 +4.073525601e+00 +4.073525601e+00 +4.125352560e+01 +4.125352560e+01 -8.4040e-01 -2.4071e-01 +2.5793e+00 +1.8675e+00 -2.2737e+00
72 +3.253097066e+00 +3.253097066e+00 +4.043309707e+01 +4.043309707e+01 -2.1359e+00 +5.8750e-02 +2.3040e+00 +1.3266e+00 -3.6282e+00
83 +2.262550947e+00 +2.262550947e+00 +3.944255095e+01 +3.944255095e+01 -2.4224e+00 +9.3809e-02 +1.9232e+00 +1.5104e+00 -3.6666e+00
117 +1.700479465e+00 +1.700479465e+00 +3.888047947e+01 +3.888047947e+01 -2.7694e+00 +4.4702e-01 +1.9352e+00 +1.5069e+00 -3.2181e+00
126 +1.403507426e+00 +1.403507426e+00 +3.858350743e+01 +3.858350743e+01 -3.7950e+00 +1.3662e+00 +1.5122e+00 +1.2941e+00 -3.4384e+00
135 +1.061275316e+00 +1.061275316e+00 +3.824127532e+01 +3.824127532e+01 -4.8133e+00 +1.9266e+00 +1.2712e+00 +1.2575e+00 -3.7506e+00
162 +7.311368096e-01 +7.311368096e-01 +3.791113681e+01 +3.791113681e+01 -4.0391e+00 +1.9266e+00 +1.8213e+00 +1.5277e+00 -3.7774e+00
195 +5.384015877e-01 +5.384015877e-01 +3.771840159e+01 +3.771840159e+01 -3.6709e+00 +1.7902e+00 +1.7113e+00 +1.4893e+00 -3.4619e+00
200 +2.014949487e-01 +2.014949487e-01 +3.738149495e+01 +3.738149495e+01 -4.1632e+00 +2.1098e+00 +1.6322e+00 +1.7580e+00 -3.6167e+00
327 +1.676093325e-01 +1.676093325e-01 +3.734760933e+01 +3.734760933e+01 -3.8589e+00 +2.1131e+00 +1.8977e+00 +1.6688e+00 -3.5221e+00
392 +1.590816498e-01 +1.590816498e-01 +3.733908165e+01 +3.733908165e+01 -3.9058e+00 +2.1884e+00 +2.0951e+00 +1.6163e+00 -3.5253e+00
430 +1.313479725e-01 +1.313479725e-01 +3.731134797e+01 +3.731134797e+01 -3.8885e+00 +2.0734e+00 +1.9891e+00 +1.5976e+00 -3.5671e+00
438 +1.113560991e-01 +1.113560991e-01 +3.729135610e+01 +3.729135610e+01 -3.8775e+00 +2.1170e+00 +2.0162e+00 +1.6175e+00 -3.5080e+00
441 +1.065265987e-01 +1.065265987e-01 +3.728652660e+01 +3.728652660e+01 -3.8990e+00 +2.0734e+00 +2.0078e+00 +1.6217e+00 -3.5648e+00
450 +8.368004021e-02 +8.368004021e-02 +3.726368004e+01 +3.726368004e+01 -3.9121e+00 +2.0711e+00 +2.0006e+00 +1.6377e+00 -3.5771e+00
475 +7.969891231e-02 +7.969891231e-02 +3.725969891e+01 +3.725969891e+01 -3.9051e+00 +2.0888e+00 +2.0017e+00 +1.6596e+00 -3.5426e+00
480 +7.575439503e-02 +7.575439503e-02 +3.725575440e+01 +3.725575440e+01 -3.9067e+00 +2.0509e+00 +1.9960e+00 +1.6302e+00 -3.5556e+00
485 +6.004731294e-02 +6.004731294e-02 +3.724004731e+01 +3.724004731e+01 -3.9102e+00 +2.0816e+00 +1.9914e+00 +1.6421e+00 -3.5427e+00
529 +5.012241176e-02 +5.012241176e-02 +3.723012241e+01 +3.723012241e+01 -3.9152e+00 +2.0880e+00 +1.9932e+00 +1.6409e+00 -3.5448e+00
563 +4.091515737e-02 +4.091515737e-02 +3.722091516e+01 +3.722091516e+01 -3.9148e+00 +2.0712e+00 +2.0131e+00 +1.6051e+00 -3.5452e+00
585 +3.058250848e-02 +3.058250848e-02 +3.721058251e+01 +3.721058251e+01 -3.9052e+00 +2.0618e+00 +2.0384e+00 +1.6214e+00 -3.5275e+00
595 +3.017058508e-02 +3.017058508e-02 +3.721017059e+01 +3.721017059e+01 -3.8910e+00 +2.0685e+00 +2.0444e+00 +1.6174e+00 -3.5501e+00
600 +2.197430614e-02 +2.197430614e-02 +3.720197431e+01 +3.720197431e+01 -3.8959e+00 +2.0570e+00 +2.0451e+00 +1.6161e+00 -3.5288e+00
638 +2.104526915e-02 +2.104526915e-02 +3.720104527e+01 +3.720104527e+01 -3.8859e+00 +2.0648e+00 +2.0521e+00 +1.6067e+00 -3.5268e+00
646 +2.021331744e-02 +2.021331744e-02 +3.720021332e+01 +3.720021332e+01 -3.8967e+00 +2.0661e+00 +2.0438e+00 +1.6032e+00 -3.5252e+00
683 +1.874669332e-02 +1.874669332e-02 +3.719874669e+01 +3.719874669e+01 -3.8896e+00 +2.0634e+00 +2.0487e+00 +1.6004e+00 -3.5322e+00
694 +1.842380652e-02 +1.842380652e-02 +3.719842381e+01 +3.719842381e+01 -3.8962e+00 +2.0595e+00 +2.0575e+00 +1.6082e+00 -3.5364e+00
739 +1.319776552e-02 +1.319776552e-02 +3.719319777e+01 +3.719319777e+01 -3.8958e+00 +2.0631e+00 +2.0541e+00 +1.6064e+00 -3.5283e+00
760 +1.192946625e-02 +1.192946625e-02 +3.719192947e+01 +3.719192947e+01 -3.8923e+00 +2.0592e+00 +2.0458e+00 +1.6053e+00 -3.5311e+00
772 +6.891644533e-03 +6.891644533e-03 +3.718689164e+01 +3.718689164e+01 -3.8970e+00 +2.0557e+00 +2.0386e+00 +1.6118e+00 -3.5337e+00
784 +6.597998672e-03 +6.597998672e-03 +3.718659800e+01 +3.718659800e+01 -3.9005e+00 +2.0607e+00 +2.0372e+00 +1.6119e+00 -3.5329e+00
834 +6.355920321e-03 +6.355920321e-03 +3.718635592e+01 +3.718635592e+01 -3.8969e+00 +2.0608e+00 +2.0471e+00 +1.6065e+00 -3.5321e+00
837 +5.442557796e-03 +5.442557796e-03 +3.718544256e+01 +3.718544256e+01 -3.8978e+00 +2.0612e+00 +2.0434e+00 +1.6077e+00 -3.5343e+00
847 +4.416835665e-03 +4.416835665e-03 +3.718441684e+01 +3.718441684e+01 -3.8997e+00 +2.0640e+00 +2.0445e+00 +1.6088e+00 -3.5335e+00
886 +4.233332836e-03 +4.233332836e-03 +3.718423333e+01 +3.718423333e+01 -3.8996e+00 +2.0630e+00 +2.0386e+00 +1.6114e+00 -3.5333e+00
908 +2.925202471e-03 +2.925202471e-03 +3.718292520e+01 +3.718292520e+01 -3.8985e+00 +2.0619e+00 +2.0424e+00 +1.6090e+00 -3.5333e+00
989 +2.813782476e-03 +2.813782476e-03 +3.718281378e+01 +3.718281378e+01 -3.8994e+00 +2.0603e+00 +2.0400e+00 +1.6105e+00 -3.5317e+00
1011 +2.118533632e-03 +2.118533632e-03 +3.718211853e+01 +3.718211853e+01 -3.8997e+00 +2.0599e+00 +2.0397e+00 +1.6097e+00 -3.5319e+00
1023 +1.618028035e-03 +1.618028035e-03 +3.718161803e+01 +3.718161803e+01 -3.8997e+00 +2.0604e+00 +2.0399e+00 +1.6096e+00 -3.5320e+00
% function evaluation | noise-free fitness - Fopt (-1.479000000000e+02) | best noise-free fitness - Fopt | measured fitness | best measured fitness | x1 | x2...
1 +1.645177782e+01 +1.645177782e+01 -1.314482222e+02 -1.314482222e+02 +0.0000e+00 +0.0000e+00 +0.0000e+00 +0.0000e+00 +0.0000e+00
2 +1.609699035e+01 +1.609699035e+01 -1.318030097e+02 -1.318030097e+02 +1.2160e+00 +2.8020e+00 -7.4631e-01 -1.1433e+00 -4.7099e-01
3 +9.348836927e+00 +9.348836927e+00 -1.385511631e+02 -1.385511631e+02 -1.3786e+00 -1.0661e+00 +1.3815e+00 -8.8027e-02 +3.3926e-01
13 +9.167235434e+00 +9.167235434e+00 -1.387327646e+02 -1.387327646e+02 -1.5451e+00 -7.6837e-01 +1.3650e+00 -3.7757e-01 -1.1106e+00
24 +7.027988122e+00 +7.027988122e+00 -1.408720119e+02 -1.408720119e+02 -1.0096e+00 -1.0731e+00 +1.7700e+00 -1.7939e+00 -1.4726e+00
26 +3.747184796e+00 +3.747184796e+00 -1.441528152e+02 -1.441528152e+02 -2.6521e+00 -7.4598e-01 +2.4145e+00 -1.0830e+00 -1.1762e+00
60 +3.245282211e+00 +3.245282211e+00 -1.446547178e+02 -1.446547178e+02 -3.7041e+00 +1.0906e+00 -9.0985e-01 -3.5521e-01 -1.3372e+00
97 +3.090576112e+00 +3.090576112e+00 -1.448094239e+02 -1.448094239e+02 -2.0887e+00 +7.8192e-01 +4.2482e-01 -1.8763e-01 -2.3979e+00
111 +2.900253456e+00 +2.900253456e+00 -1.449997465e+02 -1.449997465e+02 -2.4238e+00 +7.9985e-01 -1.1732e-01 -3.4853e-01 -2.2822e+00
125 +1.674500709e+00 +1.674500709e+00 -1.462254993e+02 -1.462254993e+02 -2.1239e+00 +5.7657e-02 +5.3734e-01 -1.8847e+00 -3.5288e+00
132 +1.256409913e+00 +1.256409913e+00 -1.466435901e+02 -1.466435901e+02 -1.7989e+00 -1.4243e-01 +8.2820e-01 -2.2520e+00 -3.1077e+00
151 +1.048146778e+00 +1.048146778e+00 -1.468518532e+02 -1.468518532e+02 -1.6996e+00 -4.1761e-01 +1.1417e+00 -2.1098e+00 -2.9045e+00
192 +8.690813911e-01 +8.690813911e-01 -1.470309186e+02 -1.470309186e+02 -1.9530e+00 +4.4057e-01 +1.1128e+00 -2.3618e+00 -2.9720e+00
200 +7.947231540e-01 +7.947231540e-01 -1.471052768e+02 -1.471052768e+02 -1.8149e+00 +6.2904e-01 +6.6374e-01 -2.0852e+00 -2.9366e+00
219 +4.635982893e-01 +4.635982893e-01 -1.474364017e+02 -1.474364017e+02 -1.8281e+00 +4.6458e-01 +7.9995e-01 -2.0884e+00 -3.0957e+00
223 +4.145870473e-01 +4.145870473e-01 -1.474854130e+02 -1.474854130e+02 -1.7704e+00 +2.2061e-01 +9.1777e-01 -2.3461e+00 -3.2727e+00
336 +3.479169337e-01 +3.479169337e-01 -1.475520831e+02 -1.475520831e+02 -1.8368e+00 +3.7155e-01 +7.1696e-01 -2.1942e+00 -3.2037e+00
397 +3.039429774e-01 +3.039429774e-01 -1.475960570e+02 -1.475960570e+02 -1.7724e+00 +3.8348e-01 +7.3830e-01 -2.2045e+00 -3.2560e+00
402 +1.889693810e-01 +1.889693810e-01 -1.477110306e+02 -1.477110306e+02 -1.6929e+00 +4.0097e-01 +7.4332e-01 -2.2491e+00 -3.3109e+00
413 +1.572570035e-01 +1.572570035e-01 -1.477427430e+02 -1.477427430e+02 -1.6785e+00 +3.6592e-01 +7.3592e-01 -2.2119e+00 -3.3259e+00
442 +1.475429091e-01 +1.475429091e-01 -1.477524571e+02 -1.477524571e+02 -1.6639e+00 +3.4813e-01 +7.4803e-01 -2.1789e+00 -3.3447e+00
450 +1.303881226e-01 +1.303881226e-01 -1.477696119e+02 -1.477696119e+02 -1.6572e+00 +3.6171e-01 +7.4573e-01 -2.2183e+00 -3.3355e+00
479 +1.177903984e-01 +1.177903984e-01 -1.477822096e+02 -1.477822096e+02 -1.6652e+00 +3.2833e-01 +7.3193e-01 -2.2006e+00 -3.3205e+00
495 +9.007936717e-02 +9.007936717e-02 -1.478099206e+02 -1.478099206e+02 -1.6895e+00 +3.3849e-01 +7.3351e-01 -2.1984e+00 -3.3292e+00
522 +8.279328120e-02 +8.279328120e-02 -1.478172067e+02 -1.478172067e+02 -1.7025e+00 +3.4430e-01 +7.1536e-01 -2.1999e+00 -3.3296e+00
766 +8.077044267e-02 +8.077044267e-02 -1.478192296e+02 -1.478192296e+02 -1.7011e+00 +3.4564e-01 +7.2624e-01 -2.1866e+00 -3.3277e+00
768 +7.793006658e-02 +7.793006658e-02 -1.478220699e+02 -1.478220699e+02 -1.7006e+00 +3.4577e-01 +7.2613e-01 -2.1866e+00 -3.3281e+00
840 +7.754170590e-02 +7.754170590e-02 -1.478224583e+02 -1.478224583e+02 -1.7007e+00 +3.4456e-01 +7.2733e-01 -2.1864e+00 -3.3271e+00
1032 +7.544599901e-02 +7.544599901e-02 -1.478245540e+02 -1.478245540e+02 -1.7010e+00 +3.4516e-01 +7.2661e-01 -2.1864e+00 -3.3273e+00
% function evaluation | noise-free fitness - Fopt (2.173800000000e+02) | best noise-free fitness - Fopt | measured fitness | best measured fitness | x1 | x2...
1 +3.103060749e+01 +3.103060749e+01 +2.484106075e+02 +2.484106075e+02 +0.0000e+00 +0.0000e+00 +0.0000e+00 +0.0000e+00 +0.0000e+00
4 +2.574780500e+01 +2.574780500e+01 +2.431278050e+02 +2.431278050e+02 +4.6516e-01 +6.5645e-01 -7.1690e-01 +2.6060e+00 +5.6712e-01
5 +2.204204705e+01 +2.204204705e+01 +2.394220470e+02 +2.394220470e+02 -6.2792e-01 +8.1456e-01 -1.7424e+00 +2.4497e-01 -3.8148e-01
8 +1.424761150e+01 +1.424761150e+01 +2.316276115e+02 +2.316276115e+02 -9.5002e-01 -1.6314e+00 +1.4879e+00 +1.2730e+00 -5.0705e-01
12 +1.404407857e+01 +1.404407857e+01 +2.314240786e+02 +2.314240786e+02 -6.0849e-01 -3.4468e+00 +2.7111e+00 +2.8098e+00 -1.4032e-01
20 +1.129303179e+01 +1.129303179e+01 +2.286730318e+02 +2.286730318e+02 -2.1035e+00 -1.6941e+00 +6.5898e-01 +1.2260e+00 -8.8648e-01
29 +1.084787933e+01 +1.084787933e+01 +2.282278793e+02 +2.282278793e+02 -1.8964e+00 -1.8178e+00 +1.5117e-02 +2.3920e+00 -1.4839e+00
30 +3.949158613e+00 +3.949158613e+00 +2.213291586e+02 +2.213291586e+02 -4.9358e-01 -2.5034e+00 -3.2303e-01 +2.1383e+00 -9.4653e-01
53 +3.447983887e+00 +3.447983887e+00 +2.208279839e+02 +2.208279839e+02 -4.2842e-01 -3.3252e+00 -3.3667e+00 +3.9825e+00 -2.8400e+00
74 +3.165191433e+00 +3.165191433e+00 +2.205451914e+02 +2.205451914e+02 +5.4577e-01 -3.6455e+00 -2.6456e+00 +3.7855e+00 -2.4811e+00
82 +1.719106253e+00 +1.719106253e+00 +2.190991063e+02 +2.190991063e+02 +7.7314e-01 -3.7272e+00 -2.3178e+00 +3.9295e+00 -2.7348e+00
127 +1.538108551e+00 +1.538108551e+00 +2.189181086e+02 +2.189181086e+02 +1.0081e+00 -2.9864e+00 -3.4853e+00 +2.6986e+00 -1.5939e+00
162 +9.048696008e-01 +9.048696008e-01 +2.182848696e+02 +2.182848696e+02 +1.0979e+00 -3.2085e+00 -2.5945e+00 +2.3366e+00 -2.4383e+00
189 +8.847043393e-01 +8.847043393e-01 +2.182647043e+02 +2.182647043e+02 +1.2449e+00 -3.3620e+00 -3.1325e+00 +2.5819e+00 -2.1489e+00
242 +7.828110975e-01 +7.828110975e-01 +2.181628111e+02 +2.181628111e+02 +1.2952e+00 -3.3134e+00 -2.9274e+00 +2.4899e+00 -2.1127e+00
259 +5.695322391e-01 +5.695322391e-01 +2.179495322e+02 +2.179495322e+02 +1.2271e+00 -3.2609e+00 -2.9209e+00 +2.5687e+00 -2.0965e+00
266 +5.271541892e-01 +5.271541892e-01 +2.179071542e+02 +2.179071542e+02 +1.2236e+00 -3.2646e+00 -2.8474e+00 +2.5080e+00 -2.0881e+00
284 +4.797760957e-01 +4.797760957e-01 +2.178597761e+02 +2.178597761e+02 +1.1992e+00 -3.2443e+00 -2.8443e+00 +2.5303e+00 -1.9614e+00
315 +3.948463382e-01 +3.948463382e-01 +2.177748463e+02 +2.177748463e+02 +1.1806e+00 -3.3691e+00 -2.9163e+00 +2.6030e+00 -2.0311e+00
325 +3.278561393e-01 +3.278561393e-01 +2.177078561e+02 +2.177078561e+02 +1.1386e+00 -3.3316e+00 -2.9116e+00 +2.5897e+00 -1.9829e+00
332 +2.405876175e-01 +2.405876175e-01 +2.176205876e+02 +2.176205876e+02 +1.1266e+00 -3.3059e+00 -2.8965e+00 +2.5918e+00 -2.0131e+00
655 +2.009613189e-01 +2.009613189e-01 +2.175809613e+02 +2.175809613e+02 +1.1857e+00 -3.3175e+00 -2.9119e+00 +2.6134e+00 -1.9951e+00
661 +1.976935566e-01 +1.976935566e-01 +2.175776936e+02 +2.175776936e+02 +1.1943e+00 -3.3121e+00 -2.9261e+00 +2.6254e+00 -1.9756e+00
679 +1.808829800e-01 +1.808829800e-01 +2.175608830e+02 +2.175608830e+02 +1.1877e+00 -3.3147e+00 -2.9265e+00 +2.6123e+00 -1.9837e+00
757 +1.741351531e-01 +1.741351531e-01 +2.175541352e+02 +2.175541352e+02 +1.1848e+00 -3.3095e+00 -2.9269e+00 +2.6088e+00 -1.9825e+00
837 +1.699649200e-01 +1.699649200e-01 +2.175499649e+02 +2.175499649e+02 +1.1836e+00 -3.3091e+00 -2.9225e+00 +2.6138e+00 -1.9835e+00
844 +1.697370038e-01 +1.697370038e-01 +2.175497370e+02 +2.175497370e+02 +1.1833e+00 -3.3100e+00 -2.9229e+00 +2.6153e+00 -1.9841e+00
848 +1.651257523e-01 +1.651257523e-01 +2.175451258e+02 +2.175451258e+02 +1.1851e+00 -3.3081e+00 -2.9226e+00 +2.6146e+00 -1.9841e+00
873 +1.611868272e-01 +1.611868272e-01 +2.175411868e+02 +2.175411868e+02 +1.1876e+00 -3.3094e+00 -2.9221e+00 +2.6154e+00 -1.9860e+00
902 +1.579708958e-01 +1.579708958e-01 +2.175379709e+02 +2.175379709e+02 +1.1876e+00 -3.3092e+00 -2.9218e+00 +2.6150e+00 -1.9858e+00
913 +1.530293080e-01 +1.530293080e-01 +2.175330293e+02 +2.175330293e+02 +1.1862e+00 -3.3084e+00 -2.9238e+00 +2.6145e+00 -1.9835e+00
949 +1.483236690e-01 +1.483236690e-01 +2.175283237e+02 +2.175283237e+02 +1.1881e+00 -3.3095e+00 -2.9240e+00 +2.6138e+00 -1.9846e+00
955 +1.465837363e-01 +1.465837363e-01 +2.175265837e+02 +2.175265837e+02 +1.1879e+00 -3.3103e+00 -2.9239e+00 +2.6148e+00 -1.9847e+00
1015 +1.434420060e-01 +1.434420060e-01 +2.175234420e+02 +2.175234420e+02 +1.1853e+00 -3.3097e+00 -2.9226e+00 +2.6134e+00 -1.9855e+00
1068 +1.376643640e-01 +1.376643640e-01 +2.175176644e+02 +2.175176644e+02 +1.1855e+00 -3.3101e+00 -2.9222e+00 +2.6134e+00 -1.9860e+00
1143 +1.322992962e-01 +1.322992962e-01 +2.175122993e+02 +2.175122993e+02 +1.1856e+00 -3.3102e+00 -2.9224e+00 +2.6135e+00 -1.9858e+00
1206 +1.313597313e-01 +1.313597313e-01 +2.175113597e+02 +2.175113597e+02 +1.1854e+00 -3.3101e+00 -2.9225e+00 +2.6135e+00 -1.9858e+00
1507 +1.286945060e-01 +1.286945060e-01 +2.175086945e+02 +2.175086945e+02 +1.1855e+00 -3.3101e+00 -2.9224e+00 +2.6135e+00 -1.9858e+00
% function evaluation | noise-free fitness - Fopt (1.946900000000e+02) | best noise-free fitness - Fopt | measured fitness | best measured fitness | x1 | x2...
1 +1.106864820e+01 +1.106864820e+01 +2.057586482e+02 +2.057586482e+02 +0.0000e+00 +0.0000e+00 +0.0000e+00 +0.0000e+00 +0.0000e+00
5 +5.725717551e+00 +5.725717551e+00 +2.004157176e+02 +2.004157176e+02 -9.9020e-01 +5.1605e-02 +1.6576e+00 +4.5856e-01 -2.1245e-01
16 +5.612352992e+00 +5.612352992e+00 +2.003023530e+02 +2.003023530e+02 -2.0889e+00 -1.3494e-01 +2.7835e+00 -7.7983e-01 -1.8259e+00
17 +2.887847356e+00 +2.887847356e+00 +1.975778474e+02 +1.975778474e+02 -2.2806e+00 +7.9745e-01 +2.9291e+00 +9.3105e-01 -9.5393e-01
41 +2.192025180e+00 +2.192025180e+00 +1.968820252e+02 +1.968820252e+02 -2.1723e+00 +3.2622e-01 +2.7098e+00 +1.4983e+00 -1.2319e+00
55 +1.775150066e+00 +1.775150066e+00 +1.964651501e+02 +1.964651501e+02 -1.7313e+00 +3.8118e-01 +3.1163e+00 +9.5782e-01 -1.0888e+00
69 +7.250084483e-01 +7.250084483e-01 +1.954150084e+02 +1.954150084e+02 -1.8490e+00 -9.4605e-02 +2.8440e+00 +8.7277e-01 -1.1730e+00
170 +6.608018836e-01 +6.608018836e-01 +1.953508019e+02 +1.953508019e+02 -1.5814e+00 -9.2907e-01 +2.8905e+00 +1.0508e+00 -1.5584e+00
222 +5.864524251e-01 +5.864524251e-01 +1.952764524e+02 +1.952764524e+02 -1.7257e+00 -9.1661e-01 +2.8653e+00 +1.3092e+00 -1.3985e+00
224 +5.345837447e-01 +5.345837447e-01 +1.952245837e+02 +1.952245837e+02 -1.7837e+00 -6.4282e-01 +3.0882e+00 +1.6440e+00 -1.5762e+00
243 +5.235812915e-01 +5.235812915e-01 +1.952135813e+02 +1.952135813e+02 -1.9646e+00 -2.5622e-01 +3.4702e+00 +1.7475e+00 -1.8070e+00
323 +4.087933252e-01 +4.087933252e-01 +1.950987933e+02 +1.950987933e+02 -2.0055e+00 -8.3797e-02 +3.3273e+00 +1.6327e+00 -1.8128e+00
372 +2.807123548e-01 +2.807123548e-01 +1.949707124e+02 +1.949707124e+02 -1.9614e+00 -1.3804e-01 +3.3660e+00 +1.6502e+00 -1.7946e+00
386 +1.441761332e-01 +1.441761332e-01 +1.948341761e+02 +1.948341761e+02 -1.8920e+00 -1.1371e-01 +3.3491e+00 +1.6678e+00 -1.7967e+00
442 +1.392753975e-01 +1.392753975e-01 +1.948292754e+02 +1.948292754e+02 -1.8940e+00 -1.1552e-01 +3.3568e+00 +1.6629e+00 -1.7755e+00
491 +1.138453549e-01 +1.138453549e-01 +1.948038454e+02 +1.948038454e+02 -1.8946e+00 -1.1356e-01 +3.3546e+00 +1.6614e+00 -1.7855e+00
506 +1.098698517e-01 +1.098698517e-01 +1.947998699e+02 +1.947998699e+02 -1.8992e+00 -1.1294e-01 +3.3523e+00 +1.6648e+00 -1.7818e+00
612 +1.051987105e-01 +1.051987105e-01 +1.947951987e+02 +1.947951987e+02 -1.8968e+00 -1.1578e-01 +3.3493e+00 +1.6579e+00 -1.7813e+00
618 +1.014868137e-01 +1.014868137e-01 +1.947914868e+02 +1.947914868e+02 -1.8967e+00 -1.1428e-01 +3.3526e+00 +1.6607e+00 -1.7819e+00
624 +9.931705266e-02 +9.931705266e-02 +1.947893171e+02 +1.947893171e+02 -1.8963e+00 -1.1404e-01 +3.3538e+00 +1.6593e+00 -1.7837e+00
656 +9.673350620e-02 +9.673350620e-02 +1.947867335e+02 +1.947867335e+02 -1.8972e+00 -1.1465e-01 +3.3519e+00 +1.6608e+00 -1.7849e+00
695 +9.289976368e-02 +9.289976368e-02 +1.947828998e+02 +1.947828998e+02 -1.8967e+00 -1.1256e-01 +3.3532e+00 +1.6606e+00 -1.7860e+00
756 +9.047196577e-02 +9.047196577e-02 +1.947804720e+02 +1.947804720e+02 -1.8981e+00 -1.1026e-01 +3.3531e+00 +1.6621e+00 -1.7856e+00
792 +8.366327899e-02 +8.366327899e-02 +1.947736633e+02 +1.947736633e+02 -1.8978e+00 -1.1214e-01 +3.3529e+00 +1.6618e+00 -1.7850e+00
877 +8.190499054e-02 +8.190499054e-02 +1.947719050e+02 +1.947719050e+02 -1.8979e+00 -1.1221e-01 +3.3527e+00 +1.6614e+00 -1.7847e+00
905 +8.052226885e-02 +8.052226885e-02 +1.947705223e+02 +1.947705223e+02 -1.8979e+00 -1.1199e-01 +3.3526e+00 +1.6613e+00 -1.7847e+00
1034 +7.885785525e-02 +7.885785525e-02 +1.947688579e+02 +1.947688579e+02 -1.8978e+00 -1.1217e-01 +3.3527e+00 +1.6611e+00 -1.7847e+00
1309 +7.755411903e-02 +7.755411903e-02 +1.947675541e+02 +1.947675541e+02 -1.8977e+00 -1.1228e-01 +3.3526e+00 +1.6611e+00 -1.7846e+00
% function evaluation | noise-free fitness - Fopt (-9.443000000000e+01) | best noise-free fitness - Fopt | measured fitness | best measured fitness | x1 | x2...
1 +8.201880241e+00 +8.201880241e+00 -8.622811976e+01 -8.622811976e+01 +0.0000e+00 +0.0000e+00 +0.0000e+00 +0.0000e+00 +0.0000e+00
5 +4.637396660e+00 +4.637396660e+00 -8.979260334e+01 -8.979260334e+01 -1.5731e+00 -1.0284e+00 +5.5707e-01 +6.7668e-01 +8.7782e-01
8 +2.405798460e+00 +2.405798460e+00 -9.202420154e+01 -9.202420154e+01 +6.9883e-01 -1.4601e+00 +1.7209e+00 +1.3564e+00 -2.4261e-01
43 +1.953984405e+00 +1.953984405e+00 -9.247601559e+01 -9.247601559e+01 +6.3706e-01 +5.8056e-01 +2.6419e+00 +1.6867e+00 +1.2668e-01
73 +1.263192403e+00 +1.263192403e+00 -9.316680760e+01 -9.316680760e+01 -1.1741e-02 +5.9810e-01 +2.7925e+00 +1.4541e+00 -5.1234e-01
113 +1.075990359e+00 +1.075990359e+00 -9.335400964e+01 -9.335400964e+01 -2.2574e-01 +4.9601e-01 +1.9861e+00 +2.2278e+00 +5.6608e-02
127 +1.058822683e+00 +1.058822683e+00 -9.337117732e+01 -9.337117732e+01 -3.1180e-02 +7.8916e-01 +2.1475e+00 +1.7096e+00 +8.2786e-01
155 +9.684714282e-01 +9.684714282e-01 -9.346152857e+01 -9.346152857e+01 -7.4418e-01 +7.0446e-01 +2.3210e+00 +2.2461e+00 +9.3589e-01
202 +3.303910688e-01 +3.303910688e-01 -9.409960893e+01 -9.409960893e+01 +9.8370e-02 +4.7391e-01 +2.4154e+00 +1.7843e+00 +4.1467e-02
250 +3.072961912e-01 +3.072961912e-01 -9.412270381e+01 -9.412270381e+01 -8.0542e-02 +2.4483e-01 +2.4383e+00 +1.9240e+00 +2.6800e-01
341 +2.927719474e-01 +2.927719474e-01 -9.413722805e+01 -9.413722805e+01 +1.6194e-02 -2.2800e-01 +2.5422e+00 +1.8852e+00 -9.6463e-02
342 +2.280486339e-01 +2.280486339e-01 -9.420195137e+01 -9.420195137e+01 +8.6886e-02 +2.3138e-02 +2.5075e+00 +1.7734e+00 -8.2783e-02
390 +2.165271480e-01 +2.165271480e-01 -9.421347285e+01 -9.421347285e+01 +4.6732e-02 -2.2714e-01 +2.5058e+00 +1.8525e+00 -6.6965e-02
402 +1.745613351e-01 +1.745613351e-01 -9.425543866e+01 -9.425543866e+01 +3.8448e-02 -1.7355e-01 +2.4682e+00 +1.8593e+00 -8.0889e-02
418 +1.691469845e-01 +1.691469845e-01 -9.426085302e+01 -9.426085302e+01 +5.6861e-02 -1.9445e-01 +2.4504e+00 +1.8437e+00 -9.4143e-02
479 +1.596216586e-01 +1.596216586e-01 -9.427037834e+01 -9.427037834e+01 +5.4171e-02 -1.8273e-01 +2.4418e+00 +1.8456e+00 -1.1738e-01
525 +1.375307197e-01 +1.375307197e-01 -9.429246928e+01 -9.429246928e+01 +7.8070e-02 -1.9020e-01 +2.4973e+00 +1.8517e+00 -1.3230e-01
527 +1.187259263e-01 +1.187259263e-01 -9.431127407e+01 -9.431127407e+01 +6.6085e-02 -2.1005e-01 +2.4689e+00 +1.8681e+00 -1.4486e-01
532 +9.243730472e-02 +9.243730472e-02 -9.433756270e+01 -9.433756270e+01 +5.9112e-02 -1.9106e-01 +2.4694e+00 +1.8616e+00 -1.2674e-01
579 +8.029080284e-02 +8.029080284e-02 -9.434970920e+01 -9.434970920e+01 +5.5784e-02 -1.9844e-01 +2.4834e+00 +1.8526e+00 -1.3035e-01
648 +7.779086724e-02 +7.779086724e-02 -9.435220913e+01 -9.435220913e+01 +5.7276e-02 -1.8577e-01 +2.4847e+00 +1.8682e+00 -1.1170e-01
681 +5.659034493e-02 +5.659034493e-02 -9.437340966e+01 -9.437340966e+01 +5.3123e-02 -1.9428e-01 +2.4877e+00 +1.8634e+00 -1.1368e-01
800 +5.277973292e-02 +5.277973292e-02 -9.437722027e+01 -9.437722027e+01 +5.2177e-02 -1.9390e-01 +2.4840e+00 +1.8649e+00 -1.1824e-01
855 +5.137880466e-02 +5.137880466e-02 -9.437862120e+01 -9.437862120e+01 +5.4485e-02 -1.9904e-01 +2.4828e+00 +1.8631e+00 -1.1911e-01
862 +4.405328073e-02 +4.405328073e-02 -9.438594672e+01 -9.438594672e+01 +5.5402e-02 -1.9870e-01 +2.4836e+00 +1.8629e+00 -1.2012e-01
888 +4.282978904e-02 +4.282978904e-02 -9.438717021e+01 -9.438717021e+01 +5.4615e-02 -1.9921e-01 +2.4840e+00 +1.8640e+00 -1.1907e-01
896 +4.231561684e-02 +4.231561684e-02 -9.438768438e+01 -9.438768438e+01 +5.5077e-02 -1.9773e-01 +2.4834e+00 +1.8632e+00 -1.1966e-01
936 +3.969309751e-02 +3.969309751e-02 -9.439030690e+01 -9.439030690e+01 +5.5150e-02 -1.9775e-01 +2.4840e+00 +1.8633e+00 -1.1942e-01
1052 +3.808920576e-02 +3.808920576e-02 -9.439191079e+01 -9.439191079e+01 +5.5081e-02 -1.9811e-01 +2.4838e+00 +1.8634e+00 -1.1952e-01
1065 +3.765915366e-02 +3.765915366e-02 -9.439234085e+01 -9.439234085e+01 +5.5017e-02 -1.9838e-01 +2.4838e+00 +1.8633e+00 -1.1963e-01
1123 +3.706110908e-02 +3.706110908e-02 -9.439293889e+01 -9.439293889e+01 +5.5219e-02 -1.9852e-01 +2.4840e+00 +1.8633e+00 -1.1965e-01
1169 +3.625554837e-02 +3.625554837e-02 -9.439374445e+01 -9.439374445e+01 +5.5283e-02 -1.9866e-01 +2.4841e+00 +1.8633e+00 -1.1961e-01
1178 +3.534055383e-02 +3.534055383e-02 -9.439465945e+01 -9.439465945e+01 +5.5234e-02 -1.9860e-01 +2.4841e+00 +1.8633e+00 -1.1961e-01
% function evaluation | noise-free fitness - Fopt (-1.213000000000e+02) | best noise-free fitness - Fopt | measured fitness | best measured fitness | x1 | x2...
1 +1.767693430e+01 +1.767693430e+01 -1.036230657e+02 -1.036230657e+02 +0.0000e+00 +0.0000e+00 +0.0000e+00 +0.0000e+00 +0.0000e+00
2 +1.700336704e+01 +1.700336704e+01 -1.042966330e+02 -1.042966330e+02 -1.5369e+00 -1.3602e+00 +7.0675e-01 -6.4153e-02 +1.1866e+00
3 +9.930859585e+00 +9.930859585e+00 -1.113691404e+02 -1.113691404e+02 +1.3134e+00 +2.0790e-01 +1.0590e-01 +7.8657e-01 +6.8730e-01
5 +7.444523257e+00 +7.444523257e+00 -1.138554767e+02 -1.138554767e+02 +8.0548e-01 +1.0823e+00 -1.8720e+00 +5.0354e-01 +6.0975e-01
17 +6.639612609e+00 +6.639612609e+00 -1.146603874e+02 -1.146603874e+02 -5.8551e-01 +1.8665e+00 -2.0858e+00 -2.9893e-02 +2.6828e-01
25 +6.552746846e+00 +6.552746846e+00 -1.147472532e+02 -1.147472532e+02 -6.4032e-01 +3.1028e+00 -2.9073e+00 -6.6616e-01 +1.9099e+00
27 +5.912051531e+00 +5.912051531e+00 -1.153879485e+02 -1.153879485e+02 -1.6356e+00 +3.1193e+00 -2.1050e+00 +2.8041e-01 +6.7009e-01
29 +5.001600172e+00 +5.001600172e+00 -1.162983998e+02 -1.162983998e+02 -9.4783e-01 +2.2821e+00 -2.3271e+00 -1.2496e-01 -1.6137e+00
52 +3.483313479e+00 +3.483313479e+00 -1.178166865e+02 -1.178166865e+02 -1.6915e+00 +2.5451e+00 -2.3215e+00 +4.2146e+00 -1.8756e+00
62 +3.272119278e+00 +3.272119278e+00 -1.180278807e+02 -1.180278807e+02 -2.5507e+00 +3.2371e+00 -2.3654e+00 +1.4201e+00 -1.9784e-01
75 +2.755748400e+00 +2.755748400e+00 -1.185442516e+02 -1.185442516e+02 -4.5646e-01 +2.8199e-01 -3.6202e+00 +6.7021e-01 -1.8163e+00
125 +2.305290247e+00 +2.305290247e+00 -1.189947098e+02 -1.189947098e+02 -1.5376e+00 +1.5776e+00 -3.3506e+00 +2.5966e+00 -5.5180e-01
233 +1.880306684e+00 +1.880306684e+00 -1.194196933e+02 -1.194196933e+02 -1.1048e+00 +1.7843e+00 -2.9780e+00 +1.1404e+00 -6.2177e-01
276 +1.425116608e+00 +1.425116608e+00 -1.198748834e+02 -1.198748834e+02 -1.6081e+00 +1.7261e+00 -2.7542e+00 +2.0219e+00 -6.6795e-01
341 +1.360062792e+00 +1.360062792e+00 -1.199399372e+02 -1.199399372e+02 -1.3981e+00 +1.6929e+00 -3.2618e+00 +1.6606e+00 -1.3414e+00
343 +1.299223511e+00 +1.299223511e+00 -1.200007765e+02 -1.200007765e+02 -1.3431e+00 +1.7046e+00 -2.9618e+00 +1.9603e+00 -1.5751e+00
359 +1.101835407e+00 +1.101835407e+00 -1.201981646e+02 -1.201981646e+02 -1.3722e+00 +1.5665e+00 -3.1921e+00 +1.8187e+00 -1.4571e+00
363 +8.281667725e-01 +8.281667725e-01 -1.204718332e+02 -1.204718332e+02 -1.3010e+00 +1.3039e+00 -3.0328e+00 +2.0339e+00 -1.6312e+00
380 +7.827985798e-01 +7.827985798e-01 -1.205172014e+02 -1.205172014e+02 -1.2805e+00 +1.4069e+00 -3.0158e+00 +1.9816e+00 -1.6326e+00
381 +6.413806158e-01 +6.413806158e-01 -1.206586194e+02 -1.206586194e+02 -1.4276e+00 +1.4522e+00 -3.0200e+00 +1.9183e+00 -1.5175e+00
396 +6.252480535e-01 +6.252480535e-01 -1.206747519e+02 -1.206747519e+02 -1.3978e+00 +1.3274e+00 -3.0788e+00 +2.0919e+00 -1.4580e+00
419 +5.454621859e-01 +5.454621859e-01 -1.207545378e+02 -1.207545378e+02 -1.5260e+00 +1.4242e+00 -3.0287e+00 +2.1711e+00 -1.5116e+00
437 +3.908632245e-01 +3.908632245e-01 -1.209091368e+02 -1.209091368e+02 -1.4329e+00 +1.4295e+00 -2.9881e+00 +2.0611e+00 -1.5436e+00
475 +3.489955149e-01 +3.489955149e-01 -1.209510045e+02 -1.209510045e+02 -1.4260e+00 +1.4322e+00 -2.9953e+00 +2.0616e+00 -1.5089e+00
479 +2.976288985e-01 +2.976288985e-01 -1.210023711e+02 -1.210023711e+02 -1.4272e+00 +1.3602e+00 -3.0255e+00 +2.0601e+00 -1.5310e+00
523 +2.944843378e-01 +2.944843378e-01 -1.210055157e+02 -1.210055157e+02 -1.4014e+00 +1.3767e+00 -3.0196e+00 +2.0716e+00 -1.5588e+00
650 +2.882597685e-01 +2.882597685e-01 -1.210117402e+02 -1.210117402e+02 -1.4123e+00 +1.3661e+00 -3.0200e+00 +2.0624e+00 -1.5332e+00
661 +2.812709954e-01 +2.812709954e-01 -1.210187290e+02 -1.210187290e+02 -1.4246e+00 +1.3676e+00 -3.0190e+00 +2.0649e+00 -1.5421e+00
695 +2.690515075e-01 +2.690515075e-01 -1.210309485e+02 -1.210309485e+02 -1.4229e+00 +1.3707e+00 -3.0188e+00 +2.0688e+00 -1.5364e+00
708 +2.393735615e-01 +2.393735615e-01 -1.210606264e+02 -1.210606264e+02 -1.4193e+00 +1.3686e+00 -3.0231e+00 +2.0642e+00 -1.5380e+00
719 +2.206142404e-01 +2.206142404e-01 -1.210793858e+02 -1.210793858e+02 -1.4167e+00 +1.3721e+00 -3.0210e+00 +2.0616e+00 -1.5364e+00
727 +2.166833460e-01 +2.166833460e-01 -1.210833167e+02 -1.210833167e+02 -1.4158e+00 +1.3764e+00 -3.0204e+00 +2.0574e+00 -1.5368e+00
741 +2.132963928e-01 +2.132963928e-01 -1.210867036e+02 -1.210867036e+02 -1.4186e+00 +1.3737e+00 -3.0217e+00 +2.0644e+00 -1.5363e+00
789 +2.035447990e-01 +2.035447990e-01 -1.210964552e+02 -1.210964552e+02 -1.4194e+00 +1.3683e+00 -3.0247e+00 +2.0634e+00 -1.5364e+00
853 +1.984613113e-01 +1.984613113e-01 -1.211015387e+02 -1.211015387e+02 -1.4191e+00 +1.3699e+00 -3.0225e+00 +2.0610e+00 -1.5349e+00
958 +1.929188023e-01 +1.929188023e-01 -1.211070812e+02 -1.211070812e+02 -1.4192e+00 +1.3719e+00 -3.0221e+00 +2.0619e+00 -1.5347e+00
990 +1.896441234e-01 +1.896441234e-01 -1.211103559e+02 -1.211103559e+02 -1.4192e+00 +1.3715e+00 -3.0228e+00 +2.0612e+00 -1.5346e+00
1010 +1.828886795e-01 +1.828886795e-01 -1.211171113e+02 -1.211171113e+02 -1.4185e+00 +1.3712e+00 -3.0227e+00 +2.0619e+00 -1.5352e+00
1052 +1.782613283e-01 +1.782613283e-01 -1.211217387e+02 -1.211217387e+02 -1.4187e+00 +1.3698e+00 -3.0236e+00 +2.0613e+00 -1.5357e+00
1344 +1.772480209e-01 +1.772480209e-01 -1.211227520e+02 -1.211227520e+02 -1.4190e+00 +1.3694e+00 -3.0240e+00 +2.0618e+00 -1.5357e+00
3343 +1.737391350e-01 +1.737391350e-01 -1.211262609e+02 -1.211262609e+02 -1.4189e+00 +1.3725e+00 -3.0216e+00 +2.0622e+00 -1.5352e+00
3423 +1.698189288e-01 +1.698189288e-01 -1.211301811e+02 -1.211301811e+02 -1.4188e+00 +1.3838e+00 -3.0132e+00 +2.0640e+00 -1.5335e+00
3570 +1.658120888e-01 +1.658120888e-01 -1.211341879e+02 -1.211341879e+02 -1.4186e+00 +1.4041e+00 -2.9980e+00 +2.0671e+00 -1.5304e+00
% function evaluation | noise-free fitness - Fopt (-1.000000000000e+03) | best noise-free fitness - Fopt | measured fitness | best measured fitness | x1 | x2...
1 +5.010217019e+00 +5.010217019e+00 -9.949897830e+02 -9.949897830e+02 +0.0000e+00 +0.0000e+00 +0.0000e+00 +0.0000e+00 +0.0000e+00
14 +3.408402733e+00 +3.408402733e+00 -9.965915973e+02 -9.965915973e+02 +7.4670e-01 -7.8057e-01 +2.0763e+00 -1.5055e+00 -3.7507e-01
24 +2.962632747e+00 +2.962632747e+00 -9.970373673e+02 -9.970373673e+02 -1.7271e-01 -5.7394e-01 +6.8692e-01 -8.7541e-01 -4.5986e-01
28 +2.785150131e+00 +2.785150131e+00 -9.972148499e+02 -9.972148499e+02 +1.5419e+00 -8.8813e-01 +1.8919e+00 -1.7392e+00 +3.9518e-01
92 +8.826941696e-01 +8.826941696e-01 -9.991173058e+02 -9.991173058e+02 +8.3468e-01 -4.1026e-01 +2.3967e+00 -2.0183e+00 +2.7260e-01
142 +6.512669456e-01 +6.512669456e-01 -9.993487331e+02 -9.993487331e+02 +1.1938e+00 +3.8572e-01 +2.9816e+00 -2.0333e+00 +1.0362e+00
168 +5.693352494e-01 +5.693352494e-01 -9.994306648e+02 -9.994306648e+02 +8.9280e-01 +4.7120e-01 +3.8569e+00 -1.7038e+00 +1.4164e+00
214 +5.502194239e-01 +5.502194239e-01 -9.994497806e+02 -9.994497806e+02 +1.4222e+00 +6.3913e-01 +3.4699e+00 -1.3198e+00 +1.5123e+00
219 +5.244159187e-01 +5.244159187e-01 -9.994755841e+02 -9.994755841e+02 +1.1928e+00 +6.4612e-01 +3.2590e+00 -1.5589e+00 +1.4530e+00
224 +3.027008830e-01 +3.027008830e-01 -9.996972991e+02 -9.996972991e+02 +1.1047e+00 +7.2739e-01 +3.4361e+00 -1.8824e+00 +1.4056e+00
241 +2.339184163e-01 +2.339184163e-01 -9.997660816e+02 -9.997660816e+02 +1.1784e+00 +7.4831e-01 +3.4539e+00 -1.8495e+00 +1.3698e+00
258 +1.444448056e-01 +1.444448056e-01 -9.998555552e+02 -9.998555552e+02 +1.2138e+00 +6.6836e-01 +3.5201e+00 -1.8500e+00 +1.4299e+00
287 +7.277991241e-02 +7.277991241e-02 -9.999272201e+02 -9.999272201e+02 +1.2502e+00 +6.9678e-01 +3.4153e+00 -1.8223e+00 +1.4121e+00
363 +5.874180562e-02 +5.874180562e-02 -9.999412582e+02 -9.999412582e+02 +1.2084e+00 +6.9170e-01 +3.4374e+00 -1.8456e+00 +1.3836e+00
432 +2.459062479e-02 +2.459062479e-02 -9.999754094e+02 -9.999754094e+02 +1.2248e+00 +6.7842e-01 +3.4369e+00 -1.8381e+00 +1.3736e+00
619 +2.143527381e-02 +2.143527381e-02 -9.999785647e+02 -9.999785647e+02 +1.2252e+00 +6.8153e-01 +3.4420e+00 -1.8360e+00 +1.3758e+00
631 +2.061384906e-02 +2.061384906e-02 -9.999793862e+02 -9.999793862e+02 +1.2243e+00 +6.8052e-01 +3.4396e+00 -1.8370e+00 +1.3788e+00
656 +1.716160053e-02 +1.716160053e-02 -9.999828384e+02 -9.999828384e+02 +1.2219e+00 +6.8334e-01 +3.4393e+00 -1.8357e+00 +1.3769e+00
693 +1.413455429e-02 +1.413455429e-02 -9.999858654e+02 -9.999858654e+02 +1.2232e+00 +6.8210e-01 +3.4393e+00 -1.8354e+00 +1.3764e+00
746 +1.281880357e-02 +1.281880357e-02 -9.999871812e+02 -9.999871812e+02 +1.2232e+00 +6.8238e-01 +3.4390e+00 -1.8355e+00 +1.3769e+00
814 +1.244309254e-02 +1.244309254e-02 -9.999875569e+02 -9.999875569e+02 +1.2235e+00 +6.8166e-01 +3.4386e+00 -1.8355e+00 +1.3765e+00
822 +1.222720066e-02 +1.222720066e-02 -9.999877728e+02 -9.999877728e+02 +1.2236e+00 +6.8164e-01 +3.4385e+00 -1.8354e+00 +1.3763e+00
823 +1.201887927e-02 +1.201887927e-02 -9.999879811e+02 -9.999879811e+02 +1.2234e+00 +6.8188e-01 +3.4390e+00 -1.8354e+00 +1.3770e+00
883 +1.167009584e-02 +1.167009584e-02 -9.999883299e+02 -9.999883299e+02 +1.2234e+00 +6.8168e-01 +3.4387e+00 -1.8354e+00 +1.3766e+00
885 +1.129198071e-02 +1.129198071e-02 -9.999887080e+02 -9.999887080e+02 +1.2233e+00 +6.8150e-01 +3.4388e+00 -1.8354e+00 +1.3766e+00
956 +1.074517402e-02 +1.074517402e-02 -9.999892548e+02 -9.999892548e+02 +1.2232e+00 +6.8147e-01 +3.4388e+00 -1.8354e+00 +1.3766e+00
% function evaluation | noise-free fitness - Fopt (-2.787500000000e+02) | best noise-free fitness - Fopt | measured fitness | best measured fitness | x1 | x2...
1 +2.369447933e+01 +2.369447933e+01 -2.550555207e+02 -2.550555207e+02 +0.0000e+00 +0.0000e+00 +0.0000e+00 +0.0000e+00 +0.0000e+00
2 +1.423869015e+01 +1.423869015e+01 -2.645113099e+02 -2.645113099e+02 +6.9169e-01 +4.2600e-02 +3.7413e-01 +2.2259e-01 -4.2920e-01
7 +8.029341601e+00 +8.029341601e+00 -2.707206584e+02 -2.707206584e+02 +8.9592e-03 +2.2926e+00 +2.1876e-01 +6.7177e-01 -1.4269e+00
26 +5.491909711e+00 +5.491909711e+00 -2.732580903e+02 -2.732580903e+02 -8.9553e-01 +1.6095e+00 +1.3221e+00 +1.3154e+00 -1.2634e+00
39 +4.452579071e+00 +4.452579071e+00 -2.742974209e+02 -2.742974209e+02 -2.1748e+00 +1.7644e+00 +1.0317e+00 +1.0506e+00 -1.0893e+00
67 +3.837513838e+00 +3.837513838e+00 -2.749124862e+02 -2.749124862e+02 -2.9763e+00 +2.3911e+00 +1.0900e+00 +8.6271e-01 -4.9908e-01
104 +2.036177598e+00 +2.036177598e+00 -2.767138224e+02 -2.767138224e+02 -3.9084e+00 +1.6550e+00 +2.7491e+00 -2.2185e+00 +7.3766e-01
162 +1.735501949e+00 +1.735501949e+00 -2.770144981e+02 -2.770144981e+02 -4.2040e+00 +1.6918e+00 +3.2325e+00 -1.9841e+00 +5.0221e-01
179 +1.510965152e+00 +1.510965152e+00 -2.772390348e+02 -2.772390348e+02 -4.5102e+00 +2.0236e+00 +3.1378e+00 -1.7709e+00 +4.0803e-01
188 +1.471596788e+00 +1.471596788e+00 -2.772784032e+02 -2.772784032e+02 -4.1500e+00 +2.0940e+00 +3.3311e+00 -1.9155e+00 +7.3497e-01
190 +1.397347366e+00 +1.397347366e+00 -2.773526526e+02 -2.773526526e+02 -4.4230e+00 +2.2036e+00 +3.0431e+00 -1.7419e+00 +6.4198e-01
205 +1.211006046e+00 +1.211006046e+00 -2.775389940e+02 -2.775389940e+02 -4.0750e+00 +2.2969e+00 +2.8686e+00 -1.5858e+00 +4.3167e-01
206 +1.189859831e+00 +1.189859831e+00 -2.775601402e+02 -2.775601402e+02 -4.2599e+00 +2.1107e+00 +2.9359e+00 -2.0499e+00 +9.1277e-01
215 +1.025112647e+00 +1.025112647e+00 -2.777248874e+02 -2.777248874e+02 -4.2430e+00 +2.1733e+00 +3.1149e+00 -1.7443e+00 +7.6766e-01
231 +8.434193345e-01 +8.434193345e-01 -2.779065807e+02 -2.779065807e+02 -3.9643e+00 +2.2868e+00 +2.9150e+00 -2.0695e+00 +1.1185e+00
236 +6.877001305e-01 +6.877001305e-01 -2.780622999e+02 -2.780622999e+02 -3.9003e+00 +2.1257e+00 +2.9355e+00 -1.9931e+00 +1.2097e+00
259 +4.297555124e-01 +4.297555124e-01 -2.783202445e+02 -2.783202445e+02 -4.1311e+00 +1.8465e+00 +3.1617e+00 -1.9690e+00 +9.4246e-01
303 +4.044657410e-01 +4.044657410e-01 -2.783455343e+02 -2.783455343e+02 -4.0237e+00 +1.9381e+00 +2.8881e+00 -1.9609e+00 +1.4192e+00
312 +2.209572223e-01 +2.209572223e-01 -2.785290428e+02 -2.785290428e+02 -4.0302e+00 +1.8570e+00 +2.8749e+00 -2.0948e+00 +1.2520e+00
329 +1.881623683e-01 +1.881623683e-01 -2.785618376e+02 -2.785618376e+02 -4.0056e+00 +1.9001e+00 +3.0207e+00 -2.0792e+00 +1.3157e+00
342 +1.160147904e-01 +1.160147904e-01 -2.786339852e+02 -2.786339852e+02 -3.9818e+00 +1.8149e+00 +2.9301e+00 -2.0313e+00 +1.3155e+00
500 +8.216427531e-02 +8.216427531e-02 -2.786678357e+02 -2.786678357e+02 -3.9519e+00 +1.8646e+00 +2.9052e+00 -1.9160e+00 +1.2710e+00
513 +6.619096470e-02 +6.619096470e-02 -2.786838090e+02 -2.786838090e+02 -3.9599e+00 +1.8843e+00 +2.9057e+00 -1.9053e+00 +1.3093e+00
527 +5.246597949e-02 +5.246597949e-02 -2.786975340e+02 -2.786975340e+02 -3.9628e+00 +1.8997e+00 +2.8894e+00 -1.9099e+00 +1.3018e+00
538 +3.196722389e-02 +3.196722389e-02 -2.787180328e+02 -2.787180328e+02 -3.9464e+00 +1.9038e+00 +2.9127e+00 -1.9241e+00 +1.2961e+00
608 +3.030148807e-02 +3.030148807e-02 -2.787196985e+02 -2.787196985e+02 -3.9609e+00 +1.9048e+00 +2.9175e+00 -1.9269e+00 +1.2943e+00
624 +2.735554863e-02 +2.735554863e-02 -2.787226445e+02 -2.787226445e+02 -3.9645e+00 +1.9132e+00 +2.9188e+00 -1.9286e+00 +1.3082e+00
633 +2.551844830e-02 +2.551844830e-02 -2.787244816e+02 -2.787244816e+02 -3.9631e+00 +1.9152e+00 +2.9201e+00 -1.9319e+00 +1.3068e+00
668 +2.240954339e-02 +2.240954339e-02 -2.787275905e+02 -2.787275905e+02 -3.9612e+00 +1.9139e+00 +2.9203e+00 -1.9274e+00 +1.3088e+00
716 +2.235968013e-02 +2.235968013e-02 -2.787276403e+02 -2.787276403e+02 -3.9626e+00 +1.9127e+00 +2.9218e+00 -1.9318e+00 +1.3094e+00
717 +2.127674181e-02 +2.127674181e-02 -2.787287233e+02 -2.787287233e+02 -3.9625e+00 +1.9117e+00 +2.9200e+00 -1.9297e+00 +1.3088e+00
736 +2.040947191e-02 +2.040947191e-02 -2.787295905e+02 -2.787295905e+02 -3.9637e+00 +1.9134e+00 +2.9207e+00 -1.9291e+00 +1.3091e+00
799 +1.929373005e-02 +1.929373005e-02 -2.787307063e+02 -2.787307063e+02 -3.9642e+00 +1.9125e+00 +2.9193e+00 -1.9333e+00 +1.3092e+00
805 +1.772271870e-02 +1.772271870e-02 -2.787322773e+02 -2.787322773e+02 -3.9636e+00 +1.9113e+00 +2.9202e+00 -1.9332e+00 +1.3098e+00
824 +1.629197393e-02 +1.629197393e-02 -2.787337080e+02 -2.787337080e+02 -3.9636e+00 +1.9131e+00 +2.9207e+00 -1.9335e+00 +1.3104e+00
887 +1.591315673e-02 +1.591315673e-02 -2.787340868e+02 -2.787340868e+02 -3.9637e+00 +1.9110e+00 +2.9197e+00 -1.9338e+00 +1.3098e+00
917 +1.547053356e-02 +1.547053356e-02 -2.787345295e+02 -2.787345295e+02 -3.9635e+00 +1.9118e+00 +2.9200e+00 -1.9334e+00 +1.3099e+00
958 +1.464789487e-02 +1.464789487e-02 -2.787353521e+02 -2.787353521e+02 -3.9635e+00 +1.9119e+00 +2.9200e+00 -1.9333e+00 +1.3099e+00
% function evaluation | noise-free fitness - Fopt (-1.677000000000e+01) | best noise-free fitness - Fopt | measured fitness | best measured fitness | x1 | x2...
1 +2.810801341e+01 +2.810801341e+01 +1.133801341e+01 +1.133801341e+01 +0.0000e+00 +0.0000e+00 +0.0000e+00 +0.0000e+00 +0.0000e+00
2 +1.678502826e+01 +1.678502826e+01 +1.502826092e-02 +1.502826092e-02 +1.9043e+00 +3.4291e-01 +1.4951e+00 +1.3127e+00 +2.1426e-01
12 +1.102294566e+01 +1.102294566e+01 -5.747054338e+00 -5.747054338e+00 +2.4954e+00 +1.1377e+00 +3.3782e+00 +1.4207e+00 -1.3635e-01
14 +4.656794574e+00 +4.656794574e+00 -1.211320543e+01 -1.211320543e+01 -7.7066e-02 -7.7972e-01 +2.7294e+00 +1.6191e+00 -1.0277e+00
29 +4.183558974e+00 +4.183558974e+00 -1.258644103e+01 -1.258644103e+01 +1.2514e-01 +3.0573e-01 +3.9719e+00 +2.6003e+00 -2.1594e+00
32 +3.947457815e+00 +3.947457815e+00 -1.282254219e+01 -1.282254219e+01 +9.9087e-01 -1.8776e-01 +2.6584e+00 +6.2713e-01 -3.4963e-01
51 +3.171565485e+00 +3.171565485e+00 -1.359843451e+01 -1.359843451e+01 +5.9228e-01 +2.4962e-01 +3.8121e+00 +1.9766e+00 -1.4059e+00
67 +2.425866627e+00 +2.425866627e+00 -1.434413337e+01 -1.434413337e+01 +1.4159e+00 +7.1646e-01 +3.9120e+00 +2.9173e+00 -1.7192e-01
71 +2.182278426e+00 +2.182278426e+00 -1.458772157e+01 -1.458772157e+01 +1.0759e+00 +5.7316e-01 +3.8061e+00 +2.4583e+00 -3.8197e-01
102 +2.006592780e+00 +2.006592780e+00 -1.476340722e+01 -1.476340722e+01 +1.7279e+00 +1.1541e+00 +3.1153e+00 +3.4797e+00 -3.3433e-01
104 +1.040774997e+00 +1.040774997e+00 -1.572922500e+01 -1.572922500e+01 +1.2031e+00 +1.3693e+00 +3.8752e+00 +3.2442e+00 -5.2387e-01
183 +7.761410248e-01 +7.761410248e-01 -1.599385898e+01 -1.599385898e+01 +7.8680e-01 +1.2128e+00 +4.0333e+00 +3.5000e+00 -1.1925e-01
235 +7.344113954e-01 +7.344113954e-01 -1.603558860e+01 -1.603558860e+01 +7.8291e-01 +9.8809e-01 +3.9697e+00 +3.2538e+00 -5.9723e-02
392 +7.032527634e-01 +7.032527634e-01 -1.606674724e+01 -1.606674724e+01 +8.6434e-01 +9.6050e-01 +3.8535e+00 +2.9794e+00 -1.1662e-01
426 +6.849101484e-01 +6.849101484e-01 -1.608508985e+01 -1.608508985e+01 +8.2482e-01 +1.0076e+00 +3.8997e+00 +3.0820e+00 -1.6635e-01
441 +6.492299792e-01 +6.492299792e-01 -1.612077002e+01 -1.612077002e+01 +7.8053e-01 +1.0519e+00 +3.9331e+00 +3.2444e+00 -1.7556e-01
449 +5.700289069e-01 +5.700289069e-01 -1.619997109e+01 -1.619997109e+01 +8.2982e-01 +1.0684e+00 +3.9900e+00 +3.2955e+00 -1.6089e-01
498 +4.852707761e-01 +4.852707761e-01 -1.628472922e+01 -1.628472922e+01 +7.9350e-01 +1.1000e+00 +3.9511e+00 +3.2696e+00 -7.1539e-02
503 +4.613808903e-01 +4.613808903e-01 -1.630861911e+01 -1.630861911e+01 +8.1735e-01 +1.0796e+00 +4.0188e+00 +3.3371e+00 -8.0099e-02
520 +4.524963623e-01 +4.524963623e-01 -1.631750364e+01 -1.631750364e+01 +7.7468e-01 +1.0299e+00 +4.0171e+00 +3.2939e+00 -8.0535e-02
550 +4.252942925e-01 +4.252942925e-01 -1.634470571e+01 -1.634470571e+01 +8.1206e-01 +1.0992e+00 +3.9812e+00 +3.3449e+00 -7.9336e-02
560 +3.377666785e-01 +3.377666785e-01 -1.643223332e+01 -1.643223332e+01 +8.4561e-01 +1.1250e+00 +3.9906e+00 +3.3096e+00 -7.7116e-02
642 +3.241971241e-01 +3.241971241e-01 -1.644580288e+01 -1.644580288e+01 +8.1327e-01 +1.1054e+00 +3.9652e+00 +3.2943e+00 -1.0938e-01
660 +3.012077900e-01 +3.012077900e-01 -1.646879221e+01 -1.646879221e+01 +8.2536e-01 +1.1047e+00 +3.9815e+00 +3.3011e+00 -1.0635e-01
666 +2.724566038e-01 +2.724566038e-01 -1.649754340e+01 -1.649754340e+01 +8.2231e-01 +1.1084e+00 +3.9872e+00 +3.3021e+00 -9.7257e-02
673 +2.568074578e-01 +2.568074578e-01 -1.651319254e+01 -1.651319254e+01 +8.2573e-01 +1.1000e+00 +3.9894e+00 +3.3076e+00 -8.9697e-02
727 +2.303030091e-01 +2.303030091e-01 -1.653969699e+01 -1.653969699e+01 +8.1252e-01 +1.1091e+00 +3.9869e+00 +3.3079e+00 -9.3685e-02
778 +2.197273656e-01 +2.197273656e-01 -1.655027263e+01 -1.655027263e+01 +8.1716e-01 +1.1127e+00 +3.9852e+00 +3.2996e+00 -9.8471e-02
797 +2.128393162e-01 +2.128393162e-01 -1.655716068e+01 -1.655716068e+01 +8.1910e-01 +1.1058e+00 +3.9830e+00 +3.3015e+00 -9.2374e-02
798 +1.970654695e-01 +1.970654695e-01 -1.657293453e+01 -1.657293453e+01 +8.1776e-01 +1.1059e+00 +3.9817e+00 +3.2979e+00 -8.8547e-02
1007 +1.846075038e-01 +1.846075038e-01 -1.658539250e+01 -1.658539250e+01 +8.1740e-01 +1.1114e+00 +3.9811e+00 +3.3011e+00 -9.8727e-02
1062 +1.809567359e-01 +1.809567359e-01 -1.658904326e+01 -1.658904326e+01 +8.1753e-01 +1.1117e+00 +3.9809e+00 +3.3018e+00 -9.8892e-02
1094 +1.764958544e-01 +1.764958544e-01 -1.659350415e+01 -1.659350415e+01 +8.1754e-01 +1.1115e+00 +3.9812e+00 +3.3016e+00 -9.8715e-02
1095 +1.699219525e-01 +1.699219525e-01 -1.660007805e+01 -1.660007805e+01 +8.1764e-01 +1.1117e+00 +3.9812e+00 +3.3016e+00 -9.8856e-02
1162 +1.694556407e-01 +1.694556407e-01 -1.660054436e+01 -1.660054436e+01 +8.1756e-01 +1.1117e+00 +3.9812e+00 +3.3016e+00 -9.8977e-02
2747 +1.659048210e-01 +1.659048210e-01 -1.660409518e+01 -1.660409518e+01 +8.1758e-01 +1.1113e+00 +3.9817e+00 +3.3017e+00 -9.7666e-02
2873 +1.617838174e-01 +1.617838174e-01 -1.660821618e+01 -1.660821618e+01 +8.1769e-01 +1.1089e+00 +3.9838e+00 +3.3024e+00 -9.0432e-02
2921 +1.581322644e-01 +1.581322644e-01 -1.661186774e+01 -1.661186774e+01 +8.1793e-01 +1.1048e+00 +3.9874e+00 +3.3035e+00 -7.7721e-02
% function evaluation | noise-free fitness - Fopt (-8.593000000000e+01) | best noise-free fitness - Fopt | measured fitness | best measured fitness | x1 | x2...
1 +1.155444849e+01 +1.155444849e+01 -7.437555151e+01 -7.437555151e+01 +0.0000e+00 +0.0000e+00 +0.0000e+00 +0.0000e+00 +0.0000e+00
5 +1.003805687e+01 +1.003805687e+01 -7.589194313e+01 -7.589194313e+01 -1.5178e+00 +1.7324e+00 -7.1847e-01 -6.8068e-02 -6.2320e-01
14 +9.539476305e+00 +9.539476305e+00 -7.639052370e+01 -7.639052370e+01 -6.0480e-01 +1.8094e+00 -1.9571e+00 +4.6552e-01 -1.5183e+00
22 +7.965106042e+00 +7.965106042e+00 -7.796489396e+01 -7.796489396e+01 +4.6954e-02 +4.7590e-01 -7.0742e-01 -1.1149e+00 -4.9631e-01
25 +4.905048501e+00 +4.905048501e+00 -8.102495150e+01 -8.102495150e+01 -1.0155e+00 +1.0465e+00 +6.5205e-01 -2.0688e+00 +8.3945e-01
27 +4.424482699e+00 +4.424482699e+00 -8.150551730e+01 -8.150551730e+01 -2.1266e-01 +2.4913e+00 -9.1937e-01 -7.9353e-01 +5.3899e-01
43 +3.600087646e+00 +3.600087646e+00 -8.232991235e+01 -8.232991235e+01 -1.5995e-02 +2.7814e+00 -8.2866e-02 -7.6025e-01 +3.1933e+00
44 +3.458653576e+00 +3.458653576e+00 -8.247134642e+01 -8.247134642e+01 +3.1850e-01 +2.1469e+00 +2.0971e+00 -2.8097e+00 +2.0011e+00
54 +3.072210761e+00 +3.072210761e+00 -8.285778924e+01 -8.285778924e+01 +1.6153e+00 +2.8748e+00 +1.5809e+00 -3.8448e+00 +3.7499e+00
68 +2.506529324e+00 +2.506529324e+00 -8.342347068e+01 -8.342347068e+01 +3.3503e-01 +2.8640e+00 +5.0589e-01 -3.4351e+00 +1.0120e+00
81 +2.042630959e+00 +2.042630959e+00 -8.388736904e+01 -8.388736904e+01 +1.7030e+00 +1.8005e+00 +1.2935e+00 -2.8230e+00 +2.6973e+00
215 +1.989225541e+00 +1.989225541e+00 -8.394077446e+01 -8.394077446e+01 +1.7746e+00 +2.2680e+00 +6.3084e-01 -2.1891e+00 +3.6628e+00
261 +1.891526449e+00 +1.891526449e+00 -8.403847355e+01 -8.403847355e+01 +1.1687e+00 +2.8159e+00 -1.9682e-02 -3.6019e+00 +4.0659e+00
281 +1.851782872e+00 +1.851782872e+00 -8.407821713e+01 -8.407821713e+01 +1.8479e+00 +2.4812e+00 +1.7524e-01 -3.6666e+00 +2.8911e+00
336 +8.783185321e-01 +8.783185321e-01 -8.505168147e+01 -8.505168147e+01 +9.0700e-01 +2.6140e+00 +7.2746e-01 -2.8096e+00 +2.5020e+00
378 +8.347351015e-01 +8.347351015e-01 -8.509526490e+01 -8.509526490e+01 +1.4222e+00 +3.1012e+00 +2.7442e-01 -2.9232e+00 +2.2963e+00
396 +8.098855701e-01 +8.098855701e-01 -8.512011443e+01 -8.512011443e+01 +1.5700e+00 +3.4534e+00 -1.2328e-01 -2.8619e+00 +2.3424e+00
412 +7.722811082e-01 +7.722811082e-01 -8.515771889e+01 -8.515771889e+01 +1.4283e+00 +3.1410e+00 +3.2604e-01 -2.7747e+00 +2.4828e+00
417 +7.190986502e-01 +7.190986502e-01 -8.521090135e+01 -8.521090135e+01 +1.4998e+00 +3.4472e+00 +1.4698e-01 -2.8407e+00 +2.3257e+00
434 +6.331891545e-01 +6.331891545e-01 -8.529681085e+01 -8.529681085e+01 +1.3815e+00 +3.4821e+00 +3.3729e-01 -3.0205e+00 +2.3531e+00
447 +2.992793808e-01 +2.992793808e-01 -8.563072062e+01 -8.563072062e+01 +1.3451e+00 +3.3836e+00 +2.3424e-01 -2.9746e+00 +2.3309e+00
535 +2.933265681e-01 +2.933265681e-01 -8.563667343e+01 -8.563667343e+01 +1.4510e+00 +3.3580e+00 +2.7634e-01 -2.9861e+00 +2.3917e+00
569 +2.353646023e-01 +2.353646023e-01 -8.569463540e+01 -8.569463540e+01 +1.3551e+00 +3.3570e+00 +2.7052e-01 -3.0140e+00 +2.3607e+00
600 +1.985983927e-01 +1.985983927e-01 -8.573140161e+01 -8.573140161e+01 +1.4417e+00 +3.3752e+00 +3.3554e-01 -3.0228e+00 +2.3944e+00
610 +1.754887563e-01 +1.754887563e-01 -8.575451124e+01 -8.575451124e+01 +1.4184e+00 +3.3586e+00 +3.1929e-01 -3.0245e+00 +2.4110e+00
709 +1.592983639e-01 +1.592983639e-01 -8.577070164e+01 -8.577070164e+01 +1.4328e+00 +3.3526e+00 +3.2679e-01 -3.0058e+00 +2.3776e+00
746 +1.252447213e-01 +1.252447213e-01 -8.580475528e+01 -8.580475528e+01 +1.4459e+00 +3.3628e+00 +3.6411e-01 -3.0236e+00 +2.3892e+00
% function evaluation | noise-free fitness - Fopt (4.966000000000e+01) | best noise-free fitness - Fopt | measured fitness | best measured fitness | x1 | x2...
1 +1.427216849e+01 +1.427216849e+01 +6.393216849e+01 +6.393216849e+01 +0.0000e+00 +0.0000e+00 +0.0000e+00 +0.0000e+00 +0.0000e+00
2 +1.184423319e+01 +1.184423319e+01 +6.150423319e+01 +6.150423319e+01 -2.8318e-01 +4.6591e-01 +9.2030e-01 -6.3093e-01 +6.5206e-01
5 +1.116653142e+01 +1.116653142e+01 +6.082653142e+01 +6.082653142e+01 +1.1012e-01 +1.3662e+00 +2.5167e-01 +3.5777e-01 +1.2688e+00
7 +6.880771723e+00 +6.880771723e+00 +5.654077172e+01 +5.654077172e+01 +5.4380e-02 -2.6113e-01 -7.1974e-01 -7.7084e-01 -1.6775e+00
8 +6.521312110e+00 +6.521312110e+00 +5.618131211e+01 +5.618131211e+01 -1.2485e+00 -3.2533e-01 -9.5821e-01 -5.5918e-01 -5.9364e-01
12 +3.326816144e+00 +3.326816144e+00 +5.298681614e+01 +5.298681614e+01 -1.8180e+00 -7.7112e-01 -5.1482e-01 -1.0879e+00 -1.8346e+00
25 +1.849132269e+00 +1.849132269e+00 +5.150913227e+01 +5.150913227e+01 -2.1578e+00 -1.3440e+00 -3.2495e-01 -1.2512e+00 -1.3323e+00
33 +9.139885030e-01 +9.139885030e-01 +5.057398850e+01 +5.057398850e+01 -2.8239e+00 -2.8397e+00 -7.4795e-01 -1.2774e+00 -8.5019e-01
117 +9.003986998e-01 +9.003986998e-01 +5.056039870e+01 +5.056039870e+01 -3.0721e+00 -2.2071e+00 -1.7310e+00 -8.9461e-02 -1.3429e+00
130 +4.534137048e-01 +4.534137048e-01 +5.011341370e+01 +5.011341370e+01 -3.1664e+00 -2.5301e+00 -1.3555e+00 -3.9711e-01 -1.2133e+00
226 +2.727365207e-01 +2.727365207e-01 +4.993273652e+01 +4.993273652e+01 -2.8953e+00 -2.5083e+00 -1.2012e+00 -5.4783e-01 -1.3939e+00
253 +2.310202430e-01 +2.310202430e-01 +4.989102024e+01 +4.989102024e+01 -2.9629e+00 -2.4861e+00 -1.3540e+00 -4.7867e-01 -1.3156e+00
296 +1.750833480e-01 +1.750833480e-01 +4.983508335e+01 +4.983508335e+01 -2.8579e+00 -2.4178e+00 -1.5748e+00 -5.2051e-01 -1.3340e+00
335 +8.089991147e-02 +8.089991147e-02 +4.974089991e+01 +4.974089991e+01 -2.9629e+00 -2.4171e+00 -1.4042e+00 -5.7656e-01 -1.3366e+00
403 +6.643157360e-02 +6.643157360e-02 +4.972643157e+01 +4.972643157e+01 -2.9678e+00 -2.4035e+00 -1.4439e+00 -5.6236e-01 -1.3143e+00
412 +4.197491478e-02 +4.197491478e-02 +4.970197491e+01 +4.970197491e+01 -2.9718e+00 -2.4193e+00 -1.4393e+00 -5.6087e-01 -1.2925e+00
427 +3.292231298e-02 +3.292231298e-02 +4.969292231e+01 +4.969292231e+01 -2.9659e+00 -2.4194e+00 -1.4513e+00 -5.6341e-01 -1.2902e+00
512 +1.447864355e-02 +1.447864355e-02 +4.967447864e+01 +4.967447864e+01 -2.9851e+00 -2.4255e+00 -1.4280e+00 -5.4919e-01 -1.2923e+00
608 +1.226682074e-02 +1.226682074e-02 +4.967226682e+01 +4.967226682e+01 -2.9913e+00 -2.4283e+00 -1.4331e+00 -5.5773e-01 -1.2932e+00
633 +1.186991642e-02 +1.186991642e-02 +4.967186992e+01 +4.967186992e+01 -2.9933e+00 -2.4323e+00 -1.4253e+00 -5.5446e-01 -1.2948e+00
656 +1.112817789e-02 +1.112817789e-02 +4.967112818e+01 +4.967112818e+01 -2.9849e+00 -2.4314e+00 -1.4241e+00 -5.5840e-01 -1.2956e+00
663 +7.211253385e-03 +7.211253385e-03 +4.966721125e+01 +4.966721125e+01 -2.9839e+00 -2.4314e+00 -1.4250e+00 -5.5865e-01 -1.2975e+00
687 +6.530992110e-03 +6.530992110e-03 +4.966653099e+01 +4.966653099e+01 -2.9841e+00 -2.4336e+00 -1.4252e+00 -5.5624e-01 -1.2970e+00
690 +3.384287417e-03 +3.384287417e-03 +4.966338429e+01 +4.966338429e+01 -2.9866e+00 -2.4313e+00 -1.4286e+00 -5.5666e-01 -1.2961e+00
751 +3.243264108e-03 +3.243264108e-03 +4.966324326e+01 +4.966324326e+01 -2.9848e+00 -2.4293e+00 -1.4253e+00 -5.5919e-01 -1.2981e+00
769 +3.227839973e-03 +3.227839973e-03 +4.966322784e+01 +4.966322784e+01 -2.9846e+00 -2.4303e+00 -1.4264e+00 -5.5840e-01 -1.2979e+00
778 +3.029129422e-03 +3.029129422e-03 +4.966302913e+01 +4.966302913e+01 -2.9847e+00 -2.4308e+00 -1.4268e+00 -5.5828e-01 -1.2979e+00
793 +2.500269120e-03 +2.500269120e-03 +4.966250027e+01 +4.966250027e+01 -2.9854e+00 -2.4300e+00 -1.4270e+00 -5.5771e-01 -1.2971e+00
831 +1.908701881e-03 +1.908701881e-03 +4.966190870e+01 +4.966190870e+01 -2.9847e+00 -2.4302e+00 -1.4275e+00 -5.5772e-01 -1.2971e+00
833 +1.702285724e-03 +1.702285724e-03 +4.966170229e+01 +4.966170229e+01 -2.9850e+00 -2.4304e+00 -1.4272e+00 -5.5803e-01 -1.2974e+00
841 +1.252351378e-03 +1.252351378e-03 +4.966125235e+01 +4.966125235e+01 -2.9845e+00 -2.4305e+00 -1.4272e+00 -5.5784e-01 -1.2968e+00
878 +1.005641280e-03 +1.005641280e-03 +4.966100564e+01 +4.966100564e+01 -2.9846e+00 -2.4308e+00 -1.4275e+00 -5.5797e-01 -1.2970e+00
920 +6.341353867e-04 +6.341353867e-04 +4.966063414e+01 +4.966063414e+01 -2.9848e+00 -2.4309e+00 -1.4277e+00 -5.5787e-01 -1.2970e+00
969 +4.004521476e-04 +4.004521476e-04 +4.966040045e+01 +4.966040045e+01 -2.9848e+00 -2.4307e+00 -1.4277e+00 -5.5787e-01 -1.2971e+00
1165 +3.543470861e-04 +3.543470861e-04 +4.966035435e+01 +4.966035435e+01 -2.9847e+00 -2.4307e+00 -1.4276e+00 -5.5794e-01 -1.2971e+00
1168 +3.293218657e-04 +3.293218657e-04 +4.966032932e+01 +4.966032932e+01 -2.9848e+00 -2.4307e+00 -1.4276e+00 -5.5790e-01 -1.2972e+00
1180 +3.096585394e-04 +3.096585394e-04 +4.966030966e+01 +4.966030966e+01 -2.9848e+00 -2.4307e+00 -1.4276e+00 -5.5788e-01 -1.2971e+00
1315 +2.985998007e-04 +2.985998007e-04 +4.966029860e+01 +4.966029860e+01 -2.9848e+00 -2.4307e+00 -1.4276e+00 -5.5789e-01 -1.2971e+00
1363 +2.923719592e-04 +2.923719592e-04 +4.966029237e+01 +4.966029237e+01 -2.9848e+00 -2.4307e+00 -1.4276e+00 -5.5789e-01 -1.2972e+00
1400 +2.727832789e-04 +2.727832789e-04 +4.966027278e+01 +4.966027278e+01 -2.9848e+00 -2.4307e+00 -1.4276e+00 -5.5789e-01 -1.2971e+00
1421 +2.579035014e-04 +2.579035014e-04 +4.966025790e+01 +4.966025790e+01 -2.9848e+00 -2.4307e+00 -1.4276e+00 -5.5789e-01 -1.2971e+00
1423 +2.425913695e-04 +2.425913695e-04 +4.966024259e+01 +4.966024259e+01 -2.9848e+00 -2.4307e+00 -1.4276e+00 -5.5789e-01 -1.2971e+00
1574 +2.397288097e-04 +2.397288097e-04 +4.966023973e+01 +4.966023973e+01 -2.9848e+00 -2.4307e+00 -1.4276e+00 -5.5789e-01 -1.2971e+00
1732 +2.334062329e-04 +2.334062329e-04 +4.966023341e+01 +4.966023341e+01 -2.9848e+00 -2.4307e+00 -1.4276e+00 -5.5789e-01 -1.2971e+00
2445 +2.290328539e-04 +2.290328539e-04 +4.966022903e+01 +4.966022903e+01 -2.9848e+00 -2.4307e+00 -1.4276e+00 -5.5789e-01 -1.2971e+00
% function evaluation | noise-free fitness - Fopt (2.652800000000e+02) | best noise-free fitness - Fopt | measured fitness | best measured fitness | x1 | x2...
1 +1.902779445e+01 +1.902779445e+01 +2.843077945e+02 +2.843077945e+02 +0.0000e+00 +0.0000e+00 +0.0000e+00 +0.0000e+00 +0.0000e+00
3 +1.356087938e+01 +1.356087938e+01 +2.788408794e+02 +2.788408794e+02 +5.6147e-01 +1.1795e+00 -5.6841e-01 +2.2412e+00 -2.1645e+00
18 +1.322783538e+01 +1.322783538e+01 +2.785078354e+02 +2.785078354e+02 -6.5224e-01 -5.1566e-01 +2.0485e+00 +2.0898e+00 -2.4519e+00
23 +1.182988484e+01 +1.182988484e+01 +2.771098848e+02 +2.771098848e+02 -9.1057e-01 -1.8320e+00 +2.3426e+00 +4.7300e-01 -1.5894e+00
25 +1.055626642e+01 +1.055626642e+01 +2.758362664e+02 +2.758362664e+02 -6.5733e-01 +7.1152e-01 +9.3773e-01 +1.0604e+00 -3.1575e+00
28 +8.612536174e+00 +8.612536174e+00 +2.738925362e+02 +2.738925362e+02 +1.3729e-01 -1.9977e+00 +1.7444e+00 +1.2653e+00 -3.4580e+00
32 +6.538945037e+00 +6.538945037e+00 +2.718189450e+02 +2.718189450e+02 +2.0091e+00 -1.0161e+00 +7.8406e-01 +7.4848e-01 -3.1363e+00
44 +5.395514211e+00 +5.395514211e+00 +2.706755142e+02 +2.706755142e+02 +1.8114e+00 -9.9112e-03 -2.6012e-01 +4.4575e-01 -4.1200e+00
59 +5.150530321e+00 +5.150530321e+00 +2.704305303e+02 +2.704305303e+02 +2.0942e+00 -7.8101e-01 +1.1111e+00 +3.3288e-01 -3.9141e+00
97 +4.433014077e+00 +4.433014077e+00 +2.697130141e+02 +2.697130141e+02 +2.6920e+00 -1.0497e+00 +9.0521e-01 -4.4726e-01 -4.0928e+00
102 +3.526596813e+00 +3.526596813e+00 +2.688065968e+02 +2.688065968e+02 +1.8617e+00 -1.4584e+00 +3.8322e-01 -1.0584e+00 -4.4404e+00
126 +2.672740771e+00 +2.672740771e+00 +2.679527408e+02 +2.679527408e+02 +8.0127e-01 -6.2587e-01 +2.3482e+00 -1.9684e+00 -3.1314e+00
130 +2.620138102e+00 +2.620138102e+00 +2.679001381e+02 +2.679001381e+02 +1.9466e+00 -7.0277e-01 +1.4133e+00 -1.4435e+00 -2.7731e+00
198 +2.495422207e+00 +2.495422207e+00 +2.677754222e+02 +2.677754222e+02 +1.7849e+00 -2.7343e-01 +9.3961e-01 -1.4157e+00 -3.4822e+00
246 +2.219782886e+00 +2.219782886e+00 +2.674997829e+02 +2.674997829e+02 +1.6447e+00 -5.7497e-01 +1.3288e+00 -1.7522e+00 -2.8775e+00
250 +2.152809820e+00 +2.152809820e+00 +2.674328098e+02 +2.674328098e+02 +1.8266e+00 -5.5809e-01 +7.2869e-01 -1.8596e+00 -2.9659e+00
252 +1.921201361e+00 +1.921201361e+00 +2.672012014e+02 +2.672012014e+02 +1.8408e+00 -3.8130e-01 +6.1467e-01 -1.7988e+00 -2.9905e+00
275 +1.753118503e+00 +1.753118503e+00 +2.670331185e+02 +2.670331185e+02 +1.9288e+00 -5.8194e-01 +6.5296e-01 -1.8954e+00 -3.0839e+00
469 +1.687727099e+00 +1.687727099e+00 +2.669677271e+02 +2.669677271e+02 +2.0559e+00 -6.3594e-01 +9.7366e-01 -1.9745e+00 -2.9247e+00
491 +1.621710434e+00 +1.621710434e+00 +2.669017104e+02 +2.669017104e+02 +2.0073e+00 -6.1640e-01 +9.5634e-01 -1.9541e+00 -2.8447e+00
