% function evaluation | noise-free fitness - Fopt (-1.694000000000e+01) | best noise-free fitness - Fopt | measured fitness | best measured fitness | x1 | x2...
1 +1.211093376e+01 +1.211093376e+01 -4.829066242e+00 -4.829066242e+00 +0.0000e+00 +0.0000e+00 +0.0000e+00
2 +1.021740429e+01 +1.021740429e+01 -6.722595713e+00 -6.722595713e+00 +1.0385e+00 +1.2250e+00 -5.7563e-01
18 +4.623738258e+00 +4.623738258e+00 -1.231626174e+01 -1.231626174e+01 +2.8515e+00 +9.9407e-01 -1.7588e-01
49 +3.002858188e+00 +3.002858188e+00 -1.393714181e+01 -1.393714181e+01 +2.5091e+00 +3.8422e-01 -7.2461e-01
72 +2.323020766e+00 +2.323020766e+00 -1.461697923e+01 -1.461697923e+01 +3.3595e+00 +9.1489e-01 -8.5139e-01
113 +1.530447825e+00 +1.530447825e+00 -1.540955218e+01 -1.540955218e+01 +3.6169e+00 +2.1833e+00 -1.0131e+00
114 +1.257628448e+00 +1.257628448e+00 -1.568237155e+01 -1.568237155e+01 +3.4754e+00 +1.7657e+00 -1.3440e+00
123 +6.415296879e-01 +6.415296879e-01 -1.629847031e+01 -1.629847031e+01 +3.3674e+00 +2.4605e+00 -1.7287e+00
135 +5.309844332e-01 +5.309844332e-01 -1.640901557e+01 -1.640901557e+01 +3.7741e+00 +2.3064e+00 -1.4578e+00
136 +2.516871069e-01 +2.516871069e-01 -1.668831289e+01 -1.668831289e+01 +3.8249e+00 +2.6624e+00 -1.6294e+00
150 +1.780442679e-01 +1.780442679e-01 -1.676195573e+01 -1.676195573e+01 +3.7459e+00 +2.7415e+00 -1.6174e+00
207 +9.593352065e-02 +9.593352065e-02 -1.684406648e+01 -1.684406648e+01 +3.7269e+00 +2.6666e+00 -1.6027e+00
241 +8.325418455e-02 +8.325418455e-02 -1.685674582e+01 -1.685674582e+01 +3.6243e+00 +2.5636e+00 -1.5681e+00
247 +8.044914875e-02 +8.044914875e-02 -1.685955085e+01 -1.685955085e+01 +3.6473e+00 +2.5249e+00 -1.5431e+00
253 +6.997098773e-02 +6.997098773e-02 -1.687002901e+01 -1.687002901e+01 +3.6117e+00 +2.5404e+00 -1.5591e+00
269 +6.507560798e-02 +6.507560798e-02 -1.687492439e+01 -1.687492439e+01 +3.6564e+00 +2.5013e+00 -1.5211e+00
381 +5.489840836e-02 +5.489840836e-02 -1.688510159e+01 -1.688510159e+01 +3.6183e+00 +2.5353e+00 -1.5184e+00
386 +3.768119337e-02 +3.768119337e-02 -1.690231881e+01 -1.690231881e+01 +3.6539e+00 +2.5739e+00 -1.5275e+00
414 +2.893187464e-02 +2.893187464e-02 -1.691106813e+01 -1.691106813e+01 +3.6405e+00 +2.5376e+00 -1.5239e+00
468 +2.592171520e-02 +2.592171520e-02 -1.691407828e+01 -1.691407828e+01 +3.6727e+00 +2.5757e+00 -1.5441e+00
494 +1.186054711e-02 +1.186054711e-02 -1.692813945e+01 -1.692813945e+01 +3.6724e+00 +2.5697e+00 -1.5455e+00
582 +9.764464173e-03 +9.764464173e-03 -1.693023554e+01 -1.693023554e+01 +3.6638e+00 +2.5596e+00 -1.5382e+00
584 +7.038679502e-03 +7.038679502e-03 -1.693296132e+01 -1.693296132e+01 +3.6606e+00 +2.5539e+00 -1.5324e+00
593 +5.510362912e-03 +5.510362912e-03 -1.693448964e+01 -1.693448964e+01 +3.6597e+00 +2.5534e+00 -1.5329e+00
601 +5.059771800e-03 +5.059771800e-03 -1.693494023e+01 -1.693494023e+01 +3.6596e+00 +2.5543e+00 -1.5326e+00
607 +4.287928641e-03 +4.287928641e-03 -1.693571207e+01 -1.693571207e+01 +3.6601e+00 +2.5549e+00 -1.5337e+00
649 +3.584641501e-03 +3.584641501e-03 -1.693641536e+01 -1.693641536e+01 +3.6604e+00 +2.5545e+00 -1.5336e+00
782 +2.897188480e-03 +2.897188480e-03 -1.693710281e+01 -1.693710281e+01 +3.6598e+00 +2.5546e+00 -1.5333e+00
805 +2.620425386e-03 +2.620425386e-03 -1.693737957e+01 -1.693737957e+01 +3.6600e+00 +2.5545e+00 -1.5333e+00
816 +2.508261855e-03 +2.508261855e-03 -1.693749174e+01 -1.693749174e+01 +3.6599e+00 +2.5545e+00 -1.5333e+00
862 +2.383532326e-03 +2.383532326e-03 -1.693761647e+01 -1.693761647e+01 +3.6599e+00 +2.5545e+00 -1.5333e+00
872 +2.186785171e-03 +2.186785171e-03 -1.693781321e+01 -1.693781321e+01 +3.6599e+00 +2.5545e+00 -1.5333e+00
876 +2.134839894e-03 +2.134839894e-03 -1.693786516e+01 -1.693786516e+01 +3.6600e+00 +2.5546e+00 -1.5334e+00
966 +2.048853900e-03 +2.048853900e-03 -1.693795115e+01 -1.693795115e+01 +3.6599e+00 +2.5545e+00 -1.5333e+00
1019 +2.028661968e-03 +2.028661968e-03 -1.693797134e+01 -1.693797134e+01 +3.6599e+00 +2.5545e+00 -1.5333e+00
1098 +1.988077894e-03 +1.988077894e-03 -1.693801192e+01 -1.693801192e+01 +3.6599e+00 +2.5545e+00 -1.5333e+00
1124 +1.943297181e-03 +1.943297181e-03 -1.693805670e+01 -1.693805670e+01 +3.6599e+00 +2.5545e+00 -1.5333e+00
% function evaluation | noise-free fitness - Fopt (1.881000000000e+01) | best noise-free fitness - Fopt | measured fitness | best measured fitness | x1 | x2...
1 +7.368870554e+00 +7.368870554e+00 +2.617887055e+01 +2.617887055e+01 +0.0000e+00 +0.0000e+00 +0.0000e+00
4 +1.829357465e+00 +1.829357465e+00 +2.063935746e+01 +2.063935746e+01 -8.3622e-01 +1.8626e+00 -1.0892e+00
35 +1.563654346e+00 +1.563654346e+00 +2.037365435e+01 +2.037365435e+01 -4.2510e-01 +1.9278e+00 -3.9641e-01
44 +7.271939042e-01 +7.271939042e-01 +1.953719390e+01 +1.953719390e+01 -2.1748e-01 +1.9290e+00 -7.0095e-01
77 +5.829640048e-01 +5.829640048e-01 +1.939296400e+01 +1.939296400e+01 -2.2194e-01 +1.9492e+00 -8.3521e-01
112 +4.598651333e-01 +4.598651333e-01 +1.926986513e+01 +1.926986513e+01 -5.3636e-01 +1.5976e+00 -5.5613e-01
125 +3.557187666e-01 +3.557187666e-01 +1.916571877e+01 +1.916571877e+01 -3.6748e-01 +1.6664e+00 -5.5209e-01
146 +2.894367856e-01 +2.894367856e-01 +1.909943679e+01 +1.909943679e+01 -4.2852e-01 +1.6604e+00 -7.2277e-01
190 +2.290419011e-01 +2.290419011e-01 +1.903904190e+01 +1.903904190e+01 -3.4697e-01 +1.7064e+00 -7.3863e-01
192 +1.925212351e-01 +1.925212351e-01 +1.900252124e+01 +1.900252124e+01 -3.3706e-01 +1.7325e+00 -7.2719e-01
197 +1.213991981e-01 +1.213991981e-01 +1.893139920e+01 +1.893139920e+01 -3.3039e-01 +1.7154e+00 -7.2458e-01
214 +1.129608661e-01 +1.129608661e-01 +1.892296087e+01 +1.892296087e+01 -2.4021e-01 +1.7409e+00 -7.7735e-01
224 +1.088664470e-01 +1.088664470e-01 +1.891886645e+01 +1.891886645e+01 -2.2269e-01 +1.7368e+00 -7.8333e-01
235 +9.919211231e-02 +9.919211231e-02 +1.890919211e+01 +1.890919211e+01 -2.3992e-01 +1.7145e+00 -7.8304e-01
242 +4.922955549e-02 +4.922955549e-02 +1.885922956e+01 +1.885922956e+01 -2.7694e-01 +1.7353e+00 -7.5530e-01
364 +4.518563502e-02 +4.518563502e-02 +1.885518564e+01 +1.885518564e+01 -2.7566e-01 +1.7399e+00 -7.4880e-01
379 +4.317000946e-02 +4.317000946e-02 +1.885317001e+01 +1.885317001e+01 -2.8035e-01 +1.7354e+00 -7.4678e-01
411 +3.916222508e-02 +3.916222508e-02 +1.884916223e+01 +1.884916223e+01 -2.7272e-01 +1.7355e+00 -7.5012e-01
453 +3.416355695e-02 +3.416355695e-02 +1.884416356e+01 +1.884416356e+01 -2.7608e-01 +1.7337e+00 -7.4776e-01
532 +3.367051845e-02 +3.367051845e-02 +1.884367052e+01 +1.884367052e+01 -2.7304e-01 +1.7357e+00 -7.5064e-01
552 +2.824587090e-02 +2.824587090e-02 +1.883824587e+01 +1.883824587e+01 -2.7311e-01 +1.7359e+00 -7.5070e-01
613 +2.797999018e-02 +2.797999018e-02 +1.883797999e+01 +1.883797999e+01 -2.7356e-01 +1.7359e+00 -7.5032e-01
652 +2.624918693e-02 +2.624918693e-02 +1.883624919e+01 +1.883624919e+01 -2.7356e-01 +1.7358e+00 -7.5031e-01
868 +2.548909534e-02 +2.548909534e-02 +1.883548910e+01 +1.883548910e+01 -2.7358e-01 +1.7358e+00 -7.5029e-01
% function evaluation | noise-free fitness - Fopt (2.731500000000e+02) | best noise-free fitness - Fopt | measured fitness | best measured fitness | x1 | x2...
1 +2.070232976e+01 +2.070232976e+01 +2.938523298e+02 +2.938523298e+02 +0.0000e+00 +0.0000e+00 +0.0000e+00
8 +1.349113355e+01 +1.349113355e+01 +2.866411335e+02 +2.866411335e+02 -1.7589e+00 +4.2510e-01 -2.4928e-01
14 +9.415919833e+00 +9.415919833e+00 +2.825659198e+02 +2.825659198e+02 -2.4650e+00 +1.1699e+00 +1.4431e+00
15 +7.559149187e+00 +7.559149187e+00 +2.807091492e+02 +2.807091492e+02 -2.4483e+00 +1.0024e+00 -1.4758e-01
22 +4.464380429e+00 +4.464380429e+00 +2.776143804e+02 +2.776143804e+02 -4.4118e+00 +1.7194e+00 -2.8618e-01
25 +2.689618236e+00 +2.689618236e+00 +2.758396182e+02 +2.758396182e+02 -3.9811e+00 +2.1433e+00 +1.8639e-01
42 +1.538169719e+00 +1.538169719e+00 +2.746881697e+02 +2.746881697e+02 -5.0188e+00 +1.8531e+00 -5.2916e-01
59 +1.337261318e+00 +1.337261318e+00 +2.744872613e+02 +2.744872613e+02 -3.5748e+00 +2.6309e+00 -6.3085e-01
70 +1.087266473e+00 +1.087266473e+00 +2.742372665e+02 +2.742372665e+02 -3.4421e+00 +4.1063e+00 -7.3458e-01
83 +9.179038047e-01 +9.179038047e-01 +2.740679038e+02 +2.740679038e+02 -3.4532e+00 +3.5219e+00 -7.7859e-01
124 +9.064595472e-01 +9.064595472e-01 +2.740564595e+02 +2.740564595e+02 -3.7029e+00 +4.0678e+00 -2.9965e-01
126 +8.296415081e-01 +8.296415081e-01 +2.739796415e+02 +2.739796415e+02 -3.6955e+00 +3.1854e+00 -5.1448e-01
133 +6.186698290e-01 +6.186698290e-01 +2.737686698e+02 +2.737686698e+02 -3.6251e+00 +3.5596e+00 -6.5760e-01
145 +1.767527058e-01 +1.767527058e-01 +2.733267527e+02 +2.733267527e+02 -3.6243e+00 +3.6206e+00 -5.2688e-01
191 +1.624488021e-01 +1.624488021e-01 +2.733124488e+02 +2.733124488e+02 -3.6310e+00 +3.7614e+00 -4.0468e-01
272 +1.514773637e-01 +1.514773637e-01 +2.733014774e+02 +2.733014774e+02 -3.5034e+00 +3.7522e+00 -4.2008e-01
288 +1.300954036e-01 +1.300954036e-01 +2.732800954e+02 +2.732800954e+02 -3.5695e+00 +3.7241e+00 -4.9624e-01
296 +3.864881626e-02 +3.864881626e-02 +2.731886488e+02 +2.731886488e+02 -3.5607e+00 +3.7500e+00 -4.6595e-01
311 +2.176825020e-02 +2.176825020e-02 +2.731717683e+02 +2.731717683e+02 -3.5715e+00 +3.7600e+00 -4.7958e-01
349 +1.834431330e-02 +1.834431330e-02 +2.731683443e+02 +2.731683443e+02 -3.5710e+00 +3.7650e+00 -4.7908e-01
357 +1.383902655e-02 +1.383902655e-02 +2.731638390e+02 +2.731638390e+02 -3.5792e+00 +3.7605e+00 -4.7625e-01
367 +5.147877407e-03 +5.147877407e-03 +2.731551479e+02 +2.731551479e+02 -3.5770e+00 +3.7522e+00 -4.7795e-01
434 +1.746653451e-03 +1.746653451e-03 +2.731517467e+02 +2.731517467e+02 -3.5788e+00 +3.7535e+00 -4.7900e-01
498 +6.684763861e-04 +6.684763861e-04 +2.731506685e+02 +2.731506685e+02 -3.5789e+00 +3.7534e+00 -4.7833e-01
% function evaluation | noise-free fitness - Fopt (3.718000000000e+01) | best noise-free fitness - Fopt | measured fitness | best measured fitness | x1 | x2...
1 +7.086277518e+00 +7.086277518e+00 +4.426627752e+01 +4.426627752e+01 +0.0000e+00 +0.0000e+00 +0.0000e+00
16 +5.765837675e+00 +5.765837675e+00 +4.294583768e+01 +4.294583768e+01 +1.0851e+00 +1.3188e+00 +2.6913e-01
33 +4.281068188e+00 +4.281068188e+00 +4.146106819e+01 +4.146106819e+01 -1.1139e+00 +1.4730e+00 +1.3332e+00
43 +3.632155953e+00 +3.632155953e+00 +4.081215595e+01 +4.081215595e+01 -3.9756e+00 +2.2952e+00 +1.0165e+00
53 +2.568108370e+00 +2.568108370e+00 +3.974810837e+01 +3.974810837e+01 -1.9690e+00 +1.5623e+00 +1.4095e+00
63 +1.985778831e+00 +1.985778831e+00 +3.916577883e+01 +3.916577883e+01 -3.2300e+00 +2.3867e+00 +3.0408e+00
93 +1.808777840e+00 +1.808777840e+00 +3.898877784e+01 +3.898877784e+01 -3.1746e+00 +2.3039e+00 +2.4824e+00
96 +1.400563676e+00 +1.400563676e+00 +3.858056368e+01 +3.858056368e+01 -3.3129e+00 +2.3007e+00 +1.8306e+00
103 +1.083896955e+00 +1.083896955e+00 +3.826389696e+01 +3.826389696e+01 -3.2601e+00 +2.2147e+00 +2.3087e+00
113 +9.328618505e-01 +9.328618505e-01 +3.811286185e+01 +3.811286185e+01 -3.3304e+00 +2.5325e+00 +2.2470e+00
123 +5.828910913e-01 +5.828910913e-01 +3.776289109e+01 +3.776289109e+01 -2.8961e+00 +2.3046e+00 +1.9533e+00
167 +5.567008266e-01 +5.567008266e-01 +3.773670083e+01 +3.773670083e+01 -3.1954e+00 +2.2815e+00 +2.2523e+00
188 +3.064842947e-01 +3.064842947e-01 +3.748648429e+01 +3.748648429e+01 -3.8215e+00 +2.1446e+00 +2.1808e+00
195 +2.817220838e-01 +2.817220838e-01 +3.746172208e+01 +3.746172208e+01 -3.8111e+00 +2.0633e+00 +2.1059e+00
211 +1.615796367e-01 +1.615796367e-01 +3.734157964e+01 +3.734157964e+01 -3.7246e+00 +2.0914e+00 +2.0716e+00
215 +1.359887818e-01 +1.359887818e-01 +3.731598878e+01 +3.731598878e+01 -3.8640e+00 +2.1069e+00 +2.0931e+00
225 +4.671348184e-02 +4.671348184e-02 +3.722671348e+01 +3.722671348e+01 -3.8642e+00 +2.0520e+00 +2.0483e+00
315 +4.442003122e-02 +4.442003122e-02 +3.722442003e+01 +3.722442003e+01 -3.8463e+00 +2.0805e+00 +2.0609e+00
318 +4.271294022e-02 +4.271294022e-02 +3.722271294e+01 +3.722271294e+01 -3.8694e+00 +2.0773e+00 +2.0526e+00
325 +3.154104486e-02 +3.154104486e-02 +3.721154104e+01 +3.721154104e+01 -3.9002e+00 +2.0787e+00 +2.0284e+00
329 +1.001008661e-02 +1.001008661e-02 +3.719001009e+01 +3.719001009e+01 -3.8933e+00 +2.0624e+00 +2.0440e+00
429 +4.971852964e-03 +4.971852964e-03 +3.718497185e+01 +3.718497185e+01 -3.9014e+00 +2.0600e+00 +2.0410e+00
563 +3.395157433e-03 +3.395157433e-03 +3.718339516e+01 +3.718339516e+01 -3.9017e+00 +2.0585e+00 +2.0399e+00
564 +2.754916982e-03 +2.754916982e-03 +3.718275492e+01 +3.718275492e+01 -3.8980e+00 +2.0592e+00 +2.0403e+00
572 +2.082671279e-03 +2.082671279e-03 +3.718208267e+01 +3.718208267e+01 -3.8989e+00 +2.0591e+00 +2.0398e+00
585 +3.028674247e-04 +3.028674247e-04 +3.718030287e+01 +3.718030287e+01 -3.8994e+00 +2.0599e+00 +2.0400e+00
734 +2.895840644e-04 +2.895840644e-04 +3.718028958e+01 +3.718028958e+01 -3.8994e+00 +2.0600e+00 +2.0400e+00
746 +2.599098362e-04 +2.599098362e-04 +3.718025991e+01 +3.718025991e+01 -3.8991e+00 +2.0600e+00 +2.0400e+00
752 +2.376388155e-04 +2.376388155e-04 +3.718023764e+01 +3.718023764e+01 -3.8992e+00 +2.0599e+00 +2.0399e+00
780 +2.322753437e-04 +2.322753437e-04 +3.718023228e+01 +3.718023228e+01 -3.8994e+00 +2.0599e+00 +2.0400e+00
% function evaluation | noise-free fitness - Fopt (-1.479000000000e+02) | best noise-free fitness - Fopt | measured fitness | best measured fitness | x1 | x2...
1 +4.994380238e+00 +4.994380238e+00 -1.429056198e+02 -1.429056198e+02 +0.0000e+00 +0.0000e+00 +0.0000e+00
7 +4.633073478e+00 +4.633073478e+00 -1.432669265e+02 -1.432669265e+02 -1.5203e+00 -9.3620e-01 -6.3572e-01
13 +2.162974260e+00 +2.162974260e+00 -1.457370257e+02 -1.457370257e+02 -1.6244e+00 -1.0510e+00 -1.0930e+00
18 +1.161305160e+00 +1.161305160e+00 -1.467386948e+02 -1.467386948e+02 -1.4924e+00 -2.0081e-01 +1.1082e+00
23 +6.041156084e-01 +6.041156084e-01 -1.472958844e+02 -1.472958844e+02 -1.9509e+00 +1.9820e-01 +1.4292e+00
81 +2.287785578e-01 +2.287785578e-01 -1.476712214e+02 -1.476712214e+02 -1.6530e+00 +6.6283e-02 +1.0242e+00
134 +2.195592083e-01 +2.195592083e-01 -1.476804408e+02 -1.476804408e+02 -1.7539e+00 +1.3132e-01 +9.7089e-01
190 +2.179491400e-01 +2.179491400e-01 -1.476820509e+02 -1.476820509e+02 -1.7756e+00 +2.0818e-01 +1.2358e+00
193 +2.050237025e-01 +2.050237025e-01 -1.476949763e+02 -1.476949763e+02 -1.7610e+00 +1.7566e-01 +1.2375e+00
207 +1.694054522e-01 +1.694054522e-01 -1.477305945e+02 -1.477305945e+02 -1.7434e+00 +2.1270e-01 +1.2696e+00
215 +1.634466772e-01 +1.634466772e-01 -1.477365533e+02 -1.477365533e+02 -1.7440e+00 +2.4887e-01 +1.1828e+00
257 +1.535352721e-01 +1.535352721e-01 -1.477464647e+02 -1.477464647e+02 -1.7158e+00 +2.4179e-01 +1.2285e+00
263 +1.465654906e-01 +1.465654906e-01 -1.477534345e+02 -1.477534345e+02 -1.6817e+00 +2.2459e-01 +1.2787e+00
274 +1.078246110e-01 +1.078246110e-01 -1.477921754e+02 -1.477921754e+02 -1.6977e+00 +2.3112e-01 +1.2381e+00
301 +1.006731997e-01 +1.006731997e-01 -1.477993268e+02 -1.477993268e+02 -1.6814e+00 +2.3467e-01 +1.2356e+00
304 +9.871402646e-02 +9.871402646e-02 -1.478012860e+02 -1.478012860e+02 -1.6866e+00 +2.3210e-01 +1.2326e+00
308 +8.356423402e-02 +8.356423402e-02 -1.478164358e+02 -1.478164358e+02 -1.6791e+00 +2.2299e-01 +1.2393e+00
396 +7.706892619e-02 +7.706892619e-02 -1.478229311e+02 -1.478229311e+02 -1.6817e+00 +1.9949e-01 +1.2513e+00
406 +5.791130917e-02 +5.791130917e-02 -1.478420887e+02 -1.478420887e+02 -1.6831e+00 +2.0123e-01 +1.2383e+00
407 +4.944876443e-02 +4.944876443e-02 -1.478505512e+02 -1.478505512e+02 -1.6767e+00 +2.0036e-01 +1.2483e+00
411 +4.004345870e-02 +4.004345870e-02 -1.478599565e+02 -1.478599565e+02 -1.6786e+00 +2.0402e-01 +1.2442e+00
429 +3.563506026e-02 +3.563506026e-02 -1.478643649e+02 -1.478643649e+02 -1.6795e+00 +2.0545e-01 +1.2470e+00
506 +3.217827184e-02 +3.217827184e-02 -1.478678217e+02 -1.478678217e+02 -1.6804e+00 +2.0449e-01 +1.2464e+00
517 +3.147830699e-02 +3.147830699e-02 -1.478685217e+02 -1.478685217e+02 -1.6806e+00 +2.0417e-01 +1.2459e+00
542 +2.957722910e-02 +2.957722910e-02 -1.478704228e+02 -1.478704228e+02 -1.6802e+00 +2.0460e-01 +1.2474e+00
625 +2.684222993e-02 +2.684222993e-02 -1.478731578e+02 -1.478731578e+02 -1.6805e+00 +2.0447e-01 +1.2467e+00
709 +2.615058737e-02 +2.615058737e-02 -1.478738494e+02 -1.478738494e+02 -1.6804e+00 +2.0430e-01 +1.2464e+00
736 +2.535586062e-02 +2.535586062e-02 -1.478746441e+02 -1.478746441e+02 -1.6804e+00 +2.0426e-01 +1.2464e+00
866 +2.466988121e-02 +2.466988121e-02 -1.478753301e+02 -1.478753301e+02 -1.6804e+00 +2.0418e-01 +1.2463e+00
1248 +2.454249563e-02 +2.454249563e-02 -1.478754575e+02 -1.478754575e+02 -1.6804e+00 +2.0418e-01 +1.2462e+00
% function evaluation | noise-free fitness - Fopt (2.173800000000e+02) | best noise-free fitness - Fopt | measured fitness | best measured fitness | x1 | x2...
1 +5.210031615e+00 +5.210031615e+00 +2.225900316e+02 +2.225900316e+02 +0.0000e+00 +0.0000e+00 +0.0000e+00
12 +2.866453587e+00 +2.866453587e+00 +2.202464536e+02 +2.202464536e+02 +4.2554e-01 -1.7244e+00 -3.3476e-01
26 +2.655008468e+00 +2.655008468e+00 +2.200350085e+02 +2.200350085e+02 +5.0272e-01 -2.0678e+00 +5.4721e-01
44 +2.140579586e+00 +2.140579586e+00 +2.195205796e+02 +2.195205796e+02 -6.7072e-02 -3.0923e+00 -8.8091e-01
59 +1.853429730e+00 +1.853429730e+00 +2.192334297e+02 +2.192334297e+02 -2.4559e-01 -2.9285e+00 -1.7739e+00
70 +5.160973833e-01 +5.160973833e-01 +2.178960974e+02 +2.178960974e+02 +9.5002e-02 -3.5512e+00 -1.9841e+00
104 +4.636029036e-01 +4.636029036e-01 +2.178436029e+02 +2.178436029e+02 +2.8420e-01 -3.2465e+00 -1.9065e+00
105 +4.180103461e-01 +4.180103461e-01 +2.177980103e+02 +2.177980103e+02 +3.9035e-02 -3.3436e+00 -1.8171e+00
162 +3.513272980e-01 +3.513272980e-01 +2.177313273e+02 +2.177313273e+02 -4.3846e-02 -3.2540e+00 -1.9510e+00
184 +3.396046122e-01 +3.396046122e-01 +2.177196046e+02 +2.177196046e+02 +5.8926e-02 -3.5292e+00 -1.8924e+00
186 +1.858230533e-01 +1.858230533e-01 +2.175658231e+02 +2.175658231e+02 +5.1285e-02 -3.4242e+00 -2.0423e+00
200 +1.227064065e-01 +1.227064065e-01 +2.175027064e+02 +2.175027064e+02 +7.5665e-02 -3.4097e+00 -1.9662e+00
216 +9.492634530e-02 +9.492634530e-02 +2.174749263e+02 +2.174749263e+02 -3.1360e-02 -3.4204e+00 -2.0062e+00
262 +9.036084844e-02 +9.036084844e-02 +2.174703608e+02 +2.174703608e+02 +2.8915e-02 -3.3313e+00 -1.9952e+00
275 +1.050790058e-02 +1.050790058e-02 +2.173905079e+02 +2.173905079e+02 +4.6437e-02 -3.3688e+00 -1.9608e+00
431 +8.008152036e-03 +8.008152036e-03 +2.173880082e+02 +2.173880082e+02 +4.7405e-02 -3.3637e+00 -1.9528e+00
435 +6.509854133e-03 +6.509854133e-03 +2.173865099e+02 +2.173865099e+02 +4.9592e-02 -3.3650e+00 -1.9573e+00
472 +2.478087567e-03 +2.478087567e-03 +2.173824781e+02 +2.173824781e+02 +4.9227e-02 -3.3655e+00 -1.9570e+00
517 +1.661354400e-03 +1.661354400e-03 +2.173816614e+02 +2.173816614e+02 +4.9537e-02 -3.3671e+00 -1.9577e+00
528 +1.559728623e-03 +1.559728623e-03 +2.173815597e+02 +2.173815597e+02 +4.9851e-02 -3.3661e+00 -1.9570e+00
546 +1.255136181e-03 +1.255136181e-03 +2.173812551e+02 +2.173812551e+02 +4.9222e-02 -3.3669e+00 -1.9576e+00
554 +1.202659643e-03 +1.202659643e-03 +2.173812027e+02 +2.173812027e+02 +5.0057e-02 -3.3663e+00 -1.9569e+00
555 +1.187460295e-03 +1.187460295e-03 +2.173811875e+02 +2.173811875e+02 +4.9181e-02 -3.3673e+00 -1.9574e+00
562 +1.082565113e-03 +1.082565113e-03 +2.173810826e+02 +2.173810826e+02 +4.9571e-02 -3.3672e+00 -1.9574e+00
571 +4.298800259e-04 +4.298800259e-04 +2.173804299e+02 +2.173804299e+02 +4.9431e-02 -3.3665e+00 -1.9568e+00
621 +2.405135579e-04 +2.405135579e-04 +2.173802405e+02 +2.173802405e+02 +4.9529e-02 -3.3663e+00 -1.9567e+00
699 +2.300319117e-04 +2.300319117e-04 +2.173802300e+02 +2.173802300e+02 +4.9715e-02 -3.3664e+00 -1.9568e+00
725 +9.902751566e-05 +9.902751566e-05 +2.173800990e+02 +2.173800990e+02 +4.9638e-02 -3.3664e+00 -1.9568e+00
732 +8.427388406e-05 +8.427388406e-05 +2.173800843e+02 +2.173800843e+02 +4.9626e-02 -3.3664e+00 -1.9568e+00
740 +7.438957292e-05 +7.438957292e-05 +2.173800744e+02 +2.173800744e+02 +4.9618e-02 -3.3664e+00 -1.9568e+00
759 +3.349100169e-05 +3.349100169e-05 +2.173800335e+02 +2.173800335e+02 +4.9606e-02 -3.3664e+00 -1.9568e+00
798 +3.055192360e-05 +3.055192360e-05 +2.173800306e+02 +2.173800306e+02 +4.9579e-02 -3.3664e+00 -1.9568e+00
811 +2.908400768e-05 +2.908400768e-05 +2.173800291e+02 +2.173800291e+02 +4.9597e-02 -3.3664e+00 -1.9568e+00
893 +2.883179513e-05 +2.883179513e-05 +2.173800288e+02 +2.173800288e+02 +4.9584e-02 -3.3664e+00 -1.9568e+00
899 +1.431139131e-05 +1.431139131e-05 +2.173800143e+02 +2.173800143e+02 +4.9592e-02 -3.3664e+00 -1.9568e+00
% function evaluation | noise-free fitness - Fopt (1.946900000000e+02) | best noise-free fitness - Fopt | measured fitness | best measured fitness | x1 | x2...
1 +1.091199041e+01 +1.091199041e+01 +2.056019904e+02 +2.056019904e+02 +0.0000e+00 +0.0000e+00 +0.0000e+00
6 +6.016566392e+00 +6.016566392e+00 +2.007065664e+02 +2.007065664e+02 -8.3017e-01 -1.2055e+00 -4.3728e-02
25 +3.800634870e+00 +3.800634870e+00 +1.984906349e+02 +1.984906349e+02 -1.7870e+00 -1.2266e+00 +1.4066e+00
45 +2.709825520e+00 +2.709825520e+00 +1.973998255e+02 +1.973998255e+02 -2.0896e+00 -1.0761e+00 +1.5374e+00
56 +1.073442027e+00 +1.073442027e+00 +1.957634420e+02 +1.957634420e+02 -2.3683e+00 -1.1070e+00 +2.1651e+00
62 +6.278276561e-01 +6.278276561e-01 +1.953178277e+02 +1.953178277e+02 -2.0620e+00 -8.1431e-01 +2.6957e+00
93 +5.392420382e-01 +5.392420382e-01 +1.952292420e+02 +1.952292420e+02 -1.9756e+00 -1.0298e+00 +2.4391e+00
127 +4.940953204e-01 +4.940953204e-01 +1.951840953e+02 +1.951840953e+02 -2.0662e+00 -8.8159e-01 +2.9194e+00
156 +4.523795449e-01 +4.523795449e-01 +1.951423795e+02 +1.951423795e+02 -2.0430e+00 -8.4773e-01 +3.1633e+00
174 +2.541653444e-01 +2.541653444e-01 +1.949441653e+02 +1.949441653e+02 -1.8741e+00 -9.1662e-01 +2.9238e+00
175 +2.458651054e-01 +2.458651054e-01 +1.949358651e+02 +1.949358651e+02 -1.7133e+00 -8.5826e-01 +3.1091e+00
183 +1.675020336e-01 +1.675020336e-01 +1.948575020e+02 +1.948575020e+02 -1.6687e+00 -8.4881e-01 +3.0545e+00
195 +1.503513556e-01 +1.503513556e-01 +1.948403514e+02 +1.948403514e+02 -1.7278e+00 -9.2291e-01 +3.0262e+00
196 +1.117227461e-01 +1.117227461e-01 +1.948017227e+02 +1.948017227e+02 -1.7224e+00 -8.6043e-01 +3.0853e+00
206 +9.177828556e-02 +9.177828556e-02 +1.947817783e+02 +1.947817783e+02 -1.7929e+00 -8.7531e-01 +3.0151e+00
218 +8.576154613e-02 +8.576154613e-02 +1.947757615e+02 +1.947757615e+02 -1.8056e+00 -8.7646e-01 +2.9798e+00
224 +6.916479343e-02 +6.916479343e-02 +1.947591648e+02 +1.947591648e+02 -1.7558e+00 -8.4694e-01 +2.9784e+00
247 +4.560179992e-02 +4.560179992e-02 +1.947356018e+02 +1.947356018e+02 -1.7551e+00 -8.6218e-01 +2.9659e+00
283 +2.433776139e-02 +2.433776139e-02 +1.947143378e+02 +1.947143378e+02 -1.7374e+00 -8.7718e-01 +2.9791e+00
301 +1.629866968e-02 +1.629866968e-02 +1.947062987e+02 +1.947062987e+02 -1.7464e+00 -8.7775e-01 +2.9801e+00
311 +1.226980036e-02 +1.226980036e-02 +1.947022698e+02 +1.947022698e+02 -1.7488e+00 -8.7593e-01 +2.9893e+00
326 +3.557522871e-03 +3.557522871e-03 +1.946935575e+02 +1.946935575e+02 -1.7435e+00 -8.7751e-01 +2.9840e+00
404 +3.114149816e-03 +3.114149816e-03 +1.946931141e+02 +1.946931141e+02 -1.7459e+00 -8.7609e-01 +2.9846e+00
492 +2.071875970e-03 +2.071875970e-03 +1.946920719e+02 +1.946920719e+02 -1.7449e+00 -8.7782e-01 +2.9883e+00
525 +1.885180244e-03 +1.885180244e-03 +1.946918852e+02 +1.946918852e+02 -1.7447e+00 -8.7788e-01 +2.9883e+00
594 +1.567298099e-03 +1.567298099e-03 +1.946915673e+02 +1.946915673e+02 -1.7445e+00 -8.7728e-01 +2.9883e+00
602 +1.276740490e-03 +1.276740490e-03 +1.946912767e+02 +1.946912767e+02 -1.7446e+00 -8.7754e-01 +2.9882e+00
629 +1.239602303e-03 +1.239602303e-03 +1.946912396e+02 +1.946912396e+02 -1.7445e+00 -8.7753e-01 +2.9884e+00
664 +1.146336810e-03 +1.146336810e-03 +1.946911463e+02 +1.946911463e+02 -1.7445e+00 -8.7739e-01 +2.9884e+00
670 +9.331326416e-04 +9.331326416e-04 +1.946909331e+02 +1.946909331e+02 -1.7445e+00 -8.7742e-01 +2.9884e+00
744 +9.102069760e-04 +9.102069760e-04 +1.946909102e+02 +1.946909102e+02 -1.7445e+00 -8.7741e-01 +2.9884e+00
764 +7.954070199e-04 +7.954070199e-04 +1.946907954e+02 +1.946907954e+02 -1.7445e+00 -8.7741e-01 +2.9884e+00
% function evaluation | noise-free fitness - Fopt (-9.443000000000e+01) | best noise-free fitness - Fopt | measured fitness | best measured fitness | x1 | x2...
1 +9.718374102e+00 +9.718374102e+00 -8.471162590e+01 -8.471162590e+01 +0.0000e+00 +0.0000e+00 +0.0000e+00
3 +5.843248366e+00 +5.843248366e+00 -8.858675163e+01 -8.858675163e+01 +1.0489e+00 -1.5520e+00 +2.8578e-01
8 +3.507718277e+00 +3.507718277e+00 -9.092228172e+01 -9.092228172e+01 +7.5536e-01 +2.0816e-01 +9.6902e-01
17 +1.319592512e+00 +1.319592512e+00 -9.311040749e+01 -9.311040749e+01 -3.0460e-01 +2.4957e-01 +1.9673e+00
32 +1.081416733e+00 +1.081416733e+00 -9.334858327e+01 -9.334858327e+01 -1.9108e-01 +5.0058e-01 +2.0869e+00
54 +5.551578432e-01 +5.551578432e-01 -9.387484216e+01 -9.387484216e+01 -2.1821e-01 +3.0322e-01 +2.5080e+00
66 +4.073157140e-01 +4.073157140e-01 -9.402268429e+01 -9.402268429e+01 +6.6804e-03 +1.5199e-01 +2.5704e+00
89 +2.401446555e-01 +2.401446555e-01 -9.418985534e+01 -9.418985534e+01 -7.1622e-02 +2.1177e-01 +2.3592e+00
90 +1.667358051e-01 +1.667358051e-01 -9.426326419e+01 -9.426326419e+01 -2.3435e-01 +2.2272e-01 +2.4043e+00
99 +1.597850460e-01 +1.597850460e-01 -9.427021495e+01 -9.427021495e+01 -1.1286e-01 +1.9881e-01 +2.5118e+00
237 +1.356590579e-01 +1.356590579e-01 -9.429434094e+01 -9.429434094e+01 -3.4043e-02 +2.2475e-01 +2.5920e+00
302 +9.439790815e-02 +9.439790815e-02 -9.433560209e+01 -9.433560209e+01 -1.2782e-01 +1.9895e-01 +2.4285e+00
345 +8.974051453e-02 +8.974051453e-02 -9.434025949e+01 -9.434025949e+01 -1.5821e-01 +2.3980e-01 +2.5126e+00
386 +5.831412583e-02 +5.831412583e-02 -9.437168587e+01 -9.437168587e+01 -1.1248e-01 +2.0746e-01 +2.4983e+00
406 +4.647315381e-02 +4.647315381e-02 -9.438352685e+01 -9.438352685e+01 -1.0752e-01 +2.1436e-01 +2.4789e+00
408 +3.131680033e-02 +3.131680033e-02 -9.439868320e+01 -9.439868320e+01 -1.1290e-01 +2.0396e-01 +2.4956e+00
415 +3.000921533e-02 +3.000921533e-02 -9.439999078e+01 -9.439999078e+01 -1.0130e-01 +2.0659e-01 +2.4913e+00
427 +2.424728318e-02 +2.424728318e-02 -9.440575272e+01 -9.440575272e+01 -1.1021e-01 +2.0268e-01 +2.4912e+00
449 +1.809265653e-02 +1.809265653e-02 -9.441190734e+01 -9.441190734e+01 -1.0787e-01 +2.0427e-01 +2.4957e+00
470 +1.547768032e-02 +1.547768032e-02 -9.441452232e+01 -9.441452232e+01 -1.0706e-01 +2.0305e-01 +2.4945e+00
477 +1.410494363e-02 +1.410494363e-02 -9.441589506e+01 -9.441589506e+01 -1.0620e-01 +2.0240e-01 +2.4949e+00
536 +1.379707609e-02 +1.379707609e-02 -9.441620292e+01 -9.441620292e+01 -1.0596e-01 +2.0342e-01 +2.4933e+00
543 +1.277667946e-02 +1.277667946e-02 -9.441722332e+01 -9.441722332e+01 -1.0596e-01 +2.0433e-01 +2.4938e+00
552 +1.254714703e-02 +1.254714703e-02 -9.441745285e+01 -9.441745285e+01 -1.0620e-01 +2.0412e-01 +2.4946e+00
562 +1.229164403e-02 +1.229164403e-02 -9.441770836e+01 -9.441770836e+01 -1.0609e-01 +2.0422e-01 +2.4940e+00
576 +1.159639843e-02 +1.159639843e-02 -9.441840360e+01 -9.441840360e+01 -1.0595e-01 +2.0376e-01 +2.4950e+00
578 +1.112756712e-02 +1.112756712e-02 -9.441887243e+01 -9.441887243e+01 -1.0639e-01 +2.0369e-01 +2.4937e+00
606 +9.735933831e-03 +9.735933831e-03 -9.442026407e+01 -9.442026407e+01 -1.0686e-01 +2.0389e-01 +2.4936e+00
616 +9.477656151e-03 +9.477656151e-03 -9.442052234e+01 -9.442052234e+01 -1.0656e-01 +2.0395e-01 +2.4939e+00
757 +8.990823773e-03 +8.990823773e-03 -9.442100918e+01 -9.442100918e+01 -1.0615e-01 +2.0390e-01 +2.4942e+00
774 +8.471846383e-03 +8.471846383e-03 -9.442152815e+01 -9.442152815e+01 -1.0616e-01 +2.0393e-01 +2.4942e+00
836 +8.082086144e-03 +8.082086144e-03 -9.442191791e+01 -9.442191791e+01 -1.0615e-01 +2.0392e-01 +2.4942e+00
% function evaluation | noise-free fitness - Fopt (-1.213000000000e+02) | best noise-free fitness - Fopt | measured fitness | best measured fitness | x1 | x2...
1 +1.145820535e+01 +1.145820535e+01 -1.098417947e+02 -1.098417947e+02 +0.0000e+00 +0.0000e+00 +0.0000e+00
4 +1.054242147e+01 +1.054242147e+01 -1.107575785e+02 -1.107575785e+02 +4.5732e-01 +8.0083e-01 +4.4426e-01
6 +6.286468699e+00 +6.286468699e+00 -1.150135313e+02 -1.150135313e+02 -3.8736e-02 +9.1016e-01 -1.9968e+00
16 +5.775489882e+00 +5.775489882e+00 -1.155245101e+02 -1.155245101e+02 +7.0025e-01 +6.3714e-01 -1.3769e+00
17 +4.958026229e+00 +4.958026229e+00 -1.163419738e+02 -1.163419738e+02 +1.9966e-01 +9.9012e-01 -1.0754e+00
25 +4.234634029e+00 +4.234634029e+00 -1.170653660e+02 -1.170653660e+02 -5.7433e-02 +2.0425e+00 -1.5659e+00
34 +3.109434687e+00 +3.109434687e+00 -1.181905653e+02 -1.181905653e+02 -6.0796e-01 +3.4120e+00 -2.2265e+00
38 +2.384389560e+00 +2.384389560e+00 -1.189156104e+02 -1.189156104e+02 -2.3862e-01 +3.5654e+00 -1.3067e+00
63 +1.993518078e+00 +1.993518078e+00 -1.193064819e+02 -1.193064819e+02 -8.3050e-01 +2.2749e+00 -1.6170e+00
64 +1.933012051e+00 +1.933012051e+00 -1.193669879e+02 -1.193669879e+02 -6.1445e-01 +1.8198e+00 -1.0500e+00
65 +1.695950671e+00 +1.695950671e+00 -1.196040493e+02 -1.196040493e+02 -2.3199e-01 +3.0198e+00 -1.5591e+00
77 +1.540889236e+00 +1.540889236e+00 -1.197591108e+02 -1.197591108e+02 -1.1096e+00 +2.3296e+00 -1.2186e+00
84 +1.116808432e+00 +1.116808432e+00 -1.201831916e+02 -1.201831916e+02 -6.2887e-01 +2.2639e+00 -1.0297e+00
94 +9.677798219e-01 +9.677798219e-01 -1.203322202e+02 -1.203322202e+02 -1.0958e+00 +2.9169e+00 -1.6296e+00
106 +8.285366635e-01 +8.285366635e-01 -1.204714633e+02 -1.204714633e+02 -1.1130e+00 +2.8022e+00 -1.6699e+00
108 +6.241180321e-01 +6.241180321e-01 -1.206758820e+02 -1.206758820e+02 -1.2627e+00 +3.4786e+00 -1.2862e+00
114 +5.333262495e-01 +5.333262495e-01 -1.207666738e+02 -1.207666738e+02 -1.2066e+00 +3.2961e+00 -1.3231e+00
158 +2.300298658e-01 +2.300298658e-01 -1.210699701e+02 -1.210699701e+02 -1.1036e+00 +3.1337e+00 -1.4876e+00
191 +1.650671396e-01 +1.650671396e-01 -1.211349329e+02 -1.211349329e+02 -1.2040e+00 +3.0687e+00 -1.4647e+00
199 +8.390908602e-02 +8.390908602e-02 -1.212160909e+02 -1.212160909e+02 -1.2129e+00 +3.1169e+00 -1.4972e+00
202 +5.760908612e-02 +5.760908612e-02 -1.212423909e+02 -1.212423909e+02 -1.2161e+00 +3.1542e+00 -1.5187e+00
234 +4.527343075e-02 +4.527343075e-02 -1.212547266e+02 -1.212547266e+02 -1.2664e+00 +3.1757e+00 -1.5197e+00
346 +3.467045000e-02 +3.467045000e-02 -1.212653296e+02 -1.212653296e+02 -1.2391e+00 +3.1404e+00 -1.5217e+00
366 +3.136706502e-02 +3.136706502e-02 -1.212686329e+02 -1.212686329e+02 -1.2478e+00 +3.1790e+00 -1.5260e+00
384 +1.479517000e-02 +1.479517000e-02 -1.212852048e+02 -1.212852048e+02 -1.2549e+00 +3.2073e+00 -1.5407e+00
396 +1.412877087e-02 +1.412877087e-02 -1.212858712e+02 -1.212858712e+02 -1.2537e+00 +3.2105e+00 -1.5402e+00
455 +1.344316394e-02 +1.344316394e-02 -1.212865568e+02 -1.212865568e+02 -1.2517e+00 +3.2120e+00 -1.5397e+00
480 +1.153728657e-02 +1.153728657e-02 -1.212884627e+02 -1.212884627e+02 -1.2528e+00 +3.2014e+00 -1.5339e+00
484 +1.018796918e-02 +1.018796918e-02 -1.212898120e+02 -1.212898120e+02 -1.2517e+00 +3.2002e+00 -1.5294e+00
495 +5.530339846e-03 +5.530339846e-03 -1.212944697e+02 -1.212944697e+02 -1.2556e+00 +3.2039e+00 -1.5314e+00
534 +3.081763487e-03 +3.081763487e-03 -1.212969182e+02 -1.212969182e+02 -1.2562e+00 +3.2033e+00 -1.5352e+00
550 +2.328244874e-03 +2.328244874e-03 -1.212976718e+02 -1.212976718e+02 -1.2558e+00 +3.2042e+00 -1.5338e+00
554 +1.232606085e-03 +1.232606085e-03 -1.212987674e+02 -1.212987674e+02 -1.2555e+00 +3.2058e+00 -1.5343e+00
652 +9.131525199e-04 +9.131525199e-04 -1.212990868e+02 -1.212990868e+02 -1.2551e+00 +3.2050e+00 -1.5346e+00
665 +6.820773042e-05 +6.820773042e-05 -1.212999318e+02 -1.212999318e+02 -1.2552e+00 +3.2048e+00 -1.5344e+00
858 +5.406938280e-05 +5.406938280e-05 -1.212999459e+02 -1.212999459e+02 -1.2552e+00 +3.2048e+00 -1.5344e+00
864 +4.170402141e-05 +4.170402141e-05 -1.212999583e+02 -1.212999583e+02 -1.2552e+00 +3.2048e+00 -1.5344e+00
866 +3.828236318e-05 +3.828236318e-05 -1.212999617e+02 -1.212999617e+02 -1.2552e+00 +3.2048e+00 -1.5344e+00
872 +2.919491810e-05 +2.919491810e-05 -1.212999708e+02 -1.212999708e+02 -1.2552e+00 +3.2048e+00 -1.5344e+00
888 +2.879003789e-05 +2.879003789e-05 -1.212999712e+02 -1.212999712e+02 -1.2552e+00 +3.2048e+00 -1.5344e+00
910 +1.526279434e-06 +1.526279434e-06 -1.212999985e+02 -1.212999985e+02 -1.2552e+00 +3.2048e+00 -1.5344e+00
1054 +1.290925496e-06 +1.290925496e-06 -1.212999987e+02 -1.212999987e+02 -1.2552e+00 +3.2048e+00 -1.5344e+00
1063 +4.706828918e-07 +4.706828918e-07 -1.212999995e+02 -1.212999995e+02 -1.2552e+00 +3.2048e+00 -1.5344e+00
1149 +4.285899706e-07 +4.285899706e-07 -1.212999996e+02 -1.212999996e+02 -1.2552e+00 +3.2048e+00 -1.5344e+00
1167 +3.914840079e-07 +3.914840079e-07 -1.212999996e+02 -1.212999996e+02 -1.2552e+00 +3.2048e+00 -1.5344e+00
1196 +3.808391256e-07 +3.808391256e-07 -1.212999996e+02 -1.212999996e+02 -1.2552e+00 +3.2048e+00 -1.5344e+00
1225 +3.724912290e-07 +3.724912290e-07 -1.212999996e+02 -1.212999996e+02 -1.2552e+00 +3.2048e+00 -1.5344e+00
1230 +3.620225613e-07 +3.620225613e-07 -1.212999996e+02 -1.212999996e+02 -1.2552e+00 +3.2048e+00 -1.5344e+00
1231 +3.366971413e-07 +3.366971413e-07 -1.212999997e+02 -1.212999997e+02 -1.2552e+00 +3.2048e+00 -1.5344e+00
1237 +2.389348595e-07 +2.389348595e-07 -1.212999998e+02 -1.212999998e+02 -1.2552e+00 +3.2048e+00 -1.5344e+00
1245 +1.682281123e-07 +1.682281123e-07 -1.212999998e+02 -1.212999998e+02 -1.2552e+00 +3.2048e+00 -1.5344e+00
1273 +1.039610567e-07 +1.039610567e-07 -1.212999999e+02 -1.212999999e+02 -1.2552e+00 +3.2048e+00 -1.5344e+00
1300 +7.981775241e-08 +7.981775241e-08 -1.212999999e+02 -1.212999999e+02 -1.2552e+00 +3.2048e+00 -1.5344e+00
1316 +7.790582401e-08 +7.790582401e-08 -1.212999999e+02 -1.212999999e+02 -1.2552e+00 +3.2048e+00 -1.5344e+00
1330 +7.209648345e-08 +7.209648345e-08 -1.212999999e+02 -1.212999999e+02 -1.2552e+00 +3.2048e+00 -1.5344e+00
1336 +3.345496680e-08 +3.345496680e-08 -1.213000000e+02 -1.213000000e+02 -1.2552e+00 +3.2048e+00 -1.5344e+00
1366 +1.905969782e-08 +1.905969782e-08 -1.213000000e+02 -1.213000000e+02 -1.2552e+00 +3.2048e+00 -1.5344e+00
1372 +9.898002418e-09 +9.898002418e-09 -1.213000000e+02 -1.213000000e+02 -1.2552e+00 +3.2048e+00 -1.5344e+00
2138 +0.000000000e+00 +0.000000000e+00 -1.213000000e+02 -1.213000000e+02 -1.2552e+00 +3.2048e+00 -1.5344e+00
% function evaluation | noise-free fitness - Fopt (-1.000000000000e+03) | best noise-free fitness - Fopt | measured fitness | best measured fitness | x1 | x2...
1 +1.770815185e+01 +1.770815185e+01 -9.822918482e+02 -9.822918482e+02 +0.0000e+00 +0.0000e+00 +0.0000e+00
3 +1.403559335e+01 +1.403559335e+01 -9.859644066e+02 -9.859644066e+02 +1.2490e+00 +1.4875e+00 -1.6858e+00
4 +1.188807015e+01 +1.188807015e+01 -9.881119298e+02 -9.881119298e+02 -3.7573e-01 +9.2934e-02 -4.7226e-01
5 +8.931543855e+00 +8.931543855e+00 -9.910684561e+02 -9.910684561e+02 +1.6188e+00 +1.7380e+00 +1.7585e+00
14 +8.127521802e+00 +8.127521802e+00 -9.918724782e+02 -9.918724782e+02 +3.1634e+00 +2.3724e+00 -3.4604e-01
15 +5.628598764e+00 +5.628598764e+00 -9.943714012e+02 -9.943714012e+02 +2.7585e-01 +2.9846e+00 +3.0991e+00
21 +2.162175410e+00 +2.162175410e+00 -9.978378246e+02 -9.978378246e+02 +3.0589e-01 +4.8232e-01 +3.1964e+00
31 +8.544648675e-01 +8.544648675e-01 -9.991455351e+02 -9.991455351e+02 +8.7591e-01 +7.7299e-01 +3.2348e+00
77 +3.595390794e-01 +3.595390794e-01 -9.996404609e+02 -9.996404609e+02 +1.3003e+00 +7.1478e-01 +3.5818e+00
122 +2.971982325e-01 +2.971982325e-01 -9.997028018e+02 -9.997028018e+02 +1.3395e+00 +7.7684e-01 +3.4616e+00
262 +2.082519810e-01 +2.082519810e-01 -9.997917480e+02 -9.997917480e+02 +7.3705e-01 +3.9932e-01 +3.4615e+00
321 +1.758252224e-01 +1.758252224e-01 -9.998241748e+02 -9.998241748e+02 +7.4782e-01 +4.0488e-01 +3.4509e+00
533 +1.725101460e-01 +1.725101460e-01 -9.998274899e+02 -9.998274899e+02 +7.5751e-01 +4.0761e-01 +3.4491e+00
547 +1.662933712e-01 +1.662933712e-01 -9.998337066e+02 -9.998337066e+02 +7.5604e-01 +4.0857e-01 +3.4541e+00
561 +1.485080010e-01 +1.485080010e-01 -9.998514920e+02 -9.998514920e+02 +7.5508e-01 +4.0727e-01 +3.4530e+00
578 +1.472749177e-01 +1.472749177e-01 -9.998527251e+02 -9.998527251e+02 +7.5417e-01 +4.0635e-01 +3.4529e+00
587 +1.440145553e-01 +1.440145553e-01 -9.998559854e+02 -9.998559854e+02 +7.5119e-01 +4.0433e-01 +3.4526e+00
596 +1.403611232e-01 +1.403611232e-01 -9.998596389e+02 -9.998596389e+02 +7.5370e-01 +4.0639e-01 +3.4535e+00
696 +1.347463877e-01 +1.347463877e-01 -9.998652536e+02 -9.998652536e+02 +7.4960e-01 +4.0360e-01 +3.4527e+00
1284 +1.317844847e-01 +1.317844847e-01 -9.998682155e+02 -9.998682155e+02 +7.4924e-01 +4.0336e-01 +3.4526e+00
% function evaluation | noise-free fitness - Fopt (-2.787500000000e+02) | best noise-free fitness - Fopt | measured fitness | best measured fitness | x1 | x2...
1 +2.189450505e+01 +2.189450505e+01 -2.568554949e+02 -2.568554949e+02 +0.0000e+00 +0.0000e+00 +0.0000e+00
2 +1.610898648e+01 +1.610898648e+01 -2.626410135e+02 -2.626410135e+02 -1.5691e-02 +8.0095e-01 +4.3386e-01
4 +1.394802824e+01 +1.394802824e+01 -2.648019718e+02 -2.648019718e+02 +1.8181e+00 -3.4512e-01 -1.8524e-01
5 +1.152823971e+01 +1.152823971e+01 -2.672217603e+02 -2.672217603e+02 +4.8825e-01 -3.1871e-01 -1.3508e+00
36 +1.090673876e+01 +1.090673876e+01 -2.678432612e+02 -2.678432612e+02 -1.3582e+00 -2.4072e+00 -5.5914e-01
52 +1.008135777e+01 +1.008135777e+01 -2.686686422e+02 -2.686686422e+02 -1.9140e+00 -1.5876e+00 -8.8796e-01
58 +8.379698473e+00 +8.379698473e+00 -2.703703015e+02 -2.703703015e+02 -3.1186e+00 -2.5085e+00 -1.7077e-01
62 +7.553550657e+00 +7.553550657e+00 -2.711964493e+02 -2.711964493e+02 -4.7095e+00 -3.0287e+00 -8.3142e-01
82 +6.560090251e+00 +6.560090251e+00 -2.721899097e+02 -2.721899097e+02 -4.8232e+00 -2.7577e+00 +9.6547e-01
155 +4.725210170e+00 +4.725210170e+00 -2.740247898e+02 -2.740247898e+02 -3.9192e+00 -1.1192e+00 +2.7220e-02
178 +4.604563726e+00 +4.604563726e+00 -2.741454363e+02 -2.741454363e+02 -4.9900e+00 -7.4709e-01 -1.1645e+00
185 +4.454752532e+00 +4.454752532e+00 -2.742952475e+02 -2.742952475e+02 -5.3526e+00 -3.7293e-01 -1.3435e-01
187 +3.707260573e+00 +3.707260573e+00 -2.750427394e+02 -2.750427394e+02 -5.1212e+00 -9.0639e-01 +7.3964e-01
239 +3.538481541e+00 +3.538481541e+00 -2.752115185e+02 -2.752115185e+02 -4.7022e+00 -3.2521e-01 +1.6844e+00
242 +3.186885599e+00 +3.186885599e+00 -2.755631144e+02 -2.755631144e+02 -4.8038e+00 +2.3816e-01 +1.2136e+00
266 +2.696141738e+00 +2.696141738e+00 -2.760538583e+02 -2.760538583e+02 -4.6799e+00 +2.9107e-01 +1.0484e+00
271 +1.871928070e+00 +1.871928070e+00 -2.768780719e+02 -2.768780719e+02 -4.7001e+00 +2.4285e-01 +1.5814e+00
299 +1.575844224e+00 +1.575844224e+00 -2.771741558e+02 -2.771741558e+02 -4.7725e+00 +6.9080e-01 +1.9883e+00
360 +1.094770236e+00 +1.094770236e+00 -2.776552298e+02 -2.776552298e+02 -3.3504e+00 +1.4323e+00 +2.7578e+00
387 +8.697613261e-01 +8.697613261e-01 -2.778802387e+02 -2.778802387e+02 -3.3149e+00 +1.5035e+00 +2.8185e+00
452 +7.345452627e-01 +7.345452627e-01 -2.780154547e+02 -2.780154547e+02 -4.3351e+00 +1.4577e+00 +2.5153e+00
479 +3.497331736e-01 +3.497331736e-01 -2.784002668e+02 -2.784002668e+02 -4.0917e+00 +1.6880e+00 +2.5737e+00
493 +2.551109756e-01 +2.551109756e-01 -2.784948890e+02 -2.784948890e+02 -4.1030e+00 +1.6406e+00 +2.6919e+00
522 +1.214999425e-01 +1.214999425e-01 -2.786285001e+02 -2.786285001e+02 -3.9934e+00 +1.8641e+00 +2.9478e+00
569 +9.074612781e-02 +9.074612781e-02 -2.786592539e+02 -2.786592539e+02 -4.0297e+00 +1.8212e+00 +2.8261e+00
609 +7.264245253e-02 +7.264245253e-02 -2.786773575e+02 -2.786773575e+02 -3.9473e+00 +1.9270e+00 +2.9854e+00
612 +5.236172359e-02 +5.236172359e-02 -2.786976383e+02 -2.786976383e+02 -4.0026e+00 +1.8574e+00 +2.8848e+00
676 +3.690097691e-02 +3.690097691e-02 -2.787130990e+02 -2.787130990e+02 -3.9718e+00 +1.8602e+00 +2.9129e+00
695 +2.361838197e-02 +2.361838197e-02 -2.787263816e+02 -2.787263816e+02 -3.9851e+00 +1.8537e+00 +2.8872e+00
724 +2.340505053e-02 +2.340505053e-02 -2.787265949e+02 -2.787265949e+02 -3.9795e+00 +1.8660e+00 +2.8998e+00
726 +2.025259672e-02 +2.025259672e-02 -2.787297474e+02 -2.787297474e+02 -3.9874e+00 +1.8688e+00 +2.9163e+00
730 +1.531171185e-02 +1.531171185e-02 -2.787346883e+02 -2.787346883e+02 -3.9727e+00 +1.8672e+00 +2.9177e+00
746 +4.547465327e-03 +4.547465327e-03 -2.787454525e+02 -2.787454525e+02 -3.9790e+00 +1.8677e+00 +2.9120e+00
767 +3.782984485e-03 +3.782984485e-03 -2.787462170e+02 -2.787462170e+02 -3.9755e+00 +1.8663e+00 +2.9148e+00
808 +3.652336020e-03 +3.652336020e-03 -2.787463477e+02 -2.787463477e+02 -3.9766e+00 +1.8661e+00 +2.9145e+00
834 +2.322338333e-03 +2.322338333e-03 -2.787476777e+02 -2.787476777e+02 -3.9771e+00 +1.8672e+00 +2.9121e+00
850 +1.209729832e-03 +1.209729832e-03 -2.787487903e+02 -2.787487903e+02 -3.9763e+00 +1.8672e+00 +2.9118e+00
866 +1.030580129e-03 +1.030580129e-03 -2.787489694e+02 -2.787489694e+02 -3.9766e+00 +1.8669e+00 +2.9119e+00
874 +9.783455450e-04 +9.783455450e-04 -2.787490217e+02 -2.787490217e+02 -3.9763e+00 +1.8673e+00 +2.9125e+00
886 +5.865769814e-04 +5.865769814e-04 -2.787494134e+02 -2.787494134e+02 -3.9757e+00 +1.8672e+00 +2.9128e+00
945 +5.115777673e-04 +5.115777673e-04 -2.787494884e+02 -2.787494884e+02 -3.9762e+00 +1.8671e+00 +2.9127e+00
979 +3.626893622e-04 +3.626893622e-04 -2.787496373e+02 -2.787496373e+02 -3.9759e+00 +1.8672e+00 +2.9128e+00
981 +3.158765311e-04 +3.158765311e-04 -2.787496841e+02 -2.787496841e+02 -3.9760e+00 +1.8672e+00 +2.9129e+00
1006 +2.326862562e-04 +2.326862562e-04 -2.787497673e+02 -2.787497673e+02 -3.9760e+00 +1.8674e+00 +2.9128e+00
1022 +1.261900010e-04 +1.261900010e-04 -2.787498738e+02 -2.787498738e+02 -3.9759e+00 +1.8673e+00 +2.9129e+00
1092 +1.197135189e-04 +1.197135189e-04 -2.787498803e+02 -2.787498803e+02 -3.9759e+00 +1.8673e+00 +2.9130e+00
1103 +1.110683647e-04 +1.110683647e-04 -2.787498889e+02 -2.787498889e+02 -3.9759e+00 +1.8673e+00 +2.9130e+00
1165 +1.096259768e-04 +1.096259768e-04 -2.787498904e+02 -2.787498904e+02 -3.9759e+00 +1.8673e+00 +2.9130e+00
1177 +1.067270399e-04 +1.067270399e-04 -2.787498933e+02 -2.787498933e+02 -3.9759e+00 +1.8673e+00 +2.9130e+00
1187 +8.670674015e-05 +8.670674015e-05 -2.787499133e+02 -2.787499133e+02 -3.9759e+00 +1.8673e+00 +2.9130e+00
% function evaluation | noise-free fitness - Fopt (-1.677000000000e+01) | best noise-free fitness - Fopt | measured fitness | best measured fitness | x1 | x2...
1 +1.698282885e+01 +1.698282885e+01 +2.128288518e-01 +2.128288518e-01 +0.0000e+00 +0.0000e+00 +0.0000e+00
2 +1.091958489e+01 +1.091958489e+01 -5.850415111e+00 -5.850415111e+00 +1.7104e+00 -8.7414e-01 -1.7334e-01
4 +8.454102193e+00 +8.454102193e+00 -8.315897807e+00 -8.315897807e+00 +1.0834e+00 -5.2821e-01 +1.0008e+00
13 +6.546833454e+00 +6.546833454e+00 -1.022316655e+01 -1.022316655e+01 +1.5068e+00 -8.0336e-01 +2.0493e+00
21 +5.982707282e+00 +5.982707282e+00 -1.078729272e+01 -1.078729272e+01 +6.0646e-01 -1.4775e+00 +2.9347e-01
63 +5.824326355e+00 +5.824326355e+00 -1.094567364e+01 -1.094567364e+01 -4.5710e-01 -3.5472e+00 +1.7740e+00
91 +5.326508732e+00 +5.326508732e+00 -1.144349127e+01 -1.144349127e+01 +3.0403e-01 -2.8474e+00 +1.7358e-01
109 +5.015139775e+00 +5.015139775e+00 -1.175486022e+01 -1.175486022e+01 +8.7570e-02 -3.4336e+00 -4.6576e-02
124 +4.245262890e+00 +4.245262890e+00 -1.252473711e+01 -1.252473711e+01 +4.9328e-01 -3.2472e+00 +4.5904e-01
131 +3.751974372e+00 +3.751974372e+00 -1.301802563e+01 -1.301802563e+01 +1.3637e-01 -3.1979e+00 +7.4427e-01
137 +3.652445501e+00 +3.652445501e+00 -1.311755450e+01 -1.311755450e+01 +2.0631e-01 -3.0806e+00 +5.7039e-01
159 +3.597170185e+00 +3.597170185e+00 -1.317282982e+01 -1.317282982e+01 +9.4354e-02 -2.9781e+00 +7.9513e-01
194 +3.424561511e+00 +3.424561511e+00 -1.334543849e+01 -1.334543849e+01 -6.8996e-02 -2.9635e+00 +8.3762e-01
% function evaluation | noise-free fitness - Fopt (-8.593000000000e+01) | best noise-free fitness - Fopt | measured fitness | best measured fitness | x1 | x2...
1 +8.058337635e+00 +8.058337635e+00 -7.787166236e+01 -7.787166236e+01 +0.0000e+00 +0.0000e+00 +0.0000e+00
2 +1.654984604e+00 +1.654984604e+00 -8.427501540e+01 -8.427501540e+01 +3.6429e-01 +2.1366e+00 +4.7948e-01
14 +8.017192951e-01 +8.017192951e-01 -8.512828070e+01 -8.512828070e+01 +1.5629e+00 +2.4572e+00 +4.8142e-01
110 +7.444700327e-01 +7.444700327e-01 -8.518552997e+01 -8.518552997e+01 +9.0383e-01 +3.0339e+00 +8.4423e-01
119 +7.186471530e-01 +7.186471530e-01 -8.521135285e+01 -8.521135285e+01 +7.9686e-01 +2.9094e+00 +5.2973e-01
128 +4.743877736e-01 +4.743877736e-01 -8.545561223e+01 -8.545561223e+01 +8.2880e-01 +3.0635e+00 +6.9608e-01
129 +3.140493669e-01 +3.140493669e-01 -8.561595063e+01 -8.561595063e+01 +1.0039e+00 +2.9128e+00 +3.2735e-01
138 +9.246107843e-02 +9.246107843e-02 -8.583753892e+01 -8.583753892e+01 +1.0098e+00 +2.9341e+00 +5.2844e-01
176 +5.211368757e-02 +5.211368757e-02 -8.587788631e+01 -8.587788631e+01 +1.0865e+00 +2.8738e+00 +4.9667e-01
212 +3.869376552e-02 +3.869376552e-02 -8.589130623e+01 -8.589130623e+01 +1.0886e+00 +2.8388e+00 +4.8770e-01
221 +3.390393864e-02 +3.390393864e-02 -8.589609606e+01 -8.589609606e+01 +1.1053e+00 +2.8180e+00 +4.6799e-01
240 +1.689635110e-02 +1.689635110e-02 -8.591310365e+01 -8.591310365e+01 +1.0742e+00 +2.8634e+00 +4.9399e-01
355 +1.518732287e-02 +1.518732287e-02 -8.591481268e+01 -8.591481268e+01 +1.0636e+00 +2.8752e+00 +5.0143e-01
356 +1.034664516e-02 +1.034664516e-02 -8.591965335e+01 -8.591965335e+01 +1.0716e+00 +2.8651e+00 +4.9151e-01
369 +8.868000667e-03 +8.868000667e-03 -8.592113200e+01 -8.592113200e+01 +1.0695e+00 +2.8635e+00 +4.8920e-01
372 +8.488877409e-03 +8.488877409e-03 -8.592151112e+01 -8.592151112e+01 +1.0686e+00 +2.8648e+00 +4.9900e-01
400 +8.040710572e-03 +8.040710572e-03 -8.592195929e+01 -8.592195929e+01 +1.0703e+00 +2.8653e+00 +4.9859e-01
402 +6.385342488e-03 +6.385342488e-03 -8.592361466e+01 -8.592361466e+01 +1.0660e+00 +2.8670e+00 +4.9565e-01
435 +5.286177829e-03 +5.286177829e-03 -8.592471382e+01 -8.592471382e+01 +1.0663e+00 +2.8685e+00 +4.9498e-01
489 +4.390856017e-03 +4.390856017e-03 -8.592560914e+01 -8.592560914e+01 +1.0676e+00 +2.8646e+00 +4.9461e-01
539 +4.117913992e-03 +4.117913992e-03 -8.592588209e+01 -8.592588209e+01 +1.0686e+00 +2.8608e+00 +4.9428e-01
550 +2.921620853e-03 +2.921620853e-03 -8.592707838e+01 -8.592707838e+01 +1.0687e+00 +2.8651e+00 +4.9537e-01
601 +2.000994538e-03 +2.000994538e-03 -8.592799901e+01 -8.592799901e+01 +1.0688e+00 +2.8643e+00 +4.9508e-01
613 +1.976295537e-03 +1.976295537e-03 -8.592802370e+01 -8.592802370e+01 +1.0690e+00 +2.8643e+00 +4.9516e-01
645 +1.358793048e-03 +1.358793048e-03 -8.592864121e+01 -8.592864121e+01 +1.0689e+00 +2.8646e+00 +4.9484e-01
658 +1.290817798e-03 +1.290817798e-03 -8.592870918e+01 -8.592870918e+01 +1.0688e+00 +2.8645e+00 +4.9470e-01
696 +1.149814067e-03 +1.149814067e-03 -8.592885019e+01 -8.592885019e+01 +1.0687e+00 +2.8648e+00 +4.9485e-01
774 +1.031825715e-03 +1.031825715e-03 -8.592896817e+01 -8.592896817e+01 +1.0688e+00 +2.8648e+00 +4.9485e-01
777 +9.317567233e-04 +9.317567233e-04 -8.592906824e+01 -8.592906824e+01 +1.0688e+00 +2.8647e+00 +4.9481e-01
824 +9.102500274e-04 +9.102500274e-04 -8.592908975e+01 -8.592908975e+01 +1.0688e+00 +2.8647e+00 +4.9482e-01
871 +8.222847127e-04 +8.222847127e-04 -8.592917772e+01 -8.592917772e+01 +1.0687e+00 +2.8648e+00 +4.9484e-01
980 +8.107740317e-04 +8.107740317e-04 -8.592918923e+01 -8.592918923e+01 +1.0687e+00 +2.8648e+00 +4.9484e-01
1033 +7.815622037e-04 +7.815622037e-04 -8.592921844e+01 -8.592921844e+01 +1.0687e+00 +2.8648e+00 +4.9484e-01
1145 +7.716971553e-04 +7.716971553e-04 -8.592922830e+01 -8.592922830e+01 +1.0687e+00 +2.8648e+00 +4.9484e-01
% function evaluation | noise-free fitness - Fopt (4.966000000000e+01) | best noise-free fitness - Fopt | measured fitness | best measured fitness | x1 | x2...
1 +1.964914220e+01 +1.964914220e+01 +6.930914220e+01 +6.930914220e+01 +0.0000e+00 +0.0000e+00 +0.0000e+00
3 +1.656842798e+01 +1.656842798e+01 +6.622842798e+01 +6.622842798e+01 -5.1181e-01 -5.9346e-02 -1.2364e+00
6 +1.557334647e+01 +1.557334647e+01 +6.523334647e+01 +6.523334647e+01 -1.5701e+00 +1.1598e+00 +1.7878e+00
8 +1.365791246e+01 +1.365791246e+01 +6.331791246e+01 +6.331791246e+01 +4.0814e-01 -6.8396e-01 +7.5883e-01
12 +8.859728664e+00 +8.859728664e+00 +5.851972866e+01 +5.851972866e+01 +1.0427e-02 -5.4422e-01 +3.7246e-01
14 +8.092598297e+00 +8.092598297e+00 +5.775259830e+01 +5.775259830e+01 +2.7835e-01 -9.6240e-01 +3.7928e-01
45 +5.139885112e+00 +5.139885112e+00 +5.479988511e+01 +5.479988511e+01 -8.6710e-01 -1.2415e+00 +1.1919e-01
56 +3.712122620e+00 +3.712122620e+00 +5.337212262e+01 +5.337212262e+01 -1.6634e+00 -1.6037e+00 -1.8994e-01
62 +2.955263623e+00 +2.955263623e+00 +5.261526362e+01 +5.261526362e+01 -3.4905e+00 -2.4398e+00 +6.8154e-02
93 +2.466175324e+00 +2.466175324e+00 +5.212617532e+01 +5.212617532e+01 -3.2032e+00 -3.0331e+00 -4.1860e-01
94 +2.179034823e+00 +2.179034823e+00 +5.183903482e+01 +5.183903482e+01 -4.2643e+00 -1.6563e+00 +4.7234e-01
123 +1.516743663e+00 +1.516743663e+00 +5.117674366e+01 +5.117674366e+01 -4.0736e+00 -1.3729e+00 -3.0892e-01
128 +1.297487965e+00 +1.297487965e+00 +5.095748797e+01 +5.095748797e+01 -3.9209e+00 -1.6354e+00 -9.1012e-01
184 +1.215814825e+00 +1.215814825e+00 +5.087581482e+01 +5.087581482e+01 -3.6445e+00 -1.5768e+00 -5.3372e-01
194 +9.632059069e-01 +9.632059069e-01 +5.062320591e+01 +5.062320591e+01 -4.0124e+00 -1.7911e+00 -7.3479e-01
221 +8.586289931e-01 +8.586289931e-01 +5.051862899e+01 +5.051862899e+01 -3.9595e+00 -1.9969e+00 -5.1641e-01
240 +4.563630083e-01 +4.563630083e-01 +5.011636301e+01 +5.011636301e+01 -3.4837e+00 -2.1952e+00 -9.1013e-01
377 +4.190066077e-01 +4.190066077e-01 +5.007900661e+01 +5.007900661e+01 -2.9218e+00 -2.6220e+00 -1.6758e+00
383 +3.974114474e-01 +3.974114474e-01 +5.005741145e+01 +5.005741145e+01 -2.5965e+00 -2.5819e+00 -1.7729e+00
390 +3.709142815e-01 +3.709142815e-01 +5.003091428e+01 +5.003091428e+01 -3.0359e+00 -2.5167e+00 -1.3870e+00
397 +2.887358127e-01 +2.887358127e-01 +4.994873581e+01 +4.994873581e+01 -2.9887e+00 -2.5105e+00 -1.4539e+00
435 +1.969424719e-01 +1.969424719e-01 +4.985694247e+01 +4.985694247e+01 -3.0014e+00 -2.5139e+00 -1.4167e+00
442 +1.938181575e-01 +1.938181575e-01 +4.985381816e+01 +4.985381816e+01 -2.8925e+00 -2.4483e+00 -1.3817e+00
498 +1.317165421e-01 +1.317165421e-01 +4.979171654e+01 +4.979171654e+01 -2.9474e+00 -2.4601e+00 -1.4066e+00
507 +9.061786514e-02 +9.061786514e-02 +4.975061787e+01 +4.975061787e+01 -2.9654e+00 -2.4296e+00 -1.4593e+00
523 +4.592654195e-02 +4.592654195e-02 +4.970592654e+01 +4.970592654e+01 -2.9534e+00 -2.4433e+00 -1.4701e+00
545 +3.693841531e-02 +3.693841531e-02 +4.969693842e+01 +4.969693842e+01 -2.9349e+00 -2.4711e+00 -1.4571e+00
557 +3.602006571e-02 +3.602006571e-02 +4.969602007e+01 +4.969602007e+01 -2.9785e+00 -2.4557e+00 -1.4276e+00
570 +1.415017156e-02 +1.415017156e-02 +4.967415017e+01 +4.967415017e+01 -2.9868e+00 -2.4268e+00 -1.4272e+00
619 +9.804189119e-03 +9.804189119e-03 +4.966980419e+01 +4.966980419e+01 -2.9826e+00 -2.4322e+00 -1.4280e+00
628 +6.510403477e-03 +6.510403477e-03 +4.966651040e+01 +4.966651040e+01 -2.9823e+00 -2.4331e+00 -1.4318e+00
644 +3.429161944e-03 +3.429161944e-03 +4.966342916e+01 +4.966342916e+01 -2.9852e+00 -2.4312e+00 -1.4311e+00
664 +1.024688703e-03 +1.024688703e-03 +4.966102469e+01 +4.966102469e+01 -2.9859e+00 -2.4322e+00 -1.4291e+00
758 +7.249284224e-04 +7.249284224e-04 +4.966072493e+01 +4.966072493e+01 -2.9860e+00 -2.4320e+00 -1.4297e+00
797 +6.700940004e-04 +6.700940004e-04 +4.966067009e+01 +4.966067009e+01 -2.9863e+00 -2.4314e+00 -1.4290e+00
802 +5.744128583e-04 +5.744128583e-04 +4.966057441e+01 +4.966057441e+01 -2.9863e+00 -2.4316e+00 -1.4289e+00
815 +5.225737753e-04 +5.225737753e-04 +4.966052257e+01 +4.966052257e+01 -2.9863e+00 -2.4316e+00 -1.4289e+00
842 +4.194722641e-04 +4.194722641e-04 +4.966041947e+01 +4.966041947e+01 -2.9863e+00 -2.4316e+00 -1.4290e+00
876 +4.127083117e-04 +4.127083117e-04 +4.966041271e+01 +4.966041271e+01 -2.9863e+00 -2.4316e+00 -1.4289e+00
882 +3.720957798e-04 +3.720957798e-04 +4.966037210e+01 +4.966037210e+01 -2.9863e+00 -2.4316e+00 -1.4290e+00
1002 +3.440974239e-04 +3.440974239e-04 +4.966034410e+01 +4.966034410e+01 -2.9862e+00 -2.4316e+00 -1.4290e+00
1085 +3.382512581e-04 +3.382512581e-04 +4.966033825e+01 +4.966033825e+01 -2.9862e+00 -2.4316e+00 -1.4290e+00
1112 +3.167575061e-04 +3.167575061e-04 +4.966031676e+01 +4.966031676e+01 -2.9862e+00 -2.4316e+00 -1.4290e+00
1129 +3.104949199e-04 +3.104949199e-04 +4.966031049e+01 +4.966031049e+01 -2.9862e+00 -2.4316e+00 -1.4290e+00
1184 +2.868511422e-04 +2.868511422e-04 +4.966028685e+01 +4.966028685e+01 -2.9862e+00 -2.4316e+00 -1.4290e+00
% function evaluation | noise-free fitness - Fopt (2.652800000000e+02) | best noise-free fitness - Fopt | measured fitness | best measured fitness | x1 | x2...
1 +1.494631208e+01 +1.494631208e+01 +2.802263121e+02 +2.802263121e+02 +0.0000e+00 +0.0000e+00 +0.0000e+00
2 +7.453450227e+00 +7.453450227e+00 +2.727334502e+02 +2.727334502e+02 +3.9787e-01 -3.9856e-02 +7.9688e-01
5 +6.992899878e+00 +6.992899878e+00 +2.722728999e+02 +2.722728999e+02 +4.3216e-01 -5.4866e-02 +8.3134e-01
12 +6.208196335e+00 +6.208196335e+00 +2.714881963e+02 +2.714881963e+02 +7.6026e-01 -6.0047e-01 +6.3432e-01
13 +5.498617541e+00 +5.498617541e+00 +2.707786175e+02 +2.707786175e+02 +1.5674e+00 +8.0576e-01 +1.4206e+00
20 +4.217385621e+00 +4.217385621e+00 +2.694973856e+02 +2.694973856e+02 +7.4929e-01 +3.5556e-01 +1.9837e+00
23 +1.342664804e+00 +1.342664804e+00 +2.666226648e+02 +2.666226648e+02 +9.6184e-01 +3.5630e-01 +3.0281e+00
49 +1.055480211e+00 +1.055480211e+00 +2.663354802e+02 +2.663354802e+02 +1.3070e+00 +9.5006e-01 +3.2842e+00
57 +9.680108889e-01 +9.680108889e-01 +2.662480109e+02 +2.662480109e+02 +1.0874e+00 +1.5627e+00 +3.4370e+00
98 +9.190217452e-01 +9.190217452e-01 +2.661990217e+02 +2.661990217e+02 +1.0223e+00 +1.6336e+00 +3.1513e+00
101 +8.227025012e-01 +8.227025012e-01 +2.661027025e+02 +2.661027025e+02 +1.0011e+00 +1.5110e+00 +3.3963e+00
145 +6.700112806e-01 +6.700112806e-01 +2.659500113e+02 +2.659500113e+02 +9.0255e-01 +1.0561e+00 +3.0614e+00
209 +6.486470929e-01 +6.486470929e-01 +2.659286471e+02 +2.659286471e+02 +1.0345e+00 +1.5372e+00 +3.2654e+00
214 +6.252547797e-01 +6.252547797e-01 +2.659052548e+02 +2.659052548e+02 +1.1020e+00 +1.5324e+00 +3.2349e+00
228 +5.773113228e-01 +5.773113228e-01 +2.658573113e+02 +2.658573113e+02 +1.0663e+00 +1.5387e+00 +3.2373e+00
236 +4.748107313e-01 +4.748107313e-01 +2.657548107e+02 +2.657548107e+02 +1.1388e+00 +1.5590e+00 +3.2592e+00
309 +4.528703984e-01 +4.528703984e-01 +2.657328704e+02 +2.657328704e+02 +1.1376e+00 +1.5491e+00 +3.2694e+00
343 +4.355539186e-01 +4.355539186e-01 +2.657155539e+02 +2.657155539e+02 +1.1178e+00 +1.5612e+00 +3.2881e+00
356 +4.038518201e-01 +4.038518201e-01 +2.656838518e+02 +2.656838518e+02 +1.1188e+00 +1.5617e+00 +3.2632e+00
362 +3.893850686e-01 +3.893850686e-01 +2.656693851e+02 +2.656693851e+02 +1.1087e+00 +1.5601e+00 +3.2839e+00
399 +3.550425321e-01 +3.550425321e-01 +2.656350425e+02 +2.656350425e+02 +1.0930e+00 +1.5573e+00 +3.2721e+00
