% function evaluation | noise-free fitness - Fopt (-1.694000000000e+01) | best noise-free fitness - Fopt | measured fitness | best measured fitness | x1 | x2...
1 +1.492259551e+01 +1.492259551e+01 -2.017404487e+00 -2.017404487e+00
2 +1.318180265e+01 +1.318180265e+01 -3.758197348e+00 -3.758197348e+00
27 +1.270724667e+01 +1.270724667e+01 -4.232753327e+00 -4.232753327e+00
29 +1.210650990e+01 +1.210650990e+01 -4.833490096e+00 -4.833490096e+00
44 +1.088542139e+01 +1.088542139e+01 -6.054578611e+00 -6.054578611e+00
364 +1.002732457e+01 +1.002732457e+01 -6.912675429e+00 -6.912675429e+00
502 +9.743624659e+00 +9.743624659e+00 -7.196375341e+00 -7.196375341e+00
736 +9.156971709e+00 +9.156971709e+00 -7.783028291e+00 -7.783028291e+00
803 +8.826930341e+00 +8.826930341e+00 -8.113069659e+00 -8.113069659e+00
852 +8.609730178e+00 +8.609730178e+00 -8.330269822e+00 -8.330269822e+00
937 +8.092302909e+00 +8.092302909e+00 -8.847697091e+00 -8.847697091e+00
978 +6.956175372e+00 +6.956175372e+00 -9.983824628e+00 -9.983824628e+00
1324 +6.620424094e+00 +6.620424094e+00 -1.031957591e+01 -1.031957591e+01
2064 +6.587965514e+00 +6.587965514e+00 -1.035203449e+01 -1.035203449e+01
2102 +6.395911124e+00 +6.395911124e+00 -1.054408888e+01 -1.054408888e+01
2119 +6.133993918e+00 +6.133993918e+00 -1.080600608e+01 -1.080600608e+01
2363 +6.020266684e+00 +6.020266684e+00 -1.091973332e+01 -1.091973332e+01
2372 +5.829984655e+00 +5.829984655e+00 -1.111001534e+01 -1.111001534e+01
2500 +5.657000302e+00 +5.657000302e+00 -1.128299970e+01 -1.128299970e+01
3324 +5.409739494e+00 +5.409739494e+00 -1.153026051e+01 -1.153026051e+01
3336 +5.343875720e+00 +5.343875720e+00 -1.159612428e+01 -1.159612428e+01
3362 +5.076011717e+00 +5.076011717e+00 -1.186398828e+01 -1.186398828e+01
3600 +4.962699096e+00 +4.962699096e+00 -1.197730090e+01 -1.197730090e+01
3708 +4.848828696e+00 +4.848828696e+00 -1.209117130e+01 -1.209117130e+01
3805 +4.781205181e+00 +4.781205181e+00 -1.215879482e+01 -1.215879482e+01
3940 +4.673618553e+00 +4.673618553e+00 -1.226638145e+01 -1.226638145e+01
4138 +4.565732934e+00 +4.565732934e+00 -1.237426707e+01 -1.237426707e+01
4728 +4.458174864e+00 +4.458174864e+00 -1.248182514e+01 -1.248182514e+01
5125 +4.363046634e+00 +4.363046634e+00 -1.257695337e+01 -1.257695337e+01
% function evaluation | noise-free fitness - Fopt (1.881000000000e+01) | best noise-free fitness - Fopt | measured fitness | best measured fitness | x1 | x2...
1 +2.575698023e+01 +2.575698023e+01 +4.456698023e+01 +4.456698023e+01
3 +1.989847112e+01 +1.989847112e+01 +3.870847112e+01 +3.870847112e+01
20 +1.878260197e+01 +1.878260197e+01 +3.759260197e+01 +3.759260197e+01
23 +1.795662785e+01 +1.795662785e+01 +3.676662785e+01 +3.676662785e+01
24 +1.682117018e+01 +1.682117018e+01 +3.563117018e+01 +3.563117018e+01
56 +1.543306112e+01 +1.543306112e+01 +3.424306112e+01 +3.424306112e+01
74 +1.308872895e+01 +1.308872895e+01 +3.189872895e+01 +3.189872895e+01
92 +1.240196618e+01 +1.240196618e+01 +3.121196618e+01 +3.121196618e+01
93 +1.158616779e+01 +1.158616779e+01 +3.039616779e+01 +3.039616779e+01
109 +1.143584619e+01 +1.143584619e+01 +3.024584619e+01 +3.024584619e+01
127 +1.049429835e+01 +1.049429835e+01 +2.930429835e+01 +2.930429835e+01
176 +1.001804216e+01 +1.001804216e+01 +2.882804216e+01 +2.882804216e+01
218 +9.020507386e+00 +9.020507386e+00 +2.783050739e+01 +2.783050739e+01
284 +8.849182713e+00 +8.849182713e+00 +2.765918271e+01 +2.765918271e+01
328 +7.861113035e+00 +7.861113035e+00 +2.667111304e+01 +2.667111304e+01
354 +7.488093048e+00 +7.488093048e+00 +2.629809305e+01 +2.629809305e+01
383 +7.193843884e+00 +7.193843884e+00 +2.600384388e+01 +2.600384388e+01
854 +6.557998820e+00 +6.557998820e+00 +2.536799882e+01 +2.536799882e+01
976 +6.233822200e+00 +6.233822200e+00 +2.504382220e+01 +2.504382220e+01
993 +5.698735365e+00 +5.698735365e+00 +2.450873536e+01 +2.450873536e+01
1317 +5.321443144e+00 +5.321443144e+00 +2.413144314e+01 +2.413144314e+01
1475 +5.169095656e+00 +5.169095656e+00 +2.397909566e+01 +2.397909566e+01
1484 +5.128245249e+00 +5.128245249e+00 +2.393824525e+01 +2.393824525e+01
1503 +4.752244628e+00 +4.752244628e+00 +2.356224463e+01 +2.356224463e+01
1512 +4.463886859e+00 +4.463886859e+00 +2.327388686e+01 +2.327388686e+01
1515 +4.221628284e+00 +4.221628284e+00 +2.303162828e+01 +2.303162828e+01
1747 +4.006874398e+00 +4.006874398e+00 +2.281687440e+01 +2.281687440e+01
2453 +3.873792025e+00 +3.873792025e+00 +2.268379202e+01 +2.268379202e+01
2669 +3.742304921e+00 +3.742304921e+00 +2.255230492e+01 +2.255230492e+01
2691 +3.676146082e+00 +3.676146082e+00 +2.248614608e+01 +2.248614608e+01
2704 +3.538130167e+00 +3.538130167e+00 +2.234813017e+01 +2.234813017e+01
3135 +3.375533220e+00 +3.375533220e+00 +2.218553322e+01 +2.218553322e+01
3170 +3.269152458e+00 +3.269152458e+00 +2.207915246e+01 +2.207915246e+01
3172 +3.211825450e+00 +3.211825450e+00 +2.202182545e+01 +2.202182545e+01
3345 +3.066746099e+00 +3.066746099e+00 +2.187674610e+01 +2.187674610e+01
3481 +3.016085264e+00 +3.016085264e+00 +2.182608526e+01 +2.182608526e+01
3562 +2.931717530e+00 +2.931717530e+00 +2.174171753e+01 +2.174171753e+01
3602 +2.881922704e+00 +2.881922704e+00 +2.169192270e+01 +2.169192270e+01
3766 +2.812167752e+00 +2.812167752e+00 +2.162216775e+01 +2.162216775e+01
3963 +2.749619742e+00 +2.749619742e+00 +2.155961974e+01 +2.155961974e+01
4207 +2.684532146e+00 +2.684532146e+00 +2.149453215e+01 +2.149453215e+01
4655 +2.627616175e+00 +2.627616175e+00 +2.143761618e+01 +2.143761618e+01
5903 +2.568928454e+00 +2.568928454e+00 +2.137892845e+01 +2.137892845e+01
% function evaluation | noise-free fitness - Fopt (2.731500000000e+02) | best noise-free fitness - Fopt | measured fitness | best measured fitness | x1 | x2...
1 +1.856580829e+01 +1.856580829e+01 +2.917158083e+02 +2.917158083e+02
5 +1.593538364e+01 +1.593538364e+01 +2.890853836e+02 +2.890853836e+02
13 +1.575604591e+01 +1.575604591e+01 +2.889060459e+02 +2.889060459e+02
16 +1.340823535e+01 +1.340823535e+01 +2.865582353e+02 +2.865582353e+02
21 +1.075559758e+01 +1.075559758e+01 +2.839055976e+02 +2.839055976e+02
760 +1.067202155e+01 +1.067202155e+01 +2.838220216e+02 +2.838220216e+02
777 +1.018862701e+01 +1.018862701e+01 +2.833386270e+02 +2.833386270e+02
986 +9.839313982e+00 +9.839313982e+00 +2.829893140e+02 +2.829893140e+02
1040 +9.632552809e+00 +9.632552809e+00 +2.827825528e+02 +2.827825528e+02
1216 +8.745127563e+00 +8.745127563e+00 +2.818951276e+02 +2.818951276e+02
1269 +7.749205674e+00 +7.749205674e+00 +2.808992057e+02 +2.808992057e+02
1864 +7.341680913e+00 +7.341680913e+00 +2.804916809e+02 +2.804916809e+02
2092 +7.213025284e+00 +7.213025284e+00 +2.803630253e+02 +2.803630253e+02
2190 +6.814718905e+00 +6.814718905e+00 +2.799647189e+02 +2.799647189e+02
2200 +6.659374055e+00 +6.659374055e+00 +2.798093741e+02 +2.798093741e+02
2272 +6.581762558e+00 +6.581762558e+00 +2.797317626e+02 +2.797317626e+02
2411 +6.349060926e+00 +6.349060926e+00 +2.794990609e+02 +2.794990609e+02
2416 +6.294058740e+00 +6.294058740e+00 +2.794440587e+02 +2.794440587e+02
2543 +6.152579431e+00 +6.152579431e+00 +2.793025794e+02 +2.793025794e+02
2570 +5.921290948e+00 +5.921290948e+00 +2.790712909e+02 +2.790712909e+02
2595 +5.862245608e+00 +5.862245608e+00 +2.790122456e+02 +2.790122456e+02
2618 +5.688447751e+00 +5.688447751e+00 +2.788384478e+02 +2.788384478e+02
3005 +5.513869133e+00 +5.513869133e+00 +2.786638691e+02 +2.786638691e+02
3028 +5.421914234e+00 +5.421914234e+00 +2.785719142e+02 +2.785719142e+02
3084 +5.356516275e+00 +5.356516275e+00 +2.785065163e+02 +2.785065163e+02
3257 +5.203726465e+00 +5.203726465e+00 +2.783537265e+02 +2.783537265e+02
3444 +5.114857351e+00 +5.114857351e+00 +2.782648574e+02 +2.782648574e+02
3535 +4.974736276e+00 +4.974736276e+00 +2.781247363e+02 +2.781247363e+02
3752 +4.887969795e+00 +4.887969795e+00 +2.780379698e+02 +2.780379698e+02
4572 +4.785185331e+00 +4.785185331e+00 +2.779351853e+02 +2.779351853e+02
8582 +4.677256205e+00 +4.677256205e+00 +2.778272562e+02 +2.778272562e+02
12329 +4.570852660e+00 +4.570852660e+00 +2.777208527e+02 +2.777208527e+02
% function evaluation | noise-free fitness - Fopt (3.718000000000e+01) | best noise-free fitness - Fopt | measured fitness | best measured fitness | x1 | x2...
1 +1.729054115e+01 +1.729054115e+01 +5.447054115e+01 +5.447054115e+01
6 +1.624542300e+01 +1.624542300e+01 +5.342542300e+01 +5.342542300e+01
9 +1.416699661e+01 +1.416699661e+01 +5.134699661e+01 +5.134699661e+01
13 +1.260012905e+01 +1.260012905e+01 +4.978012905e+01 +4.978012905e+01
16 +1.204279672e+01 +1.204279672e+01 +4.922279672e+01 +4.922279672e+01
27 +1.160489641e+01 +1.160489641e+01 +4.878489641e+01 +4.878489641e+01
51 +1.006111680e+01 +1.006111680e+01 +4.724111680e+01 +4.724111680e+01
66 +9.167643894e+00 +9.167643894e+00 +4.634764389e+01 +4.634764389e+01
354 +8.998922891e+00 +8.998922891e+00 +4.617892289e+01 +4.617892289e+01
386 +8.910884459e+00 +8.910884459e+00 +4.609088446e+01 +4.609088446e+01
411 +7.410563267e+00 +7.410563267e+00 +4.459056327e+01 +4.459056327e+01
596 +6.848272838e+00 +6.848272838e+00 +4.402827284e+01 +4.402827284e+01
718 +6.747470693e+00 +6.747470693e+00 +4.392747069e+01 +4.392747069e+01
1056 +6.443935689e+00 +6.443935689e+00 +4.362393569e+01 +4.362393569e+01
1161 +6.275377355e+00 +6.275377355e+00 +4.345537735e+01 +4.345537735e+01
1172 +5.977082843e+00 +5.977082843e+00 +4.315708284e+01 +4.315708284e+01
1801 +5.766843295e+00 +5.766843295e+00 +4.294684330e+01 +4.294684330e+01
1811 +5.698795046e+00 +5.698795046e+00 +4.287879505e+01 +4.287879505e+01
1929 +5.448633291e+00 +5.448633291e+00 +4.262863329e+01 +4.262863329e+01
2332 +5.189936169e+00 +5.189936169e+00 +4.236993617e+01 +4.236993617e+01
2423 +4.851944934e+00 +4.851944934e+00 +4.203194493e+01 +4.203194493e+01
2575 +4.666877234e+00 +4.666877234e+00 +4.184687723e+01 +4.184687723e+01
2858 +4.553127624e+00 +4.553127624e+00 +4.173312762e+01 +4.173312762e+01
2894 +4.411127506e+00 +4.411127506e+00 +4.159112751e+01 +4.159112751e+01
2933 +4.348338982e+00 +4.348338982e+00 +4.152833898e+01 +4.152833898e+01
2944 +4.187689145e+00 +4.187689145e+00 +4.136768915e+01 +4.136768915e+01
3225 +4.143650415e+00 +4.143650415e+00 +4.132365041e+01 +4.132365041e+01
3338 +4.031911915e+00 +4.031911915e+00 +4.121191191e+01 +4.121191191e+01
3553 +3.962481087e+00 +3.962481087e+00 +4.114248109e+01 +4.114248109e+01
3791 +3.769218151e+00 +3.769218151e+00 +4.094921815e+01 +4.094921815e+01
4212 +3.641347354e+00 +3.641347354e+00 +4.082134735e+01 +4.082134735e+01
4245 +3.621267449e+00 +3.621267449e+00 +4.080126745e+01 +4.080126745e+01
4343 +3.525929419e+00 +3.525929419e+00 +4.070592942e+01 +4.070592942e+01
4668 +3.461987017e+00 +3.461987017e+00 +4.064198702e+01 +4.064198702e+01
5083 +3.384822171e+00 +3.384822171e+00 +4.056482217e+01 +4.056482217e+01
5522 +3.309608571e+00 +3.309608571e+00 +4.048960857e+01 +4.048960857e+01
6393 +3.234620260e+00 +3.234620260e+00 +4.041462026e+01 +4.041462026e+01
% function evaluation | noise-free fitness - Fopt (-1.479000000000e+02) | best noise-free fitness - Fopt | measured fitness | best measured fitness | x1 | x2...
1 +1.839732139e+01 +1.839732139e+01 -1.295026786e+02 -1.295026786e+02
2 +1.780036849e+01 +1.780036849e+01 -1.300996315e+02 -1.300996315e+02
6 +1.722365041e+01 +1.722365041e+01 -1.306763496e+02 -1.306763496e+02
19 +1.568722717e+01 +1.568722717e+01 -1.322127728e+02 -1.322127728e+02
38 +1.406101348e+01 +1.406101348e+01 -1.338389865e+02 -1.338389865e+02
51 +1.302830457e+01 +1.302830457e+01 -1.348716954e+02 -1.348716954e+02
77 +1.240802502e+01 +1.240802502e+01 -1.354919750e+02 -1.354919750e+02
79 +1.096625781e+01 +1.096625781e+01 -1.369337422e+02 -1.369337422e+02
125 +1.085982528e+01 +1.085982528e+01 -1.370401747e+02 -1.370401747e+02
340 +1.024727738e+01 +1.024727738e+01 -1.376527226e+02 -1.376527226e+02
370 +1.022580136e+01 +1.022580136e+01 -1.376741986e+02 -1.376741986e+02
450 +9.885014779e+00 +9.885014779e+00 -1.380149852e+02 -1.380149852e+02
1266 +9.707839184e+00 +9.707839184e+00 -1.381921608e+02 -1.381921608e+02
1293 +9.373089141e+00 +9.373089141e+00 -1.385269109e+02 -1.385269109e+02
1366 +9.307144158e+00 +9.307144158e+00 -1.385928558e+02 -1.385928558e+02
1393 +8.103025399e+00 +8.103025399e+00 -1.397969746e+02 -1.397969746e+02
1961 +7.674791309e+00 +7.674791309e+00 -1.402252087e+02 -1.402252087e+02
2026 +7.580396931e+00 +7.580396931e+00 -1.403196031e+02 -1.403196031e+02
2337 +7.371898201e+00 +7.371898201e+00 -1.405281018e+02 -1.405281018e+02
2735 +7.183927752e+00 +7.183927752e+00 -1.407160722e+02 -1.407160722e+02
2753 +7.043069720e+00 +7.043069720e+00 -1.408569303e+02 -1.408569303e+02
2843 +6.812573029e+00 +6.812573029e+00 -1.410874270e+02 -1.410874270e+02
2871 +6.756777110e+00 +6.756777110e+00 -1.411432229e+02 -1.411432229e+02
3443 +6.488706422e+00 +6.488706422e+00 -1.414112936e+02 -1.414112936e+02
3495 +6.419865452e+00 +6.419865452e+00 -1.414801345e+02 -1.414801345e+02
3597 +6.304609660e+00 +6.304609660e+00 -1.415953903e+02 -1.415953903e+02
3905 +6.157782867e+00 +6.157782867e+00 -1.417422171e+02 -1.417422171e+02
4454 +6.018665657e+00 +6.018665657e+00 -1.418813343e+02 -1.418813343e+02
4787 +5.884695851e+00 +5.884695851e+00 -1.420153041e+02 -1.420153041e+02
9409 +5.754170365e+00 +5.754170365e+00 -1.421458296e+02 -1.421458296e+02
% function evaluation | noise-free fitness - Fopt (2.173800000000e+02) | best noise-free fitness - Fopt | measured fitness | best measured fitness | x1 | x2...
1 +1.304530292e+01 +1.304530292e+01 +2.304253029e+02 +2.304253029e+02
19 +1.265523114e+01 +1.265523114e+01 +2.300352311e+02 +2.300352311e+02
30 +1.110224890e+01 +1.110224890e+01 +2.284822489e+02 +2.284822489e+02
56 +1.091936061e+01 +1.091936061e+01 +2.282993606e+02 +2.282993606e+02
108 +1.001200028e+01 +1.001200028e+01 +2.273920003e+02 +2.273920003e+02
243 +8.952844754e+00 +8.952844754e+00 +2.263328448e+02 +2.263328448e+02
259 +8.439178822e+00 +8.439178822e+00 +2.258191788e+02 +2.258191788e+02
287 +7.381692227e+00 +7.381692227e+00 +2.247616922e+02 +2.247616922e+02
558 +6.858508966e+00 +6.858508966e+00 +2.242385090e+02 +2.242385090e+02
764 +6.667952788e+00 +6.667952788e+00 +2.240479528e+02 +2.240479528e+02
863 +6.385967660e+00 +6.385967660e+00 +2.237659677e+02 +2.237659677e+02
926 +6.160604649e+00 +6.160604649e+00 +2.235406046e+02 +2.235406046e+02
930 +5.739726599e+00 +5.739726599e+00 +2.231197266e+02 +2.231197266e+02
1274 +5.566846945e+00 +5.566846945e+00 +2.229468469e+02 +2.229468469e+02
1439 +5.462612230e+00 +5.462612230e+00 +2.228426122e+02 +2.228426122e+02
1501 +5.320805627e+00 +5.320805627e+00 +2.227008056e+02 +2.227008056e+02
1509 +4.963210952e+00 +4.963210952e+00 +2.223432110e+02 +2.223432110e+02
1529 +4.802597563e+00 +4.802597563e+00 +2.221825976e+02 +2.221825976e+02
1546 +4.782481204e+00 +4.782481204e+00 +2.221624812e+02 +2.221624812e+02
1595 +4.587245019e+00 +4.587245019e+00 +2.219672450e+02 +2.219672450e+02
1855 +4.444941817e+00 +4.444941817e+00 +2.218249418e+02 +2.218249418e+02
1860 +4.061802216e+00 +4.061802216e+00 +2.214418022e+02 +2.214418022e+02
1944 +3.864982059e+00 +3.864982059e+00 +2.212449821e+02 +2.212449821e+02
2228 +3.681542278e+00 +3.681542278e+00 +2.210615423e+02 +2.210615423e+02
2251 +3.407960089e+00 +3.407960089e+00 +2.207879601e+02 +2.207879601e+02
2812 +3.355287172e+00 +3.355287172e+00 +2.207352872e+02 +2.207352872e+02
3042 +3.260928857e+00 +3.260928857e+00 +2.206409289e+02 +2.206409289e+02
3121 +3.169815003e+00 +3.169815003e+00 +2.205498150e+02 +2.205498150e+02
3132 +3.136029823e+00 +3.136029823e+00 +2.205160298e+02 +2.205160298e+02
3134 +3.083391424e+00 +3.083391424e+00 +2.204633914e+02 +2.204633914e+02
3212 +2.985718778e+00 +2.985718778e+00 +2.203657188e+02 +2.203657188e+02
3251 +2.947323699e+00 +2.947323699e+00 +2.203273237e+02 +2.203273237e+02
3259 +2.860531824e+00 +2.860531824e+00 +2.202405318e+02 +2.202405318e+02
3264 +2.786444357e+00 +2.786444357e+00 +2.201664444e+02 +2.201664444e+02
3368 +2.747462482e+00 +2.747462482e+00 +2.201274625e+02 +2.201274625e+02
3413 +2.666423513e+00 +2.666423513e+00 +2.200464235e+02 +2.200464235e+02
3497 +2.621279656e+00 +2.621279656e+00 +2.200012797e+02 +2.200012797e+02
3619 +2.564497073e+00 +2.564497073e+00 +2.199444971e+02 +2.199444971e+02
3949 +2.510378130e+00 +2.510378130e+00 +2.198903781e+02 +2.198903781e+02
4071 +2.448471563e+00 +2.448471563e+00 +2.198284716e+02 +2.198284716e+02
4632 +2.397673215e+00 +2.397673215e+00 +2.197776732e+02 +2.197776732e+02
7302 +2.343794639e+00 +2.343794639e+00 +2.197237946e+02 +2.197237946e+02
% function evaluation | noise-free fitness - Fopt (1.946900000000e+02) | best noise-free fitness - Fopt | measured fitness | best measured fitness | x1 | x2...
1 +2.490228690e+01 +2.490228690e+01 +2.195922869e+02 +2.195922869e+02
2 +2.234305870e+01 +2.234305870e+01 +2.170330587e+02 +2.170330587e+02
9 +1.918663686e+01 +1.918663686e+01 +2.138766369e+02 +2.138766369e+02
70 +1.882854401e+01 +1.882854401e+01 +2.135185440e+02 +2.135185440e+02
125 +1.608298117e+01 +1.608298117e+01 +2.107729812e+02 +2.107729812e+02
374 +1.439948367e+01 +1.439948367e+01 +2.090894837e+02 +2.090894837e+02
387 +1.412241940e+01 +1.412241940e+01 +2.088124194e+02 +2.088124194e+02
397 +1.127351332e+01 +1.127351332e+01 +2.059635133e+02 +2.059635133e+02
754 +1.092667297e+01 +1.092667297e+01 +2.056166730e+02 +2.056166730e+02
817 +1.011252615e+01 +1.011252615e+01 +2.048025262e+02 +2.048025262e+02
837 +9.779140539e+00 +9.779140539e+00 +2.044691405e+02 +2.044691405e+02
844 +9.602205362e+00 +9.602205362e+00 +2.042922054e+02 +2.042922054e+02
853 +9.131698831e+00 +9.131698831e+00 +2.038216988e+02 +2.038216988e+02
868 +9.052234960e+00 +9.052234960e+00 +2.037422350e+02 +2.037422350e+02
872 +8.745784455e+00 +8.745784455e+00 +2.034357845e+02 +2.034357845e+02
932 +8.309231511e+00 +8.309231511e+00 +2.029992315e+02 +2.029992315e+02
963 +8.096217060e+00 +8.096217060e+00 +2.027862171e+02 +2.027862171e+02
968 +7.667253844e+00 +7.667253844e+00 +2.023572538e+02 +2.023572538e+02
984 +7.333260469e+00 +7.333260469e+00 +2.020232605e+02 +2.020232605e+02
1306 +6.454493340e+00 +6.454493340e+00 +2.011444933e+02 +2.011444933e+02
1617 +6.167066874e+00 +6.167066874e+00 +2.008570669e+02 +2.008570669e+02
1663 +6.110031564e+00 +6.110031564e+00 +2.008000316e+02 +2.008000316e+02
1673 +5.839616358e+00 +5.839616358e+00 +2.005296164e+02 +2.005296164e+02
1757 +5.545159872e+00 +5.545159872e+00 +2.002351599e+02 +2.002351599e+02
1823 +5.385818211e+00 +5.385818211e+00 +2.000758182e+02 +2.000758182e+02
2325 +5.164385429e+00 +5.164385429e+00 +1.998543854e+02 +1.998543854e+02
2334 +5.038844603e+00 +5.038844603e+00 +1.997288446e+02 +1.997288446e+02
2582 +4.978202313e+00 +4.978202313e+00 +1.996682023e+02 +1.996682023e+02
2687 +4.720711525e+00 +4.720711525e+00 +1.994107115e+02 +1.994107115e+02
2716 +4.674394500e+00 +4.674394500e+00 +1.993643945e+02 +1.993643945e+02
2768 +4.469504795e+00 +4.469504795e+00 +1.991595048e+02 +1.991595048e+02
2780 +4.353934995e+00 +4.353934995e+00 +1.990439350e+02 +1.990439350e+02
3131 +4.203458521e+00 +4.203458521e+00 +1.988934585e+02 +1.988934585e+02
3188 +4.110171118e+00 +4.110171118e+00 +1.988001711e+02 +1.988001711e+02
3215 +3.994320714e+00 +3.994320714e+00 +1.986843207e+02 +1.986843207e+02
3222 +3.969814990e+00 +3.969814990e+00 +1.986598150e+02 +1.986598150e+02
3364 +3.843354520e+00 +3.843354520e+00 +1.985333545e+02 +1.985333545e+02
3382 +3.766732645e+00 +3.766732645e+00 +1.984567326e+02 +1.984567326e+02
3536 +3.714507153e+00 +3.714507153e+00 +1.984045072e+02 +1.984045072e+02
3833 +3.619126464e+00 +3.619126464e+00 +1.983091265e+02 +1.983091265e+02
3981 +3.540272907e+00 +3.540272907e+00 +1.982302729e+02 +1.982302729e+02
4296 +3.467026288e+00 +3.467026288e+00 +1.981570263e+02 +1.981570263e+02
5187 +3.388057595e+00 +3.388057595e+00 +1.980780576e+02 +1.980780576e+02
% function evaluation | noise-free fitness - Fopt (-9.443000000000e+01) | best noise-free fitness - Fopt | measured fitness | best measured fitness | x1 | x2...
1 +3.664960503e+01 +3.664960503e+01 -5.778039497e+01 -5.778039497e+01
2 +3.500606573e+01 +3.500606573e+01 -5.942393427e+01 -5.942393427e+01
3 +2.293548475e+01 +2.293548475e+01 -7.149451525e+01 -7.149451525e+01
42 +1.883595493e+01 +1.883595493e+01 -7.559404507e+01 -7.559404507e+01
47 +1.808482579e+01 +1.808482579e+01 -7.634517421e+01 -7.634517421e+01
63 +1.751655703e+01 +1.751655703e+01 -7.691344297e+01 -7.691344297e+01
76 +1.670804495e+01 +1.670804495e+01 -7.772195505e+01 -7.772195505e+01
88 +1.528064439e+01 +1.528064439e+01 -7.914935561e+01 -7.914935561e+01
96 +1.341413421e+01 +1.341413421e+01 -8.101586579e+01 -8.101586579e+01
134 +1.217015450e+01 +1.217015450e+01 -8.225984550e+01 -8.225984550e+01
138 +1.141929081e+01 +1.141929081e+01 -8.301070919e+01 -8.301070919e+01
155 +1.057079062e+01 +1.057079062e+01 -8.385920938e+01 -8.385920938e+01
156 +9.935602407e+00 +9.935602407e+00 -8.449439759e+01 -8.449439759e+01
184 +8.746298494e+00 +8.746298494e+00 -8.568370151e+01 -8.568370151e+01
310 +8.350411661e+00 +8.350411661e+00 -8.607958834e+01 -8.607958834e+01
358 +8.166625983e+00 +8.166625983e+00 -8.626337402e+01 -8.626337402e+01
362 +7.894005090e+00 +7.894005090e+00 -8.653599491e+01 -8.653599491e+01
805 +7.727430013e+00 +7.727430013e+00 -8.670256999e+01 -8.670256999e+01
807 +7.435884266e+00 +7.435884266e+00 -8.699411573e+01 -8.699411573e+01
982 +6.936660553e+00 +6.936660553e+00 -8.749333945e+01 -8.749333945e+01
993 +6.728822102e+00 +6.728822102e+00 -8.770117790e+01 -8.770117790e+01
1190 +6.379219059e+00 +6.379219059e+00 -8.805078094e+01 -8.805078094e+01
1192 +6.202134706e+00 +6.202134706e+00 -8.822786529e+01 -8.822786529e+01
1219 +5.269124191e+00 +5.269124191e+00 -8.916087581e+01 -8.916087581e+01
1454 +5.205224590e+00 +5.205224590e+00 -8.922477541e+01 -8.922477541e+01
1592 +4.990844077e+00 +4.990844077e+00 -8.943915592e+01 -8.943915592e+01
1623 +4.891151092e+00 +4.891151092e+00 -8.953884891e+01 -8.953884891e+01
1671 +4.127917360e+00 +4.127917360e+00 -9.030208264e+01 -9.030208264e+01
1892 +3.945020715e+00 +3.945020715e+00 -9.048497928e+01 -9.048497928e+01
2386 +3.787480073e+00 +3.787480073e+00 -9.064251993e+01 -9.064251993e+01
2509 +3.364871445e+00 +3.364871445e+00 -9.106512855e+01 -9.106512855e+01
3129 +3.308308122e+00 +3.308308122e+00 -9.112169188e+01 -9.112169188e+01
3161 +3.115844616e+00 +3.115844616e+00 -9.131415538e+01 -9.131415538e+01
3254 +2.958933592e+00 +2.958933592e+00 -9.147106641e+01 -9.147106641e+01
3282 +2.929465396e+00 +2.929465396e+00 -9.150053460e+01 -9.150053460e+01
3323 +2.833280719e+00 +2.833280719e+00 -9.159671928e+01 -9.159671928e+01
3343 +2.783634894e+00 +2.783634894e+00 -9.164636511e+01 -9.164636511e+01
3410 +2.748945489e+00 +2.748945489e+00 -9.168105451e+01 -9.168105451e+01
3616 +2.685336766e+00 +2.685336766e+00 -9.174466323e+01 -9.174466323e+01
3681 +2.620088293e+00 +2.620088293e+00 -9.180991171e+01 -9.180991171e+01
3682 +2.562571809e+00 +2.562571809e+00 -9.186742819e+01 -9.186742819e+01
4292 +2.511687365e+00 +2.511687365e+00 -9.191831264e+01 -9.191831264e+01
4994 +2.454570973e+00 +2.454570973e+00 -9.197542903e+01 -9.197542903e+01
6564 +2.398782718e+00 +2.398782718e+00 -9.203121728e+01 -9.203121728e+01
11568 +2.344208269e+00 +2.344208269e+00 -9.208579173e+01 -9.208579173e+01
% function evaluation | noise-free fitness - Fopt (-1.213000000000e+02) | best noise-free fitness - Fopt | measured fitness | best measured fitness | x1 | x2...
1 +1.550816061e+01 +1.550816061e+01 -1.057918394e+02 -1.057918394e+02
6 +1.470903073e+01 +1.470903073e+01 -1.065909693e+02 -1.065909693e+02
20 +1.410707566e+01 +1.410707566e+01 -1.071929243e+02 -1.071929243e+02
40 +1.362591474e+01 +1.362591474e+01 -1.076740853e+02 -1.076740853e+02
62 +1.276853883e+01 +1.276853883e+01 -1.085314612e+02 -1.085314612e+02
72 +1.229343198e+01 +1.229343198e+01 -1.090065680e+02 -1.090065680e+02
82 +1.195414975e+01 +1.195414975e+01 -1.093458502e+02 -1.093458502e+02
137 +1.095426082e+01 +1.095426082e+01 -1.103457392e+02 -1.103457392e+02
144 +1.023744634e+01 +1.023744634e+01 -1.110625537e+02 -1.110625537e+02
164 +1.014340181e+01 +1.014340181e+01 -1.111565982e+02 -1.111565982e+02
175 +8.986969754e+00 +8.986969754e+00 -1.123130302e+02 -1.123130302e+02
177 +8.130352972e+00 +8.130352972e+00 -1.131696470e+02 -1.131696470e+02
223 +7.711571057e+00 +7.711571057e+00 -1.135884289e+02 -1.135884289e+02
272 +7.420640106e+00 +7.420640106e+00 -1.138793599e+02 -1.138793599e+02
283 +6.978301546e+00 +6.978301546e+00 -1.143216985e+02 -1.143216985e+02
307 +6.794053330e+00 +6.794053330e+00 -1.145059467e+02 -1.145059467e+02
322 +6.371618163e+00 +6.371618163e+00 -1.149283818e+02 -1.149283818e+02
329 +6.185790799e+00 +6.185790799e+00 -1.151142092e+02 -1.151142092e+02
333 +6.038598887e+00 +6.038598887e+00 -1.152614011e+02 -1.152614011e+02
335 +5.813625977e+00 +5.813625977e+00 -1.154863740e+02 -1.154863740e+02
339 +5.600059078e+00 +5.600059078e+00 -1.156999409e+02 -1.156999409e+02
346 +5.212904735e+00 +5.212904735e+00 -1.160870953e+02 -1.160870953e+02
353 +4.385490002e+00 +4.385490002e+00 -1.169145100e+02 -1.169145100e+02
515 +4.034203254e+00 +4.034203254e+00 -1.172657967e+02 -1.172657967e+02
1427 +3.818942308e+00 +3.818942308e+00 -1.174810577e+02 -1.174810577e+02
1630 +3.683791374e+00 +3.683791374e+00 -1.176162086e+02 -1.176162086e+02
1689 +3.482569409e+00 +3.482569409e+00 -1.178174306e+02 -1.178174306e+02
1757 +3.338473387e+00 +3.338473387e+00 -1.179615266e+02 -1.179615266e+02
1841 +3.256120344e+00 +3.256120344e+00 -1.180438797e+02 -1.180438797e+02
2252 +3.155414536e+00 +3.155414536e+00 -1.181445855e+02 -1.181445855e+02
2282 +3.089625029e+00 +3.089625029e+00 -1.182103750e+02 -1.182103750e+02
2366 +2.998035867e+00 +2.998035867e+00 -1.183019641e+02 -1.183019641e+02
2512 +2.916618476e+00 +2.916618476e+00 -1.183833815e+02 -1.183833815e+02
2526 +2.878643331e+00 +2.878643331e+00 -1.184213567e+02 -1.184213567e+02
3366 +2.806959010e+00 +2.806959010e+00 -1.184930410e+02 -1.184930410e+02
3402 +2.746593280e+00 +2.746593280e+00 -1.185534067e+02 -1.185534067e+02
3513 +2.684487735e+00 +2.684487735e+00 -1.186155123e+02 -1.186155123e+02
3799 +2.627574953e+00 +2.627574953e+00 -1.186724250e+02 -1.186724250e+02
4904 +2.567910977e+00 +2.567910977e+00 -1.187320890e+02 -1.187320890e+02
6607 +2.511854732e+00 +2.511854732e+00 -1.187881453e+02 -1.187881453e+02
12008 +2.452898447e+00 +2.452898447e+00 -1.188471016e+02 -1.188471016e+02
% function evaluation | noise-free fitness - Fopt (-1.000000000000e+03) | best noise-free fitness - Fopt | measured fitness | best measured fitness | x1 | x2...
1 +2.256014295e+01 +2.256014295e+01 -9.774398571e+02 -9.774398571e+02
6 +1.748143385e+01 +1.748143385e+01 -9.825185662e+02 -9.825185662e+02
91 +1.352642402e+01 +1.352642402e+01 -9.864735760e+02 -9.864735760e+02
250 +1.311379940e+01 +1.311379940e+01 -9.868862006e+02 -9.868862006e+02
262 +1.131104535e+01 +1.131104535e+01 -9.886889547e+02 -9.886889547e+02
655 +1.114919413e+01 +1.114919413e+01 -9.888508059e+02 -9.888508059e+02
678 +9.869940698e+00 +9.869940698e+00 -9.901300593e+02 -9.901300593e+02
835 +9.737393431e+00 +9.737393431e+00 -9.902626066e+02 -9.902626066e+02
947 +9.242534615e+00 +9.242534615e+00 -9.907574654e+02 -9.907574654e+02
1039 +9.060937020e+00 +9.060937020e+00 -9.909390630e+02 -9.909390630e+02
1070 +8.373507343e+00 +8.373507343e+00 -9.916264927e+02 -9.916264927e+02
1139 +8.291360992e+00 +8.291360992e+00 -9.917086390e+02 -9.917086390e+02
1161 +7.946407325e+00 +7.946407325e+00 -9.920535927e+02 -9.920535927e+02
1622 +7.647726220e+00 +7.647726220e+00 -9.923522738e+02 -9.923522738e+02
1641 +7.018277175e+00 +7.018277175e+00 -9.929817228e+02 -9.929817228e+02
1644 +6.777558450e+00 +6.777558450e+00 -9.932224416e+02 -9.932224416e+02
1675 +6.384963001e+00 +6.384963001e+00 -9.936150370e+02 -9.936150370e+02
2349 +6.293017779e+00 +6.293017779e+00 -9.937069822e+02 -9.937069822e+02
2646 +6.135043323e+00 +6.135043323e+00 -9.938649567e+02 -9.938649567e+02
2664 +5.769706752e+00 +5.769706752e+00 -9.942302932e+02 -9.942302932e+02
2786 +5.703229518e+00 +5.703229518e+00 -9.942967705e+02 -9.942967705e+02
2856 +5.483378889e+00 +5.483378889e+00 -9.945166211e+02 -9.945166211e+02
3128 +5.273439765e+00 +5.273439765e+00 -9.947265602e+02 -9.947265602e+02
3274 +5.029299875e+00 +5.029299875e+00 -9.949707001e+02 -9.949707001e+02
3311 +4.950438706e+00 +4.950438706e+00 -9.950495613e+02 -9.950495613e+02
3340 +4.846251017e+00 +4.846251017e+00 -9.951537490e+02 -9.951537490e+02
3446 +4.732820684e+00 +4.732820684e+00 -9.952671793e+02 -9.952671793e+02
3482 +4.593433678e+00 +4.593433678e+00 -9.954065663e+02 -9.954065663e+02
3516 +4.551067081e+00 +4.551067081e+00 -9.954489329e+02 -9.954489329e+02
3716 +4.442768679e+00 +4.442768679e+00 -9.955572313e+02 -9.955572313e+02
3828 +4.296543055e+00 +4.296543055e+00 -9.957034569e+02 -9.957034569e+02
3834 +4.230125272e+00 +4.230125272e+00 -9.957698747e+02 -9.957698747e+02
4006 +4.107618364e+00 +4.107618364e+00 -9.958923816e+02 -9.958923816e+02
4391 +4.064466652e+00 +4.064466652e+00 -9.959355333e+02 -9.959355333e+02
4434 +3.973178640e+00 +3.973178640e+00 -9.960268214e+02 -9.960268214e+02
4542 +3.865766914e+00 +3.865766914e+00 -9.961342331e+02 -9.961342331e+02
4682 +3.794348817e+00 +3.794348817e+00 -9.962056512e+02 -9.962056512e+02
4947 +3.714776423e+00 +3.714776423e+00 -9.962852236e+02 -9.962852236e+02
5620 +3.630309822e+00 +3.630309822e+00 -9.963696902e+02 -9.963696902e+02
% function evaluation | noise-free fitness - Fopt (-2.787500000000e+02) | best noise-free fitness - Fopt | measured fitness | best measured fitness | x1 | x2...
1 +2.983820490e+01 +2.983820490e+01 -2.489117951e+02 -2.489117951e+02
3 +1.821054061e+01 +1.821054061e+01 -2.605394594e+02 -2.605394594e+02
18 +1.530886177e+01 +1.530886177e+01 -2.634411382e+02 -2.634411382e+02
19 +1.358216542e+01 +1.358216542e+01 -2.651678346e+02 -2.651678346e+02
26 +1.275651896e+01 +1.275651896e+01 -2.659934810e+02 -2.659934810e+02
403 +1.234990586e+01 +1.234990586e+01 -2.664000941e+02 -2.664000941e+02
418 +1.208417804e+01 +1.208417804e+01 -2.666658220e+02 -2.666658220e+02
503 +1.198470740e+01 +1.198470740e+01 -2.667652926e+02 -2.667652926e+02
850 +9.606560785e+00 +9.606560785e+00 -2.691434392e+02 -2.691434392e+02
1258 +9.418904118e+00 +9.418904118e+00 -2.693310959e+02 -2.693310959e+02
1294 +8.553793591e+00 +8.553793591e+00 -2.701962064e+02 -2.701962064e+02
1310 +7.678228718e+00 +7.678228718e+00 -2.710717713e+02 -2.710717713e+02
1406 +7.557977166e+00 +7.557977166e+00 -2.711920228e+02 -2.711920228e+02
1517 +7.345857818e+00 +7.345857818e+00 -2.714041422e+02 -2.714041422e+02
1522 +7.151858785e+00 +7.151858785e+00 -2.715981412e+02 -2.715981412e+02
1741 +6.879216922e+00 +6.879216922e+00 -2.718707831e+02 -2.718707831e+02
1945 +6.433146123e+00 +6.433146123e+00 -2.723168539e+02 -2.723168539e+02
1974 +6.049712026e+00 +6.049712026e+00 -2.727002880e+02 -2.727002880e+02
2029 +5.628934286e+00 +5.628934286e+00 -2.731210657e+02 -2.731210657e+02
2502 +5.577467432e+00 +5.577467432e+00 -2.731725326e+02 -2.731725326e+02
2684 +5.488470308e+00 +5.488470308e+00 -2.732615297e+02 -2.732615297e+02
3252 +5.225634084e+00 +5.225634084e+00 -2.735243659e+02 -2.735243659e+02
3355 +5.028794836e+00 +5.028794836e+00 -2.737212052e+02 -2.737212052e+02
3643 +4.878391002e+00 +4.878391002e+00 -2.738716090e+02 -2.738716090e+02
3867 +4.609726730e+00 +4.609726730e+00 -2.741402733e+02 -2.741402733e+02
3877 +4.487412305e+00 +4.487412305e+00 -2.742625877e+02 -2.742625877e+02
3923 +4.409848910e+00 +4.409848910e+00 -2.743401511e+02 -2.743401511e+02
4096 +4.344368869e+00 +4.344368869e+00 -2.744056311e+02 -2.744056311e+02
4113 +4.251380932e+00 +4.251380932e+00 -2.744986191e+02 -2.744986191e+02
4314 +4.125367193e+00 +4.125367193e+00 -2.746246328e+02 -2.746246328e+02
4325 +4.018839769e+00 +4.018839769e+00 -2.747311602e+02 -2.747311602e+02
4375 +3.972197190e+00 +3.972197190e+00 -2.747778028e+02 -2.747778028e+02
4388 +3.870530096e+00 +3.870530096e+00 -2.748794699e+02 -2.748794699e+02
4439 +3.721007515e+00 +3.721007515e+00 -2.750289925e+02 -2.750289925e+02
4444 +3.632636649e+00 +3.632636649e+00 -2.751173634e+02 -2.751173634e+02
4502 +3.590582463e+00 +3.590582463e+00 -2.751594175e+02 -2.751594175e+02
4557 +3.542661536e+00 +3.542661536e+00 -2.752073385e+02 -2.752073385e+02
4918 +3.462854333e+00 +3.462854333e+00 -2.752871457e+02 -2.752871457e+02
5026 +3.387615880e+00 +3.387615880e+00 -2.753623841e+02 -2.753623841e+02
5378 +3.310803841e+00 +3.310803841e+00 -2.754391962e+02 -2.754391962e+02
5944 +3.235345769e+00 +3.235345769e+00 -2.755146542e+02 -2.755146542e+02
% function evaluation | noise-free fitness - Fopt (-1.677000000000e+01) | best noise-free fitness - Fopt | measured fitness | best measured fitness | x1 | x2...
1 +2.236512640e+01 +2.236512640e+01 +5.595126404e+00 +5.595126404e+00
2 +1.992595305e+01 +1.992595305e+01 +3.155953055e+00 +3.155953055e+00
17 +1.904063923e+01 +1.904063923e+01 +2.270639232e+00 +2.270639232e+00
23 +1.702348341e+01 +1.702348341e+01 +2.534834110e-01 +2.534834110e-01
28 +1.510005084e+01 +1.510005084e+01 -1.669949160e+00 -1.669949160e+00
63 +1.440183855e+01 +1.440183855e+01 -2.368161448e+00 -2.368161448e+00
225 +1.323295551e+01 +1.323295551e+01 -3.537044491e+00 -3.537044491e+00
232 +1.227497497e+01 +1.227497497e+01 -4.495025027e+00 -4.495025027e+00
258 +1.198251129e+01 +1.198251129e+01 -4.787488708e+00 -4.787488708e+00
308 +1.163549696e+01 +1.163549696e+01 -5.134503037e+00 -5.134503037e+00
666 +1.077189265e+01 +1.077189265e+01 -5.998107346e+00 -5.998107346e+00
691 +9.926013660e+00 +9.926013660e+00 -6.843986340e+00 -6.843986340e+00
762 +9.754512104e+00 +9.754512104e+00 -7.015487896e+00 -7.015487896e+00
852 +9.454664472e+00 +9.454664472e+00 -7.315335528e+00 -7.315335528e+00
864 +9.300128652e+00 +9.300128652e+00 -7.469871348e+00 -7.469871348e+00
865 +8.363359607e+00 +8.363359607e+00 -8.406640393e+00 -8.406640393e+00
878 +8.196996327e+00 +8.196996327e+00 -8.573003673e+00 -8.573003673e+00
1411 +7.713258534e+00 +7.713258534e+00 -9.056741466e+00 -9.056741466e+00
1710 +7.532334718e+00 +7.532334718e+00 -9.237665282e+00 -9.237665282e+00
1789 +7.156563302e+00 +7.156563302e+00 -9.613436698e+00 -9.613436698e+00
2015 +6.619816885e+00 +6.619816885e+00 -1.015018312e+01 -1.015018312e+01
2021 +6.590780313e+00 +6.590780313e+00 -1.017921969e+01 -1.017921969e+01
2042 +6.441351274e+00 +6.441351274e+00 -1.032864873e+01 -1.032864873e+01
2180 +6.123364719e+00 +6.123364719e+00 -1.064663528e+01 -1.064663528e+01
2301 +5.781118629e+00 +5.781118629e+00 -1.098888137e+01 -1.098888137e+01
2319 +5.721207737e+00 +5.721207737e+00 -1.104879226e+01 -1.104879226e+01
2351 +5.478616255e+00 +5.478616255e+00 -1.129138375e+01 -1.129138375e+01
2472 +5.367980143e+00 +5.367980143e+00 -1.140201986e+01 -1.140201986e+01
2481 +5.200139845e+00 +5.200139845e+00 -1.156986016e+01 -1.156986016e+01
2717 +5.122249003e+00 +5.122249003e+00 -1.164775100e+01 -1.164775100e+01
2944 +5.007301728e+00 +5.007301728e+00 -1.176269827e+01 -1.176269827e+01
3117 +4.876509920e+00 +4.876509920e+00 -1.189349008e+01 -1.189349008e+01
3410 +4.774515344e+00 +4.774515344e+00 -1.199548466e+01 -1.199548466e+01
3727 +4.675194350e+00 +4.675194350e+00 -1.209480565e+01 -1.209480565e+01
4394 +4.570778969e+00 +4.570778969e+00 -1.219922103e+01 -1.219922103e+01
5443 +4.466657486e+00 +4.466657486e+00 -1.230334251e+01 -1.230334251e+01
% function evaluation | noise-free fitness - Fopt (-8.593000000000e+01) | best noise-free fitness - Fopt | measured fitness | best measured fitness | x1 | x2...
1 +3.081271253e+01 +3.081271253e+01 -5.511728747e+01 -5.511728747e+01
13 +2.869270655e+01 +2.869270655e+01 -5.723729345e+01 -5.723729345e+01
14 +2.814119304e+01 +2.814119304e+01 -5.778880696e+01 -5.778880696e+01
17 +2.639244151e+01 +2.639244151e+01 -5.953755849e+01 -5.953755849e+01
37 +2.607056880e+01 +2.607056880e+01 -5.985943120e+01 -5.985943120e+01
64 +2.338626297e+01 +2.338626297e+01 -6.254373703e+01 -6.254373703e+01
84 +2.271988035e+01 +2.271988035e+01 -6.321011965e+01 -6.321011965e+01
126 +2.188253268e+01 +2.188253268e+01 -6.404746732e+01 -6.404746732e+01
147 +1.991947963e+01 +1.991947963e+01 -6.601052037e+01 -6.601052037e+01
148 +1.830200034e+01 +1.830200034e+01 -6.762799966e+01 -6.762799966e+01
157 +1.803077241e+01 +1.803077241e+01 -6.789922759e+01 -6.789922759e+01
196 +1.676200108e+01 +1.676200108e+01 -6.916799892e+01 -6.916799892e+01
211 +1.453733128e+01 +1.453733128e+01 -7.139266872e+01 -7.139266872e+01
230 +1.404502326e+01 +1.404502326e+01 -7.188497674e+01 -7.188497674e+01
268 +1.357503382e+01 +1.357503382e+01 -7.235496618e+01 -7.235496618e+01
277 +1.219600843e+01 +1.219600843e+01 -7.373399157e+01 -7.373399157e+01
376 +1.176328379e+01 +1.176328379e+01 -7.416671621e+01 -7.416671621e+01
395 +1.018000409e+01 +1.018000409e+01 -7.574999591e+01 -7.574999591e+01
407 +9.272704595e+00 +9.272704595e+00 -7.665729541e+01 -7.665729541e+01
703 +8.712956313e+00 +8.712956313e+00 -7.721704369e+01 -7.721704369e+01
1461 +7.897113237e+00 +7.897113237e+00 -7.803288676e+01 -7.803288676e+01
1501 +7.751616015e+00 +7.751616015e+00 -7.817838399e+01 -7.817838399e+01
1821 +7.241057910e+00 +7.241057910e+00 -7.868894209e+01 -7.868894209e+01
2039 +7.060433592e+00 +7.060433592e+00 -7.886956641e+01 -7.886956641e+01
2122 +6.797456063e+00 +6.797456063e+00 -7.913254394e+01 -7.913254394e+01
2137 +6.415719171e+00 +6.415719171e+00 -7.951428083e+01 -7.951428083e+01
2140 +6.236389017e+00 +6.236389017e+00 -7.969361098e+01 -7.969361098e+01
2220 +5.993031412e+00 +5.993031412e+00 -7.993696859e+01 -7.993696859e+01
2264 +5.812398489e+00 +5.812398489e+00 -8.011760151e+01 -8.011760151e+01
2266 +5.306939252e+00 +5.306939252e+00 -8.062306075e+01 -8.062306075e+01
2279 +5.193621243e+00 +5.193621243e+00 -8.073637876e+01 -8.073637876e+01
2382 +4.868648424e+00 +4.868648424e+00 -8.106135158e+01 -8.106135158e+01
2656 +4.399292745e+00 +4.399292745e+00 -8.153070726e+01 -8.153070726e+01
3364 +4.306669554e+00 +4.306669554e+00 -8.162333045e+01 -8.162333045e+01
3418 +4.196750045e+00 +4.196750045e+00 -8.173324995e+01 -8.173324995e+01
3446 +4.020036720e+00 +4.020036720e+00 -8.190996328e+01 -8.190996328e+01
3475 +3.937559635e+00 +3.937559635e+00 -8.199244036e+01 -8.199244036e+01
3601 +3.836983196e+00 +3.836983196e+00 -8.209301680e+01 -8.209301680e+01
3620 +3.798686286e+00 +3.798686286e+00 -8.213131371e+01 -8.213131371e+01
3696 +3.676178567e+00 +3.676178567e+00 -8.225382143e+01 -8.225382143e+01
3724 +3.573161357e+00 +3.573161357e+00 -8.235683864e+01 -8.235683864e+01
3732 +3.481742768e+00 +3.481742768e+00 -8.244825723e+01 -8.244825723e+01
3848 +3.418281815e+00 +3.418281815e+00 -8.251171818e+01 -8.251171818e+01
3849 +3.380011710e+00 +3.380011710e+00 -8.254998829e+01 -8.254998829e+01
3894 +3.307881432e+00 +3.307881432e+00 -8.262211857e+01 -8.262211857e+01
3913 +3.229831493e+00 +3.229831493e+00 -8.270016851e+01 -8.270016851e+01
4097 +3.154648227e+00 +3.154648227e+00 -8.277535177e+01 -8.277535177e+01
4099 +3.058031753e+00 +3.058031753e+00 -8.287196825e+01 -8.287196825e+01
4120 +3.007164399e+00 +3.007164399e+00 -8.292283560e+01 -8.292283560e+01
4554 +2.937808983e+00 +2.937808983e+00 -8.299219102e+01 -8.299219102e+01
4677 +2.872854940e+00 +2.872854940e+00 -8.305714506e+01 -8.305714506e+01
4868 +2.814174999e+00 +2.814174999e+00 -8.311582500e+01 -8.311582500e+01
5501 +2.751131960e+00 +2.751131960e+00 -8.317886804e+01 -8.317886804e+01
6333 +2.690563342e+00 +2.690563342e+00 -8.323943666e+01 -8.323943666e+01
8146 +2.630251593e+00 +2.630251593e+00 -8.329974841e+01 -8.329974841e+01
12905 +2.570363219e+00 +2.570363219e+00 -8.335963678e+01 -8.335963678e+01
% function evaluation | noise-free fitness - Fopt (4.966000000000e+01) | best noise-free fitness - Fopt | measured fitness | best measured fitness | x1 | x2...
1 +1.835613023e+01 +1.835613023e+01 +6.801613023e+01 +6.801613023e+01
5 +1.523212423e+01 +1.523212423e+01 +6.489212423e+01 +6.489212423e+01
23 +1.418488926e+01 +1.418488926e+01 +6.384488926e+01 +6.384488926e+01
40 +1.360062192e+01 +1.360062192e+01 +6.326062192e+01 +6.326062192e+01
118 +1.169276688e+01 +1.169276688e+01 +6.135276688e+01 +6.135276688e+01
161 +1.093522105e+01 +1.093522105e+01 +6.059522105e+01 +6.059522105e+01
647 +1.020601535e+01 +1.020601535e+01 +5.986601535e+01 +5.986601535e+01
867 +9.594582706e+00 +9.594582706e+00 +5.925458271e+01 +5.925458271e+01
1014 +9.282070476e+00 +9.282070476e+00 +5.894207048e+01 +5.894207048e+01
1290 +8.709216196e+00 +8.709216196e+00 +5.836921620e+01 +5.836921620e+01
1434 +8.321496273e+00 +8.321496273e+00 +5.798149627e+01 +5.798149627e+01
1439 +7.833969166e+00 +7.833969166e+00 +5.749396917e+01 +5.749396917e+01
1701 +7.623917655e+00 +7.623917655e+00 +5.728391765e+01 +5.728391765e+01
1932 +7.176607941e+00 +7.176607941e+00 +5.683660794e+01 +5.683660794e+01
2200 +7.052106391e+00 +7.052106391e+00 +5.671210639e+01 +5.671210639e+01
2219 +6.825905740e+00 +6.825905740e+00 +5.648590574e+01 +5.648590574e+01
2228 +6.733115104e+00 +6.733115104e+00 +5.639311510e+01 +5.639311510e+01
2303 +6.599535460e+00 +6.599535460e+00 +5.625953546e+01 +5.625953546e+01
2320 +6.345087515e+00 +6.345087515e+00 +5.600508752e+01 +5.600508752e+01
2336 +6.139914779e+00 +6.139914779e+00 +5.579991478e+01 +5.579991478e+01
2755 +6.024671245e+00 +6.024671245e+00 +5.568467124e+01 +5.568467124e+01
3113 +5.883688247e+00 +5.883688247e+00 +5.554368825e+01 +5.554368825e+01
3767 +5.749457886e+00 +5.749457886e+00 +5.540945789e+01 +5.540945789e+01
7877 +5.623222955e+00 +5.623222955e+00 +5.528322296e+01 +5.528322296e+01
% function evaluation | noise-free fitness - Fopt (2.652800000000e+02) | best noise-free fitness - Fopt | measured fitness | best measured fitness | x1 | x2...
1 +2.100758509e+01 +2.100758509e+01 +2.862875851e+02 +2.862875851e+02
9 +1.705973330e+01 +1.705973330e+01 +2.823397333e+02 +2.823397333e+02
12 +1.646249397e+01 +1.646249397e+01 +2.817424940e+02 +2.817424940e+02
16 +1.587635279e+01 +1.587635279e+01 +2.811563528e+02 +2.811563528e+02
17 +1.566081606e+01 +1.566081606e+01 +2.809408161e+02 +2.809408161e+02
20 +1.522517332e+01 +1.522517332e+01 +2.805051733e+02 +2.805051733e+02
32 +1.382143577e+01 +1.382143577e+01 +2.791014358e+02 +2.791014358e+02
217 +1.326971472e+01 +1.326971472e+01 +2.785497147e+02 +2.785497147e+02
341 +1.285522207e+01 +1.285522207e+01 +2.781352221e+02 +2.781352221e+02
366 +1.169409214e+01 +1.169409214e+01 +2.769740921e+02 +2.769740921e+02
433 +1.105607029e+01 +1.105607029e+01 +2.763360703e+02 +2.763360703e+02
508 +1.095438819e+01 +1.095438819e+01 +2.762343882e+02 +2.762343882e+02
556 +1.047733614e+01 +1.047733614e+01 +2.757573361e+02 +2.757573361e+02
570 +9.938619150e+00 +9.938619150e+00 +2.752186191e+02 +2.752186191e+02
613 +9.556512817e+00 +9.556512817e+00 +2.748365128e+02 +2.748365128e+02
624 +9.414670999e+00 +9.414670999e+00 +2.746946710e+02 +2.746946710e+02
626 +9.013604089e+00 +9.013604089e+00 +2.742936041e+02 +2.742936041e+02
630 +8.861247879e+00 +8.861247879e+00 +2.741412479e+02 +2.741412479e+02
643 +8.003564504e+00 +8.003564504e+00 +2.732835645e+02 +2.732835645e+02
749 +7.598664299e+00 +7.598664299e+00 +2.728786643e+02 +2.728786643e+02
768 +6.831173010e+00 +6.831173010e+00 +2.721111730e+02 +2.721111730e+02
857 +6.593459719e+00 +6.593459719e+00 +2.718734597e+02 +2.718734597e+02
1190 +6.274663999e+00 +6.274663999e+00 +2.715546640e+02 +2.715546640e+02
1539 +6.027935219e+00 +6.027935219e+00 +2.713079352e+02 +2.713079352e+02
1704 +5.910898088e+00 +5.910898088e+00 +2.711908981e+02 +2.711908981e+02
1713 +5.622803311e+00 +5.622803311e+00 +2.709028033e+02 +2.709028033e+02
1772 +5.398428779e+00 +5.398428779e+00 +2.706784288e+02 +2.706784288e+02
1779 +5.367513368e+00 +5.367513368e+00 +2.706475134e+02 +2.706475134e+02
2080 +5.201197525e+00 +5.201197525e+00 +2.704811975e+02 +2.704811975e+02
2101 +5.112469645e+00 +5.112469645e+00 +2.703924696e+02 +2.703924696e+02
2112 +4.725435066e+00 +4.725435066e+00 +2.700054351e+02 +2.700054351e+02
2130 +4.563301956e+00 +4.563301956e+00 +2.698433020e+02 +2.698433020e+02
2134 +4.456156035e+00 +4.456156035e+00 +2.697361560e+02 +2.697361560e+02
3058 +4.278702583e+00 +4.278702583e+00 +2.695587026e+02 +2.695587026e+02
3067 +4.147193383e+00 +4.147193383e+00 +2.694271934e+02 +2.694271934e+02
3250 +4.063040605e+00 +4.063040605e+00 +2.693430406e+02 +2.693430406e+02
3316 +3.923530516e+00 +3.923530516e+00 +2.692035305e+02 +2.692035305e+02
3326 +3.885887404e+00 +3.885887404e+00 +2.691658874e+02 +2.691658874e+02
3638 +3.801770766e+00 +3.801770766e+00 +2.690817708e+02 +2.690817708e+02
3715 +3.709965087e+00 +3.709965087e+00 +2.689899651e+02 +2.689899651e+02
4402 +3.628935782e+00 +3.628935782e+00 +2.689089358e+02 +2.689089358e+02
5532 +3.547522149e+00 +3.547522149e+00 +2.688275221e+02 +2.688275221e+02
31753 +3.467367997e+00 +3.467367997e+00 +2.687473680e+02 +2.687473680e+02
