% function evaluation | noise-free fitness - Fopt (-1.694000000000e+01) | best noise-free fitness - Fopt | measured fitness | best measured fitness | x1 | x2...
1 +4.074075597e+01 +4.074075597e+01 +2.380075597e+01 +2.380075597e+01 +0.0000e+00 +0.0000e+00
2 +1.327173944e+01 +1.327173944e+01 -3.668260559e+00 -3.668260559e+00 +1.4151e+00 +3.1187e-01
9 +1.203718840e+01 +1.203718840e+01 -4.902811599e+00 -4.902811599e+00 +1.9676e+00 -3.3655e-01
13 +6.140910723e+00 +6.140910723e+00 -1.079908928e+01 -1.079908928e+01 +3.1167e+00 +5.2919e-01
28 +8.546898674e-01 +8.546898674e-01 -1.608531013e+01 -1.608531013e+01 +3.6550e+00 +1.8945e+00
94 +7.381232602e-01 +7.381232602e-01 -1.620187674e+01 -1.620187674e+01 +3.6892e+00 +2.6523e+00
101 +3.991218116e-01 +3.991218116e-01 -1.654087819e+01 -1.654087819e+01 +3.4741e+00 +2.8773e+00
118 +2.449918407e-01 +2.449918407e-01 -1.669500816e+01 -1.669500816e+01 +3.6501e+00 +2.7543e+00
157 +2.974581313e-02 +2.974581313e-02 -1.691025419e+01 -1.691025419e+01 +3.6502e+00 +2.5513e+00
498 +2.891539569e-02 +2.891539569e-02 -1.691108460e+01 -1.691108460e+01 +3.6567e+00 +2.5404e+00
501 +1.087895297e-02 +1.087895297e-02 -1.692912105e+01 -1.692912105e+01 +3.6560e+00 +2.5440e+00
518 +8.172466801e-03 +8.172466801e-03 -1.693182753e+01 -1.693182753e+01 +3.6563e+00 +2.5460e+00
528 +9.908549747e-04 +9.908549747e-04 -1.693900915e+01 -1.693900915e+01 +3.6558e+00 +2.5505e+00
600 +2.433102003e-04 +2.433102003e-04 -1.693975669e+01 -1.693975669e+01 +3.6561e+00 +2.5494e+00
809 +2.336390496e-04 +2.336390496e-04 -1.693976636e+01 -1.693976636e+01 +3.6560e+00 +2.5496e+00
815 +2.174480304e-04 +2.174480304e-04 -1.693978255e+01 -1.693978255e+01 +3.6560e+00 +2.5497e+00
830 +3.418126684e-05 +3.418126684e-05 -1.693996582e+01 -1.693996582e+01 +3.6560e+00 +2.5496e+00
857 +2.900119915e-05 +2.900119915e-05 -1.693997100e+01 -1.693997100e+01 +3.6560e+00 +2.5496e+00
% function evaluation | noise-free fitness - Fopt (1.881000000000e+01) | best noise-free fitness - Fopt | measured fitness | best measured fitness | x1 | x2...
1 +2.207574042e+01 +2.207574042e+01 +4.088574042e+01 +4.088574042e+01 +0.0000e+00 +0.0000e+00
5 +8.740906935e+00 +8.740906935e+00 +2.755090693e+01 +2.755090693e+01 +4.2819e-01 +8.5811e-01
14 +5.364851997e+00 +5.364851997e+00 +2.417485200e+01 +2.417485200e+01 +9.1670e-01 +6.9029e-01
15 +4.104405679e+00 +4.104405679e+00 +2.291440568e+01 +2.291440568e+01 +1.0285e+00 +7.7243e-01
18 +1.026843406e+00 +1.026843406e+00 +1.983684341e+01 +1.983684341e+01 +2.2468e-01 +2.0361e+00
35 +4.352249295e-01 +4.352249295e-01 +1.924522493e+01 +1.924522493e+01 -1.9883e-01 +1.8234e+00
85 +3.896952783e-01 +3.896952783e-01 +1.919969528e+01 +1.919969528e+01 +2.3979e-01 +1.7484e+00
112 +2.461863530e-01 +2.461863530e-01 +1.905618635e+01 +1.905618635e+01 -1.9539e-03 +1.6803e+00
124 +2.148914440e-01 +2.148914440e-01 +1.902489144e+01 +1.902489144e+01 -5.8895e-03 +1.7302e+00
% function evaluation | noise-free fitness - Fopt (2.731500000000e+02) | best noise-free fitness - Fopt | measured fitness | best measured fitness | x1 | x2...
1 +6.129627523e+01 +6.129627523e+01 +3.344462752e+02 +3.344462752e+02 +0.0000e+00 +0.0000e+00
2 +1.898307165e+01 +1.898307165e+01 +2.921330716e+02 +2.921330716e+02 -6.9538e-01 +9.8093e-01
4 +1.035706775e+01 +1.035706775e+01 +2.835070678e+02 +2.835070678e+02 -2.3733e+00 +5.9198e-01
18 +6.044787213e+00 +6.044787213e+00 +2.791947872e+02 +2.791947872e+02 -5.2519e+00 +2.7269e-01
32 +3.595458253e+00 +3.595458253e+00 +2.767454583e+02 +2.767454583e+02 -4.1070e+00 +2.0177e+00
42 +2.519306809e+00 +2.519306809e+00 +2.756693068e+02 +2.756693068e+02 -2.9955e+00 +3.5760e+00
79 +1.519649217e+00 +1.519649217e+00 +2.746696492e+02 +2.746696492e+02 -3.5278e+00 +2.9407e+00
96 +6.385330445e-01 +6.385330445e-01 +2.737885330e+02 +2.737885330e+02 -3.6442e+00 +3.9069e+00
109 +3.119266977e-01 +3.119266977e-01 +2.734619267e+02 +2.734619267e+02 -3.6663e+00 +3.6290e+00
127 +2.339017471e-01 +2.339017471e-01 +2.733839017e+02 +2.733839017e+02 -3.5351e+00 +3.8411e+00
134 +9.765770010e-02 +9.765770010e-02 +2.732476577e+02 +2.732476577e+02 -3.6283e+00 +3.6848e+00
202 +5.865216648e-02 +5.865216648e-02 +2.732086522e+02 +2.732086522e+02 -3.5489e+00 +3.7853e+00
282 +5.693208119e-02 +5.693208119e-02 +2.732069321e+02 +2.732069321e+02 -3.5917e+00 +3.7529e+00
294 +2.011575590e-02 +2.011575590e-02 +2.731701158e+02 +2.731701158e+02 -3.5763e+00 +3.7580e+00
318 +1.688977718e-02 +1.688977718e-02 +2.731668898e+02 +2.731668898e+02 -3.5753e+00 +3.7698e+00
354 +1.093610999e-02 +1.093610999e-02 +2.731609361e+02 +2.731609361e+02 -3.5799e+00 +3.7475e+00
367 +3.383298457e-03 +3.383298457e-03 +2.731533833e+02 +2.731533833e+02 -3.5808e+00 +3.7520e+00
406 +3.089963569e-03 +3.089963569e-03 +2.731530900e+02 +2.731530900e+02 -3.5776e+00 +3.7560e+00
% function evaluation | noise-free fitness - Fopt (3.718000000000e+01) | best noise-free fitness - Fopt | measured fitness | best measured fitness | x1 | x2...
1 +1.670141745e+01 +1.670141745e+01 +5.388141745e+01 +5.388141745e+01 +0.0000e+00 +0.0000e+00
5 +1.430892384e+01 +1.430892384e+01 +5.148892384e+01 +5.148892384e+01 +4.1198e-01 +1.5873e+00
6 +7.071620504e+00 +7.071620504e+00 +4.425162050e+01 +4.425162050e+01 -6.4516e-01 +1.0967e-01
30 +6.335014880e+00 +6.335014880e+00 +4.351501488e+01 +4.351501488e+01 -9.4526e-01 +3.2631e-02
77 +5.122468498e+00 +5.122468498e+00 +4.230246850e+01 +4.230246850e+01 -1.6321e+00 +4.2432e-01
% function evaluation | noise-free fitness - Fopt (-1.479000000000e+02) | best noise-free fitness - Fopt | measured fitness | best measured fitness | x1 | x2...
1 +7.591358693e+00 +7.591358693e+00 -1.403086413e+02 -1.403086413e+02 +0.0000e+00 +0.0000e+00
2 +4.212186281e+00 +4.212186281e+00 -1.436878137e+02 -1.436878137e+02 -1.5808e+00 -1.3259e+00
11 +3.832203882e+00 +3.832203882e+00 -1.440677961e+02 -1.440677961e+02 +1.4572e-01 -1.6236e+00
28 +3.049246874e+00 +3.049246874e+00 -1.448507531e+02 -1.448507531e+02 -2.2155e-01 -5.7292e-01
36 +2.121829909e+00 +2.121829909e+00 -1.457781701e+02 -1.457781701e+02 -2.9609e-01 -1.2047e+00
38 +1.531908305e+00 +1.531908305e+00 -1.463680917e+02 -1.463680917e+02 -7.0581e-01 -8.3235e-01
71 +1.469113493e+00 +1.469113493e+00 -1.464308865e+02 -1.464308865e+02 -5.5074e-01 -7.6402e-01
94 +1.261918811e+00 +1.261918811e+00 -1.466380812e+02 -1.466380812e+02 -1.3713e+00 -4.9447e-01
100 +4.495485532e-01 +4.495485532e-01 -1.474504514e+02 -1.474504514e+02 -1.6610e+00 +1.9432e-01
124 +3.991076077e-01 +3.991076077e-01 -1.475008924e+02 -1.475008924e+02 -1.4429e+00 -1.2679e-01
126 +3.264247849e-01 +3.264247849e-01 -1.475735752e+02 -1.475735752e+02 -1.5513e+00 +1.2717e-01
137 +2.498313360e-01 +2.498313360e-01 -1.476501687e+02 -1.476501687e+02 -1.5376e+00 +1.5755e-01
154 +1.573711482e-01 +1.573711482e-01 -1.477426289e+02 -1.477426289e+02 -1.5533e+00 +1.1658e-01
170 +1.200410128e-01 +1.200410128e-01 -1.477799590e+02 -1.477799590e+02 -1.6042e+00 +6.2169e-02
184 +1.017296739e-01 +1.017296739e-01 -1.477982703e+02 -1.477982703e+02 -1.6242e+00 +6.6238e-02
189 +7.991532004e-02 +7.991532004e-02 -1.478200847e+02 -1.478200847e+02 -1.6339e+00 +1.2973e-01
206 +7.844231264e-02 +7.844231264e-02 -1.478215577e+02 -1.478215577e+02 -1.6856e+00 +1.6881e-01
209 +7.749486672e-02 +7.749486672e-02 -1.478225051e+02 -1.478225051e+02 -1.6873e+00 +1.4388e-01
211 +4.252370764e-02 +4.252370764e-02 -1.478574763e+02 -1.478574763e+02 -1.6639e+00 +1.4425e-01
218 +3.251044913e-02 +3.251044913e-02 -1.478674896e+02 -1.478674896e+02 -1.6427e+00 +1.2045e-01
239 +7.571662114e-03 +7.571662114e-03 -1.478924283e+02 -1.478924283e+02 -1.6732e+00 +1.4032e-01
417 +6.031795808e-03 +6.031795808e-03 -1.478939682e+02 -1.478939682e+02 -1.6684e+00 +1.3254e-01
427 +4.595387118e-03 +4.595387118e-03 -1.478954046e+02 -1.478954046e+02 -1.6677e+00 +1.3340e-01
430 +3.057012398e-03 +3.057012398e-03 -1.478969430e+02 -1.478969430e+02 -1.6701e+00 +1.3370e-01
455 +2.860937902e-03 +2.860937902e-03 -1.478971391e+02 -1.478971391e+02 -1.6696e+00 +1.3421e-01
462 +2.016278544e-03 +2.016278544e-03 -1.478979837e+02 -1.478979837e+02 -1.6695e+00 +1.3431e-01
474 +1.115960018e-03 +1.115960018e-03 -1.478988840e+02 -1.478988840e+02 -1.6696e+00 +1.3468e-01
506 +9.835430988e-04 +9.835430988e-04 -1.478990165e+02 -1.478990165e+02 -1.6710e+00 +1.3549e-01
568 +2.478323495e-04 +2.478323495e-04 -1.478997522e+02 -1.478997522e+02 -1.6704e+00 +1.3515e-01
598 +2.331228346e-04 +2.331228346e-04 -1.478997669e+02 -1.478997669e+02 -1.6704e+00 +1.3526e-01
605 +1.218962471e-04 +1.218962471e-04 -1.478998781e+02 -1.478998781e+02 -1.6704e+00 +1.3521e-01
672 +4.313968438e-05 +4.313968438e-05 -1.478999569e+02 -1.478999569e+02 -1.6704e+00 +1.3519e-01
683 +3.675592848e-05 +3.675592848e-05 -1.478999632e+02 -1.478999632e+02 -1.6704e+00 +1.3521e-01
702 +1.968929951e-05 +1.968929951e-05 -1.478999803e+02 -1.478999803e+02 -1.6704e+00 +1.3520e-01
740 +1.288074796e-05 +1.288074796e-05 -1.478999871e+02 -1.478999871e+02 -1.6704e+00 +1.3520e-01
764 +8.587438430e-06 +8.587438430e-06 -1.478999914e+02 -1.478999914e+02 -1.6704e+00 +1.3520e-01
803 +3.443371241e-06 +3.443371241e-06 -1.478999966e+02 -1.478999966e+02 -1.6704e+00 +1.3520e-01
807 +3.213084540e-06 +3.213084540e-06 -1.478999968e+02 -1.478999968e+02 -1.6704e+00 +1.3520e-01
818 +2.474283576e-06 +2.474283576e-06 -1.478999975e+02 -1.478999975e+02 -1.6704e+00 +1.3520e-01
835 +1.242243286e-06 +1.242243286e-06 -1.478999988e+02 -1.478999988e+02 -1.6704e+00 +1.3520e-01
846 +8.435295342e-07 +8.435295342e-07 -1.478999992e+02 -1.478999992e+02 -1.6704e+00 +1.3520e-01
852 +7.345125823e-07 +7.345125823e-07 -1.478999993e+02 -1.478999993e+02 -1.6704e+00 +1.3520e-01
858 +6.586641348e-07 +6.586641348e-07 -1.478999993e+02 -1.478999993e+02 -1.6704e+00 +1.3520e-01
860 +6.343485950e-07 +6.343485950e-07 -1.478999994e+02 -1.478999994e+02 -1.6704e+00 +1.3520e-01
868 +4.554891575e-07 +4.554891575e-07 -1.478999995e+02 -1.478999995e+02 -1.6704e+00 +1.3520e-01
871 +3.952485486e-07 +3.952485486e-07 -1.478999996e+02 -1.478999996e+02 -1.6704e+00 +1.3520e-01
947 +3.418019503e-07 +3.418019503e-07 -1.478999997e+02 -1.478999997e+02 -1.6704e+00 +1.3520e-01
974 +2.952194791e-07 +2.952194791e-07 -1.478999997e+02 -1.478999997e+02 -1.6704e+00 +1.3520e-01
993 +1.943222401e-07 +1.943222401e-07 -1.478999998e+02 -1.478999998e+02 -1.6704e+00 +1.3520e-01
994 +1.464354966e-07 +1.464354966e-07 -1.478999999e+02 -1.478999999e+02 -1.6704e+00 +1.3520e-01
1001 +1.434512740e-07 +1.434512740e-07 -1.478999999e+02 -1.478999999e+02 -1.6704e+00 +1.3520e-01
1012 +1.304288446e-07 +1.304288446e-07 -1.478999999e+02 -1.478999999e+02 -1.6704e+00 +1.3520e-01
1013 +1.091847537e-07 +1.091847537e-07 -1.478999999e+02 -1.478999999e+02 -1.6704e+00 +1.3520e-01
1016 +2.162173018e-08 +2.162173018e-08 -1.479000000e+02 -1.479000000e+02 -1.6704e+00 +1.3520e-01
1048 +1.727696031e-08 +1.727696031e-08 -1.479000000e+02 -1.479000000e+02 -1.6704e+00 +1.3520e-01
1075 +1.134648642e-08 +1.134648642e-08 -1.479000000e+02 -1.479000000e+02 -1.6704e+00 +1.3520e-01
1095 +9.016076774e-09 +9.016076774e-09 -1.479000000e+02 -1.479000000e+02 -1.6704e+00 +1.3520e-01
1761 +0.000000000e+00 +0.000000000e+00 -1.479000000e+02 -1.479000000e+02 -1.6704e+00 +1.3520e-01
% function evaluation | noise-free fitness - Fopt (2.173800000000e+02) | best noise-free fitness - Fopt | measured fitness | best measured fitness | x1 | x2...
1 +1.822246195e+01 +1.822246195e+01 +2.356024619e+02 +2.356024619e+02 +0.0000e+00 +0.0000e+00
2 +9.145785351e+00 +9.145785351e+00 +2.265257854e+02 +2.265257854e+02 -1.9402e+00 -1.1189e-01
16 +8.949412479e+00 +8.949412479e+00 +2.263294125e+02 +2.263294125e+02 -2.4922e+00 +9.7354e-03
21 +7.927111164e+00 +7.927111164e+00 +2.253071112e+02 +2.253071112e+02 -1.3924e+00 -2.8822e-01
37 +5.370291325e+00 +5.370291325e+00 +2.227502913e+02 +2.227502913e+02 -1.6583e+00 -1.1775e+00
39 +3.353282901e+00 +3.353282901e+00 +2.207332829e+02 +2.207332829e+02 -2.2055e+00 -1.8958e+00
67 +2.241185151e+00 +2.241185151e+00 +2.196211852e+02 +2.196211852e+02 -1.6314e+00 -2.7446e+00
72 +1.319961844e+00 +1.319961844e+00 +2.186999618e+02 +2.186999618e+02 -8.9489e-01 -3.1599e+00
83 +1.266942521e+00 +1.266942521e+00 +2.186469425e+02 +2.186469425e+02 -4.4995e-01 -2.8875e+00
87 +7.999960198e-01 +7.999960198e-01 +2.181799960e+02 +2.181799960e+02 -2.5584e-01 -3.2754e+00
90 +5.134796228e-01 +5.134796228e-01 +2.178934796e+02 +2.178934796e+02 -1.3047e-01 -3.2427e+00
110 +1.329629461e-01 +1.329629461e-01 +2.175129629e+02 +2.175129629e+02 -1.6559e-02 -3.3245e+00
203 +1.070369741e-01 +1.070369741e-01 +2.174870370e+02 +2.174870370e+02 +1.2322e-01 -3.3786e+00
229 +9.951999703e-02 +9.951999703e-02 +2.174795200e+02 +2.174795200e+02 -6.0510e-03 -3.3208e+00
252 +7.552161609e-02 +7.552161609e-02 +2.174555216e+02 +2.174555216e+02 +1.0026e-01 -3.3885e+00
300 +4.687033810e-02 +4.687033810e-02 +2.174268703e+02 +2.174268703e+02 +7.1126e-02 -3.3887e+00
315 +3.977407907e-02 +3.977407907e-02 +2.174197741e+02 +2.174197741e+02 +5.0355e-02 -3.3719e+00
324 +2.217701743e-02 +2.217701743e-02 +2.174021770e+02 +2.174021770e+02 +6.2882e-02 -3.3704e+00
332 +8.400205121e-03 +8.400205121e-03 +2.173884002e+02 +2.173884002e+02 +4.5509e-02 -3.3673e+00
376 +3.190863034e-03 +3.190863034e-03 +2.173831909e+02 +2.173831909e+02 +4.8834e-02 -3.3665e+00
423 +1.401924650e-03 +1.401924650e-03 +2.173814019e+02 +2.173814019e+02 +4.8541e-02 -3.3661e+00
453 +5.651566182e-04 +5.651566182e-04 +2.173805652e+02 +2.173805652e+02 +4.9740e-02 -3.3666e+00
% function evaluation | noise-free fitness - Fopt (1.946900000000e+02) | best noise-free fitness - Fopt | measured fitness | best measured fitness | x1 | x2...
1 +9.145900600e+00 +9.145900600e+00 +2.038359006e+02 +2.038359006e+02 +0.0000e+00 +0.0000e+00
3 +6.109851227e+00 +6.109851227e+00 +2.007998512e+02 +2.007998512e+02 -3.7594e-01 -1.0079e+00
10 +3.092471183e+00 +3.092471183e+00 +1.977824712e+02 +1.977824712e+02 -7.2915e-01 -3.5192e-01
14 +1.679248087e-01 +1.679248087e-01 +1.948579248e+02 +1.948579248e+02 -1.6728e+00 -8.5383e-01
61 +5.114406152e-02 +5.114406152e-02 +1.947411441e+02 +1.947411441e+02 -1.7734e+00 -8.7275e-01
156 +3.562613583e-02 +3.562613583e-02 +1.947256261e+02 +1.947256261e+02 -1.7470e+00 -8.8161e-01
217 +3.540347733e-02 +3.540347733e-02 +1.947254035e+02 +1.947254035e+02 -1.7741e+00 -8.7641e-01
222 +3.194244398e-02 +3.194244398e-02 +1.947219424e+02 +1.947219424e+02 -1.7080e+00 -8.7385e-01
233 +2.355869226e-02 +2.355869226e-02 +1.947135587e+02 +1.947135587e+02 -1.7357e+00 -8.7404e-01
239 +1.808327865e-02 +1.808327865e-02 +1.947080833e+02 +1.947080833e+02 -1.7283e+00 -8.8019e-01
310 +1.772354368e-02 +1.772354368e-02 +1.947077235e+02 +1.947077235e+02 -1.7279e+00 -8.7504e-01
313 +8.765555245e-03 +8.765555245e-03 +1.946987656e+02 +1.946987656e+02 -1.7439e+00 -8.7513e-01
366 +8.465424495e-03 +8.465424495e-03 +1.946984654e+02 +1.946984654e+02 -1.7363e+00 -8.7752e-01
407 +6.255745541e-03 +6.255745541e-03 +1.946962557e+02 +1.946962557e+02 -1.7415e+00 -8.7815e-01
414 +4.793949986e-03 +4.793949986e-03 +1.946947939e+02 +1.946947939e+02 -1.7426e+00 -8.7858e-01
420 +3.439849761e-03 +3.439849761e-03 +1.946934398e+02 +1.946934398e+02 -1.7421e+00 -8.7751e-01
428 +1.077633183e-03 +1.077633183e-03 +1.946910776e+02 +1.946910776e+02 -1.7445e+00 -8.7763e-01
451 +1.003328584e-03 +1.003328584e-03 +1.946910033e+02 +1.946910033e+02 -1.7451e+00 -8.7735e-01
496 +9.905787578e-04 +9.905787578e-04 +1.946909906e+02 +1.946909906e+02 -1.7452e+00 -8.7767e-01
612 +6.427221016e-04 +6.427221016e-04 +1.946906427e+02 +1.946906427e+02 -1.7455e+00 -8.7752e-01
623 +5.625896393e-04 +5.625896393e-04 +1.946905626e+02 +1.946905626e+02 -1.7457e+00 -8.7768e-01
634 +4.538930805e-04 +4.538930805e-04 +1.946904539e+02 +1.946904539e+02 -1.7455e+00 -8.7753e-01
688 +2.888262547e-04 +2.888262547e-04 +1.946902888e+02 +1.946902888e+02 -1.7457e+00 -8.7764e-01
689 +2.320592651e-04 +2.320592651e-04 +1.946902321e+02 +1.946902321e+02 -1.7454e+00 -8.7764e-01
741 +7.123370486e-05 +7.123370486e-05 +1.946900712e+02 +1.946900712e+02 -1.7456e+00 -8.7760e-01
777 +3.493841183e-05 +3.493841183e-05 +1.946900349e+02 +1.946900349e+02 -1.7456e+00 -8.7761e-01
820 +2.878182437e-05 +2.878182437e-05 +1.946900288e+02 +1.946900288e+02 -1.7456e+00 -8.7761e-01
886 +1.632261046e-05 +1.632261046e-05 +1.946900163e+02 +1.946900163e+02 -1.7456e+00 -8.7760e-01
892 +1.186447361e-05 +1.186447361e-05 +1.946900119e+02 +1.946900119e+02 -1.7456e+00 -8.7760e-01
923 +1.172647046e-05 +1.172647046e-05 +1.946900117e+02 +1.946900117e+02 -1.7456e+00 -8.7760e-01
924 +9.058091024e-06 +9.058091024e-06 +1.946900091e+02 +1.946900091e+02 -1.7456e+00 -8.7760e-01
931 +2.991363175e-06 +2.991363175e-06 +1.946900030e+02 +1.946900030e+02 -1.7456e+00 -8.7760e-01
933 +1.096518702e-06 +1.096518702e-06 +1.946900011e+02 +1.946900011e+02 -1.7456e+00 -8.7760e-01
935 +1.034683351e-06 +1.034683351e-06 +1.946900010e+02 +1.946900010e+02 -1.7456e+00 -8.7760e-01
965 +8.369118518e-07 +8.369118518e-07 +1.946900008e+02 +1.946900008e+02 -1.7456e+00 -8.7760e-01
968 +5.734098067e-07 +5.734098067e-07 +1.946900006e+02 +1.946900006e+02 -1.7456e+00 -8.7760e-01
1063 +5.483555583e-07 +5.483555583e-07 +1.946900005e+02 +1.946900005e+02 -1.7456e+00 -8.7760e-01
1082 +4.233741322e-07 +4.233741322e-07 +1.946900004e+02 +1.946900004e+02 -1.7456e+00 -8.7760e-01
1083 +2.494474245e-07 +2.494474245e-07 +1.946900002e+02 +1.946900002e+02 -1.7456e+00 -8.7760e-01
1118 +2.276255486e-07 +2.276255486e-07 +1.946900002e+02 +1.946900002e+02 -1.7456e+00 -8.7760e-01
1121 +1.966013201e-07 +1.966013201e-07 +1.946900002e+02 +1.946900002e+02 -1.7456e+00 -8.7760e-01
1131 +1.322188723e-07 +1.322188723e-07 +1.946900001e+02 +1.946900001e+02 -1.7456e+00 -8.7760e-01
1133 +9.090473441e-08 +9.090473441e-08 +1.946900001e+02 +1.946900001e+02 -1.7456e+00 -8.7760e-01
1136 +7.059810514e-08 +7.059810514e-08 +1.946900001e+02 +1.946900001e+02 -1.7456e+00 -8.7760e-01
1152 +1.013748374e-08 +1.013748374e-08 +1.946900000e+02 +1.946900000e+02 -1.7456e+00 -8.7760e-01
1243 +9.496716302e-09 +9.496716302e-09 +1.946900000e+02 +1.946900000e+02 -1.7456e+00 -8.7760e-01
1928 +0.000000000e+00 +0.000000000e+00 +1.946900000e+02 +1.946900000e+02 -1.7456e+00 -8.7760e-01
% function evaluation | noise-free fitness - Fopt (-9.443000000000e+01) | best noise-free fitness - Fopt | measured fitness | best measured fitness | x1 | x2...
1 +1.844277103e+00 +1.844277103e+00 -9.258572290e+01 -9.258572290e+01 +0.0000e+00 +0.0000e+00
8 +1.321965828e+00 +1.321965828e+00 -9.310803417e+01 -9.310803417e+01 -4.3067e-01 +7.2396e-02
9 +8.470324695e-02 +8.470324695e-02 -9.434529675e+01 -9.434529675e+01 -1.5360e-01 +1.5227e-01
114 +4.176266924e-03 +4.176266924e-03 -9.442582373e+01 -9.442582373e+01 -1.2937e-01 +2.0434e-01
235 +3.143639790e-03 +3.143639790e-03 -9.442685636e+01 -9.442685636e+01 -1.2945e-01 +2.0410e-01
286 +1.293773672e-03 +1.293773672e-03 -9.442870623e+01 -9.442870623e+01 -1.2945e-01 +2.0557e-01
327 +1.061521464e-03 +1.061521464e-03 -9.442893848e+01 -9.442893848e+01 -1.2902e-01 +2.0671e-01
341 +1.001536281e-03 +1.001536281e-03 -9.442899846e+01 -9.442899846e+01 -1.2907e-01 +2.0561e-01
355 +9.849191516e-04 +9.849191516e-04 -9.442901508e+01 -9.442901508e+01 -1.2886e-01 +2.0577e-01
364 +2.933689830e-04 +2.933689830e-04 -9.442970663e+01 -9.442970663e+01 -1.2871e-01 +2.0651e-01
393 +1.623630607e-04 +1.623630607e-04 -9.442983764e+01 -9.442983764e+01 -1.2880e-01 +2.0644e-01
410 +5.162671269e-05 +5.162671269e-05 -9.442994837e+01 -9.442994837e+01 -1.2881e-01 +2.0642e-01
447 +4.051777593e-05 +4.051777593e-05 -9.442995948e+01 -9.442995948e+01 -1.2879e-01 +2.0643e-01
471 +3.596489645e-05 +3.596489645e-05 -9.442996404e+01 -9.442996404e+01 -1.2880e-01 +2.0637e-01
% function evaluation | noise-free fitness - Fopt (-1.213000000000e+02) | best noise-free fitness - Fopt | measured fitness | best measured fitness | x1 | x2...
1 +5.502570866e+00 +5.502570866e+00 -1.157974291e+02 -1.157974291e+02 +0.0000e+00 +0.0000e+00
4 +3.996584967e+00 +3.996584967e+00 -1.173034150e+02 -1.173034150e+02 +5.0705e-01 -3.8188e-02
7 +2.591158392e+00 +2.591158392e+00 -1.187088416e+02 -1.187088416e+02 -2.4816e-02 +2.4832e+00
12 +2.291814733e+00 +2.291814733e+00 -1.190081853e+02 -1.190081853e+02 -9.9308e-01 +3.4407e+00
16 +7.439039639e-01 +7.439039639e-01 -1.205560960e+02 -1.205560960e+02 -1.2500e+00 +3.5864e+00
74 +7.072396548e-01 +7.072396548e-01 -1.205927603e+02 -1.205927603e+02 -1.4839e+00 +3.6687e+00
84 +2.545238825e-01 +2.545238825e-01 -1.210454761e+02 -1.210454761e+02 -1.1737e+00 +3.0916e+00
195 +2.468943508e-01 +2.468943508e-01 -1.210531056e+02 -1.210531056e+02 -1.1192e+00 +3.0206e+00
203 +2.433063077e-01 +2.433063077e-01 -1.210566937e+02 -1.210566937e+02 -1.1419e+00 +2.9811e+00
% function evaluation | noise-free fitness - Fopt (-1.000000000000e+03) | best noise-free fitness - Fopt | measured fitness | best measured fitness | x1 | x2...
1 +3.166310276e+00 +3.166310276e+00 -9.968336897e+02 -9.968336897e+02 +0.0000e+00 +0.0000e+00
7 +2.087984506e+00 +2.087984506e+00 -9.979120155e+02 -9.979120155e+02 +6.1477e-01 +5.5554e-01
14 +1.072290154e+00 +1.072290154e+00 -9.989277098e+02 -9.989277098e+02 +5.1180e-01 +1.1306e+00
36 +1.035957723e+00 +1.035957723e+00 -9.989640423e+02 -9.989640423e+02 +4.4353e-01 +1.1041e+00
52 +7.159487949e-01 +7.159487949e-01 -9.992840512e+02 -9.992840512e+02 +6.3078e-01 +9.1327e-01
62 +5.912202905e-01 +5.912202905e-01 -9.994087797e+02 -9.994087797e+02 +7.4392e-01 +7.4876e-01
64 +5.262291829e-01 +5.262291829e-01 -9.994737708e+02 -9.994737708e+02 +6.4571e-01 +8.7066e-01
73 +4.522665399e-01 +4.522665399e-01 -9.995477335e+02 -9.995477335e+02 +8.6410e-01 +7.8770e-01
95 +2.111661567e-01 +2.111661567e-01 -9.997888338e+02 -9.997888338e+02 +1.3332e+00 +7.2434e-01
103 +2.005146991e-01 +2.005146991e-01 -9.997994853e+02 -9.997994853e+02 +1.2976e+00 +7.2241e-01
104 +1.382239214e-01 +1.382239214e-01 -9.998617761e+02 -9.998617761e+02 +1.3343e+00 +7.1559e-01
105 +1.188138830e-01 +1.188138830e-01 -9.998811861e+02 -9.998811861e+02 +1.1287e+00 +7.4788e-01
168 +1.040157283e-01 +1.040157283e-01 -9.998959843e+02 -9.998959843e+02 +1.1329e+00 +7.3655e-01
175 +8.874897298e-02 +8.874897298e-02 -9.999112510e+02 -9.999112510e+02 +1.1868e+00 +7.2568e-01
187 +8.191018027e-02 +8.191018027e-02 -9.999180898e+02 -9.999180898e+02 +1.1740e+00 +7.3650e-01
198 +6.065578034e-02 +6.065578034e-02 -9.999393442e+02 -9.999393442e+02 +1.2020e+00 +7.5482e-01
210 +9.685551446e-03 +9.685551446e-03 -9.999903144e+02 -9.999903144e+02 +1.2345e+00 +7.2450e-01
339 +9.831384270e-04 +9.831384270e-04 -9.999990169e+02 -9.999990169e+02 +1.2304e+00 +7.2557e-01
401 +3.669899560e-04 +3.669899560e-04 -9.999996330e+02 -9.999996330e+02 +1.2314e+00 +7.2551e-01
610 +3.122750534e-04 +3.122750534e-04 -9.999996877e+02 -9.999996877e+02 +1.2313e+00 +7.2562e-01
647 +2.528521559e-04 +2.528521559e-04 -9.999997471e+02 -9.999997471e+02 +1.2314e+00 +7.2559e-01
648 +2.317627408e-04 +2.317627408e-04 -9.999997682e+02 -9.999997682e+02 +1.2314e+00 +7.2557e-01
% function evaluation | noise-free fitness - Fopt (-2.787500000000e+02) | best noise-free fitness - Fopt | measured fitness | best measured fitness | x1 | x2...
1 +1.073912577e+02 +1.073912577e+02 -1.713587423e+02 -1.713587423e+02 +0.0000e+00 +0.0000e+00
3 +9.443805906e+01 +9.443805906e+01 -1.843119409e+02 -1.843119409e+02 -2.4257e-01 -1.4581e+00
4 +4.819136051e+01 +4.819136051e+01 -2.305586395e+02 -2.305586395e+02 -8.6282e-01 -6.1256e-01
13 +3.873570301e+01 +3.873570301e+01 -2.400142970e+02 -2.400142970e+02 -6.4303e-01 +4.5496e-01
15 +2.935653582e+01 +2.935653582e+01 -2.493934642e+02 -2.493934642e+02 -1.5887e+00 +7.2491e-01
17 +2.618404317e+01 +2.618404317e+01 -2.525659568e+02 -2.525659568e+02 +9.7299e-02 +1.8671e+00
18 +9.433005680e+00 +9.433005680e+00 -2.693169943e+02 -2.693169943e+02 -1.2753e+00 +1.9675e+00
24 +6.370499313e+00 +6.370499313e+00 -2.723795007e+02 -2.723795007e+02 -3.2480e+00 +3.1167e+00
30 +3.569774473e+00 +3.569774473e+00 -2.751802255e+02 -2.751802255e+02 -4.5340e+00 +2.7712e+00
56 +2.982100513e+00 +2.982100513e+00 -2.757678995e+02 -2.757678995e+02 -2.8451e+00 +2.6862e+00
57 +7.957752708e-01 +7.957752708e-01 -2.779542247e+02 -2.779542247e+02 -3.7686e+00 +1.8910e+00
58 +7.624964823e-01 +7.624964823e-01 -2.779875035e+02 -2.779875035e+02 -3.9246e+00 +2.1717e+00
102 +3.790345788e-01 +3.790345788e-01 -2.783709654e+02 -2.783709654e+02 -3.7530e+00 +1.9772e+00
174 +3.048978566e-01 +3.048978566e-01 -2.784451021e+02 -2.784451021e+02 -4.0297e+00 +1.9170e+00
215 +2.811896075e-01 +2.811896075e-01 -2.784688104e+02 -2.784688104e+02 -4.1292e+00 +1.7416e+00
220 +2.640368651e-01 +2.640368651e-01 -2.784859631e+02 -2.784859631e+02 -3.9342e+00 +2.0134e+00
222 +1.633007392e-01 +1.633007392e-01 -2.785866993e+02 -2.785866993e+02 -4.0443e+00 +1.7211e+00
236 +5.646849696e-02 +5.646849696e-02 -2.786935315e+02 -2.786935315e+02 -3.9877e+00 +1.8369e+00
276 +3.469725994e-02 +3.469725994e-02 -2.787153027e+02 -2.787153027e+02 -3.9837e+00 +1.8407e+00
279 +1.738979825e-02 +1.738979825e-02 -2.787326102e+02 -2.787326102e+02 -3.9763e+00 +1.8578e+00
405 +1.425182402e-02 +1.425182402e-02 -2.787357482e+02 -2.787357482e+02 -3.9789e+00 +1.8621e+00
415 +8.200511147e-03 +8.200511147e-03 -2.787417995e+02 -2.787417995e+02 -3.9763e+00 +1.8624e+00
422 +5.296408746e-03 +5.296408746e-03 -2.787447036e+02 -2.787447036e+02 -3.9744e+00 +1.8689e+00
459 +3.972255886e-03 +3.972255886e-03 -2.787460277e+02 -2.787460277e+02 -3.9768e+00 +1.8675e+00
467 +3.081647286e-03 +3.081647286e-03 -2.787469184e+02 -2.787469184e+02 -3.9763e+00 +1.8683e+00
487 +2.136737431e-03 +2.136737431e-03 -2.787478633e+02 -2.787478633e+02 -3.9759e+00 +1.8675e+00
496 +1.065039973e-03 +1.065039973e-03 -2.787489350e+02 -2.787489350e+02 -3.9761e+00 +1.8667e+00
510 +2.322704959e-04 +2.322704959e-04 -2.787497677e+02 -2.787497677e+02 -3.9761e+00 +1.8671e+00
% function evaluation | noise-free fitness - Fopt (-1.677000000000e+01) | best noise-free fitness - Fopt | measured fitness | best measured fitness | x1 | x2...
1 +1.553764151e+01 +1.553764151e+01 -1.232358486e+00 -1.232358486e+00 +0.0000e+00 +0.0000e+00
2 +1.893650416e+00 +1.893650416e+00 -1.487634958e+01 -1.487634958e+01 +5.1153e-01 +1.1107e+00
17 +5.746620093e-01 +5.746620093e-01 -1.619533799e+01 -1.619533799e+01 +9.4517e-01 +1.5319e+00
43 +1.735941997e-01 +1.735941997e-01 -1.659640580e+01 -1.659640580e+01 +7.9323e-01 +1.6186e+00
90 +1.484828875e-01 +1.484828875e-01 -1.662151711e+01 -1.662151711e+01 +7.1868e-01 +1.5849e+00
95 +5.866498324e-02 +5.866498324e-02 -1.671133502e+01 -1.671133502e+01 +7.4090e-01 +1.5785e+00
139 +3.267714441e-02 +3.267714441e-02 -1.673732286e+01 -1.673732286e+01 +7.8551e-01 +1.6034e+00
142 +3.194522558e-02 +3.194522558e-02 -1.673805477e+01 -1.673805477e+01 +7.9375e-01 +1.5999e+00
186 +2.713748890e-02 +2.713748890e-02 -1.674286251e+01 -1.674286251e+01 +7.6457e-01 +1.6058e+00
199 +1.916163019e-02 +1.916163019e-02 -1.675083837e+01 -1.675083837e+01 +7.6111e-01 +1.6020e+00
201 +1.714652575e-02 +1.714652575e-02 -1.675285347e+01 -1.675285347e+01 +7.8399e-01 +1.6049e+00
% function evaluation | noise-free fitness - Fopt (-8.593000000000e+01) | best noise-free fitness - Fopt | measured fitness | best measured fitness | x1 | x2...
1 +2.619485505e+01 +2.619485505e+01 -5.973514495e+01 -5.973514495e+01 +0.0000e+00 +0.0000e+00
2 +1.737123060e+01 +1.737123060e+01 -6.855876940e+01 -6.855876940e+01 +3.0837e+00 +1.5163e+00
13 +6.175155241e+00 +6.175155241e+00 -7.975484476e+01 -7.975484476e+01 +2.1798e+00 +4.1544e+00
25 +5.113558652e+00 +5.113558652e+00 -8.081644135e+01 -8.081644135e+01 -1.2474e+00 +4.8009e+00
30 +3.727425797e+00 +3.727425797e+00 -8.220257420e+01 -8.220257420e+01 +4.2685e-01 +4.6648e+00
32 +4.202931857e-01 +4.202931857e-01 -8.550970681e+01 -8.550970681e+01 +1.1952e+00 +2.4718e+00
188 +1.079999720e-01 +1.079999720e-01 -8.582200003e+01 -8.582200003e+01 +1.1056e+00 +2.7711e+00
213 +3.262698338e-02 +3.262698338e-02 -8.589737302e+01 -8.589737302e+01 +1.0855e+00 +2.8471e+00
263 +3.193144063e-02 +3.193144063e-02 -8.589806856e+01 -8.589806856e+01 +1.0654e+00 +2.8415e+00
288 +2.364777070e-02 +2.364777070e-02 -8.590635223e+01 -8.590635223e+01 +1.0754e+00 +2.8653e+00
324 +1.773744349e-02 +1.773744349e-02 -8.591226256e+01 -8.591226256e+01 +1.0724e+00 +2.8471e+00
330 +7.549021682e-03 +7.549021682e-03 -8.592245098e+01 -8.592245098e+01 +1.0705e+00 +2.8563e+00
371 +4.090996067e-03 +4.090996067e-03 -8.592590900e+01 -8.592590900e+01 +1.0696e+00 +2.8647e+00
374 +3.561679650e-03 +3.561679650e-03 -8.592643832e+01 -8.592643832e+01 +1.0705e+00 +2.8597e+00
408 +1.032245437e-03 +1.032245437e-03 -8.592896775e+01 -8.592896775e+01 +1.0704e+00 +2.8617e+00
% function evaluation | noise-free fitness - Fopt (4.966000000000e+01) | best noise-free fitness - Fopt | measured fitness | best measured fitness | x1 | x2...
1 +1.514749698e+01 +1.514749698e+01 +6.480749698e+01 +6.480749698e+01 +0.0000e+00 +0.0000e+00
4 +1.435662010e+01 +1.435662010e+01 +6.401662010e+01 +6.401662010e+01 -3.6033e-01 -1.2916e+00
8 +1.403426303e+01 +1.403426303e+01 +6.369426303e+01 +6.369426303e+01 -3.7489e-01 +1.6119e-01
12 +1.001353007e+01 +1.001353007e+01 +5.967353007e+01 +5.967353007e+01 +7.3503e-02 +1.3572e-01
13 +9.398917612e+00 +9.398917612e+00 +5.905891761e+01 +5.905891761e+01 -1.3044e+00 -4.1743e-01
16 +7.873047534e+00 +7.873047534e+00 +5.753304753e+01 +5.753304753e+01 -4.5170e-01 -4.7584e-01
26 +7.320862472e+00 +7.320862472e+00 +5.698086247e+01 +5.698086247e+01 -9.1212e-01 -5.9973e-01
30 +6.634526830e+00 +6.634526830e+00 +5.629452683e+01 +5.629452683e+01 -9.2235e-01 -1.0659e+00
31 +6.568954472e+00 +6.568954472e+00 +5.622895447e+01 +5.622895447e+01 -1.3982e+00 -1.3050e+00
41 +4.196090478e+00 +4.196090478e+00 +5.385609048e+01 +5.385609048e+01 -1.7075e+00 -1.4862e+00
63 +4.153226660e+00 +4.153226660e+00 +5.381322666e+01 +5.381322666e+01 -2.0519e+00 +8.0351e-01
76 +3.996815654e+00 +3.996815654e+00 +5.365681565e+01 +5.365681565e+01 -2.2520e+00 +1.2453e+00
83 +3.143294753e+00 +3.143294753e+00 +5.280329475e+01 +5.280329475e+01 -2.7901e+00 +6.7751e-01
107 +2.448635008e+00 +2.448635008e+00 +5.210863501e+01 +5.210863501e+01 -3.2209e+00 -3.1420e-01
125 +8.810474411e-01 +8.810474411e-01 +5.054104744e+01 +5.054104744e+01 -2.9103e+00 -2.1639e+00
127 +7.573703652e-01 +7.573703652e-01 +5.041737037e+01 +5.041737037e+01 -3.1559e+00 -3.2349e+00
133 +3.608006243e-01 +3.608006243e-01 +5.002080062e+01 +5.002080062e+01 -3.0900e+00 -2.4453e+00
184 +1.581420912e-01 +1.581420912e-01 +4.981814209e+01 +4.981814209e+01 -3.0268e+00 -2.3709e+00
253 +8.839079483e-02 +8.839079483e-02 +4.974839079e+01 +4.974839079e+01 -2.9880e+00 -2.3730e+00
270 +3.689869753e-02 +3.689869753e-02 +4.969689870e+01 +4.969689870e+01 -2.9951e+00 -2.4264e+00
315 +1.075986692e-02 +1.075986692e-02 +4.967075987e+01 +4.967075987e+01 -2.9885e+00 -2.4318e+00
373 +9.945727216e-03 +9.945727216e-03 +4.966994573e+01 +4.966994573e+01 -2.9860e+00 -2.4259e+00
401 +7.557093701e-03 +7.557093701e-03 +4.966755709e+01 +4.966755709e+01 -2.9833e+00 -2.4284e+00
403 +7.388786508e-03 +7.388786508e-03 +4.966738879e+01 +4.966738879e+01 -2.9862e+00 -2.4336e+00
423 +1.405831881e-03 +1.405831881e-03 +4.966140583e+01 +4.966140583e+01 -2.9856e+00 -2.4309e+00
447 +1.253505307e-03 +1.253505307e-03 +4.966125351e+01 +4.966125351e+01 -2.9855e+00 -2.4326e+00
463 +1.012243034e-03 +1.012243034e-03 +4.966101224e+01 +4.966101224e+01 -2.9856e+00 -2.4330e+00
476 +9.828750476e-04 +9.828750476e-04 +4.966098288e+01 +4.966098288e+01 -2.9859e+00 -2.4329e+00
500 +4.113620400e-04 +4.113620400e-04 +4.966041136e+01 +4.966041136e+01 -2.9856e+00 -2.4319e+00
511 +2.630581906e-04 +2.630581906e-04 +4.966026306e+01 +4.966026306e+01 -2.9857e+00 -2.4319e+00
513 +2.355582858e-04 +2.355582858e-04 +4.966023556e+01 +4.966023556e+01 -2.9857e+00 -2.4321e+00
557 +2.296359789e-04 +2.296359789e-04 +4.966022964e+01 +4.966022964e+01 -2.9857e+00 -2.4322e+00
588 +2.106020844e-04 +2.106020844e-04 +4.966021060e+01 +4.966021060e+01 -2.9856e+00 -2.4320e+00
593 +2.955249852e-05 +2.955249852e-05 +4.966002955e+01 +4.966002955e+01 -2.9856e+00 -2.4320e+00
625 +2.942150795e-05 +2.942150795e-05 +4.966002942e+01 +4.966002942e+01 -2.9856e+00 -2.4320e+00
678 +2.879728406e-05 +2.879728406e-05 +4.966002880e+01 +4.966002880e+01 -2.9856e+00 -2.4320e+00
694 +2.808364657e-05 +2.808364657e-05 +4.966002808e+01 +4.966002808e+01 -2.9856e+00 -2.4320e+00
708 +2.728979439e-05 +2.728979439e-05 +4.966002729e+01 +4.966002729e+01 -2.9856e+00 -2.4320e+00
717 +9.529013361e-06 +9.529013361e-06 +4.966000953e+01 +4.966000953e+01 -2.9856e+00 -2.4320e+00
724 +3.881057530e-06 +3.881057530e-06 +4.966000388e+01 +4.966000388e+01 -2.9856e+00 -2.4320e+00
742 +3.311585594e-06 +3.311585594e-06 +4.966000331e+01 +4.966000331e+01 -2.9856e+00 -2.4320e+00
760 +2.400927073e-06 +2.400927073e-06 +4.966000240e+01 +4.966000240e+01 -2.9856e+00 -2.4320e+00
771 +8.420106710e-07 +8.420106710e-07 +4.966000084e+01 +4.966000084e+01 -2.9856e+00 -2.4320e+00
804 +5.998337897e-07 +5.998337897e-07 +4.966000060e+01 +4.966000060e+01 -2.9856e+00 -2.4320e+00
863 +5.376507630e-07 +5.376507630e-07 +4.966000054e+01 +4.966000054e+01 -2.9856e+00 -2.4320e+00
890 +3.786506255e-07 +3.786506255e-07 +4.966000038e+01 +4.966000038e+01 -2.9856e+00 -2.4320e+00
913 +3.498578423e-07 +3.498578423e-07 +4.966000035e+01 +4.966000035e+01 -2.9856e+00 -2.4320e+00
926 +2.989219752e-07 +2.989219752e-07 +4.966000030e+01 +4.966000030e+01 -2.9856e+00 -2.4320e+00
950 +2.901594129e-07 +2.901594129e-07 +4.966000029e+01 +4.966000029e+01 -2.9856e+00 -2.4320e+00
952 +2.693817152e-07 +2.693817152e-07 +4.966000027e+01 +4.966000027e+01 -2.9856e+00 -2.4320e+00
953 +1.164040953e-07 +1.164040953e-07 +4.966000012e+01 +4.966000012e+01 -2.9856e+00 -2.4320e+00
970 +9.061088946e-08 +9.061088946e-08 +4.966000009e+01 +4.966000009e+01 -2.9856e+00 -2.4320e+00
972 +6.497287330e-08 +6.497287330e-08 +4.966000006e+01 +4.966000006e+01 -2.9856e+00 -2.4320e+00
977 +4.120529695e-08 +4.120529695e-08 +4.966000004e+01 +4.966000004e+01 -2.9856e+00 -2.4320e+00
983 +1.543681094e-08 +1.543681094e-08 +4.966000002e+01 +4.966000002e+01 -2.9856e+00 -2.4320e+00
1047 +1.377900105e-08 +1.377900105e-08 +4.966000001e+01 +4.966000001e+01 -2.9856e+00 -2.4320e+00
1090 +1.074418776e-08 +1.074418776e-08 +4.966000001e+01 +4.966000001e+01 -2.9856e+00 -2.4320e+00
1100 +1.384769632e-09 +1.384769632e-09 +4.966000000e+01 +4.966000000e+01 -2.9856e+00 -2.4320e+00
1797 +0.000000000e+00 +0.000000000e+00 +4.966000000e+01 +4.966000000e+01 -2.9856e+00 -2.4320e+00
% function evaluation | noise-free fitness - Fopt (2.652800000000e+02) | best noise-free fitness - Fopt | measured fitness | best measured fitness | x1 | x2...
1 +3.059257142e+00 +3.059257142e+00 +2.683392571e+02 +2.683392571e+02 +0.0000e+00 +0.0000e+00
2 +1.627010254e+00 +1.627010254e+00 +2.669070103e+02 +2.669070103e+02 -6.5778e-02 +7.1388e-01
14 +1.034597181e+00 +1.034597181e+00 +2.663145972e+02 +2.663145972e+02 +8.8275e-01 +8.6118e-01
21 +4.782928033e-01 +4.782928033e-01 +2.657582928e+02 +2.657582928e+02 +3.8517e-01 +6.6028e-01
51 +3.671654929e-02 +3.671654929e-02 +2.653167165e+02 +2.653167165e+02 +6.6291e-01 +6.0133e-01
83 +1.889497799e-02 +1.889497799e-02 +2.652988950e+02 +2.652988950e+02 +6.7539e-01 +5.9637e-01
210 +1.655685976e-02 +1.655685976e-02 +2.652965569e+02 +2.652965569e+02 +6.9417e-01 +5.8837e-01
260 +8.628705887e-03 +8.628705887e-03 +2.652886287e+02 +2.652886287e+02 +6.8848e-01 +5.8739e-01
279 +7.558807985e-03 +7.558807985e-03 +2.652875588e+02 +2.652875588e+02 +6.7982e-01 +5.8724e-01
307 +7.032279413e-03 +7.032279413e-03 +2.652870323e+02 +2.652870323e+02 +6.8279e-01 +5.8913e-01
308 +3.935481196e-03 +3.935481196e-03 +2.652839355e+02 +2.652839355e+02 +6.7806e-01 +5.9002e-01
331 +3.195178210e-03 +3.195178210e-03 +2.652831952e+02 +2.652831952e+02 +6.7876e-01 +5.9088e-01
366 +1.908942716e-03 +1.908942716e-03 +2.652819089e+02 +2.652819089e+02 +6.8013e-01 +5.8971e-01
383 +4.663924652e-04 +4.663924652e-04 +2.652804664e+02 +2.652804664e+02 +6.8063e-01 +5.8956e-01
390 +2.989207709e-04 +2.989207709e-04 +2.652802989e+02 +2.652802989e+02 +6.8077e-01 +5.8970e-01
451 +2.373093300e-04 +2.373093300e-04 +2.652802373e+02 +2.652802373e+02 +6.8095e-01 +5.8962e-01
454 +4.569808362e-05 +4.569808362e-05 +2.652800457e+02 +2.652800457e+02 +6.8078e-01 +5.8962e-01
613 +4.167634876e-05 +4.167634876e-05 +2.652800417e+02 +2.652800417e+02 +6.8076e-01 +5.8961e-01
636 +3.412314095e-05 +3.412314095e-05 +2.652800341e+02 +2.652800341e+02 +6.8083e-01 +5.8959e-01
639 +1.801634278e-05 +1.801634278e-05 +2.652800180e+02 +2.652800180e+02 +6.8080e-01 +5.8960e-01
684 +1.058844020e-06 +1.058844020e-06 +2.652800011e+02 +2.652800011e+02 +6.8080e-01 +5.8960e-01
809 +9.800500038e-07 +9.800500038e-07 +2.652800010e+02 +2.652800010e+02 +6.8080e-01 +5.8960e-01
810 +4.719315143e-07 +4.719315143e-07 +2.652800005e+02 +2.652800005e+02 +6.8080e-01 +5.8960e-01
913 +3.681586236e-07 +3.681586236e-07 +2.652800004e+02 +2.652800004e+02 +6.8080e-01 +5.8960e-01
962 +2.803559482e-07 +2.803559482e-07 +2.652800003e+02 +2.652800003e+02 +6.8080e-01 +5.8960e-01
982 +2.034157092e-07 +2.034157092e-07 +2.652800002e+02 +2.652800002e+02 +6.8080e-01 +5.8960e-01
1008 +1.166617949e-07 +1.166617949e-07 +2.652800001e+02 +2.652800001e+02 +6.8080e-01 +5.8960e-01
1017 +7.402564961e-08 +7.402564961e-08 +2.652800001e+02 +2.652800001e+02 +6.8080e-01 +5.8960e-01
1023 +6.341639391e-08 +6.341639391e-08 +2.652800001e+02 +2.652800001e+02 +6.8080e-01 +5.8960e-01
1034 +5.146887361e-08 +5.146887361e-08 +2.652800001e+02 +2.652800001e+02 +6.8080e-01 +5.8960e-01
1085 +6.180982837e-09 +6.180982837e-09 +2.652800000e+02 +2.652800000e+02 +6.8080e-01 +5.8960e-01
1688 +0.000000000e+00 +0.000000000e+00 +2.652800000e+02 +2.652800000e+02 +6.8080e-01 +5.8960e-01
