% function evaluation | noise-free fitness - Fopt (7.948000000000e+01) | best noise-free fitness - Fopt | measured fitness | best measured fitness | x1 | x2...
1 +1.926270080e+00 +1.926270080e+00 +8.140627008e+01 +8.140627008e+01 +0.0000e+00 +0.0000e+00 +0.0000e+00
19 +1.756498359e+00 +1.756498359e+00 +8.123649836e+01 +8.123649836e+01 +5.0473e-01 -1.6439e+00 +4.8256e-01
25 +8.855404574e-01 +8.855404574e-01 +8.036554046e+01 +8.036554046e+01 +9.0796e-01 -1.0748e+00 -5.3494e-02
34 +5.987734950e-01 +5.987734950e-01 +8.007877350e+01 +8.007877350e+01 +4.7239e-01 -7.7907e-01 -8.5354e-02
36 +3.997895039e-02 +3.997895039e-02 +7.951997895e+01 +7.951997895e+01 +4.2157e-01 -1.2625e+00 -7.0571e-01
65 +3.203926703e-02 +3.203926703e-02 +7.951203927e+01 +7.951203927e+01 +2.4603e-01 -1.1600e+00 -9.0284e-01
84 +1.743493323e-02 +1.743493323e-02 +7.949743493e+01 +7.949743493e+01 +1.6068e-01 -1.1150e+00 -6.3915e-01
92 +1.239120297e-02 +1.239120297e-02 +7.949239120e+01 +7.949239120e+01 +1.4830e-01 -1.1322e+00 -7.5340e-01
96 +8.632197052e-03 +8.632197052e-03 +7.948863220e+01 +7.948863220e+01 +2.9107e-01 -1.1507e+00 -8.0844e-01
106 +6.865843822e-03 +6.865843822e-03 +7.948686584e+01 +7.948686584e+01 +2.5941e-01 -1.2152e+00 -7.8237e-01
124 +5.719043731e-03 +5.719043731e-03 +7.948571904e+01 +7.948571904e+01 +2.0859e-01 -1.1664e+00 -7.8460e-01
125 +2.137064930e-03 +2.137064930e-03 +7.948213706e+01 +7.948213706e+01 +2.5698e-01 -1.1690e+00 -7.6839e-01
135 +1.066308258e-03 +1.066308258e-03 +7.948106631e+01 +7.948106631e+01 +2.8173e-01 -1.1672e+00 -7.3505e-01
140 +7.583600220e-05 +7.583600220e-05 +7.948007584e+01 +7.948007584e+01 +2.5711e-01 -1.1514e+00 -7.1867e-01
276 +4.885379337e-05 +4.885379337e-05 +7.948004885e+01 +7.948004885e+01 +2.5002e-01 -1.1521e+00 -7.2836e-01
283 +1.621447483e-05 +1.621447483e-05 +7.948001621e+01 +7.948001621e+01 +2.5125e-01 -1.1604e+00 -7.2311e-01
288 +2.124912825e-06 +2.124912825e-06 +7.948000212e+01 +7.948000212e+01 +2.5224e-01 -1.1555e+00 -7.2391e-01
375 +1.197471747e-06 +1.197471747e-06 +7.948000120e+01 +7.948000120e+01 +2.5298e-01 -1.1579e+00 -7.2417e-01
388 +1.003908025e-06 +1.003908025e-06 +7.948000100e+01 +7.948000100e+01 +2.5217e-01 -1.1567e+00 -7.2477e-01
402 +7.513604459e-07 +7.513604459e-07 +7.948000075e+01 +7.948000075e+01 +2.5221e-01 -1.1564e+00 -7.2450e-01
415 +7.250022378e-07 +7.250022378e-07 +7.948000073e+01 +7.948000073e+01 +2.5262e-01 -1.1563e+00 -7.2468e-01
416 +6.379366368e-07 +6.379366368e-07 +7.948000064e+01 +7.948000064e+01 +2.5230e-01 -1.1562e+00 -7.2405e-01
425 +5.131220888e-07 +5.131220888e-07 +7.948000051e+01 +7.948000051e+01 +2.5243e-01 -1.1562e+00 -7.2401e-01
430 +5.840558970e-08 +5.840558970e-08 +7.948000006e+01 +7.948000006e+01 +2.5266e-01 -1.1569e+00 -7.2418e-01
446 +5.302560169e-08 +5.302560169e-08 +7.948000005e+01 +7.948000005e+01 +2.5301e-01 -1.1569e+00 -7.2404e-01
471 +4.605064419e-08 +4.605064419e-08 +7.948000005e+01 +7.948000005e+01 +2.5261e-01 -1.1569e+00 -7.2402e-01
487 +6.520991747e-09 +6.520991747e-09 +7.948000001e+01 +7.948000001e+01 +2.5283e-01 -1.1569e+00 -7.2399e-01
978 +0.000000000e+00 +0.000000000e+00 +7.948000000e+01 +7.948000000e+01 +2.5280e-01 -1.1568e+00 -7.2400e-01
% function evaluation | noise-free fitness - Fopt (3.944800000000e+02) | best noise-free fitness - Fopt | measured fitness | best measured fitness | x1 | x2...
1 +3.801018048e+01 +3.801018048e+01 +4.324901805e+02 +4.324901805e+02 +0.0000e+00 +0.0000e+00 +0.0000e+00
2 +3.279607564e+01 +3.279607564e+01 +4.272760756e+02 +4.272760756e+02 +5.5120e-02 +2.6641e-01 -1.1191e+00
9 +2.572157232e+01 +2.572157232e+01 +4.202015723e+02 +4.202015723e+02 -1.6743e+00 +3.8065e-01 -6.2825e-01
12 +2.551931501e+01 +2.551931501e+01 +4.199993150e+02 +4.199993150e+02 -1.9442e+00 -1.0291e-01 -7.0051e-02
13 +1.791453229e+01 +1.791453229e+01 +4.123945323e+02 +4.123945323e+02 -1.8054e+00 -1.1415e+00 -5.6584e-01
22 +1.103375018e+01 +1.103375018e+01 +4.055137502e+02 +4.055137502e+02 -1.5482e+00 -2.7943e+00 -1.4570e+00
34 +9.637974870e+00 +9.637974870e+00 +4.041179749e+02 +4.041179749e+02 -2.6091e+00 -4.4531e+00 -1.4500e+00
35 +2.189976557e+00 +2.189976557e+00 +3.966699766e+02 +3.966699766e+02 -2.6722e+00 -2.9707e+00 -2.9779e+00
50 +2.005183393e+00 +2.005183393e+00 +3.964851834e+02 +3.964851834e+02 -2.5939e+00 -2.5726e+00 -3.3524e+00
55 +1.834596935e+00 +1.834596935e+00 +3.963145969e+02 +3.963145969e+02 -5.0046e+00 -3.6466e+00 -4.0001e+00
58 +2.581422364e-02 +2.581422364e-02 +3.945058142e+02 +3.945058142e+02 -3.8691e+00 -2.9829e+00 -3.6744e+00
131 +2.619398031e-03 +2.619398031e-03 +3.944826194e+02 +3.944826194e+02 -3.8860e+00 -2.8673e+00 -3.8463e+00
282 +1.450900140e-03 +1.450900140e-03 +3.944814509e+02 +3.944814509e+02 -3.8855e+00 -2.8911e+00 -3.7666e+00
285 +1.337390979e-03 +1.337390979e-03 +3.944813374e+02 +3.944813374e+02 -3.9307e+00 -2.9060e+00 -3.8095e+00
289 +5.821679226e-04 +5.821679226e-04 +3.944805822e+02 +3.944805822e+02 -3.8929e+00 -2.8789e+00 -3.7819e+00
305 +4.912298307e-04 +4.912298307e-04 +3.944804912e+02 +3.944804912e+02 -3.8954e+00 -2.8877e+00 -3.8242e+00
325 +2.073406802e-04 +2.073406802e-04 +3.944802073e+02 +3.944802073e+02 -3.9094e+00 -2.8866e+00 -3.7939e+00
337 +7.884170827e-06 +7.884170827e-06 +3.944800079e+02 +3.944800079e+02 -3.8998e+00 -2.8922e+00 -3.8040e+00
386 +6.457254699e-06 +6.457254699e-06 +3.944800065e+02 +3.944800065e+02 -3.8998e+00 -2.8918e+00 -3.8008e+00
405 +5.059161879e-06 +5.059161879e-06 +3.944800051e+02 +3.944800051e+02 -3.8980e+00 -2.8908e+00 -3.8002e+00
408 +2.944844596e-06 +2.944844596e-06 +3.944800029e+02 +3.944800029e+02 -3.8990e+00 -2.8888e+00 -3.8022e+00
413 +5.220277899e-07 +5.220277899e-07 +3.944800005e+02 +3.944800005e+02 -3.8985e+00 -2.8897e+00 -3.8026e+00
476 +2.911556862e-07 +2.911556862e-07 +3.944800003e+02 +3.944800003e+02 -3.8987e+00 -2.8903e+00 -3.8019e+00
483 +9.772855947e-08 +9.772855947e-08 +3.944800001e+02 +3.944800001e+02 -3.8983e+00 -2.8901e+00 -3.8024e+00
497 +4.116878927e-08 +4.116878927e-08 +3.944800000e+02 +3.944800000e+02 -3.8985e+00 -2.8906e+00 -3.8023e+00
511 +3.663268444e-08 +3.663268444e-08 +3.944800000e+02 +3.944800000e+02 -3.8984e+00 -2.8903e+00 -3.8026e+00
522 +2.856535275e-08 +2.856535275e-08 +3.944800000e+02 +3.944800000e+02 -3.8984e+00 -2.8903e+00 -3.8025e+00
525 +2.083658046e-08 +2.083658046e-08 +3.944800000e+02 +3.944800000e+02 -3.8984e+00 -2.8905e+00 -3.8025e+00
557 +1.824849960e-08 +1.824849960e-08 +3.944800000e+02 +3.944800000e+02 -3.8983e+00 -2.8904e+00 -3.8023e+00
565 +1.083787993e-08 +1.083787993e-08 +3.944800000e+02 +3.944800000e+02 -3.8984e+00 -2.8905e+00 -3.8024e+00
571 +4.973571777e-09 +4.973571777e-09 +3.944800000e+02 +3.944800000e+02 -3.8984e+00 -2.8903e+00 -3.8024e+00
984 +0.000000000e+00 +0.000000000e+00 +3.944800000e+02 +3.944800000e+02 -3.8984e+00 -2.8904e+00 -3.8024e+00
% function evaluation | noise-free fitness - Fopt (-2.471100000000e+02) | best noise-free fitness - Fopt | measured fitness | best measured fitness | x1 | x2...
1 +1.494689024e+01 +1.494689024e+01 -2.321631098e+02 -2.321631098e+02 +0.0000e+00 +0.0000e+00 +0.0000e+00
2 +1.271829926e+01 +1.271829926e+01 -2.343917007e+02 -2.343917007e+02 -4.8165e-01 +1.4937e+00 -9.1954e-01
4 +9.272191767e+00 +9.272191767e+00 -2.378378082e+02 -2.378378082e+02 -8.1522e-01 +7.9926e-01 -8.2377e-01
9 +4.866395761e+00 +4.866395761e+00 -2.422436042e+02 -2.422436042e+02 -1.9649e+00 -7.1034e-02 -1.8867e+00
25 +8.182793477e-01 +8.182793477e-01 -2.462917207e+02 -2.462917207e+02 -3.0252e+00 +2.6542e-01 -2.2581e-01
32 +3.345123514e-01 +3.345123514e-01 -2.467754876e+02 -2.467754876e+02 -3.8493e+00 -1.7656e-01 -2.5795e-01
51 +4.601727936e-02 +4.601727936e-02 -2.470639827e+02 -2.470639827e+02 -3.7829e+00 +1.6027e-01 -4.8160e-01
65 +2.026840501e-02 +2.026840501e-02 -2.470897316e+02 -2.470897316e+02 -3.8989e+00 +2.9405e-01 -6.4741e-01
73 +9.931531101e-03 +9.931531101e-03 -2.471000685e+02 -2.471000685e+02 -3.7836e+00 +2.7761e-01 -6.2659e-01
157 +7.555830001e-03 +7.555830001e-03 -2.471024442e+02 -2.471024442e+02 -3.8347e+00 +2.3347e-01 -6.1826e-01
161 +6.678713373e-03 +6.678713373e-03 -2.471033213e+02 -2.471033213e+02 -3.8022e+00 +1.5383e-01 -6.2618e-01
164 +3.596919770e-03 +3.596919770e-03 -2.471064031e+02 -2.471064031e+02 -3.7917e+00 +1.4704e-01 -7.1115e-01
210 +3.004315230e-03 +3.004315230e-03 -2.471069957e+02 -2.471069957e+02 -3.7714e+00 +1.6623e-01 -7.2130e-01
216 +1.138134614e-03 +1.138134614e-03 -2.471088619e+02 -2.471088619e+02 -3.8111e+00 +1.7768e-01 -7.0925e-01
221 +2.309547148e-04 +2.309547148e-04 -2.471097690e+02 -2.471097690e+02 -3.8006e+00 +2.1690e-01 -6.9741e-01
230 +1.401895671e-04 +1.401895671e-04 -2.471098598e+02 -2.471098598e+02 -3.8021e+00 +2.1102e-01 -6.9929e-01
303 +1.040178242e-04 +1.040178242e-04 -2.471098960e+02 -2.471098960e+02 -3.8002e+00 +2.1121e-01 -6.8515e-01
319 +7.197029169e-05 +7.197029169e-05 -2.471099280e+02 -2.471099280e+02 -3.7975e+00 +1.9871e-01 -6.8406e-01
339 +5.632714814e-05 +5.632714814e-05 -2.471099437e+02 -2.471099437e+02 -3.7918e+00 +1.9993e-01 -6.9283e-01
345 +5.004170990e-05 +5.004170990e-05 -2.471099500e+02 -2.471099500e+02 -3.7949e+00 +2.0710e-01 -6.8646e-01
351 +2.212550072e-05 +2.212550072e-05 -2.471099779e+02 -2.471099779e+02 -3.7974e+00 +2.0666e-01 -6.9423e-01
361 +6.903643595e-06 +6.903643595e-06 -2.471099931e+02 -2.471099931e+02 -3.8009e+00 +2.0245e-01 -6.9130e-01
381 +3.987189274e-06 +3.987189274e-06 -2.471099960e+02 -2.471099960e+02 -3.7996e+00 +2.0199e-01 -6.9014e-01
417 +2.242111123e-06 +2.242111123e-06 -2.471099978e+02 -2.471099978e+02 -3.7978e+00 +2.0441e-01 -6.9052e-01
444 +2.188062837e-06 +2.188062837e-06 -2.471099978e+02 -2.471099978e+02 -3.7979e+00 +2.0409e-01 -6.9228e-01
467 +4.912009501e-07 +4.912009501e-07 -2.471099995e+02 -2.471099995e+02 -3.7989e+00 +2.0291e-01 -6.9163e-01
491 +2.545202165e-07 +2.545202165e-07 -2.471099997e+02 -2.471099997e+02 -3.7984e+00 +2.0338e-01 -6.9167e-01
492 +1.276055173e-07 +1.276055173e-07 -2.471099999e+02 -2.471099999e+02 -3.7981e+00 +2.0344e-01 -6.9122e-01
495 +1.033595254e-07 +1.033595254e-07 -2.471099999e+02 -2.471099999e+02 -3.7984e+00 +2.0340e-01 -6.9145e-01
496 +4.754960514e-08 +4.754960514e-08 -2.471100000e+02 -2.471100000e+02 -3.7986e+00 +2.0313e-01 -6.9121e-01
512 +4.469293913e-08 +4.469293913e-08 -2.471100000e+02 -2.471100000e+02 -3.7982e+00 +2.0313e-01 -6.9131e-01
536 +2.804316068e-08 +2.804316068e-08 -2.471100000e+02 -2.471100000e+02 -3.7984e+00 +2.0305e-01 -6.9114e-01
572 +8.433858056e-09 +8.433858056e-09 -2.471100000e+02 -2.471100000e+02 -3.7984e+00 +2.0312e-01 -6.9122e-01
942 +0.000000000e+00 +0.000000000e+00 -2.471100000e+02 -2.471100000e+02 -3.7984e+00 +2.0320e-01 -6.9120e-01
% function evaluation | noise-free fitness - Fopt (-1.520400000000e+02) | best noise-free fitness - Fopt | measured fitness | best measured fitness | x1 | x2...
1 +1.750322688e+01 +1.750322688e+01 -1.345367731e+02 -1.345367731e+02 +0.0000e+00 +0.0000e+00 +0.0000e+00
2 +1.684309141e+01 +1.684309141e+01 -1.351969086e+02 -1.351969086e+02 +9.4518e-01 -3.3471e-02 -2.8488e-01
5 +1.602249298e+01 +1.602249298e+01 -1.360175070e+02 -1.360175070e+02 -1.6005e+00 +1.0930e+00 -1.6513e-01
13 +1.350771215e+01 +1.350771215e+01 -1.385322879e+02 -1.385322879e+02 -1.9810e+00 +1.4775e+00 -6.7398e-01
22 +1.088342934e+01 +1.088342934e+01 -1.411565707e+02 -1.411565707e+02 -1.0301e+00 +3.5689e+00 -1.5372e+00
25 +9.218738658e+00 +9.218738658e+00 -1.428212613e+02 -1.428212613e+02 -2.0144e+00 +2.4968e+00 -1.6854e+00
26 +1.773556457e+00 +1.773556457e+00 -1.502664435e+02 -1.502664435e+02 -5.0026e-01 +1.3112e+00 -2.6185e+00
47 +3.066846044e-01 +3.066846044e-01 -1.517333154e+02 -1.517333154e+02 -6.5691e-01 +1.1663e+00 -4.2221e+00
89 +2.898391847e-01 +2.898391847e-01 -1.517501608e+02 -1.517501608e+02 -6.7575e-01 +1.6763e+00 -3.6814e+00
90 +2.376304521e-01 +2.376304521e-01 -1.518023695e+02 -1.518023695e+02 -8.4146e-02 +1.8757e+00 -3.9139e+00
93 +1.984433679e-01 +1.984433679e-01 -1.518415566e+02 -1.518415566e+02 -5.8022e-01 +1.1139e+00 -3.9904e+00
97 +1.396238815e-01 +1.396238815e-01 -1.519003761e+02 -1.519003761e+02 -4.7420e-01 +1.6596e+00 -3.7217e+00
113 +1.381276495e-02 +1.381276495e-02 -1.520261872e+02 -1.520261872e+02 -3.7570e-01 +1.4644e+00 -3.9047e+00
156 +9.863677396e-03 +9.863677396e-03 -1.520301363e+02 -1.520301363e+02 -3.6368e-01 +1.4005e+00 -3.9272e+00
185 +6.857026753e-03 +6.857026753e-03 -1.520331430e+02 -1.520331430e+02 -3.2815e-01 +1.4637e+00 -3.8852e+00
191 +4.440210944e-03 +4.440210944e-03 -1.520355598e+02 -1.520355598e+02 -3.2766e-01 +1.3960e+00 -3.9236e+00
192 +9.568656596e-04 +9.568656596e-04 -1.520390431e+02 -1.520390431e+02 -2.4292e-01 +1.4288e+00 -3.9433e+00
217 +4.152978025e-04 +4.152978025e-04 -1.520395847e+02 -1.520395847e+02 -2.8652e-01 +1.4290e+00 -3.9290e+00
235 +3.974473611e-04 +3.974473611e-04 -1.520396026e+02 -1.520396026e+02 -2.6830e-01 +1.4431e+00 -3.9303e+00
248 +2.830272090e-04 +2.830272090e-04 -1.520397170e+02 -1.520397170e+02 -2.7435e-01 +1.4159e+00 -3.9377e+00
254 +1.248862309e-04 +1.248862309e-04 -1.520398751e+02 -1.520398751e+02 -2.6849e-01 +1.4252e+00 -3.9358e+00
270 +8.122266286e-05 +8.122266286e-05 -1.520399188e+02 -1.520399188e+02 -2.6299e-01 +1.4200e+00 -3.9179e+00
275 +3.982725437e-05 +3.982725437e-05 -1.520399602e+02 -1.520399602e+02 -2.6432e-01 +1.4275e+00 -3.9204e+00
321 +2.689029543e-05 +2.689029543e-05 -1.520399731e+02 -1.520399731e+02 -2.6988e-01 +1.4239e+00 -3.9292e+00
343 +2.433600741e-06 +2.433600741e-06 -1.520399976e+02 -1.520399976e+02 -2.6712e-01 +1.4226e+00 -3.9255e+00
417 +1.177497239e-06 +1.177497239e-06 -1.520399988e+02 -1.520399988e+02 -2.6674e-01 +1.4236e+00 -3.9239e+00
444 +4.776385367e-07 +4.776385367e-07 -1.520399995e+02 -1.520399995e+02 -2.6735e-01 +1.4241e+00 -3.9241e+00
452 +3.193199802e-07 +3.193199802e-07 -1.520399997e+02 -1.520399997e+02 -2.6714e-01 +1.4236e+00 -3.9244e+00
492 +2.668946308e-07 +2.668946308e-07 -1.520399997e+02 -1.520399997e+02 -2.6718e-01 +1.4235e+00 -3.9248e+00
496 +1.400457847e-07 +1.400457847e-07 -1.520399999e+02 -1.520399999e+02 -2.6742e-01 +1.4241e+00 -3.9251e+00
507 +1.056450856e-07 +1.056450856e-07 -1.520399999e+02 -1.520399999e+02 -2.6723e-01 +1.4241e+00 -3.9251e+00
521 +7.137336411e-08 +7.137336411e-08 -1.520399999e+02 -1.520399999e+02 -2.6710e-01 +1.4238e+00 -3.9248e+00
547 +6.009298659e-08 +6.009298659e-08 -1.520399999e+02 -1.520399999e+02 -2.6708e-01 +1.4238e+00 -3.9247e+00
548 +1.262878868e-08 +1.262878868e-08 -1.520400000e+02 -1.520400000e+02 -2.6725e-01 +1.4239e+00 -3.9249e+00
606 +4.532410003e-09 +4.532410003e-09 -1.520400000e+02 -1.520400000e+02 -2.6723e-01 +1.4240e+00 -3.9249e+00
978 +0.000000000e+00 +0.000000000e+00 -1.520400000e+02 -1.520400000e+02 -2.6720e-01 +1.4240e+00 -3.9248e+00
% function evaluation | noise-free fitness - Fopt (-2.525000000000e+01) | best noise-free fitness - Fopt | measured fitness | best measured fitness | x1 | x2...
1 +1.548831296e+01 +1.548831296e+01 -9.761687040e+00 -9.761687040e+00 +0.0000e+00 +0.0000e+00 +0.0000e+00
2 +7.140615271e+00 +7.140615271e+00 -1.810938473e+01 -1.810938473e+01 +1.1685e+00 +2.8945e-01 -4.0252e-01
10 +3.888287778e+00 +3.888287778e+00 -2.136171222e+01 -2.136171222e+01 +1.9937e+00 -4.1416e-01 -1.0210e+00
16 +1.609054675e+00 +1.609054675e+00 -2.364094532e+01 -2.364094532e+01 +4.3322e+00 +1.2567e-01 -2.3350e+00
23 +8.501127077e-01 +8.501127077e-01 -2.439988729e+01 -2.439988729e+01 +4.3729e+00 +5.3980e-01 -9.0621e-01
34 +2.167942097e-01 +2.167942097e-01 -2.503320579e+01 -2.503320579e+01 +3.2287e+00 +4.9726e-01 -1.2003e+00
54 +1.371732153e-01 +1.371732153e-01 -2.511282678e+01 -2.511282678e+01 +3.9477e+00 +7.4710e-01 -1.3051e+00
73 +1.079028636e-01 +1.079028636e-01 -2.514209714e+01 -2.514209714e+01 +3.8964e+00 +7.7616e-01 -1.5139e+00
83 +6.654949806e-02 +6.654949806e-02 -2.518345050e+01 -2.518345050e+01 +3.7846e+00 +4.4163e-01 -1.4115e+00
97 +1.990803191e-02 +1.990803191e-02 -2.523009197e+01 -2.523009197e+01 +3.5745e+00 +6.3313e-01 -1.5569e+00
127 +1.863024113e-02 +1.863024113e-02 -2.523136976e+01 -2.523136976e+01 +3.6094e+00 +6.3525e-01 -1.5580e+00
164 +1.818323752e-02 +1.818323752e-02 -2.523181676e+01 -2.523181676e+01 +3.4804e+00 +6.2249e-01 -1.4301e+00
193 +1.625368699e-02 +1.625368699e-02 -2.523374631e+01 -2.523374631e+01 +3.5001e+00 +5.7872e-01 -1.4227e+00
194 +8.927539624e-03 +8.927539624e-03 -2.524107246e+01 -2.524107246e+01 +3.5456e+00 +5.7214e-01 -1.4067e+00
201 +4.719446914e-03 +4.719446914e-03 -2.524528055e+01 -2.524528055e+01 +3.5832e+00 +6.7462e-01 -1.3748e+00
213 +4.016702539e-03 +4.016702539e-03 -2.524598330e+01 -2.524598330e+01 +3.6323e+00 +6.8606e-01 -1.4549e+00
236 +2.755916933e-03 +2.755916933e-03 -2.524724408e+01 -2.524724408e+01 +3.6051e+00 +6.7091e-01 -1.3843e+00
245 +1.490026409e-03 +1.490026409e-03 -2.524850997e+01 -2.524850997e+01 +3.6093e+00 +6.7338e-01 -1.4241e+00
246 +3.335602546e-04 +3.335602546e-04 -2.524966644e+01 -2.524966644e+01 +3.6242e+00 +6.2328e-01 -1.4314e+00
282 +2.753165122e-04 +2.753165122e-04 -2.524972468e+01 -2.524972468e+01 +3.6188e+00 +6.5111e-01 -1.4198e+00
289 +8.613443201e-05 +8.613443201e-05 -2.524991387e+01 -2.524991387e+01 +3.6183e+00 +6.4181e-01 -1.4164e+00
325 +1.615624497e-05 +1.615624497e-05 -2.524998384e+01 -2.524998384e+01 +3.6127e+00 +6.3163e-01 -1.4224e+00
353 +1.170058087e-05 +1.170058087e-05 -2.524998830e+01 -2.524998830e+01 +3.6165e+00 +6.3356e-01 -1.4195e+00
358 +1.065365818e-05 +1.065365818e-05 -2.524998935e+01 -2.524998935e+01 +3.6138e+00 +6.3527e-01 -1.4248e+00
359 +6.416836928e-06 +6.416836928e-06 -2.524999358e+01 -2.524999358e+01 +3.6136e+00 +6.3542e-01 -1.4240e+00
360 +6.270746805e-06 +6.270746805e-06 -2.524999373e+01 -2.524999373e+01 +3.6137e+00 +6.3561e-01 -1.4240e+00
368 +3.599223390e-06 +3.599223390e-06 -2.524999640e+01 -2.524999640e+01 +3.6163e+00 +6.3516e-01 -1.4219e+00
369 +1.887284629e-06 +1.887284629e-06 -2.524999811e+01 -2.524999811e+01 +3.6140e+00 +6.3539e-01 -1.4203e+00
418 +1.525485587e-06 +1.525485587e-06 -2.524999847e+01 -2.524999847e+01 +3.6133e+00 +6.3567e-01 -1.4219e+00
440 +8.104213798e-07 +8.104213798e-07 -2.524999919e+01 -2.524999919e+01 +3.6138e+00 +6.3455e-01 -1.4219e+00
447 +5.100111267e-07 +5.100111267e-07 -2.524999949e+01 -2.524999949e+01 +3.6150e+00 +6.3552e-01 -1.4219e+00
464 +2.467374394e-07 +2.467374394e-07 -2.524999975e+01 -2.524999975e+01 +3.6141e+00 +6.3487e-01 -1.4218e+00
472 +2.316942229e-07 +2.316942229e-07 -2.524999977e+01 -2.524999977e+01 +3.6141e+00 +6.3484e-01 -1.4218e+00
481 +1.066852953e-07 +1.066852953e-07 -2.524999989e+01 -2.524999989e+01 +3.6144e+00 +6.3504e-01 -1.4219e+00
503 +2.644326003e-08 +2.644326003e-08 -2.524999997e+01 -2.524999997e+01 +3.6145e+00 +6.3528e-01 -1.4215e+00
559 +1.782160552e-08 +1.782160552e-08 -2.524999998e+01 -2.524999998e+01 +3.6145e+00 +6.3514e-01 -1.4215e+00
566 +3.829015327e-09 +3.829015327e-09 -2.525000000e+01 -2.525000000e+01 +3.6144e+00 +6.3520e-01 -1.4216e+00
1027 +0.000000000e+00 +0.000000000e+00 -2.525000000e+01 -2.525000000e+01 +3.6144e+00 +6.3520e-01 -1.4216e+00
% function evaluation | noise-free fitness - Fopt (-1.850700000000e+02) | best noise-free fitness - Fopt | measured fitness | best measured fitness | x1 | x2...
1 +1.139693120e+01 +1.139693120e+01 -1.736730688e+02 -1.736730688e+02 +0.0000e+00 +0.0000e+00 +0.0000e+00
2 +8.436058500e+00 +8.436058500e+00 -1.766339415e+02 -1.766339415e+02 +1.2688e+00 +9.7257e-01 -5.9208e-01
13 +8.189750546e+00 +8.189750546e+00 -1.768802495e+02 -1.768802495e+02 +4.8018e-01 +1.5429e+00 -9.6450e-01
17 +6.314668037e+00 +6.314668037e+00 -1.787553320e+02 -1.787553320e+02 +1.3672e-02 +1.2875e+00 -2.2365e-01
22 +3.859095591e+00 +3.859095591e+00 -1.812109044e+02 -1.812109044e+02 -1.2987e-01 +1.7533e+00 +2.4270e-01
25 +3.613047348e+00 +3.613047348e+00 -1.814569527e+02 -1.814569527e+02 +2.4977e-01 +1.1654e+00 +9.8152e-01
30 +2.640551268e+00 +2.640551268e+00 -1.824294487e+02 -1.824294487e+02 -3.5524e-01 +1.9578e+00 +8.9956e-01
35 +1.407475503e+00 +1.407475503e+00 -1.836625245e+02 -1.836625245e+02 +7.8429e-03 +2.4652e+00 +7.7458e-01
41 +3.760055969e-01 +3.760055969e-01 -1.846939944e+02 -1.846939944e+02 +1.2364e+00 +2.5761e+00 +1.2327e+00
57 +2.054986515e-01 +2.054986515e-01 -1.848645013e+02 -1.848645013e+02 +5.7555e-01 +2.5380e+00 +1.6881e+00
79 +1.729762258e-01 +1.729762258e-01 -1.848970238e+02 -1.848970238e+02 +1.1283e+00 +2.7857e+00 +1.2923e+00
94 +5.667518442e-02 +5.667518442e-02 -1.850133248e+02 -1.850133248e+02 +9.7821e-01 +2.8193e+00 +1.6860e+00
127 +3.461783534e-02 +3.461783534e-02 -1.850353822e+02 -1.850353822e+02 +7.4105e-01 +2.8908e+00 +1.3631e+00
152 +1.380663559e-03 +1.380663559e-03 -1.850686193e+02 -1.850686193e+02 +7.9795e-01 +2.8614e+00 +1.5461e+00
247 +1.186446643e-03 +1.186446643e-03 -1.850688136e+02 -1.850688136e+02 +8.2053e-01 +2.8846e+00 +1.5669e+00
254 +6.814910275e-04 +6.814910275e-04 -1.850693185e+02 -1.850693185e+02 +8.2456e-01 +2.9123e+00 +1.5231e+00
262 +3.004472005e-04 +3.004472005e-04 -1.850696996e+02 -1.850696996e+02 +7.9415e-01 +2.8984e+00 +1.5432e+00
304 +2.004920213e-04 +2.004920213e-04 -1.850697995e+02 -1.850697995e+02 +8.0519e-01 +2.8892e+00 +1.5240e+00
318 +8.803133807e-05 +8.803133807e-05 -1.850699120e+02 -1.850699120e+02 +8.1245e-01 +2.8984e+00 +1.5277e+00
346 +2.863855596e-05 +2.863855596e-05 -1.850699714e+02 -1.850699714e+02 +8.1426e-01 +2.8970e+00 +1.5341e+00
354 +2.356763505e-05 +2.356763505e-05 -1.850699764e+02 -1.850699764e+02 +8.0896e-01 +2.8956e+00 +1.5312e+00
356 +9.169200126e-06 +9.169200126e-06 -1.850699908e+02 -1.850699908e+02 +8.1188e-01 +2.8967e+00 +1.5347e+00
406 +8.192146339e-06 +8.192146339e-06 -1.850699918e+02 -1.850699918e+02 +8.0836e-01 +2.8936e+00 +1.5380e+00
408 +5.243798427e-06 +5.243798427e-06 -1.850699948e+02 -1.850699948e+02 +8.0758e-01 +2.8955e+00 +1.5350e+00
419 +1.924375681e-07 +1.924375681e-07 -1.850699998e+02 -1.850699998e+02 +8.0967e-01 +2.8955e+00 +1.5363e+00
469 +1.609488720e-07 +1.609488720e-07 -1.850699998e+02 -1.850699998e+02 +8.0924e-01 +2.8953e+00 +1.5361e+00
503 +1.434763419e-07 +1.434763419e-07 -1.850699999e+02 -1.850699999e+02 +8.0940e-01 +2.8951e+00 +1.5363e+00
525 +9.980757909e-08 +9.980757909e-08 -1.850699999e+02 -1.850699999e+02 +8.0955e-01 +2.8952e+00 +1.5357e+00
526 +8.795549888e-08 +8.795549888e-08 -1.850699999e+02 -1.850699999e+02 +8.0947e-01 +2.8950e+00 +1.5358e+00
530 +1.894164825e-08 +1.894164825e-08 -1.850700000e+02 -1.850700000e+02 +8.0957e-01 +2.8952e+00 +1.5359e+00
587 +8.556384046e-09 +8.556384046e-09 -1.850700000e+02 -1.850700000e+02 +8.0969e-01 +2.8952e+00 +1.5360e+00
952 +0.000000000e+00 +0.000000000e+00 -1.850700000e+02 -1.850700000e+02 +8.0960e-01 +2.8952e+00 +1.5360e+00
% function evaluation | noise-free fitness - Fopt (-1.673500000000e+02) | best noise-free fitness - Fopt | measured fitness | best measured fitness | x1 | x2...
1 +2.519322752e+01 +2.519322752e+01 -1.421567725e+02 -1.421567725e+02 +0.0000e+00 +0.0000e+00 +0.0000e+00
5 +8.052165306e+00 +8.052165306e+00 -1.592978347e+02 -1.592978347e+02 +1.0618e+00 -2.9418e-01 -1.9727e+00
12 +4.572014423e+00 +4.572014423e+00 -1.627779856e+02 -1.627779856e+02 +2.7133e+00 +6.4571e-01 -4.8481e+00
16 +1.205325455e+00 +1.205325455e+00 -1.661446745e+02 -1.661446745e+02 +2.0535e+00 -7.2346e-01 -3.5085e+00
23 +8.843359571e-01 +8.843359571e-01 -1.664656640e+02 -1.664656640e+02 +2.2829e+00 -1.4414e+00 -4.4844e+00
24 +6.242015024e-01 +6.242015024e-01 -1.667257985e+02 -1.667257985e+02 +3.1956e+00 -1.8326e+00 -3.4023e+00
26 +3.069336683e-01 +3.069336683e-01 -1.670430663e+02 -1.670430663e+02 +2.9111e+00 -6.8563e-01 -3.8192e+00
41 +1.069390727e-01 +1.069390727e-01 -1.672430609e+02 -1.672430609e+02 +3.2538e+00 -1.1475e+00 -3.9691e+00
55 +9.958933328e-02 +9.958933328e-02 -1.672504107e+02 -1.672504107e+02 +2.6597e+00 -1.1631e+00 -3.7882e+00
65 +7.043362103e-02 +7.043362103e-02 -1.672795664e+02 -1.672795664e+02 +2.9218e+00 -1.4001e+00 -3.6569e+00
76 +4.927832457e-02 +4.927832457e-02 -1.673007217e+02 -1.673007217e+02 +2.7707e+00 -1.2801e+00 -3.7511e+00
82 +1.628049770e-02 +1.628049770e-02 -1.673337195e+02 -1.673337195e+02 +2.8863e+00 -1.1630e+00 -3.7857e+00
105 +1.376912711e-02 +1.376912711e-02 -1.673362309e+02 -1.673362309e+02 +2.8490e+00 -1.2559e+00 -3.9022e+00
127 +2.334162418e-03 +2.334162418e-03 -1.673476658e+02 -1.673476658e+02 +2.9621e+00 -1.1888e+00 -3.8716e+00
198 +1.439531560e-03 +1.439531560e-03 -1.673485605e+02 -1.673485605e+02 +2.9820e+00 -1.2137e+00 -3.8439e+00
209 +2.715005957e-04 +2.715005957e-04 -1.673497285e+02 -1.673497285e+02 +2.9600e+00 -1.2451e+00 -3.8489e+00
256 +2.338902594e-04 +2.338902594e-04 -1.673497661e+02 -1.673497661e+02 +2.9658e+00 -1.2253e+00 -3.8552e+00
262 +1.728656997e-04 +1.728656997e-04 -1.673498271e+02 -1.673498271e+02 +2.9707e+00 -1.2352e+00 -3.8634e+00
273 +1.112221989e-05 +1.112221989e-05 -1.673499889e+02 -1.673499889e+02 +2.9604e+00 -1.2361e+00 -3.8605e+00
313 +8.842486125e-06 +8.842486125e-06 -1.673499912e+02 -1.673499912e+02 +2.9553e+00 -1.2345e+00 -3.8634e+00
352 +7.213721034e-06 +7.213721034e-06 -1.673499928e+02 -1.673499928e+02 +2.9575e+00 -1.2348e+00 -3.8600e+00
372 +5.852278292e-06 +5.852278292e-06 -1.673499941e+02 -1.673499941e+02 +2.9574e+00 -1.2367e+00 -3.8647e+00
380 +8.791434425e-07 +8.791434425e-07 -1.673499991e+02 -1.673499991e+02 +2.9570e+00 -1.2363e+00 -3.8630e+00
421 +5.442873601e-07 +5.442873601e-07 -1.673499995e+02 -1.673499995e+02 +2.9571e+00 -1.2365e+00 -3.8622e+00
432 +3.370428203e-07 +3.370428203e-07 -1.673499997e+02 -1.673499997e+02 +2.9581e+00 -1.2363e+00 -3.8625e+00
478 +2.786192113e-07 +2.786192113e-07 -1.673499997e+02 -1.673499997e+02 +2.9571e+00 -1.2359e+00 -3.8625e+00
483 +6.494025229e-08 +6.494025229e-08 -1.673499999e+02 -1.673499999e+02 +2.9575e+00 -1.2362e+00 -3.8625e+00
523 +5.613094345e-08 +5.613094345e-08 -1.673499999e+02 -1.673499999e+02 +2.9576e+00 -1.2360e+00 -3.8626e+00
554 +5.045018270e-08 +5.045018270e-08 -1.673499999e+02 -1.673499999e+02 +2.9576e+00 -1.2359e+00 -3.8626e+00
556 +2.453725756e-08 +2.453725756e-08 -1.673500000e+02 -1.673500000e+02 +2.9575e+00 -1.2359e+00 -3.8625e+00
564 +1.730805366e-08 +1.730805366e-08 -1.673500000e+02 -1.673500000e+02 +2.9575e+00 -1.2360e+00 -3.8625e+00
570 +1.584186293e-08 +1.584186293e-08 -1.673500000e+02 -1.673500000e+02 +2.9576e+00 -1.2359e+00 -3.8624e+00
574 +1.545373607e-08 +1.545373607e-08 -1.673500000e+02 -1.673500000e+02 +2.9576e+00 -1.2359e+00 -3.8623e+00
579 +7.388649692e-09 +7.388649692e-09 -1.673500000e+02 -1.673500000e+02 +2.9577e+00 -1.2360e+00 -3.8625e+00
981 +0.000000000e+00 +0.000000000e+00 -1.673500000e+02 -1.673500000e+02 +2.9576e+00 -1.2360e+00 -3.8624e+00
% function evaluation | noise-free fitness - Fopt (-2.733000000000e+01) | best noise-free fitness - Fopt | measured fitness | best measured fitness | x1 | x2...
1 +2.167297920e+01 +2.167297920e+01 -5.657020800e+00 -5.657020800e+00 +0.0000e+00 +0.0000e+00 +0.0000e+00
4 +1.975619949e+01 +1.975619949e+01 -7.573800506e+00 -7.573800506e+00 +1.6420e+00 -7.2993e-01 +4.4687e-01
5 +1.154238213e+01 +1.154238213e+01 -1.578761787e+01 -1.578761787e+01 -6.6885e-01 +2.1173e+00 +1.2449e+00
12 +5.443046082e+00 +5.443046082e+00 -2.188695392e+01 -2.188695392e+01 +5.2820e-01 +3.0858e+00 +1.1125e+00
21 +2.987018313e+00 +2.987018313e+00 -2.434298169e+01 -2.434298169e+01 +9.8657e-01 +3.1689e+00 +1.5115e+00
23 +2.559505525e+00 +2.559505525e+00 -2.477049447e+01 -2.477049447e+01 +1.3486e+00 +4.2503e+00 +2.1028e+00
29 +1.315059718e+00 +1.315059718e+00 -2.601494028e+01 -2.601494028e+01 +1.5508e+00 +2.1798e+00 +2.5424e+00
53 +1.006188787e+00 +1.006188787e+00 -2.632381121e+01 -2.632381121e+01 +2.3137e+00 +2.1011e+00 +2.4080e+00
58 +1.614341706e-01 +1.614341706e-01 -2.716856583e+01 -2.716856583e+01 +1.9047e+00 +3.2311e+00 +2.7423e+00
66 +3.965555814e-02 +3.965555814e-02 -2.729034444e+01 -2.729034444e+01 +2.3660e+00 +3.2380e+00 +2.6929e+00
104 +1.104650269e-02 +1.104650269e-02 -2.731895350e+01 -2.731895350e+01 +2.2757e+00 +3.0176e+00 +2.7620e+00
134 +8.971298365e-03 +8.971298365e-03 -2.732102870e+01 -2.732102870e+01 +2.1744e+00 +3.0960e+00 +2.6749e+00
137 +8.338980427e-03 +8.338980427e-03 -2.732166102e+01 -2.732166102e+01 +2.2477e+00 +2.9975e+00 +2.7259e+00
156 +6.832210286e-03 +6.832210286e-03 -2.732316779e+01 -2.732316779e+01 +2.2885e+00 +3.0861e+00 +2.7475e+00
172 +1.954211459e-03 +1.954211459e-03 -2.732804579e+01 -2.732804579e+01 +2.2767e+00 +3.0647e+00 +2.7129e+00
201 +1.771998455e-03 +1.771998455e-03 -2.732822800e+01 -2.732822800e+01 +2.2696e+00 +3.0272e+00 +2.6795e+00
202 +4.792707774e-04 +4.792707774e-04 -2.732952073e+01 -2.732952073e+01 +2.2651e+00 +3.0509e+00 +2.6841e+00
228 +4.144472046e-04 +4.144472046e-04 -2.732958555e+01 -2.732958555e+01 +2.2770e+00 +3.0842e+00 +2.6725e+00
233 +1.487737158e-04 +1.487737158e-04 -2.732985123e+01 -2.732985123e+01 +2.2529e+00 +3.0695e+00 +2.6724e+00
260 +8.098611924e-05 +8.098611924e-05 -2.732991901e+01 -2.732991901e+01 +2.2586e+00 +3.0668e+00 +2.6768e+00
293 +6.037292978e-05 +6.037292978e-05 -2.732993963e+01 -2.732993963e+01 +2.2575e+00 +3.0696e+00 +2.6725e+00
314 +2.526858451e-05 +2.526858451e-05 -2.732997473e+01 -2.732997473e+01 +2.2602e+00 +3.0700e+00 +2.6707e+00
332 +2.110926450e-05 +2.110926450e-05 -2.732997889e+01 -2.732997889e+01 +2.2616e+00 +3.0678e+00 +2.6672e+00
343 +9.886734571e-06 +9.886734571e-06 -2.732999011e+01 -2.732999011e+01 +2.2618e+00 +3.0681e+00 +2.6696e+00
355 +6.094935056e-06 +6.094935056e-06 -2.732999391e+01 -2.732999391e+01 +2.2627e+00 +3.0667e+00 +2.6701e+00
367 +4.855275886e-06 +4.855275886e-06 -2.732999514e+01 -2.732999514e+01 +2.2633e+00 +3.0693e+00 +2.6694e+00
389 +4.483982700e-06 +4.483982700e-06 -2.732999552e+01 -2.732999552e+01 +2.2631e+00 +3.0689e+00 +2.6696e+00
390 +4.033586823e-06 +4.033586823e-06 -2.732999597e+01 -2.732999597e+01 +2.2637e+00 +3.0697e+00 +2.6702e+00
392 +3.770612921e-06 +3.770612921e-06 -2.732999623e+01 -2.732999623e+01 +2.2634e+00 +3.0693e+00 +2.6701e+00
393 +2.378946206e-06 +2.378946206e-06 -2.732999762e+01 -2.732999762e+01 +2.2641e+00 +3.0676e+00 +2.6691e+00
396 +1.153771464e-06 +1.153771464e-06 -2.732999885e+01 -2.732999885e+01 +2.2638e+00 +3.0683e+00 +2.6702e+00
407 +6.715091416e-07 +6.715091416e-07 -2.732999933e+01 -2.732999933e+01 +2.2651e+00 +3.0686e+00 +2.6699e+00
420 +4.722773994e-08 +4.722773994e-08 -2.732999995e+01 -2.732999995e+01 +2.2650e+00 +3.0680e+00 +2.6705e+00
492 +1.348615442e-08 +1.348615442e-08 -2.732999999e+01 -2.732999999e+01 +2.2649e+00 +3.0679e+00 +2.6704e+00
555 +8.356721537e-09 +8.356721537e-09 -2.732999999e+01 -2.732999999e+01 +2.2647e+00 +3.0680e+00 +2.6705e+00
922 +0.000000000e+00 +0.000000000e+00 -2.733000000e+01 -2.733000000e+01 +2.2648e+00 +3.0680e+00 +2.6704e+00
% function evaluation | noise-free fitness - Fopt (-2.655800000000e+02) | best noise-free fitness - Fopt | measured fitness | best measured fitness | x1 | x2...
1 +4.919974400e+00 +4.919974400e+00 -2.606600256e+02 -2.606600256e+02 +0.0000e+00 +0.0000e+00 +0.0000e+00
6 +1.247091301e+00 +1.247091301e+00 -2.643329087e+02 -2.643329087e+02 -1.8368e+00 +8.0062e-01 +2.8260e-02
20 +8.988981363e-01 +8.988981363e-01 -2.646811019e+02 -2.646811019e+02 -1.0962e+00 +1.4449e+00 +6.8809e-02
23 +5.928397951e-01 +5.928397951e-01 -2.649871602e+02 -2.649871602e+02 -1.1446e+00 +1.0841e+00 -2.1020e-01
24 +7.087740720e-02 +7.087740720e-02 -2.655091226e+02 -2.655091226e+02 -1.6245e+00 +1.6701e+00 -8.2177e-01
82 +6.899669765e-02 +6.899669765e-02 -2.655110033e+02 -2.655110033e+02 -1.6016e+00 +1.2461e+00 -7.0421e-01
95 +6.655349201e-02 +6.655349201e-02 -2.655134465e+02 -2.655134465e+02 -1.3239e+00 +1.2708e+00 -6.9452e-01
101 +2.618053052e-02 +2.618053052e-02 -2.655538195e+02 -2.655538195e+02 -1.6252e+00 +1.4171e+00 -7.6391e-01
103 +7.297906317e-03 +7.297906317e-03 -2.655727021e+02 -2.655727021e+02 -1.5046e+00 +1.5236e+00 -7.6664e-01
116 +3.667624729e-03 +3.667624729e-03 -2.655763324e+02 -2.655763324e+02 -1.5174e+00 +1.4564e+00 -7.6170e-01
154 +2.781396985e-03 +2.781396985e-03 -2.655772186e+02 -2.655772186e+02 -1.5100e+00 +1.4893e+00 -8.0411e-01
158 +2.432135520e-03 +2.432135520e-03 -2.655775679e+02 -2.655775679e+02 -1.4623e+00 +1.4998e+00 -7.9022e-01
179 +7.009723000e-04 +7.009723000e-04 -2.655792990e+02 -2.655792990e+02 -1.4617e+00 +1.4767e+00 -8.0636e-01
183 +1.794287981e-04 +1.794287981e-04 -2.655798206e+02 -2.655798206e+02 -1.4645e+00 +1.4590e+00 -8.1080e-01
257 +1.339720203e-04 +1.339720203e-04 -2.655798660e+02 -2.655798660e+02 -1.4775e+00 +1.4599e+00 -7.9427e-01
264 +8.295390541e-05 +8.295390541e-05 -2.655799170e+02 -2.655799170e+02 -1.4700e+00 +1.4469e+00 -7.9494e-01
283 +3.455971824e-05 +3.455971824e-05 -2.655799654e+02 -2.655799654e+02 -1.4698e+00 +1.4515e+00 -8.0690e-01
316 +5.959254054e-06 +5.959254054e-06 -2.655799940e+02 -2.655799940e+02 -1.4710e+00 +1.4506e+00 -8.0110e-01
348 +1.736085892e-06 +1.736085892e-06 -2.655799983e+02 -2.655799983e+02 -1.4708e+00 +1.4524e+00 -8.0113e-01
388 +6.996824027e-07 +6.996824027e-07 -2.655799993e+02 -2.655799993e+02 -1.4717e+00 +1.4535e+00 -8.0188e-01
397 +4.689890147e-07 +4.689890147e-07 -2.655799995e+02 -2.655799995e+02 -1.4720e+00 +1.4526e+00 -8.0094e-01
404 +2.769316438e-07 +2.769316438e-07 -2.655799997e+02 -2.655799997e+02 -1.4722e+00 +1.4532e+00 -8.0139e-01
418 +1.258691782e-07 +1.258691782e-07 -2.655799999e+02 -2.655799999e+02 -1.4719e+00 +1.4526e+00 -8.0182e-01
502 +3.205980192e-08 +3.205980192e-08 -2.655800000e+02 -2.655800000e+02 -1.4721e+00 +1.4528e+00 -8.0176e-01
513 +3.092361567e-08 +3.092361567e-08 -2.655800000e+02 -2.655800000e+02 -1.4720e+00 +1.4528e+00 -8.0177e-01
518 +2.155769607e-08 +2.155769607e-08 -2.655800000e+02 -2.655800000e+02 -1.4721e+00 +1.4529e+00 -8.0155e-01
519 +1.166307584e-08 +1.166307584e-08 -2.655800000e+02 -2.655800000e+02 -1.4719e+00 +1.4527e+00 -8.0161e-01
534 +6.679840681e-09 +6.679840681e-09 -2.655800000e+02 -2.655800000e+02 -1.4720e+00 +1.4528e+00 -8.0165e-01
1008 +0.000000000e+00 +0.000000000e+00 -2.655800000e+02 -2.655800000e+02 -1.4720e+00 +1.4528e+00 -8.0160e-01
% function evaluation | noise-free fitness - Fopt (-5.595000000000e+01) | best noise-free fitness - Fopt | measured fitness | best measured fitness | x1 | x2...
1 +1.540108800e+00 +1.540108800e+00 -5.440989120e+01 -5.440989120e+01 +0.0000e+00 +0.0000e+00 +0.0000e+00
10 +4.642194854e-01 +4.642194854e-01 -5.548578051e+01 -5.548578051e+01 +1.3399e+00 -4.7995e-01 +1.6593e-02
21 +7.244641513e-02 +7.244641513e-02 -5.587755358e+01 -5.587755358e+01 +1.2058e+00 +4.2050e-01 +2.7770e-01
43 +1.169552083e-02 +1.169552083e-02 -5.593830448e+01 -5.593830448e+01 +1.1917e+00 +2.6312e-01 +2.2934e-01
97 +8.690323338e-03 +8.690323338e-03 -5.594130968e+01 -5.594130968e+01 +1.1293e+00 +1.5421e-01 +2.1134e-01
103 +5.592513720e-03 +5.592513720e-03 -5.594440749e+01 -5.594440749e+01 +1.2041e+00 +2.2921e-01 +1.3724e-01
117 +3.828521221e-03 +3.828521221e-03 -5.594617148e+01 -5.594617148e+01 +1.2285e+00 +1.3406e-01 +1.3171e-01
119 +1.575399485e-03 +1.575399485e-03 -5.594842460e+01 -5.594842460e+01 +1.2256e+00 +1.4644e-01 +2.1158e-01
146 +8.856483426e-04 +8.856483426e-04 -5.594911435e+01 -5.594911435e+01 +1.2024e+00 +1.9565e-01 +1.7621e-01
154 +8.177186568e-04 +8.177186568e-04 -5.594918228e+01 -5.594918228e+01 +1.2222e+00 +1.9299e-01 +1.9605e-01
167 +1.585102768e-04 +1.585102768e-04 -5.594984149e+01 -5.594984149e+01 +1.2116e+00 +1.5937e-01 +1.7490e-01
198 +1.338325615e-04 +1.338325615e-04 -5.594986617e+01 -5.594986617e+01 +1.2217e+00 +1.7893e-01 +1.8464e-01
208 +5.469882866e-05 +5.469882866e-05 -5.594994530e+01 -5.594994530e+01 +1.2152e+00 +1.6679e-01 +1.8759e-01
215 +3.815099152e-05 +3.815099152e-05 -5.594996185e+01 -5.594996185e+01 +1.2184e+00 +1.6578e-01 +1.7657e-01
223 +1.325633868e-05 +1.325633868e-05 -5.594998674e+01 -5.594998674e+01 +1.2152e+00 +1.7106e-01 +1.7755e-01
274 +3.388361989e-06 +3.388361989e-06 -5.594999661e+01 -5.594999661e+01 +1.2147e+00 +1.6866e-01 +1.8165e-01
291 +2.558108349e-06 +2.558108349e-06 -5.594999744e+01 -5.594999744e+01 +1.2153e+00 +1.7104e-01 +1.8078e-01
358 +9.833432699e-07 +9.833432699e-07 -5.594999902e+01 -5.594999902e+01 +1.2168e+00 +1.6938e-01 +1.8128e-01
360 +7.416338406e-07 +7.416338406e-07 -5.594999926e+01 -5.594999926e+01 +1.2160e+00 +1.7028e-01 +1.8028e-01
382 +2.700114194e-07 +2.700114194e-07 -5.594999973e+01 -5.594999973e+01 +1.2161e+00 +1.6990e-01 +1.8122e-01
406 +1.766133835e-07 +1.766133835e-07 -5.594999982e+01 -5.594999982e+01 +1.2156e+00 +1.6977e-01 +1.8079e-01
415 +9.946791835e-08 +9.946791835e-08 -5.594999990e+01 -5.594999990e+01 +1.2163e+00 +1.6960e-01 +1.8084e-01
418 +8.493832127e-08 +8.493832127e-08 -5.594999992e+01 -5.594999992e+01 +1.2162e+00 +1.6977e-01 +1.8078e-01
449 +6.287757515e-08 +6.287757515e-08 -5.594999994e+01 -5.594999994e+01 +1.2161e+00 +1.6983e-01 +1.8084e-01
452 +5.236256584e-08 +5.236256584e-08 -5.594999995e+01 -5.594999995e+01 +1.2159e+00 +1.6976e-01 +1.8094e-01
459 +1.880633249e-08 +1.880633249e-08 -5.594999998e+01 -5.594999998e+01 +1.2160e+00 +1.6970e-01 +1.8088e-01
462 +5.392230662e-09 +5.392230662e-09 -5.594999999e+01 -5.594999999e+01 +1.2160e+00 +1.6967e-01 +1.8082e-01
837 +0.000000000e+00 +0.000000000e+00 -5.595000000e+01 -5.595000000e+01 +1.2160e+00 +1.6960e-01 +1.8080e-01
% function evaluation | noise-free fitness - Fopt (8.746000000000e+01) | best noise-free fitness - Fopt | measured fitness | best measured fitness | x1 | x2...
1 +1.757692608e+01 +1.757692608e+01 +1.050369261e+02 +1.050369261e+02 +0.0000e+00 +0.0000e+00 +0.0000e+00
2 +6.164811816e+00 +6.164811816e+00 +9.362481182e+01 +9.362481182e+01 -6.1003e-01 +5.0767e-01 +1.6651e+00
14 +3.341077858e+00 +3.341077858e+00 +9.080107786e+01 +9.080107786e+01 -8.1851e-01 -1.1284e+00 +2.5935e+00
17 +4.490844092e-01 +4.490844092e-01 +8.790908441e+01 +8.790908441e+01 -7.9730e-01 +2.3497e-01 +3.9010e+00
24 +1.688439633e-01 +1.688439633e-01 +8.762884396e+01 +8.762884396e+01 -1.2404e+00 -6.5047e-02 +4.3293e+00
98 +5.908999155e-02 +5.908999155e-02 +8.751908999e+01 +8.751908999e+01 -1.4087e+00 +1.6399e-01 +3.8399e+00
99 +4.576723632e-02 +4.576723632e-02 +8.750576724e+01 +8.750576724e+01 -1.3211e+00 +1.4612e-01 +3.9382e+00
101 +4.310911680e-02 +4.310911680e-02 +8.750310912e+01 +8.750310912e+01 -1.2622e+00 +1.0029e-01 +3.9247e+00
102 +3.685165506e-02 +3.685165506e-02 +8.749685166e+01 +8.749685166e+01 -1.5397e+00 +4.2200e-02 +4.0444e+00
112 +1.246304582e-03 +1.246304582e-03 +8.746124630e+01 +8.746124630e+01 -1.4276e+00 -3.4198e-02 +3.9366e+00
152 +1.016410987e-03 +1.016410987e-03 +8.746101641e+01 +8.746101641e+01 -1.3985e+00 -4.9917e-02 +3.9195e+00
208 +8.481963869e-04 +8.481963869e-04 +8.746084820e+01 +8.746084820e+01 -1.3959e+00 -8.0548e-02 +3.9482e+00
211 +7.179747834e-05 +7.179747834e-05 +8.746007180e+01 +8.746007180e+01 -1.4059e+00 -5.2765e-02 +3.9445e+00
268 +1.119366263e-05 +1.119366263e-05 +8.746001119e+01 +8.746001119e+01 -1.4016e+00 -5.4777e-02 +3.9495e+00
371 +8.423708564e-06 +8.423708564e-06 +8.746000842e+01 +8.746000842e+01 -1.4013e+00 -5.2793e-02 +3.9484e+00
377 +2.648532359e-06 +2.648532359e-06 +8.746000265e+01 +8.746000265e+01 -1.3994e+00 -5.1321e-02 +3.9506e+00
406 +8.547357311e-07 +8.547357311e-07 +8.746000085e+01 +8.746000085e+01 -1.4003e+00 -5.1243e-02 +3.9514e+00
418 +4.810924423e-07 +4.810924423e-07 +8.746000048e+01 +8.746000048e+01 -1.4013e+00 -5.1499e-02 +3.9511e+00
451 +2.955150507e-07 +2.955150507e-07 +8.746000030e+01 +8.746000030e+01 -1.4013e+00 -5.1975e-02 +3.9514e+00
462 +1.078145857e-07 +1.078145857e-07 +8.746000011e+01 +8.746000011e+01 -1.4010e+00 -5.2181e-02 +3.9514e+00
471 +7.496991827e-08 +7.496991827e-08 +8.746000007e+01 +8.746000007e+01 -1.4006e+00 -5.2152e-02 +3.9513e+00
472 +2.959328071e-08 +2.959328071e-08 +8.746000003e+01 +8.746000003e+01 -1.4007e+00 -5.1898e-02 +3.9512e+00
503 +8.383835848e-10 +8.383835848e-10 +8.746000000e+01 +8.746000000e+01 -1.4008e+00 -5.2005e-02 +3.9512e+00
948 +0.000000000e+00 +0.000000000e+00 +8.746000000e+01 +8.746000000e+01 -1.4008e+00 -5.2000e-02 +3.9512e+00
% function evaluation | noise-free fitness - Fopt (-6.545000000000e+01) | best noise-free fitness - Fopt | measured fitness | best measured fitness | x1 | x2...
1 +7.696979840e+00 +7.696979840e+00 -5.775302016e+01 -5.775302016e+01 +0.0000e+00 +0.0000e+00 +0.0000e+00
2 +1.430662297e+00 +1.430662297e+00 -6.401933770e+01 -6.401933770e+01 +7.5828e-02 +1.9001e+00 -2.7222e-01
13 +6.500523677e-01 +6.500523677e-01 -6.479994763e+01 -6.479994763e+01 +1.7018e-01 +1.9189e+00 -1.0795e+00
49 +3.429062073e-01 +3.429062073e-01 -6.510709379e+01 -6.510709379e+01 +5.0458e-02 +2.6653e+00 -1.5082e+00
52 +2.418084357e-01 +2.418084357e-01 -6.520819156e+01 -6.520819156e+01 +6.2283e-02 +2.3344e+00 -1.2510e+00
63 +2.082372066e-01 +2.082372066e-01 -6.524176279e+01 -6.524176279e+01 -6.3188e-01 +2.4662e+00 -8.0983e-01
70 +8.095736357e-02 +8.095736357e-02 -6.536904264e+01 -6.536904264e+01 -6.7294e-01 +2.3537e+00 -1.2022e+00
90 +2.326055853e-02 +2.326055853e-02 -6.542673944e+01 -6.542673944e+01 -5.6267e-01 +2.4638e+00 -1.2002e+00
120 +1.905573527e-02 +1.905573527e-02 -6.543094426e+01 -6.543094426e+01 -2.7331e-01 +2.4524e+00 -1.2209e+00
131 +1.136180899e-02 +1.136180899e-02 -6.543863819e+01 -6.543863819e+01 -3.4656e-01 +2.5290e+00 -1.1544e+00
134 +5.140366366e-04 +5.140366366e-04 -6.544948596e+01 -6.544948596e+01 -3.8916e-01 +2.4557e+00 -1.2115e+00
176 +2.058775388e-04 +2.058775388e-04 -6.544979412e+01 -6.544979412e+01 -4.2060e-01 +2.4685e+00 -1.2174e+00
203 +1.510730594e-04 +1.510730594e-04 -6.544984893e+01 -6.544984893e+01 -4.0432e-01 +2.4535e+00 -1.2134e+00
205 +4.628901753e-05 +4.628901753e-05 -6.544995371e+01 -6.544995371e+01 -4.1449e-01 +2.4605e+00 -1.2041e+00
225 +3.216495203e-05 +3.216495203e-05 -6.544996784e+01 -6.544996784e+01 -4.0538e-01 +2.4643e+00 -1.2064e+00
249 +2.923839932e-05 +2.923839932e-05 -6.544997076e+01 -6.544997076e+01 -4.1083e-01 +2.4584e+00 -1.2064e+00
262 +2.472710629e-05 +2.472710629e-05 -6.544997527e+01 -6.544997527e+01 -4.1346e-01 +2.4599e+00 -1.2066e+00
265 +2.358494146e-05 +2.358494146e-05 -6.544997642e+01 -6.544997642e+01 -4.0841e-01 +2.4593e+00 -1.2066e+00
277 +2.292363652e-05 +2.292363652e-05 -6.544997708e+01 -6.544997708e+01 -4.0859e-01 +2.4595e+00 -1.2112e+00
288 +2.147943091e-05 +2.147943091e-05 -6.544997852e+01 -6.544997852e+01 -4.1361e-01 +2.4603e+00 -1.2105e+00
290 +8.219097666e-06 +8.219097666e-06 -6.544999178e+01 -6.544999178e+01 -4.1308e-01 +2.4640e+00 -1.2082e+00
303 +2.006075405e-06 +2.006075405e-06 -6.544999799e+01 -6.544999799e+01 -4.1037e-01 +2.4623e+00 -1.2077e+00
321 +1.158550603e-06 +1.158550603e-06 -6.544999884e+01 -6.544999884e+01 -4.1027e-01 +2.4633e+00 -1.2077e+00
384 +7.985355381e-07 +7.985355381e-07 -6.544999920e+01 -6.544999920e+01 -4.1067e-01 +2.4641e+00 -1.2088e+00
402 +4.522215846e-07 +4.522215846e-07 -6.544999955e+01 -6.544999955e+01 -4.1053e-01 +2.4638e+00 -1.2085e+00
405 +1.603339825e-07 +1.603339825e-07 -6.544999984e+01 -6.544999984e+01 -4.1011e-01 +2.4631e+00 -1.2086e+00
443 +1.265216554e-07 +1.265216554e-07 -6.544999987e+01 -6.544999987e+01 -4.1057e-01 +2.4635e+00 -1.2089e+00
453 +3.963087636e-08 +3.963087636e-08 -6.544999996e+01 -6.544999996e+01 -4.1034e-01 +2.4630e+00 -1.2087e+00
494 +3.656963088e-08 +3.656963088e-08 -6.544999996e+01 -6.544999996e+01 -4.1039e-01 +2.4633e+00 -1.2087e+00
527 +1.888251688e-08 +1.888251688e-08 -6.544999998e+01 -6.544999998e+01 -4.1050e-01 +2.4633e+00 -1.2087e+00
539 +8.555019804e-09 +8.555019804e-09 -6.544999999e+01 -6.544999999e+01 -4.1042e-01 +2.4633e+00 -1.2088e+00
979 +0.000000000e+00 +0.000000000e+00 -6.545000000e+01 -6.545000000e+01 -4.1040e-01 +2.4632e+00 -1.2088e+00
% function evaluation | noise-free fitness - Fopt (-5.761000000000e+01) | best noise-free fitness - Fopt | measured fitness | best measured fitness | x1 | x2...
1 +1.834351424e+01 +1.834351424e+01 -3.926648576e+01 -3.926648576e+01 +0.0000e+00 +0.0000e+00 +0.0000e+00
2 +1.053392781e+01 +1.053392781e+01 -4.707607219e+01 -4.707607219e+01 -9.2594e-01 +2.3627e+00 +4.3336e-01
11 +9.849623534e+00 +9.849623534e+00 -4.776037647e+01 -4.776037647e+01 -1.0022e+00 +6.1450e-01 +2.4708e-01
13 +8.730140661e+00 +8.730140661e+00 -4.887985934e+01 -4.887985934e+01 -1.3078e+00 +2.3262e-01 +3.1588e-01
15 +4.744151523e+00 +4.744151523e+00 -5.286584848e+01 -5.286584848e+01 -1.7525e+00 +7.2027e-01 +1.0085e+00
22 +3.624691326e+00 +3.624691326e+00 -5.398530867e+01 -5.398530867e+01 -2.0990e+00 +4.5983e-01 +1.2596e+00
23 +1.353231252e+00 +1.353231252e+00 -5.625676875e+01 -5.625676875e+01 -3.2265e+00 +1.2754e+00 +2.5296e+00
34 +8.116680906e-01 +8.116680906e-01 -5.679833191e+01 -5.679833191e+01 -3.4121e+00 +1.1248e+00 +7.1418e-01
42 +4.857339114e-01 +4.857339114e-01 -5.712426609e+01 -5.712426609e+01 -3.9263e+00 +1.3140e+00 +8.2994e-01
50 +4.462433090e-01 +4.462433090e-01 -5.716375669e+01 -5.716375669e+01 -3.8003e+00 +8.9117e-01 +9.7866e-01
57 +3.640789878e-01 +3.640789878e-01 -5.724592101e+01 -5.724592101e+01 -4.0973e+00 +8.0078e-01 +1.6892e+00
94 +3.311148659e-01 +3.311148659e-01 -5.727888513e+01 -5.727888513e+01 -4.0696e+00 +9.8747e-01 +1.1108e+00
98 +1.694084986e-01 +1.694084986e-01 -5.744059150e+01 -5.744059150e+01 -3.7871e+00 +1.5714e+00 +1.2121e+00
106 +1.214685796e-01 +1.214685796e-01 -5.748853142e+01 -5.748853142e+01 -4.1218e+00 +1.2144e+00 +1.4281e+00
114 +2.630803413e-02 +2.630803413e-02 -5.758369197e+01 -5.758369197e+01 -3.8484e+00 +1.2484e+00 +1.6598e+00
155 +8.063201719e-03 +8.063201719e-03 -5.760193680e+01 -5.760193680e+01 -3.8348e+00 +1.2825e+00 +1.5925e+00
165 +4.276236250e-03 +4.276236250e-03 -5.760572376e+01 -5.760572376e+01 -3.7373e+00 +1.2689e+00 +1.5401e+00
181 +7.941772738e-04 +7.941772738e-04 -5.760920582e+01 -5.760920582e+01 -3.7973e+00 +1.2875e+00 +1.5412e+00
207 +6.121375505e-04 +6.121375505e-04 -5.760938786e+01 -5.760938786e+01 -3.8098e+00 +1.2770e+00 +1.5246e+00
224 +3.707534716e-04 +3.707534716e-04 -5.760962925e+01 -5.760962925e+01 -3.7968e+00 +1.2954e+00 +1.5320e+00
252 +5.439104067e-05 +5.439104067e-05 -5.760994561e+01 -5.760994561e+01 -3.7918e+00 +1.2982e+00 +1.5158e+00
289 +3.635115485e-05 +3.635115485e-05 -5.760996365e+01 -5.760996365e+01 -3.7985e+00 +1.2893e+00 +1.5128e+00
305 +3.121797334e-05 +3.121797334e-05 -5.760996878e+01 -5.760996878e+01 -3.7893e+00 +1.2879e+00 +1.5164e+00
308 +2.407816267e-05 +2.407816267e-05 -5.760997592e+01 -5.760997592e+01 -3.7951e+00 +1.2955e+00 +1.5137e+00
314 +5.607199917e-06 +5.607199917e-06 -5.760999439e+01 -5.760999439e+01 -3.7911e+00 +1.2923e+00 +1.5124e+00
366 +3.945946169e-06 +3.945946169e-06 -5.760999605e+01 -5.760999605e+01 -3.7909e+00 +1.2909e+00 +1.5131e+00
371 +1.305238534e-06 +1.305238534e-06 -5.760999869e+01 -5.760999869e+01 -3.7920e+00 +1.2912e+00 +1.5128e+00
374 +1.255581545e-06 +1.255581545e-06 -5.760999874e+01 -5.760999874e+01 -3.7917e+00 +1.2911e+00 +1.5139e+00
377 +4.933592592e-07 +4.933592592e-07 -5.760999951e+01 -5.760999951e+01 -3.7923e+00 +1.2908e+00 +1.5134e+00
427 +2.032436441e-08 +2.032436441e-08 -5.760999998e+01 -5.760999998e+01 -3.7929e+00 +1.2911e+00 +1.5137e+00
572 +6.127791607e-09 +6.127791607e-09 -5.760999999e+01 -5.760999999e+01 -3.7928e+00 +1.2912e+00 +1.5135e+00
944 +0.000000000e+00 +0.000000000e+00 -5.761000000e+01 -5.761000000e+01 -3.7928e+00 +1.2912e+00 +1.5136e+00
% function evaluation | noise-free fitness - Fopt (-2.116000000000e+02) | best noise-free fitness - Fopt | measured fitness | best measured fitness | x1 | x2...
1 +1.391401280e+01 +1.391401280e+01 -1.976859872e+02 -1.976859872e+02 +0.0000e+00 +0.0000e+00 +0.0000e+00
2 +1.218069630e+01 +1.218069630e+01 -1.994193037e+02 -1.994193037e+02 +6.5292e-01 +1.7811e+00 +1.4332e-03
7 +1.024701814e+01 +1.024701814e+01 -2.013529819e+02 -2.013529819e+02 +1.6291e+00 -7.1065e-01 +4.8023e-02
8 +6.065832640e+00 +6.065832640e+00 -2.055341674e+02 -2.055341674e+02 +5.5161e-01 +1.6376e-01 +1.1979e+00
15 +5.226783577e+00 +5.226783577e+00 -2.063732164e+02 -2.063732164e+02 +8.3318e-01 +5.0770e-01 +1.1154e+00
21 +4.791941546e+00 +4.791941546e+00 -2.068080585e+02 -2.068080585e+02 +6.8004e-01 +3.6915e-01 +1.4172e+00
25 +3.749622568e+00 +3.749622568e+00 -2.078503774e+02 -2.078503774e+02 +1.4403e+00 -1.5289e-02 +1.2629e+00
29 +2.820717298e+00 +2.820717298e+00 -2.087792827e+02 -2.087792827e+02 +8.9963e-01 +1.0923e+00 +2.0432e+00
39 +1.142894426e+00 +1.142894426e+00 -2.104571056e+02 -2.104571056e+02 +1.3467e+00 +5.3929e-01 +3.3447e+00
47 +3.915451729e-01 +3.915451729e-01 -2.112084548e+02 -2.112084548e+02 +2.1356e+00 +2.9382e-01 +3.3532e+00
51 +2.245390571e-01 +2.245390571e-01 -2.113754609e+02 -2.113754609e+02 +1.8720e+00 +4.7092e-01 +2.9743e+00
53 +1.652777880e-01 +1.652777880e-01 -2.114347222e+02 -2.114347222e+02 +1.9041e+00 +6.2143e-01 +2.7628e+00
91 +6.963476648e-02 +6.963476648e-02 -2.115303652e+02 -2.115303652e+02 +2.5225e+00 +7.4786e-01 +2.9628e+00
132 +5.402812535e-02 +5.402812535e-02 -2.115459719e+02 -2.115459719e+02 +2.5171e+00 +6.3696e-01 +2.7964e+00
143 +1.794463806e-02 +1.794463806e-02 -2.115820554e+02 -2.115820554e+02 +2.2236e+00 +6.2155e-01 +2.9747e+00
183 +1.141437810e-02 +1.141437810e-02 -2.115885856e+02 -2.115885856e+02 +2.1960e+00 +6.2074e-01 +2.8860e+00
191 +7.216230587e-03 +7.216230587e-03 -2.115927838e+02 -2.115927838e+02 +2.2747e+00 +5.7060e-01 +2.8639e+00
193 +3.521548012e-03 +3.521548012e-03 -2.115964785e+02 -2.115964785e+02 +2.2946e+00 +6.5655e-01 +2.9256e+00
194 +3.434266308e-03 +3.434266308e-03 -2.115965657e+02 -2.115965657e+02 +2.2700e+00 +6.2756e-01 +2.8203e+00
205 +2.070006719e-03 +2.070006719e-03 -2.115979300e+02 -2.115979300e+02 +2.2506e+00 +6.5113e-01 +2.8678e+00
226 +1.069483279e-03 +1.069483279e-03 -2.115989305e+02 -2.115989305e+02 +2.3168e+00 +6.7469e-01 +2.8539e+00
242 +7.221015324e-04 +7.221015324e-04 -2.115992779e+02 -2.115992779e+02 +2.2930e+00 +6.7850e-01 +2.8591e+00
281 +3.936418167e-04 +3.936418167e-04 -2.115996064e+02 -2.115996064e+02 +2.2786e+00 +6.5475e-01 +2.8758e+00
296 +3.092314519e-04 +3.092314519e-04 -2.115996908e+02 -2.115996908e+02 +2.2912e+00 +6.5938e-01 +2.8820e+00
301 +1.797942332e-04 +1.797942332e-04 -2.115998202e+02 -2.115998202e+02 +2.3018e+00 +6.5105e-01 +2.8544e+00
313 +1.266329849e-04 +1.266329849e-04 -2.115998734e+02 -2.115998734e+02 +2.3048e+00 +6.5125e-01 +2.8732e+00
329 +1.254732017e-04 +1.254732017e-04 -2.115998745e+02 -2.115998745e+02 +2.2965e+00 +6.5622e-01 +2.8771e+00
338 +1.192222495e-04 +1.192222495e-04 -2.115998808e+02 -2.115998808e+02 +2.2898e+00 +6.5381e-01 +2.8754e+00
340 +1.158039565e-04 +1.158039565e-04 -2.115998842e+02 -2.115998842e+02 +2.2980e+00 +6.5219e-01 +2.8770e+00
348 +9.808368563e-05 +9.808368563e-05 -2.115999019e+02 -2.115999019e+02 +2.2979e+00 +6.6124e-01 +2.8712e+00
353 +1.700179777e-05 +1.700179777e-05 -2.115999830e+02 -2.115999830e+02 +2.2948e+00 +6.5656e-01 +2.8676e+00
391 +1.162695096e-05 +1.162695096e-05 -2.115999884e+02 -2.115999884e+02 +2.2928e+00 +6.5354e-01 +2.8672e+00
400 +5.830032393e-06 +5.830032393e-06 -2.115999942e+02 -2.115999942e+02 +2.2949e+00 +6.5449e-01 +2.8678e+00
409 +3.911490978e-06 +3.911490978e-06 -2.115999961e+02 -2.115999961e+02 +2.2968e+00 +6.5367e-01 +2.8680e+00
414 +1.046993702e-06 +1.046993702e-06 -2.115999990e+02 -2.115999990e+02 +2.2965e+00 +6.5271e-01 +2.8673e+00
448 +5.336511038e-07 +5.336511038e-07 -2.115999995e+02 -2.115999995e+02 +2.2966e+00 +6.5237e-01 +2.8662e+00
455 +2.986370475e-07 +2.986370475e-07 -2.115999997e+02 -2.115999997e+02 +2.2960e+00 +6.5236e-01 +2.8661e+00
458 +1.677992429e-07 +1.677992429e-07 -2.115999998e+02 -2.115999998e+02 +2.2964e+00 +6.5268e-01 +2.8663e+00
470 +2.175292479e-08 +2.175292479e-08 -2.116000000e+02 -2.116000000e+02 +2.2961e+00 +6.5284e-01 +2.8663e+00
517 +5.404132253e-09 +5.404132253e-09 -2.116000000e+02 -2.116000000e+02 +2.2960e+00 +6.5282e-01 +2.8663e+00
979 +0.000000000e+00 +0.000000000e+00 -2.116000000e+02 -2.116000000e+02 +2.2960e+00 +6.5280e-01 +2.8664e+00
% function evaluation | noise-free fitness - Fopt (-1.188600000000e+02) | best noise-free fitness - Fopt | measured fitness | best measured fitness | x1 | x2...
1 +1.888659200e+00 +1.888659200e+00 -1.169713408e+02 -1.169713408e+02 +0.0000e+00 +0.0000e+00 +0.0000e+00
4 +1.454725349e+00 +1.454725349e+00 -1.174052747e+02 -1.174052747e+02 +7.4892e-01 -7.3094e-01 +4.8040e-01
5 +1.329936380e+00 +1.329936380e+00 -1.175300636e+02 -1.175300636e+02 +8.8609e-01 -6.9951e-01 +6.5982e-01
18 +8.396334556e-01 +8.396334556e-01 -1.180203665e+02 -1.180203665e+02 -4.6332e-01 +4.2859e-02 +6.9036e-01
22 +5.930547323e-01 +5.930547323e-01 -1.182669453e+02 -1.182669453e+02 -3.6751e-01 +6.4717e-02 +8.1823e-01
23 +5.187861416e-01 +5.187861416e-01 -1.183412139e+02 -1.183412139e+02 +4.8710e-01 -2.3747e-01 +7.3652e-01
32 +4.247996915e-01 +4.247996915e-01 -1.184352003e+02 -1.184352003e+02 +3.9056e-01 -4.0659e-01 +8.0388e-01
42 +1.372977307e-01 +1.372977307e-01 -1.187227023e+02 -1.187227023e+02 +4.4810e-01 -3.5248e-01 +1.2915e+00
45 +7.524981603e-02 +7.524981603e-02 -1.187847502e+02 -1.187847502e+02 +3.3892e-01 -3.1300e-01 +1.2434e+00
53 +1.325377096e-02 +1.325377096e-02 -1.188467462e+02 -1.188467462e+02 +2.1733e-01 -1.8781e-01 +1.4223e+00
69 +8.118618022e-03 +8.118618022e-03 -1.188518814e+02 -1.188518814e+02 +3.4749e-02 -1.6985e-01 +1.3606e+00
105 +4.420387031e-03 +4.420387031e-03 -1.188555796e+02 -1.188555796e+02 +1.1733e-01 -1.8895e-01 +1.2898e+00
136 +2.208584617e-03 +2.208584617e-03 -1.188577914e+02 -1.188577914e+02 +1.5375e-01 -1.6268e-01 +1.3293e+00
169 +1.403862427e-03 +1.403862427e-03 -1.188585961e+02 -1.188585961e+02 +1.2893e-01 -2.1867e-01 +1.3378e+00
172 +6.971190200e-04 +6.971190200e-04 -1.188593029e+02 -1.188593029e+02 +1.0654e-01 -2.0523e-01 +1.3641e+00
220 +1.039284850e-04 +1.039284850e-04 -1.188598961e+02 -1.188598961e+02 +1.2799e-01 -1.7843e-01 +1.3602e+00
222 +5.411700702e-05 +5.411700702e-05 -1.188599459e+02 -1.188599459e+02 +1.1647e-01 -1.8881e-01 +1.3577e+00
255 +3.245537167e-05 +3.245537167e-05 -1.188599675e+02 -1.188599675e+02 +1.2598e-01 -1.8363e-01 +1.3601e+00
284 +2.776040118e-05 +2.776040118e-05 -1.188599722e+02 -1.188599722e+02 +1.2551e-01 -1.8257e-01 +1.3532e+00
294 +5.787217390e-06 +5.787217390e-06 -1.188599942e+02 -1.188599942e+02 +1.2442e-01 -1.8460e-01 +1.3550e+00
319 +9.767681775e-07 +9.767681775e-07 -1.188599990e+02 -1.188599990e+02 +1.2383e-01 -1.8680e-01 +1.3567e+00
367 +7.796538313e-07 +7.796538313e-07 -1.188599992e+02 -1.188599992e+02 +1.2293e-01 -1.8710e-01 +1.3565e+00
377 +3.626365981e-07 +3.626365981e-07 -1.188599996e+02 -1.188599996e+02 +1.2311e-01 -1.8589e-01 +1.3563e+00
391 +3.177847958e-07 +3.177847958e-07 -1.188599997e+02 -1.188599997e+02 +1.2313e-01 -1.8646e-01 +1.3566e+00
438 +3.667607018e-08 +3.667607018e-08 -1.188600000e+02 -1.188600000e+02 +1.2334e-01 -1.8633e-01 +1.3561e+00
527 +1.198520749e-08 +1.198520749e-08 -1.188600000e+02 -1.188600000e+02 +1.2326e-01 -1.8648e-01 +1.3560e+00
528 +6.757332471e-09 +6.757332471e-09 -1.188600000e+02 -1.188600000e+02 +1.2319e-01 -1.8632e-01 +1.3560e+00
918 +0.000000000e+00 +0.000000000e+00 -1.188600000e+02 -1.188600000e+02 +1.2320e-01 -1.8640e-01 +1.3560e+00
