% function evaluation | noise-free fitness - Fopt (7.948000000000e+01) | best noise-free fitness - Fopt | measured fitness | best measured fitness | x1 | x2...
1 +1.402094080e+00 +1.402094080e+00 +8.088209408e+01 +8.088209408e+01 +0.0000e+00 +0.0000e+00
5 +8.844804341e-01 +8.844804341e-01 +8.036448043e+01 +8.036448043e+01 -3.6561e-01 -4.4825e-01
11 +3.467763415e-01 +3.467763415e-01 +7.982677634e+01 +7.982677634e+01 +2.8001e-02 -6.1252e-01
12 +1.545458195e-01 +1.545458195e-01 +7.963454582e+01 +7.963454582e+01 +2.0474e-01 -7.6663e-01
22 +5.853705165e-03 +5.853705165e-03 +7.948585371e+01 +7.948585371e+01 +3.0253e-01 -1.2149e+00
75 +1.720398199e-03 +1.720398199e-03 +7.948172040e+01 +7.948172040e+01 +2.1133e-01 -1.1575e+00
113 +1.508222045e-03 +1.508222045e-03 +7.948150822e+01 +7.948150822e+01 +2.5211e-01 -1.1956e+00
121 +2.814670072e-04 +2.814670072e-04 +7.948028147e+01 +7.948028147e+01 +2.4701e-01 -1.1725e+00
123 +2.017808183e-04 +2.017808183e-04 +7.948020178e+01 +7.948020178e+01 +2.6690e-01 -1.1550e+00
129 +5.585327953e-05 +5.585327953e-05 +7.948005585e+01 +7.948005585e+01 +2.5406e-01 -1.1494e+00
155 +2.029603395e-05 +2.029603395e-05 +7.948002030e+01 +7.948002030e+01 +2.4862e-01 -1.1585e+00
187 +7.819980596e-06 +7.819980596e-06 +7.948000782e+01 +7.948000782e+01 +2.5160e-01 -1.1593e+00
204 +6.248299457e-06 +6.248299457e-06 +7.948000625e+01 +7.948000625e+01 +2.5378e-01 -1.1591e+00
206 +3.523592383e-06 +3.523592383e-06 +7.948000352e+01 +7.948000352e+01 +2.5221e-01 -1.1550e+00
242 +1.196318337e-06 +1.196318337e-06 +7.948000120e+01 +7.948000120e+01 +2.5196e-01 -1.1561e+00
244 +2.392530263e-07 +2.392530263e-07 +7.948000024e+01 +7.948000024e+01 +2.5267e-01 -1.1563e+00
253 +2.620737405e-08 +2.620737405e-08 +7.948000003e+01 +7.948000003e+01 +2.5271e-01 -1.1567e+00
339 +1.374615977e-09 +1.374615977e-09 +7.948000000e+01 +7.948000000e+01 +2.5277e-01 -1.1568e+00
723 +0.000000000e+00 +0.000000000e+00 +7.948000000e+01 +7.948000000e+01 +2.5280e-01 -1.1568e+00
% function evaluation | noise-free fitness - Fopt (3.944800000000e+02) | best noise-free fitness - Fopt | measured fitness | best measured fitness | x1 | x2...
1 +2.355193472e+01 +2.355193472e+01 +4.180319347e+02 +4.180319347e+02 +0.0000e+00 +0.0000e+00
2 +1.449938936e+01 +1.449938936e+01 +4.089793894e+02 +4.089793894e+02 -1.0826e+00 -3.2704e-01
8 +1.232577997e+01 +1.232577997e+01 +4.068057800e+02 +4.068057800e+02 -6.8279e-01 -1.4813e+00
21 +8.683211452e+00 +8.683211452e+00 +4.031632115e+02 +4.031632115e+02 -1.2539e+00 -1.5904e+00
22 +8.163388821e+00 +8.163388821e+00 +4.026433888e+02 +4.026433888e+02 -1.3473e+00 -1.6038e+00
23 +4.767882101e+00 +4.767882101e+00 +3.992478821e+02 +3.992478821e+02 -2.5411e+00 -1.1799e+00
27 +4.461942034e+00 +4.461942034e+00 +3.989419420e+02 +3.989419420e+02 -1.9466e+00 -2.0828e+00
32 +4.224912956e+00 +4.224912956e+00 +3.987049130e+02 +3.987049130e+02 -2.1968e+00 -1.7374e+00
34 +3.176222278e+00 +3.176222278e+00 +3.976562223e+02 +3.976562223e+02 -2.2406e+00 -2.2361e+00
35 +2.949561225e+00 +2.949561225e+00 +3.974295612e+02 +3.974295612e+02 -2.2228e+00 -2.5138e+00
39 +2.169106191e+00 +2.169106191e+00 +3.966491062e+02 +3.966491062e+02 -3.1501e+00 -4.1589e+00
44 +1.212546001e+00 +1.212546001e+00 +3.956925460e+02 +3.956925460e+02 -3.8763e+00 -3.9913e+00
45 +1.145297878e+00 +1.145297878e+00 +3.956252979e+02 +3.956252979e+02 -3.8109e+00 -3.9570e+00
47 +1.707759383e-01 +1.707759383e-01 +3.946507759e+02 +3.946507759e+02 -3.7409e+00 -2.5083e+00
70 +5.780614384e-02 +5.780614384e-02 +3.945378061e+02 +3.945378061e+02 -4.1231e+00 -2.9760e+00
87 +1.269852476e-02 +1.269852476e-02 +3.944926985e+02 +3.944926985e+02 -3.8284e+00 -2.8021e+00
92 +2.974314344e-04 +2.974314344e-04 +3.944802974e+02 +3.944802974e+02 -3.8885e+00 -2.9046e+00
123 +7.970065923e-05 +7.970065923e-05 +3.944800797e+02 +3.944800797e+02 -3.9018e+00 -2.8987e+00
184 +2.484492273e-05 +2.484492273e-05 +3.944800248e+02 +3.944800248e+02 -3.9015e+00 -2.8943e+00
254 +1.286632704e-05 +1.286632704e-05 +3.944800129e+02 +3.944800129e+02 -3.8958e+00 -2.8879e+00
256 +3.183562171e-06 +3.183562171e-06 +3.944800032e+02 +3.944800032e+02 -3.8985e+00 -2.8922e+00
267 +4.276921004e-07 +4.276921004e-07 +3.944800004e+02 +3.944800004e+02 -3.8990e+00 -2.8906e+00
274 +1.754769983e-07 +1.754769983e-07 +3.944800002e+02 +3.944800002e+02 -3.8981e+00 -2.8907e+00
354 +1.171389385e-08 +1.171389385e-08 +3.944800000e+02 +3.944800000e+02 -3.8985e+00 -2.8904e+00
394 +9.040263649e-09 +9.040263649e-09 +3.944800000e+02 +3.944800000e+02 -3.8983e+00 -2.8904e+00
686 +0.000000000e+00 +0.000000000e+00 +3.944800000e+02 +3.944800000e+02 -3.8984e+00 -2.8904e+00
% function evaluation | noise-free fitness - Fopt (-2.471100000000e+02) | best noise-free fitness - Fopt | measured fitness | best measured fitness | x1 | x2...
1 +1.446913280e+01 +1.446913280e+01 -2.326408672e+02 -2.326408672e+02 +0.0000e+00 +0.0000e+00
5 +1.443348957e+01 +1.443348957e+01 -2.326765104e+02 -2.326765104e+02 -4.6797e-02 -3.9594e-01
6 +3.455735711e+00 +3.455735711e+00 -2.436542643e+02 -2.436542643e+02 -1.9778e+00 +5.7900e-01
12 +1.723995963e+00 +1.723995963e+00 -2.453860040e+02 -2.453860040e+02 -4.4164e+00 -9.5526e-01
15 +6.859242710e-02 +6.859242710e-02 -2.470414076e+02 -2.470414076e+02 -3.6905e+00 +4.4182e-01
58 +8.630643268e-04 +8.630643268e-04 -2.471091369e+02 -2.471091369e+02 -3.7914e+00 +2.3173e-01
135 +6.998827661e-04 +6.998827661e-04 -2.471093001e+02 -2.471093001e+02 -3.8236e+00 +2.1123e-01
175 +3.960823915e-04 +3.960823915e-04 -2.471096039e+02 -2.471096039e+02 -3.8082e+00 +2.2054e-01
183 +8.463038890e-05 +8.463038890e-05 -2.471099154e+02 -2.471099154e+02 -3.7893e+00 +2.0454e-01
252 +3.749374540e-05 +3.749374540e-05 -2.471099625e+02 -2.471099625e+02 -3.7982e+00 +2.0932e-01
253 +3.375426758e-06 +3.375426758e-06 -2.471099966e+02 -2.471099966e+02 -3.7968e+00 +2.0226e-01
290 +1.741002933e-06 +1.741002933e-06 -2.471099983e+02 -2.471099983e+02 -3.7977e+00 +2.0434e-01
324 +6.437265370e-07 +6.437265370e-07 -2.471099994e+02 -2.471099994e+02 -3.7981e+00 +2.0244e-01
335 +1.083262475e-07 +1.083262475e-07 -2.471099999e+02 -2.471099999e+02 -3.7987e+00 +2.0309e-01
345 +6.966956789e-09 +6.966956789e-09 -2.471100000e+02 -2.471100000e+02 -3.7983e+00 +2.0318e-01
816 +0.000000000e+00 +0.000000000e+00 -2.471100000e+02 -2.471100000e+02 -3.7984e+00 +2.0320e-01
% function evaluation | noise-free fitness - Fopt (-1.520400000000e+02) | best noise-free fitness - Fopt | measured fitness | best measured fitness | x1 | x2...
1 +2.099171840e+00 +2.099171840e+00 -1.499408282e+02 -1.499408282e+02 +0.0000e+00 +0.0000e+00
2 +1.856779547e+00 +1.856779547e+00 -1.501832205e+02 -1.501832205e+02 +7.8325e-01 +5.5605e-01
3 +1.491654977e+00 +1.491654977e+00 -1.505483450e+02 -1.505483450e+02 -1.1043e+00 +5.3464e-01
5 +2.530853099e-01 +2.530853099e-01 -1.517869147e+02 -1.517869147e+02 -4.5912e-01 +1.8890e+00
8 +1.643349800e-01 +1.643349800e-01 -1.518756650e+02 -1.518756650e+02 +1.2474e-01 +1.3205e+00
35 +5.896092538e-02 +5.896092538e-02 -1.519810391e+02 -1.519810391e+02 -2.7099e-02 +1.4602e+00
42 +7.871270286e-04 +7.871270286e-04 -1.520392129e+02 -1.520392129e+02 -2.4533e-01 +1.4064e+00
78 +6.772521507e-04 +6.772521507e-04 -1.520393227e+02 -1.520393227e+02 -2.8029e-01 +1.4465e+00
79 +1.765343210e-04 +1.765343210e-04 -1.520398235e+02 -1.520398235e+02 -2.5391e-01 +1.4239e+00
157 +1.499833867e-04 +1.499833867e-04 -1.520398500e+02 -1.520398500e+02 -2.7935e-01 +1.4225e+00
184 +7.810944257e-05 +7.810944257e-05 -1.520399219e+02 -1.520399219e+02 -2.7310e-01 +1.4306e+00
191 +2.729657223e-05 +2.729657223e-05 -1.520399727e+02 -1.520399727e+02 -2.6323e-01 +1.4206e+00
241 +2.584209165e-05 +2.584209165e-05 -1.520399742e+02 -1.520399742e+02 -2.6260e-01 +1.4262e+00
262 +3.470024410e-07 +3.470024410e-07 -1.520399997e+02 -1.520399997e+02 -2.6713e-01 +1.4246e+00
306 +3.315691401e-07 +3.315691401e-07 -1.520399997e+02 -1.520399997e+02 -2.6773e-01 +1.4238e+00
328 +2.211455126e-07 +2.211455126e-07 -1.520399998e+02 -1.520399998e+02 -2.6762e-01 +1.4242e+00
344 +1.896961521e-07 +1.896961521e-07 -1.520399998e+02 -1.520399998e+02 -2.6692e-01 +1.4237e+00
403 +4.834453193e-08 +4.834453193e-08 -1.520400000e+02 -1.520400000e+02 -2.6723e-01 +1.4242e+00
426 +1.084475798e-08 +1.084475798e-08 -1.520400000e+02 -1.520400000e+02 -2.6710e-01 +1.4240e+00
462 +4.957939836e-09 +4.957939836e-09 -1.520400000e+02 -1.520400000e+02 -2.6715e-01 +1.4240e+00
811 +0.000000000e+00 +0.000000000e+00 -1.520400000e+02 -1.520400000e+02 -2.6720e-01 +1.4240e+00
% function evaluation | noise-free fitness - Fopt (-2.525000000000e+01) | best noise-free fitness - Fopt | measured fitness | best measured fitness | x1 | x2...
1 +1.346736640e+01 +1.346736640e+01 -1.178263360e+01 -1.178263360e+01 +0.0000e+00 +0.0000e+00
3 +9.552367099e+00 +9.552367099e+00 -1.569763290e+01 -1.569763290e+01 +5.6311e-01 +1.1271e+00
8 +7.604620142e+00 +7.604620142e+00 -1.764537986e+01 -1.764537986e+01 +1.3373e+00 -9.2029e-01
14 +6.976711262e+00 +6.976711262e+00 -1.827328874e+01 -1.827328874e+01 +3.3180e+00 -1.9895e+00
16 +3.379696457e+00 +3.379696457e+00 -2.187030354e+01 -2.187030354e+01 +1.7767e+00 +5.8395e-01
24 +2.699605706e-01 +2.699605706e-01 -2.498003943e+01 -2.498003943e+01 +3.4695e+00 +1.1342e+00
44 +4.133230340e-02 +4.133230340e-02 -2.520866770e+01 -2.520866770e+01 +3.6835e+00 +4.4401e-01
77 +9.776338454e-04 +9.776338454e-04 -2.524902237e+01 -2.524902237e+01 +3.6421e+00 +6.2070e-01
156 +3.177129008e-05 +3.177129008e-05 -2.524996823e+01 -2.524996823e+01 +3.6170e+00 +6.4022e-01
245 +2.756633947e-05 +2.756633947e-05 -2.524997243e+01 -2.524997243e+01 +3.6118e+00 +6.3062e-01
257 +1.809111026e-05 +1.809111026e-05 -2.524998191e+01 -2.524998191e+01 +3.6103e+00 +6.3394e-01
263 +7.678732565e-06 +7.678732565e-06 -2.524999232e+01 -2.524999232e+01 +3.6164e+00 +6.3714e-01
267 +3.965589332e-06 +3.965589332e-06 -2.524999603e+01 -2.524999603e+01 +3.6130e+00 +6.3660e-01
281 +3.302149203e-07 +3.302149203e-07 -2.524999967e+01 -2.524999967e+01 +3.6150e+00 +6.3506e-01
320 +1.735675994e-07 +1.735675994e-07 -2.524999983e+01 -2.524999983e+01 +3.6140e+00 +6.3508e-01
360 +2.544406286e-08 +2.544406286e-08 -2.524999997e+01 -2.524999997e+01 +3.6142e+00 +6.3520e-01
400 +9.562413084e-09 +9.562413084e-09 -2.524999999e+01 -2.524999999e+01 +3.6144e+00 +6.3511e-01
729 +0.000000000e+00 +0.000000000e+00 -2.525000000e+01 -2.525000000e+01 +3.6144e+00 +6.3520e-01
% function evaluation | noise-free fitness - Fopt (-1.850700000000e+02) | best noise-free fitness - Fopt | measured fitness | best measured fitness | x1 | x2...
1 +9.037635200e+00 +9.037635200e+00 -1.760323648e+02 -1.760323648e+02 +0.0000e+00 +0.0000e+00
4 +1.851492102e+00 +1.851492102e+00 -1.832185079e+02 -1.832185079e+02 +6.8423e-01 +1.5403e+00
19 +1.491799923e+00 +1.491799923e+00 -1.835782001e+02 -1.835782001e+02 +1.1036e-01 +1.8938e+00
20 +4.489607389e-01 +4.489607389e-01 -1.846210393e+02 -1.846210393e+02 +3.4126e-01 +2.4160e+00
21 +3.913167767e-01 +3.913167767e-01 -1.846786832e+02 -1.846786832e+02 +2.0870e-01 +3.0691e+00
27 +1.559959335e-01 +1.559959335e-01 -1.849140041e+02 -1.849140041e+02 +4.8427e-01 +2.6712e+00
33 +7.553346030e-02 +7.553346030e-02 -1.849944665e+02 -1.849944665e+02 +5.7097e-01 +2.7589e+00
39 +6.614022523e-02 +6.614022523e-02 -1.850038598e+02 -1.850038598e+02 +6.1966e-01 +3.0686e+00
49 +2.535990811e-02 +2.535990811e-02 -1.850446401e+02 -1.850446401e+02 +9.6634e-01 +2.9233e+00
74 +2.460452534e-02 +2.460452534e-02 -1.850453955e+02 -1.850453955e+02 +6.5326e-01 +2.9079e+00
79 +2.262179216e-02 +2.262179216e-02 -1.850473782e+02 -1.850473782e+02 +8.2002e-01 +2.7452e+00
80 +3.324874137e-03 +3.324874137e-03 -1.850666751e+02 -1.850666751e+02 +8.6667e-01 +2.8869e+00
121 +6.797725031e-04 +6.797725031e-04 -1.850693202e+02 -1.850693202e+02 +8.1393e-01 +2.9209e+00
131 +2.629895708e-04 +2.629895708e-04 -1.850697370e+02 -1.850697370e+02 +7.9346e-01 +2.8936e+00
183 +1.470756940e-04 +1.470756940e-04 -1.850698529e+02 -1.850698529e+02 +8.1771e-01 +2.9042e+00
185 +1.192568062e-04 +1.192568062e-04 -1.850698807e+02 -1.850698807e+02 +8.1979e-01 +2.8913e+00
195 +9.911941552e-05 +9.911941552e-05 -1.850699009e+02 -1.850699009e+02 +8.1146e-01 +2.8854e+00
196 +3.404971361e-05 +3.404971361e-05 -1.850699660e+02 -1.850699660e+02 +8.1508e-01 +2.8932e+00
205 +1.272038628e-05 +1.272038628e-05 -1.850699873e+02 -1.850699873e+02 +8.0741e-01 +2.8924e+00
208 +3.986779831e-06 +3.986779831e-06 -1.850699960e+02 -1.850699960e+02 +8.0898e-01 +2.8933e+00
254 +2.390929836e-06 +2.390929836e-06 -1.850699976e+02 -1.850699976e+02 +8.1112e-01 +2.8955e+00
265 +6.776901387e-07 +6.776901387e-07 -1.850699993e+02 -1.850699993e+02 +8.0988e-01 +2.8944e+00
284 +5.682250332e-07 +5.682250332e-07 -1.850699994e+02 -1.850699994e+02 +8.0969e-01 +2.8959e+00
292 +8.734795642e-08 +8.734795642e-08 -1.850699999e+02 -1.850699999e+02 +8.0932e-01 +2.8953e+00
307 +2.465637294e-08 +2.465637294e-08 -1.850700000e+02 -1.850700000e+02 +8.0944e-01 +2.8952e+00
314 +1.232811542e-08 +1.232811542e-08 -1.850700000e+02 -1.850700000e+02 +8.0950e-01 +2.8952e+00
316 +1.555349627e-09 +1.555349627e-09 -1.850700000e+02 -1.850700000e+02 +8.0957e-01 +2.8952e+00
613 +0.000000000e+00 +0.000000000e+00 -1.850700000e+02 -1.850700000e+02 +8.0960e-01 +2.8952e+00
% function evaluation | noise-free fitness - Fopt (-1.673500000000e+02) | best noise-free fitness - Fopt | measured fitness | best measured fitness | x1 | x2...
1 +1.027509376e+01 +1.027509376e+01 -1.570749062e+02 -1.570749062e+02 +0.0000e+00 +0.0000e+00
7 +5.728698561e+00 +5.728698561e+00 -1.616213014e+02 -1.616213014e+02 +1.1216e+00 +2.9956e-01
12 +4.291514257e+00 +4.291514257e+00 -1.630584857e+02 -1.630584857e+02 +1.8369e+00 +5.0628e-01
13 +3.062030691e+00 +3.062030691e+00 -1.642879693e+02 -1.642879693e+02 +2.0291e+00 +2.4723e-01
20 +1.015271126e+00 +1.015271126e+00 -1.663347289e+02 -1.663347289e+02 +2.2367e+00 -5.3203e-01
24 +4.491980706e-01 +4.491980706e-01 -1.669008019e+02 -1.669008019e+02 +2.6212e+00 -6.5630e-01
26 +2.402787127e-01 +2.402787127e-01 -1.671097213e+02 -1.671097213e+02 +2.8372e+00 -7.6084e-01
40 +1.678600347e-01 +1.678600347e-01 -1.671821400e+02 -1.671821400e+02 +2.9735e+00 -8.2660e-01
43 +4.307912945e-02 +4.307912945e-02 -1.673069209e+02 -1.673069209e+02 +2.8156e+00 -1.3874e+00
67 +3.064573661e-03 +3.064573661e-03 -1.673469354e+02 -1.673469354e+02 +2.9392e+00 -1.2882e+00
97 +2.969991538e-03 +2.969991538e-03 -1.673470300e+02 -1.673470300e+02 +2.9804e+00 -1.2855e+00
115 +7.465163677e-04 +7.465163677e-04 -1.673492535e+02 -1.673492535e+02 +2.9339e+00 -1.2224e+00
127 +6.429373670e-04 +6.429373670e-04 -1.673493571e+02 -1.673493571e+02 +2.9823e+00 -1.2416e+00
140 +3.054497383e-04 +3.054497383e-04 -1.673496946e+02 -1.673496946e+02 +2.9409e+00 -1.2309e+00
142 +1.795543042e-05 +1.795543042e-05 -1.673499820e+02 -1.673499820e+02 +2.9534e+00 -1.2364e+00
176 +2.203154850e-07 +2.203154850e-07 -1.673499998e+02 -1.673499998e+02 +2.9581e+00 -1.2360e+00
270 +8.468884971e-08 +8.468884971e-08 -1.673499999e+02 -1.673499999e+02 +2.9574e+00 -1.2358e+00
300 +1.278093009e-08 +1.278093009e-08 -1.673500000e+02 -1.673500000e+02 +2.9575e+00 -1.2361e+00
354 +4.141128329e-09 +4.141128329e-09 -1.673500000e+02 -1.673500000e+02 +2.9576e+00 -1.2359e+00
673 +0.000000000e+00 +0.000000000e+00 -1.673500000e+02 -1.673500000e+02 +2.9576e+00 -1.2360e+00
% function evaluation | noise-free fitness - Fopt (-2.733000000000e+01) | best noise-free fitness - Fopt | measured fitness | best measured fitness | x1 | x2...
1 +1.454194304e+01 +1.454194304e+01 -1.278805696e+01 -1.278805696e+01 +0.0000e+00 +0.0000e+00
2 +5.283562267e+00 +5.283562267e+00 -2.204643773e+01 -2.204643773e+01 +4.2677e-01 +1.6877e+00
14 +2.405591166e+00 +2.405591166e+00 -2.492440883e+01 -2.492440883e+01 +8.8854e-01 +2.3528e+00
23 +2.218458110e+00 +2.218458110e+00 -2.511154189e+01 -2.511154189e+01 +1.0307e+00 +3.9019e+00
28 +1.554402594e+00 +1.554402594e+00 -2.577559741e+01 -2.577559741e+01 +1.0307e+00 +3.2454e+00
31 +8.594381164e-01 +8.594381164e-01 -2.647056188e+01 -2.647056188e+01 +1.4428e+00 +3.4966e+00
32 +2.453513288e-01 +2.453513288e-01 -2.708464867e+01 -2.708464867e+01 +2.0676e+00 +3.5224e+00
57 +9.234834790e-02 +9.234834790e-02 -2.723765165e+01 -2.723765165e+01 +1.9678e+00 +3.0038e+00
73 +7.926215776e-02 +7.926215776e-02 -2.725073784e+01 -2.725073784e+01 +1.9836e+00 +3.0538e+00
86 +6.300929256e-04 +6.300929256e-04 -2.732936991e+01 -2.732936991e+01 +2.2402e+00 +3.0728e+00
114 +4.136828746e-04 +4.136828746e-04 -2.732958632e+01 -2.732958632e+01 +2.2547e+00 +3.0503e+00
128 +3.244830778e-04 +3.244830778e-04 -2.732967552e+01 -2.732967552e+01 +2.2469e+00 +3.0659e+00
153 +5.792292033e-05 +5.792292033e-05 -2.732994208e+01 -2.732994208e+01 +2.2573e+00 +3.0669e+00
210 +2.778529191e-05 +2.778529191e-05 -2.732997221e+01 -2.732997221e+01 +2.2700e+00 +3.0688e+00
214 +2.686214201e-05 +2.686214201e-05 -2.732997314e+01 -2.732997314e+01 +2.2694e+00 +3.0656e+00
244 +7.248863945e-07 +7.248863945e-07 -2.732999928e+01 -2.732999928e+01 +2.2639e+00 +3.0680e+00
288 +4.347823896e-07 +4.347823896e-07 -2.732999957e+01 -2.732999957e+01 +2.2646e+00 +3.0686e+00
290 +4.092088410e-07 +4.092088410e-07 -2.732999959e+01 -2.732999959e+01 +2.2654e+00 +3.0681e+00
312 +4.849193758e-08 +4.849193758e-08 -2.732999995e+01 -2.732999995e+01 +2.2649e+00 +3.0678e+00
321 +2.095762142e-08 +2.095762142e-08 -2.732999998e+01 -2.732999998e+01 +2.2649e+00 +3.0679e+00
323 +7.038050143e-09 +7.038050143e-09 -2.732999999e+01 -2.732999999e+01 +2.2647e+00 +3.0680e+00
794 +0.000000000e+00 +0.000000000e+00 -2.733000000e+01 -2.733000000e+01 +2.2648e+00 +3.0680e+00
% function evaluation | noise-free fitness - Fopt (-2.655800000000e+02) | best noise-free fitness - Fopt | measured fitness | best measured fitness | x1 | x2...
1 +4.277411840e+00 +4.277411840e+00 -2.613025882e+02 -2.613025882e+02 +0.0000e+00 +0.0000e+00
4 +1.433277189e+00 +1.433277189e+00 -2.641467228e+02 -2.641467228e+02 -1.3386e+00 +2.6425e+00
6 +3.994386183e-01 +3.994386183e-01 -2.651805614e+02 -2.651805614e+02 -1.4298e+00 +8.2220e-01
12 +2.594543110e-02 +2.594543110e-02 -2.655540546e+02 -2.655540546e+02 -1.6007e+00 +1.5497e+00
17 +1.016791442e-02 +1.016791442e-02 -2.655698321e+02 -2.655698321e+02 -1.5130e+00 +1.3607e+00
101 +1.643860640e-03 +1.643860640e-03 -2.655783561e+02 -2.655783561e+02 -1.4743e+00 +1.4933e+00
132 +8.942354767e-04 +8.942354767e-04 -2.655791058e+02 -2.655791058e+02 -1.4930e+00 +1.4315e+00
133 +6.645968016e-04 +6.645968016e-04 -2.655793354e+02 -2.655793354e+02 -1.4540e+00 +1.4343e+00
148 +2.404776124e-04 +2.404776124e-04 -2.655797595e+02 -2.655797595e+02 -1.4713e+00 +1.4373e+00
164 +8.288022082e-05 +8.288022082e-05 -2.655799171e+02 -2.655799171e+02 -1.4666e+00 +1.4455e+00
191 +7.939442025e-05 +7.939442025e-05 -2.655799206e+02 -2.655799206e+02 -1.4774e+00 +1.4457e+00
196 +1.309249285e-05 +1.309249285e-05 -2.655799869e+02 -2.655799869e+02 -1.4684e+00 +1.4524e+00
234 +8.948523089e-06 +8.948523089e-06 -2.655799911e+02 -2.655799911e+02 -1.4691e+00 +1.4534e+00
265 +8.380957979e-06 +8.380957979e-06 -2.655799916e+02 -2.655799916e+02 -1.4743e+00 +1.4510e+00
267 +7.409423404e-06 +7.409423404e-06 -2.655799926e+02 -2.655799926e+02 -1.4700e+00 +1.4510e+00
274 +3.722945848e-06 +3.722945848e-06 -2.655799963e+02 -2.655799963e+02 -1.4709e+00 +1.4512e+00
283 +1.362036357e-06 +1.362036357e-06 -2.655799986e+02 -2.655799986e+02 -1.4731e+00 +1.4524e+00
317 +1.244195232e-06 +1.244195232e-06 -2.655799988e+02 -2.655799988e+02 -1.4709e+00 +1.4528e+00
318 +4.630109629e-07 +4.630109629e-07 -2.655799995e+02 -2.655799995e+02 -1.4716e+00 +1.4523e+00
324 +2.640421712e-07 +2.640421712e-07 -2.655799997e+02 -2.655799997e+02 -1.4725e+00 +1.4530e+00
344 +4.259374009e-08 +4.259374009e-08 -2.655800000e+02 -2.655800000e+02 -1.4719e+00 +1.4526e+00
347 +2.943920663e-08 +2.943920663e-08 -2.655800000e+02 -2.655800000e+02 -1.4721e+00 +1.4530e+00
398 +2.420836154e-08 +2.420836154e-08 -2.655800000e+02 -2.655800000e+02 -1.4721e+00 +1.4529e+00
403 +1.213226142e-08 +1.213226142e-08 -2.655800000e+02 -2.655800000e+02 -1.4721e+00 +1.4529e+00
419 +3.289187589e-09 +3.289187589e-09 -2.655800000e+02 -2.655800000e+02 -1.4721e+00 +1.4528e+00
665 +0.000000000e+00 +0.000000000e+00 -2.655800000e+02 -2.655800000e+02 -1.4720e+00 +1.4528e+00
% function evaluation | noise-free fitness - Fopt (-5.595000000000e+01) | best noise-free fitness - Fopt | measured fitness | best measured fitness | x1 | x2...
1 +1.507420160e+00 +1.507420160e+00 -5.444257984e+01 -5.444257984e+01 +0.0000e+00 +0.0000e+00
2 +5.966897710e-01 +5.966897710e-01 -5.535331023e+01 -5.535331023e+01 +4.4813e-01 +8.5549e-02
7 +4.771178714e-01 +4.771178714e-01 -5.547288213e+01 -5.547288213e+01 +9.1547e-01 +7.9153e-01
11 +1.792327265e-01 +1.792327265e-01 -5.577076727e+01 -5.577076727e+01 +8.0059e-01 +8.7937e-02
22 +8.145125912e-02 +8.145125912e-02 -5.586854874e+01 -5.586854874e+01 +1.3045e+00 +4.4092e-01
27 +7.506523253e-02 +7.506523253e-02 -5.587493477e+01 -5.587493477e+01 +1.2439e+00 -1.0295e-01
30 +2.295905548e-02 +2.295905548e-02 -5.592704094e+01 -5.592704094e+01 +1.3548e+00 +1.0887e-01
49 +3.126982520e-03 +3.126982520e-03 -5.594687302e+01 -5.594687302e+01 +1.2718e+00 +1.6540e-01
57 +1.989770159e-03 +1.989770159e-03 -5.594801023e+01 -5.594801023e+01 +1.2332e+00 +2.1077e-01
99 +7.292326994e-04 +7.292326994e-04 -5.594927077e+01 -5.594927077e+01 +1.2075e+00 +1.9523e-01
115 +1.202784895e-04 +1.202784895e-04 -5.594987972e+01 -5.594987972e+01 +1.2260e+00 +1.7419e-01
153 +1.118563048e-04 +1.118563048e-04 -5.594988814e+01 -5.594988814e+01 +1.2173e+00 +1.5911e-01
184 +8.274548443e-05 +8.274548443e-05 -5.594991725e+01 -5.594991725e+01 +1.2092e+00 +1.7568e-01
197 +4.712843097e-05 +4.712843097e-05 -5.594995287e+01 -5.594995287e+01 +1.2217e+00 +1.6581e-01
203 +2.235663537e-05 +2.235663537e-05 -5.594997764e+01 -5.594997764e+01 +1.2193e+00 +1.7303e-01
216 +9.019096566e-06 +9.019096566e-06 -5.594999098e+01 -5.594999098e+01 +1.2168e+00 +1.7248e-01
217 +2.157005497e-06 +2.157005497e-06 -5.594999784e+01 -5.594999784e+01 +1.2148e+00 +1.6877e-01
260 +8.363004511e-07 +8.363004511e-07 -5.594999916e+01 -5.594999916e+01 +1.2151e+00 +1.6932e-01
281 +5.346142942e-07 +5.346142942e-07 -5.594999947e+01 -5.594999947e+01 +1.2165e+00 +1.6909e-01
288 +1.504339764e-09 +1.504339764e-09 -5.595000000e+01 -5.595000000e+01 +1.2160e+00 +1.6964e-01
759 +0.000000000e+00 +0.000000000e+00 -5.595000000e+01 -5.595000000e+01 +1.2160e+00 +1.6960e-01
% function evaluation | noise-free fitness - Fopt (8.746000000000e+01) | best noise-free fitness - Fopt | measured fitness | best measured fitness | x1 | x2...
1 +1.964944640e+00 +1.964944640e+00 +8.942494464e+01 +8.942494464e+01 +0.0000e+00 +0.0000e+00
2 +1.657912551e+00 +1.657912551e+00 +8.911791255e+01 +8.911791255e+01 -1.1322e-01 -4.4505e-02
14 +2.785398691e-01 +2.785398691e-01 +8.773853987e+01 +8.773853987e+01 -1.3402e+00 -5.7628e-01
25 +9.497527975e-03 +9.497527975e-03 +8.746949753e+01 +8.746949753e+01 -1.3480e+00 -1.3390e-01
86 +1.815568393e-03 +1.815568393e-03 +8.746181557e+01 +8.746181557e+01 -1.4410e+00 -3.7862e-02
115 +4.381972799e-04 +4.381972799e-04 +8.746043820e+01 +8.746043820e+01 -1.4216e+00 -4.9450e-02
194 +3.813714618e-04 +3.813714618e-04 +8.746038137e+01 +8.746038137e+01 -1.4203e+00 -5.0896e-02
234 +6.446679511e-05 +6.446679511e-05 +8.746006447e+01 +8.746006447e+01 -1.4010e+00 -4.3974e-02
295 +1.302043879e-05 +1.302043879e-05 +8.746001302e+01 +8.746001302e+01 -1.3980e+00 -4.9696e-02
327 +5.214422416e-06 +5.214422416e-06 +8.746000521e+01 +8.746000521e+01 -1.3990e+00 -5.3455e-02
332 +5.086530066e-06 +5.086530066e-06 +8.746000509e+01 +8.746000509e+01 -1.4019e+00 -5.3988e-02
334 +4.826069343e-06 +4.826069343e-06 +8.746000483e+01 +8.746000483e+01 -1.3996e+00 -5.3847e-02
344 +3.384005652e-06 +3.384005652e-06 +8.746000338e+01 +8.746000338e+01 -1.3990e+00 -5.1722e-02
348 +2.576691102e-06 +2.576691102e-06 +8.746000258e+01 +8.746000258e+01 -1.4009e+00 -5.0399e-02
368 +1.755820961e-06 +1.755820961e-06 +8.746000176e+01 +8.746000176e+01 -1.3997e+00 -5.2744e-02
374 +9.900092834e-08 +9.900092834e-08 +8.746000010e+01 +8.746000010e+01 -1.4005e+00 -5.1901e-02
379 +1.446558429e-08 +1.446558429e-08 +8.746000001e+01 +8.746000001e+01 -1.4007e+00 -5.1987e-02
449 +9.635030551e-09 +9.635030551e-09 +8.746000001e+01 +8.746000001e+01 -1.4007e+00 -5.2069e-02
672 +0.000000000e+00 +0.000000000e+00 +8.746000000e+01 +8.746000000e+01 -1.4008e+00 -5.2000e-02
% function evaluation | noise-free fitness - Fopt (-6.545000000000e+01) | best noise-free fitness - Fopt | measured fitness | best measured fitness | x1 | x2...
1 +6.235782400e+00 +6.235782400e+00 -5.921421760e+01 -5.921421760e+01 +0.0000e+00 +0.0000e+00
2 +1.933324476e+00 +1.933324476e+00 -6.351667552e+01 -6.351667552e+01 +3.6064e-01 +1.3061e+00
13 +1.149652531e+00 +1.149652531e+00 -6.430034747e+01 -6.430034747e+01 -2.2875e-01 +1.4065e+00
14 +1.145110629e+00 +1.145110629e+00 -6.430488937e+01 -6.430488937e+01 -8.9359e-02 +1.4424e+00
15 +2.264295964e-01 +2.264295964e-01 -6.522357040e+01 -6.522357040e+01 -2.1961e-03 +2.2187e+00
26 +1.267853826e-02 +1.267853826e-02 -6.543732146e+01 -6.543732146e+01 -3.0587e-01 +2.5051e+00
76 +5.713114273e-03 +5.713114273e-03 -6.544428689e+01 -6.544428689e+01 -3.7214e-01 +2.5284e+00
97 +8.824337644e-04 +8.824337644e-04 -6.544911757e+01 -6.544911757e+01 -4.2999e-01 +2.4409e+00
125 +2.396205453e-04 +2.396205453e-04 -6.544976038e+01 -6.544976038e+01 -3.9840e-01 +2.4534e+00
166 +1.286235756e-04 +1.286235756e-04 -6.544987138e+01 -6.544987138e+01 -4.1596e-01 +2.4731e+00
243 +1.234584744e-04 +1.234584744e-04 -6.544987654e+01 -6.544987654e+01 -4.0528e-01 +2.4533e+00
258 +5.364861032e-05 +5.364861032e-05 -6.544994635e+01 -6.544994635e+01 -4.1066e-01 +2.4559e+00
262 +5.035387950e-05 +5.035387950e-05 -6.544994965e+01 -6.544994965e+01 -4.0704e-01 +2.4569e+00
264 +1.466087058e-05 +1.466087058e-05 -6.544998534e+01 -6.544998534e+01 -4.1117e-01 +2.4594e+00
272 +2.724150505e-07 +2.724150505e-07 -6.544999973e+01 -6.544999973e+01 -4.1006e-01 +2.4628e+00
384 +6.804725672e-09 +6.804725672e-09 -6.544999999e+01 -6.544999999e+01 -4.1046e-01 +2.4633e+00
775 +0.000000000e+00 +0.000000000e+00 -6.545000000e+01 -6.545000000e+01 -4.1040e-01 +2.4632e+00
% function evaluation | noise-free fitness - Fopt (-5.761000000000e+01) | best noise-free fitness - Fopt | measured fitness | best measured fitness | x1 | x2...
1 +1.605252928e+01 +1.605252928e+01 -4.155747072e+01 -4.155747072e+01 +0.0000e+00 +0.0000e+00
4 +1.093595478e+01 +1.093595478e+01 -4.667404522e+01 -4.667404522e+01 -8.4891e-01 -2.1527e-01
8 +7.833216336e+00 +7.833216336e+00 -4.977678366e+01 -4.977678366e+01 -1.3970e+00 -1.5561e-01
12 +2.263109367e+00 +2.263109367e+00 -5.534689063e+01 -5.534689063e+01 -3.7057e+00 -2.1064e-01
37 +7.202662408e-01 +7.202662408e-01 -5.688973376e+01 -5.688973376e+01 -3.1258e+00 +7.6643e-01
48 +2.129075492e-01 +2.129075492e-01 -5.739709245e+01 -5.739709245e+01 -4.1950e+00 +1.0650e+00
54 +1.825143173e-01 +1.825143173e-01 -5.742748568e+01 -5.742748568e+01 -3.6302e+00 +8.9615e-01
60 +9.298541673e-02 +9.298541673e-02 -5.751701458e+01 -5.751701458e+01 -4.0191e+00 +1.0868e+00
92 +5.651291919e-02 +5.651291919e-02 -5.755348708e+01 -5.755348708e+01 -3.8698e+00 +1.5161e+00
100 +2.254361867e-02 +2.254361867e-02 -5.758745638e+01 -5.758745638e+01 -3.7773e+00 +1.4405e+00
135 +1.557803975e-02 +1.557803975e-02 -5.759442196e+01 -5.759442196e+01 -3.6827e+00 +1.2323e+00
177 +2.382842237e-03 +2.382842237e-03 -5.760761716e+01 -5.760761716e+01 -3.7914e+00 +1.2424e+00
200 +1.750047266e-03 +1.750047266e-03 -5.760824995e+01 -5.760824995e+01 -3.7554e+00 +1.2725e+00
203 +1.227908277e-03 +1.227908277e-03 -5.760877209e+01 -5.760877209e+01 -3.7671e+00 +1.2674e+00
206 +2.831351956e-04 +2.831351956e-04 -5.760971686e+01 -5.760971686e+01 -3.8055e+00 +1.2802e+00
233 +8.763958871e-05 +8.763958871e-05 -5.760991236e+01 -5.760991236e+01 -3.8021e+00 +1.2904e+00
236 +5.601138955e-05 +5.601138955e-05 -5.760994399e+01 -5.760994399e+01 -3.7964e+00 +1.2978e+00
262 +2.807432896e-05 +2.807432896e-05 -5.760997193e+01 -5.760997193e+01 -3.7962e+00 +1.2871e+00
276 +2.203829710e-05 +2.203829710e-05 -5.760997796e+01 -5.760997796e+01 -3.7945e+00 +1.2868e+00
284 +1.488721801e-05 +1.488721801e-05 -5.760998511e+01 -5.760998511e+01 -3.7967e+00 +1.2912e+00
285 +9.859083583e-06 +9.859083583e-06 -5.760999014e+01 -5.760999014e+01 -3.7934e+00 +1.2881e+00
291 +6.120089729e-06 +6.120089729e-06 -5.760999388e+01 -5.760999388e+01 -3.7925e+00 +1.2887e+00
316 +3.684449794e-06 +3.684449794e-06 -5.760999632e+01 -5.760999632e+01 -3.7926e+00 +1.2893e+00
323 +7.097164456e-07 +7.097164456e-07 -5.760999929e+01 -5.760999929e+01 -3.7921e+00 +1.2917e+00
423 +3.932755845e-07 +3.932755845e-07 -5.760999961e+01 -5.760999961e+01 -3.7922e+00 +1.2910e+00
431 +6.659233520e-08 +6.659233520e-08 -5.760999993e+01 -5.760999993e+01 -3.7929e+00 +1.2914e+00
444 +3.813718763e-08 +3.813718763e-08 -5.760999996e+01 -5.760999996e+01 -3.7929e+00 +1.2914e+00
460 +5.321872720e-09 +5.321872720e-09 -5.760999999e+01 -5.760999999e+01 -3.7928e+00 +1.2911e+00
822 +0.000000000e+00 +0.000000000e+00 -5.761000000e+01 -5.761000000e+01 -3.7928e+00 +1.2912e+00
% function evaluation | noise-free fitness - Fopt (-2.116000000000e+02) | best noise-free fitness - Fopt | measured fitness | best measured fitness | x1 | x2...
1 +5.697763840e+00 +5.697763840e+00 -2.059022362e+02 -2.059022362e+02 +0.0000e+00 +0.0000e+00
2 +3.106774294e+00 +3.106774294e+00 -2.084932257e+02 -2.084932257e+02 +6.9588e-01 -8.6391e-02
14 +9.201017705e-01 +9.201017705e-01 -2.106798982e+02 -2.106798982e+02 +1.4235e+00 +2.5420e-01
22 +9.027568866e-01 +9.027568866e-01 -2.106972431e+02 -2.106972431e+02 +1.9049e+00 -2.1310e-01
28 +5.221103261e-02 +5.221103261e-02 -2.115477890e+02 -2.115477890e+02 +2.3910e+00 +8.6060e-01
49 +3.123568237e-02 +3.123568237e-02 -2.115687643e+02 -2.115687643e+02 +2.2893e+00 +8.2941e-01
52 +5.019094484e-03 +5.019094484e-03 -2.115949809e+02 -2.115949809e+02 +2.2799e+00 +5.8381e-01
105 +4.056798148e-03 +4.056798148e-03 -2.115959432e+02 -2.115959432e+02 +2.3465e+00 +6.1401e-01
113 +1.874733957e-03 +1.874733957e-03 -2.115981253e+02 -2.115981253e+02 +2.3154e+00 +6.1412e-01
114 +4.142966964e-05 +4.142966964e-05 -2.115999586e+02 -2.115999586e+02 +2.2921e+00 +6.4767e-01
213 +3.733566930e-05 +3.733566930e-05 -2.115999627e+02 -2.115999627e+02 +2.3021e+00 +6.5335e-01
225 +4.732777427e-06 +4.732777427e-06 -2.115999953e+02 -2.115999953e+02 +2.2973e+00 +6.5451e-01
286 +4.625650405e-06 +4.625650405e-06 -2.115999954e+02 -2.115999954e+02 +2.2979e+00 +6.5179e-01
290 +2.852345347e-07 +2.852345347e-07 -2.115999997e+02 -2.115999997e+02 +2.2960e+00 +6.5333e-01
301 +3.361935796e-08 +3.361935796e-08 -2.116000000e+02 -2.116000000e+02 +2.2962e+00 +6.5284e-01
363 +1.492625756e-08 +1.492625756e-08 -2.116000000e+02 -2.116000000e+02 +2.2961e+00 +6.5283e-01
367 +2.086835593e-09 +2.086835593e-09 -2.116000000e+02 -2.116000000e+02 +2.2960e+00 +6.5276e-01
706 +0.000000000e+00 +0.000000000e+00 -2.116000000e+02 -2.116000000e+02 +2.2960e+00 +6.5280e-01
% function evaluation | noise-free fitness - Fopt (-1.188600000000e+02) | best noise-free fitness - Fopt | measured fitness | best measured fitness | x1 | x2...
1 +4.992320000e-02 +4.992320000e-02 -1.188100768e+02 -1.188100768e+02 +0.0000e+00 +0.0000e+00
12 +3.764090842e-02 +3.764090842e-02 -1.188223591e+02 -1.188223591e+02 +2.0319e-01 -9.6449e-03
52 +2.284628220e-02 +2.284628220e-02 -1.188371537e+02 -1.188371537e+02 +2.1669e-01 -3.0517e-01
55 +9.745919609e-03 +9.745919609e-03 -1.188502541e+02 -1.188502541e+02 +4.4050e-02 -1.2740e-01
66 +3.302990700e-03 +3.302990700e-03 -1.188566970e+02 -1.188566970e+02 +6.6012e-02 -1.9210e-01
88 +1.660749756e-03 +1.660749756e-03 -1.188583393e+02 -1.188583393e+02 +1.2066e-01 -1.4573e-01
92 +4.315179575e-05 +4.315179575e-05 -1.188599568e+02 -1.188599568e+02 +1.2092e-01 -1.8024e-01
148 +1.344767281e-05 +1.344767281e-05 -1.188599866e+02 -1.188599866e+02 +1.2005e-01 -1.8828e-01
167 +6.594682688e-06 +6.594682688e-06 -1.188599934e+02 -1.188599934e+02 +1.2242e-01 -1.8885e-01
183 +4.017495172e-06 +4.017495172e-06 -1.188599960e+02 -1.188599960e+02 +1.2444e-01 -1.8797e-01
193 +3.731899042e-06 +3.731899042e-06 -1.188599963e+02 -1.188599963e+02 +1.2202e-01 -1.8487e-01
245 +3.581621499e-06 +3.581621499e-06 -1.188599964e+02 -1.188599964e+02 +1.2457e-01 -1.8509e-01
257 +2.853325356e-06 +2.853325356e-06 -1.188599971e+02 -1.188599971e+02 +1.2471e-01 -1.8565e-01
267 +1.047468004e-06 +1.047468004e-06 -1.188599990e+02 -1.188599990e+02 +1.2399e-01 -1.8574e-01
288 +1.104851322e-08 +1.104851322e-08 -1.188600000e+02 -1.188600000e+02 +1.2329e-01 -1.8645e-01
327 +9.168573456e-09 +9.168573456e-09 -1.188600000e+02 -1.188600000e+02 +1.2313e-01 -1.8646e-01
800 +0.000000000e+00 +0.000000000e+00 -1.188600000e+02 -1.188600000e+02 +1.2320e-01 -1.8640e-01
