% function evaluation | noise-free fitness - Fopt (7.135000000000e+01) | best noise-free fitness - Fopt | measured fitness | best measured fitness | x1 | x2...
1 +1.205674855e+02 +1.205674855e+02 +1.919174855e+02 +1.919174855e+02 +0.0000e+00 +0.0000e+00 +0.0000e+00 +0.0000e+00 +0.0000e+00
2 +4.641342543e+01 +4.641342543e+01 +1.177634254e+02 +1.177634254e+02 -1.4344e+00 -7.8549e-02 +8.6876e-01 -8.1516e-01 +5.0931e-02
8 +4.536532092e+01 +4.536532092e+01 +1.167153209e+02 +1.167153209e+02 -7.3952e-01 +7.9756e-01 +7.6859e-01 -8.2088e-01 +1.4329e+00
17 +4.458274614e+01 +4.458274614e+01 +1.159327461e+02 +1.159327461e+02 -1.7414e+00 +1.5761e+00 +1.0980e+00 -1.3182e+00 +3.3236e+00
25 +1.723440254e+01 +1.723440254e+01 +8.858440254e+01 +8.858440254e+01 +2.0085e-02 +2.6438e+00 +1.1905e+00 -3.0234e+00 +3.1902e+00
162 +9.526502971e+00 +9.526502971e+00 +8.087650297e+01 +8.087650297e+01 +8.9832e-01 +3.3240e+00 +6.2006e-01 +4.8837e-01 +5.2625e+00
219 +8.768430183e+00 +8.768430183e+00 +8.011843018e+01 +8.011843018e+01 +1.3626e+00 +3.3098e+00 +7.6657e-01 +1.8143e+00 +4.2734e+00
271 +6.502962800e+00 +6.502962800e+00 +7.785296280e+01 +7.785296280e+01 +9.4327e-01 +3.3904e+00 +9.6767e-01 +1.5166e+00 +4.3534e+00
372 +5.340880790e+00 +5.340880790e+00 +7.669088079e+01 +7.669088079e+01 +1.0525e+00 +3.2411e+00 +1.0679e+00 +1.5965e+00 +4.6115e+00
396 +5.210693169e+00 +5.210693169e+00 +7.656069317e+01 +7.656069317e+01 +1.1210e+00 +3.2570e+00 +1.1603e+00 +1.4629e+00 +4.4764e+00
434 +4.941702400e+00 +4.941702400e+00 +7.629170240e+01 +7.629170240e+01 +1.1610e+00 +3.2662e+00 +1.0227e+00 +1.7186e+00 +4.4893e+00
451 +4.226620837e+00 +4.226620837e+00 +7.557662084e+01 +7.557662084e+01 +1.2058e+00 +3.2546e+00 +9.7260e-01 +1.6834e+00 +4.5058e+00
483 +3.914515686e+00 +3.914515686e+00 +7.526451569e+01 +7.526451569e+01 +1.1307e+00 +3.2743e+00 +1.0877e+00 +1.5600e+00 +4.4845e+00
495 +2.661982393e+00 +2.661982393e+00 +7.401198239e+01 +7.401198239e+01 +1.1786e+00 +3.2680e+00 +1.1213e+00 +1.5057e+00 +4.4703e+00
556 +2.404649822e+00 +2.404649822e+00 +7.375464982e+01 +7.375464982e+01 +1.1892e+00 +3.2766e+00 +1.0869e+00 +1.4941e+00 +4.4517e+00
585 +2.346321878e+00 +2.346321878e+00 +7.369632188e+01 +7.369632188e+01 +1.1757e+00 +3.2746e+00 +1.1025e+00 +1.5094e+00 +4.4639e+00
614 +1.988360644e+00 +1.988360644e+00 +7.333836064e+01 +7.333836064e+01 +1.1296e+00 +3.2865e+00 +1.1566e+00 +1.4102e+00 +4.4892e+00
791 +1.832427059e+00 +1.832427059e+00 +7.318242706e+01 +7.318242706e+01 +9.8083e-01 +3.3467e+00 +9.9050e-01 +1.4002e+00 +4.4632e+00
794 +1.593851863e+00 +1.593851863e+00 +7.294385186e+01 +7.294385186e+01 +9.9987e-01 +3.3442e+00 +9.7399e-01 +1.4243e+00 +4.4483e+00
806 +1.523286449e+00 +1.523286449e+00 +7.287328645e+01 +7.287328645e+01 +1.0101e+00 +3.3415e+00 +9.6301e-01 +1.4149e+00 +4.4412e+00
875 +1.331003726e+00 +1.331003726e+00 +7.268100373e+01 +7.268100373e+01 +1.0342e+00 +3.3523e+00 +9.3258e-01 +1.4439e+00 +4.4075e+00
976 +1.206275873e+00 +1.206275873e+00 +7.255627587e+01 +7.255627587e+01 +1.0199e+00 +3.3585e+00 +9.3795e-01 +1.4175e+00 +4.4013e+00
1008 +1.039268165e+00 +1.039268165e+00 +7.238926817e+01 +7.238926817e+01 +1.0343e+00 +3.3583e+00 +9.1969e-01 +1.4516e+00 +4.3898e+00
1154 +9.964818824e-01 +9.964818824e-01 +7.234648188e+01 +7.234648188e+01 +1.0314e+00 +3.3615e+00 +9.2309e-01 +1.4455e+00 +4.3875e+00
1185 +9.538490797e-01 +9.538490797e-01 +7.230384908e+01 +7.230384908e+01 +1.0330e+00 +3.3620e+00 +9.2237e-01 +1.4465e+00 +4.3855e+00
1226 +9.301710138e-01 +9.301710138e-01 +7.228017101e+01 +7.228017101e+01 +1.0313e+00 +3.3617e+00 +9.2347e-01 +1.4459e+00 +4.3872e+00
1333 +8.976463775e-01 +8.976463775e-01 +7.224764638e+01 +7.224764638e+01 +1.0298e+00 +3.3614e+00 +9.2391e-01 +1.4457e+00 +4.3883e+00
1350 +8.856851817e-01 +8.856851817e-01 +7.223568518e+01 +7.223568518e+01 +1.0297e+00 +3.3613e+00 +9.2435e-01 +1.4461e+00 +4.3884e+00
1523 +8.692009376e-01 +8.692009376e-01 +7.221920094e+01 +7.221920094e+01 +1.0299e+00 +3.3612e+00 +9.2434e-01 +1.4463e+00 +4.3883e+00
% function evaluation | noise-free fitness - Fopt (-3.552200000000e+02) | best noise-free fitness - Fopt | measured fitness | best measured fitness | x1 | x2...
1 +1.380502722e+02 +1.380502722e+02 -2.171697278e+02 -2.171697278e+02 +0.0000e+00 +0.0000e+00 +0.0000e+00 +0.0000e+00 +0.0000e+00
2 +1.166941076e+02 +1.166941076e+02 -2.385258924e+02 -2.385258924e+02 +3.2516e-02 +1.0619e+00 -4.2925e-02 +5.7279e-01 -1.1431e-01
3 +6.773148955e+01 +6.773148955e+01 -2.874885105e+02 -2.874885105e+02 -1.6090e+00 +1.4095e-01 -2.4960e+00 +3.1752e-01 -8.1110e-01
4 +4.521531245e+01 +4.521531245e+01 -3.100046875e+02 -3.100046875e+02 +2.1883e+00 -4.9867e-02 +6.1279e-02 -2.2071e+00 -1.4003e+00
20 +3.054430140e+01 +3.054430140e+01 -3.246756986e+02 -3.246756986e+02 +1.7610e+00 -4.0347e-01 -1.2690e+00 -1.4119e+00 -3.3480e+00
86 +2.908542987e+01 +2.908542987e+01 -3.261345701e+02 -3.261345701e+02 +2.7658e+00 -1.4181e+00 -2.1297e+00 -3.1327e+00 -2.8720e+00
103 +2.216402988e+01 +2.216402988e+01 -3.330559701e+02 -3.330559701e+02 +4.6893e+00 -1.1536e+00 -4.4548e+00 -5.8407e+00 -3.1051e+00
184 +2.054916159e+01 +2.054916159e+01 -3.346708384e+02 -3.346708384e+02 +3.4195e+00 -1.1210e+00 -4.6204e+00 -4.7444e+00 -6.3980e+00
235 +1.559296229e+01 +1.559296229e+01 -3.396270377e+02 -3.396270377e+02 +2.9648e+00 -1.7228e+00 -3.9230e+00 -4.5658e+00 -4.4135e+00
247 +1.165511384e+01 +1.165511384e+01 -3.435648862e+02 -3.435648862e+02 +2.7448e+00 -1.5516e+00 -4.0532e+00 -4.3151e+00 -3.9791e+00
258 +7.245119446e+00 +7.245119446e+00 -3.479748806e+02 -3.479748806e+02 +2.9041e+00 -1.6799e+00 -4.0931e+00 -4.7325e+00 -4.0621e+00
324 +6.081525124e+00 +6.081525124e+00 -3.491384749e+02 -3.491384749e+02 +2.9715e+00 -1.8173e+00 -4.0382e+00 -4.2240e+00 -3.9361e+00
337 +5.076246455e+00 +5.076246455e+00 -3.501437535e+02 -3.501437535e+02 +3.1031e+00 -1.8934e+00 -4.2135e+00 -4.4141e+00 -3.9938e+00
351 +3.765994608e+00 +3.765994608e+00 -3.514540054e+02 -3.514540054e+02 +2.9978e+00 -1.8297e+00 -4.2389e+00 -4.4347e+00 -4.0338e+00
406 +3.362226833e+00 +3.362226833e+00 -3.518577732e+02 -3.518577732e+02 +2.9280e+00 -1.7280e+00 -4.2329e+00 -4.3597e+00 -4.0859e+00
478 +2.942736777e+00 +2.942736777e+00 -3.522772632e+02 -3.522772632e+02 +2.8998e+00 -1.7845e+00 -4.1578e+00 -4.2029e+00 -4.1777e+00
483 +2.461681643e+00 +2.461681643e+00 -3.527583184e+02 -3.527583184e+02 +2.8974e+00 -1.8058e+00 -4.1749e+00 -4.1583e+00 -4.1968e+00
554 +2.257293829e+00 +2.257293829e+00 -3.529627062e+02 -3.529627062e+02 +2.8944e+00 -1.7966e+00 -4.1662e+00 -4.2105e+00 -4.1435e+00
580 +2.168512235e+00 +2.168512235e+00 -3.530514878e+02 -3.530514878e+02 +2.8925e+00 -1.7851e+00 -4.1686e+00 -4.2136e+00 -4.1584e+00
583 +2.074164159e+00 +2.074164159e+00 -3.531458358e+02 -3.531458358e+02 +2.8849e+00 -1.7878e+00 -4.1799e+00 -4.2241e+00 -4.1576e+00
591 +1.941617118e+00 +1.941617118e+00 -3.532783829e+02 -3.532783829e+02 +2.8997e+00 -1.7956e+00 -4.1858e+00 -4.2076e+00 -4.1571e+00
592 +1.596020828e+00 +1.596020828e+00 -3.536239792e+02 -3.536239792e+02 +2.8998e+00 -1.8042e+00 -4.1877e+00 -4.1960e+00 -4.1744e+00
615 +1.412052875e+00 +1.412052875e+00 -3.538079471e+02 -3.538079471e+02 +2.8988e+00 -1.8074e+00 -4.1946e+00 -4.1976e+00 -4.1736e+00
753 +1.360884905e+00 +1.360884905e+00 -3.538591151e+02 -3.538591151e+02 +2.9014e+00 -1.8080e+00 -4.1905e+00 -4.2000e+00 -4.1671e+00
764 +1.265484146e+00 +1.265484146e+00 -3.539545159e+02 -3.539545159e+02 +2.8990e+00 -1.8076e+00 -4.1878e+00 -4.1971e+00 -4.1720e+00
767 +1.238815063e+00 +1.238815063e+00 -3.539811849e+02 -3.539811849e+02 +2.9006e+00 -1.8104e+00 -4.1914e+00 -4.1971e+00 -4.1725e+00
782 +1.133111496e+00 +1.133111496e+00 -3.540868885e+02 -3.540868885e+02 +2.9035e+00 -1.8111e+00 -4.1920e+00 -4.2007e+00 -4.1702e+00
873 +1.118324178e+00 +1.118324178e+00 -3.541016758e+02 -3.541016758e+02 +2.9045e+00 -1.8119e+00 -4.1938e+00 -4.2010e+00 -4.1702e+00
992 +1.084808345e+00 +1.084808345e+00 -3.541351917e+02 -3.541351917e+02 +2.9038e+00 -1.8115e+00 -4.1939e+00 -4.2006e+00 -4.1702e+00
1009 +1.065724849e+00 +1.065724849e+00 -3.541542752e+02 -3.541542752e+02 +2.9040e+00 -1.8115e+00 -4.1941e+00 -4.2003e+00 -4.1705e+00
1132 +1.043768663e+00 +1.043768663e+00 -3.541762313e+02 -3.541762313e+02 +2.9039e+00 -1.8116e+00 -4.1943e+00 -4.2001e+00 -4.1707e+00
% function evaluation | noise-free fitness - Fopt (9.917000000000e+01) | best noise-free fitness - Fopt | measured fitness | best measured fitness | x1 | x2...
1 +1.990461148e+02 +1.990461148e+02 +2.982161148e+02 +2.982161148e+02 +0.0000e+00 +0.0000e+00 +0.0000e+00 +0.0000e+00 +0.0000e+00
2 +1.073795002e+02 +1.073795002e+02 +2.065495002e+02 +2.065495002e+02 -1.3918e+00 +3.0565e-01 +6.3796e-02 -5.2245e-01 +2.6606e-01
3 +4.060538777e+01 +4.060538777e+01 +1.397753878e+02 +1.397753878e+02 +5.9820e-01 -1.2808e+00 +6.8933e-01 -1.9898e-01 -1.6347e+00
14 +3.908018815e+01 +3.908018815e+01 +1.382501881e+02 +1.382501881e+02 -8.1099e-01 -2.0121e-01 +9.7922e-01 -9.2489e-01 -1.5941e+00
25 +3.685449246e+01 +3.685449246e+01 +1.360244925e+02 +1.360244925e+02 -1.2977e+00 +1.1627e+00 +1.5877e+00 -4.1156e-01 -1.7650e+00
40 +1.264918856e+01 +1.264918856e+01 +1.118191886e+02 +1.118191886e+02 -1.4268e+00 +9.8256e-01 +1.5459e+00 -1.8271e-01 -8.1186e-01
102 +1.204927895e+01 +1.204927895e+01 +1.112192789e+02 +1.112192789e+02 -1.7203e+00 +1.0455e+00 +2.3493e+00 -1.4251e+00 -1.8991e+00
128 +9.230710619e+00 +9.230710619e+00 +1.084007106e+02 +1.084007106e+02 -9.8428e-01 +1.3512e+00 +3.0115e+00 -2.0308e+00 -2.3451e+00
136 +2.128338858e+00 +2.128338858e+00 +1.012983389e+02 +1.012983389e+02 -8.7321e-01 +1.4615e+00 +3.1055e+00 -2.3252e+00 -2.6904e+00
489 +1.845515084e+00 +1.845515084e+00 +1.010155151e+02 +1.010155151e+02 -1.1155e+00 +1.6749e+00 +2.1168e+00 -2.2958e+00 -2.0568e+00
490 +1.560676350e+00 +1.560676350e+00 +1.007306764e+02 +1.007306764e+02 -1.1469e+00 +1.6838e+00 +2.1028e+00 -2.3140e+00 -2.0398e+00
500 +1.459342189e+00 +1.459342189e+00 +1.006293422e+02 +1.006293422e+02 -1.1390e+00 +1.6849e+00 +2.0889e+00 -2.3137e+00 -2.0502e+00
572 +1.356870153e+00 +1.356870153e+00 +1.005268702e+02 +1.005268702e+02 -1.1915e+00 +1.7190e+00 +2.1195e+00 -2.3803e+00 -2.0354e+00
577 +1.250575317e+00 +1.250575317e+00 +1.004205753e+02 +1.004205753e+02 -1.1875e+00 +1.7065e+00 +2.1275e+00 -2.3898e+00 -2.0462e+00
578 +1.135986611e+00 +1.135986611e+00 +1.003059866e+02 +1.003059866e+02 -1.1665e+00 +1.7019e+00 +2.1109e+00 -2.3441e+00 -2.0345e+00
580 +1.044189605e+00 +1.044189605e+00 +1.002141896e+02 +1.002141896e+02 -1.1760e+00 +1.7017e+00 +2.1279e+00 -2.3749e+00 -2.0403e+00
846 +1.011221112e+00 +1.011221112e+00 +1.001812211e+02 +1.001812211e+02 -1.1672e+00 +1.6931e+00 +2.1027e+00 -2.3657e+00 -2.0329e+00
875 +9.649323258e-01 +9.649323258e-01 +1.001349323e+02 +1.001349323e+02 -1.1714e+00 +1.6976e+00 +2.1122e+00 -2.3671e+00 -2.0359e+00
887 +8.673120273e-01 +8.673120273e-01 +1.000373120e+02 +1.000373120e+02 -1.1743e+00 +1.7004e+00 +2.1192e+00 -2.3682e+00 -2.0398e+00
1054 +8.456513693e-01 +8.456513693e-01 +1.000156514e+02 +1.000156514e+02 -1.1727e+00 +1.6990e+00 +2.1155e+00 -2.3683e+00 -2.0394e+00
1113 +8.262924181e-01 +8.262924181e-01 +9.999629242e+01 +9.999629242e+01 -1.1731e+00 +1.6987e+00 +2.1160e+00 -2.3687e+00 -2.0398e+00
1117 +7.752010848e-01 +7.752010848e-01 +9.994520108e+01 +9.994520108e+01 -1.1730e+00 +1.6990e+00 +2.1178e+00 -2.3686e+00 -2.0396e+00
1402 +7.577065502e-01 +7.577065502e-01 +9.992770655e+01 +9.992770655e+01 -1.1727e+00 +1.6988e+00 +2.1182e+00 -2.3679e+00 -2.0399e+00
1494 +7.381897484e-01 +7.381897484e-01 +9.990818975e+01 +9.990818975e+01 -1.1723e+00 +1.6985e+00 +2.1179e+00 -2.3677e+00 -2.0400e+00
1952 +7.236087669e-01 +7.236087669e-01 +9.989360877e+01 +9.989360877e+01 -1.1724e+00 +1.6985e+00 +2.1178e+00 -2.3678e+00 -2.0399e+00
% function evaluation | noise-free fitness - Fopt (-5.179100000000e+02) | best noise-free fitness - Fopt | measured fitness | best measured fitness | x1 | x2...
1 +7.971953023e+01 +7.971953023e+01 -4.381904698e+02 -4.381904698e+02 +0.0000e+00 +0.0000e+00 +0.0000e+00 +0.0000e+00 +0.0000e+00
5 +4.893933390e+01 +4.893933390e+01 -4.689706661e+02 -4.689706661e+02 +1.7094e+00 +1.0128e+00 -6.0384e-01 -1.5634e+00 +5.3739e-01
13 +3.661941812e+01 +3.661941812e+01 -4.812905819e+02 -4.812905819e+02 +2.0988e+00 +1.8011e+00 -7.8121e-01 -2.5030e+00 -2.0919e+00
20 +1.923500061e+01 +1.923500061e+01 -4.986749994e+02 -4.986749994e+02 +2.5340e+00 -1.3923e-01 -3.4126e-01 -2.0908e+00 +1.6707e-01
44 +1.343991568e+01 +1.343991568e+01 -5.044700843e+02 -5.044700843e+02 +3.4402e+00 -2.4406e-01 -1.0820e+00 +2.3308e-01 +7.1129e-01
72 +8.232287832e+00 +8.232287832e+00 -5.096777122e+02 -5.096777122e+02 +3.5963e+00 -4.0711e-01 -4.3871e-01 -2.8630e-01 +1.0373e+00
148 +4.133080891e+00 +4.133080891e+00 -5.137769191e+02 -5.137769191e+02 +3.2833e+00 -6.4331e-01 -6.9999e-01 +6.2650e-02 +1.2770e+00
177 +3.063120908e+00 +3.063120908e+00 -5.148468791e+02 -5.148468791e+02 +3.2774e+00 -6.4696e-01 -8.7329e-01 +1.2662e-01 +1.3223e+00
222 +2.306658188e+00 +2.306658188e+00 -5.156033418e+02 -5.156033418e+02 +3.1616e+00 -7.4643e-01 -7.4900e-01 -1.7666e-02 +1.2152e+00
263 +1.846248467e+00 +1.846248467e+00 -5.160637515e+02 -5.160637515e+02 +3.1988e+00 -6.9077e-01 -7.5796e-01 +3.8206e-02 +1.2509e+00
264 +1.445618932e+00 +1.445618932e+00 -5.164643811e+02 -5.164643811e+02 +3.1263e+00 -7.5140e-01 -6.2555e-01 -3.1853e-02 +1.2228e+00
335 +1.282133090e+00 +1.282133090e+00 -5.166278669e+02 -5.166278669e+02 +3.1608e+00 -7.3037e-01 -6.8040e-01 -4.7094e-02 +1.2101e+00
342 +1.114802128e+00 +1.114802128e+00 -5.167951979e+02 -5.167951979e+02 +3.1678e+00 -7.0671e-01 -6.8273e-01 -4.6691e-02 +1.2013e+00
351 +9.922271493e-01 +9.922271493e-01 -5.169177729e+02 -5.169177729e+02 +3.1817e+00 -7.0687e-01 -6.9371e-01 -4.3786e-02 +1.2058e+00
375 +9.485951911e-01 +9.485951911e-01 -5.169614048e+02 -5.169614048e+02 +3.1831e+00 -7.0928e-01 -6.8896e-01 -4.1755e-02 +1.1961e+00
377 +7.283875492e-01 +7.283875492e-01 -5.171816125e+02 -5.171816125e+02 +3.1941e+00 -7.0959e-01 -7.1280e-01 -3.1666e-02 +1.1955e+00
387 +6.529412145e-01 +6.529412145e-01 -5.172570588e+02 -5.172570588e+02 +3.2067e+00 -7.0719e-01 -7.1879e-01 -2.2110e-02 +1.1940e+00
403 +5.669057921e-01 +5.669057921e-01 -5.173430942e+02 -5.173430942e+02 +3.2056e+00 -7.1020e-01 -7.1378e-01 -3.1160e-02 +1.2053e+00
463 +5.468720308e-01 +5.468720308e-01 -5.173631280e+02 -5.173631280e+02 +3.2129e+00 -7.0222e-01 -7.2206e-01 -2.4690e-02 +1.2073e+00
496 +5.073640161e-01 +5.073640161e-01 -5.174026360e+02 -5.174026360e+02 +3.2087e+00 -7.0140e-01 -7.2083e-01 -2.8745e-02 +1.2053e+00
506 +4.533261852e-01 +4.533261852e-01 -5.174566738e+02 -5.174566738e+02 +3.2036e+00 -7.0922e-01 -7.1927e-01 -2.3386e-02 +1.2069e+00
513 +4.296590417e-01 +4.296590417e-01 -5.174803410e+02 -5.174803410e+02 +3.2069e+00 -7.0768e-01 -7.2459e-01 -2.0848e-02 +1.2061e+00
525 +4.162673071e-01 +4.162673071e-01 -5.174937327e+02 -5.174937327e+02 +3.2064e+00 -7.0917e-01 -7.2264e-01 -2.3057e-02 +1.2065e+00
533 +3.823333110e-01 +3.823333110e-01 -5.175276667e+02 -5.175276667e+02 +3.2047e+00 -7.0828e-01 -7.2182e-01 -2.4119e-02 +1.2077e+00
537 +3.757762506e-01 +3.757762506e-01 -5.175342237e+02 -5.175342237e+02 +3.2055e+00 -7.0874e-01 -7.1944e-01 -2.5066e-02 +1.2068e+00
553 +3.542290561e-01 +3.542290561e-01 -5.175557709e+02 -5.175557709e+02 +3.2059e+00 -7.0672e-01 -7.1825e-01 -2.7858e-02 +1.2052e+00
712 +3.417936321e-01 +3.417936321e-01 -5.175682064e+02 -5.175682064e+02 +3.2043e+00 -7.0802e-01 -7.1886e-01 -2.8051e-02 +1.2050e+00
813 +3.368683447e-01 +3.368683447e-01 -5.175731317e+02 -5.175731317e+02 +3.2039e+00 -7.0797e-01 -7.1952e-01 -2.8427e-02 +1.2048e+00
883 +3.294710329e-01 +3.294710329e-01 -5.175805290e+02 -5.175805290e+02 +3.2044e+00 -7.0734e-01 -7.2030e-01 -2.8533e-02 +1.2047e+00
899 +3.205431799e-01 +3.205431799e-01 -5.175894568e+02 -5.175894568e+02 +3.2040e+00 -7.0726e-01 -7.2049e-01 -2.8785e-02 +1.2045e+00
944 +3.139714197e-01 +3.139714197e-01 -5.175960286e+02 -5.175960286e+02 +3.2042e+00 -7.0698e-01 -7.2073e-01 -2.8815e-02 +1.2046e+00
998 +3.089454575e-01 +3.089454575e-01 -5.176010545e+02 -5.176010545e+02 +3.2041e+00 -7.0720e-01 -7.2059e-01 -2.8688e-02 +1.2047e+00
1118 +3.016394468e-01 +3.016394468e-01 -5.176083606e+02 -5.176083606e+02 +3.2040e+00 -7.0721e-01 -7.2068e-01 -2.8716e-02 +1.2047e+00
% function evaluation | noise-free fitness - Fopt (-5.721000000000e+01) | best noise-free fitness - Fopt | measured fitness | best measured fitness | x1 | x2...
1 +1.005348962e+02 +1.005348962e+02 +4.332489617e+01 +4.332489617e+01 +0.0000e+00 +0.0000e+00 +0.0000e+00 +0.0000e+00 +0.0000e+00
2 +8.596567132e+01 +8.596567132e+01 +2.875567132e+01 +2.875567132e+01 -7.0938e-01 -1.9154e-01 +6.2068e-01 +5.2113e-01 -1.2610e+00
3 +4.039164059e+01 +4.039164059e+01 -1.681835941e+01 -1.681835941e+01 +1.3956e+00 -6.2765e-01 +7.9926e-01 +9.1949e-01 +2.5436e+00
11 +3.114998634e+01 +3.114998634e+01 -2.606001366e+01 -2.606001366e+01 -5.8640e-01 +3.6085e-01 +1.7975e-01 -5.3285e-01 -1.8203e+00
14 +2.386212197e+01 +2.386212197e+01 -3.334787803e+01 -3.334787803e+01 -1.9765e-01 -1.4774e+00 +7.4585e-01 -2.3658e-01 -3.4004e+00
18 +1.360033958e+01 +1.360033958e+01 -4.360966042e+01 -4.360966042e+01 +1.4576e+00 +5.4979e-01 +1.9966e-01 -2.3916e-01 -9.9115e-01
77 +9.467872317e+00 +9.467872317e+00 -4.774212768e+01 -4.774212768e+01 +1.8959e+00 +8.3829e-02 +1.0716e-01 -1.2221e+00 -6.4991e-01
88 +4.159014306e+00 +4.159014306e+00 -5.305098569e+01 -5.305098569e+01 +2.2170e+00 -1.7286e-01 -1.1271e-01 -1.5220e+00 -7.0144e-01
167 +3.261498260e+00 +3.261498260e+00 -5.394850174e+01 -5.394850174e+01 +2.2814e+00 -2.9166e-01 -3.2193e-01 -1.5328e+00 -6.9040e-01
174 +3.149221177e+00 +3.149221177e+00 -5.406077882e+01 -5.406077882e+01 +2.2028e+00 -1.9335e-01 -3.2763e-01 -1.4995e+00 -8.1682e-01
185 +2.485331547e+00 +2.485331547e+00 -5.472466845e+01 -5.472466845e+01 +2.2078e+00 -1.7247e-01 -3.7781e-01 -1.5607e+00 -8.0466e-01
189 +1.784254267e+00 +1.784254267e+00 -5.542574573e+01 -5.542574573e+01 +2.2229e+00 -1.4487e-01 -1.6942e-01 -1.4303e+00 -6.9152e-01
257 +1.232759180e+00 +1.232759180e+00 -5.597724082e+01 -5.597724082e+01 +2.2259e+00 -1.5113e-01 -2.6154e-01 -1.4410e+00 -8.0472e-01
295 +1.167367529e+00 +1.167367529e+00 -5.604263247e+01 -5.604263247e+01 +2.2600e+00 -1.9246e-01 -2.7431e-01 -1.4704e+00 -7.4541e-01
320 +1.118710155e+00 +1.118710155e+00 -5.609128985e+01 -5.609128985e+01 +2.2759e+00 -1.9660e-01 -2.5151e-01 -1.4753e+00 -7.2075e-01
330 +9.770884602e-01 +9.770884602e-01 -5.623291154e+01 -5.623291154e+01 +2.2882e+00 -2.0360e-01 -2.3549e-01 -1.4738e+00 -7.2619e-01
372 +9.000506164e-01 +9.000506164e-01 -5.630994938e+01 -5.630994938e+01 +2.2932e+00 -2.0286e-01 -2.2812e-01 -1.4731e+00 -7.0954e-01
382 +7.639191626e-01 +7.639191626e-01 -5.644608084e+01 -5.644608084e+01 +2.2970e+00 -2.0029e-01 -2.2848e-01 -1.4796e+00 -7.1207e-01
427 +7.474617310e-01 +7.474617310e-01 -5.646253827e+01 -5.646253827e+01 +2.2803e+00 -1.9983e-01 -2.3735e-01 -1.4779e+00 -7.2525e-01
434 +7.234175487e-01 +7.234175487e-01 -5.648658245e+01 -5.648658245e+01 +2.2960e+00 -1.9671e-01 -2.4292e-01 -1.4738e+00 -7.2763e-01
445 +6.945027823e-01 +6.945027823e-01 -5.651549722e+01 -5.651549722e+01 +2.2856e+00 -1.9698e-01 -2.3946e-01 -1.4771e+00 -7.2480e-01
504 +6.667727965e-01 +6.667727965e-01 -5.654322720e+01 -5.654322720e+01 +2.3050e+00 -2.0791e-01 -2.4858e-01 -1.4860e+00 -7.2034e-01
535 +6.568942087e-01 +6.568942087e-01 -5.655310579e+01 -5.655310579e+01 +2.2876e+00 -2.0745e-01 -2.4634e-01 -1.4839e+00 -7.2572e-01
542 +5.427277497e-01 +5.427277497e-01 -5.666727225e+01 -5.666727225e+01 +2.2978e+00 -2.0926e-01 -2.5291e-01 -1.4850e+00 -7.2668e-01
631 +5.346355949e-01 +5.346355949e-01 -5.667536441e+01 -5.667536441e+01 +2.3023e+00 -2.1324e-01 -2.5143e-01 -1.4890e+00 -7.2393e-01
670 +5.127958698e-01 +5.127958698e-01 -5.669720413e+01 -5.669720413e+01 +2.3002e+00 -2.0997e-01 -2.4890e-01 -1.4865e+00 -7.2302e-01
741 +4.936448087e-01 +4.936448087e-01 -5.671635519e+01 -5.671635519e+01 +2.2990e+00 -2.1099e-01 -2.5017e-01 -1.4875e+00 -7.2362e-01
761 +4.781100374e-01 +4.781100374e-01 -5.673188996e+01 -5.673188996e+01 +2.2995e+00 -2.1093e-01 -2.4797e-01 -1.4890e+00 -7.2318e-01
810 +4.669038219e-01 +4.669038219e-01 -5.674309618e+01 -5.674309618e+01 +2.3003e+00 -2.1170e-01 -2.4862e-01 -1.4885e+00 -7.2298e-01
978 +4.556327359e-01 +4.556327359e-01 -5.675436726e+01 -5.675436726e+01 +2.3008e+00 -2.1183e-01 -2.4832e-01 -1.4883e+00 -7.2265e-01
1023 +4.465653558e-01 +4.465653558e-01 -5.676343464e+01 -5.676343464e+01 +2.3008e+00 -2.1189e-01 -2.4819e-01 -1.4884e+00 -7.2261e-01
1462 +4.365054609e-01 +4.365054609e-01 -5.677349454e+01 -5.677349454e+01 +2.3008e+00 -2.1188e-01 -2.4808e-01 -1.4884e+00 -7.2251e-01
% function evaluation | noise-free fitness - Fopt (-1.237300000000e+02) | best noise-free fitness - Fopt | measured fitness | best measured fitness | x1 | x2...
1 +4.727050073e+01 +4.727050073e+01 -7.645949927e+01 -7.645949927e+01 +0.0000e+00 +0.0000e+00 +0.0000e+00 +0.0000e+00 +0.0000e+00
3 +3.054149972e+01 +3.054149972e+01 -9.318850028e+01 -9.318850028e+01 -9.0103e-01 -1.0815e+00 -1.3237e+00 +1.0140e+00 +3.9539e-01
34 +2.794672717e+01 +2.794672717e+01 -9.578327283e+01 -9.578327283e+01 -2.0888e+00 -2.6043e+00 -1.1665e+00 -5.2404e-01 -1.5556e-01
40 +2.737705598e+01 +2.737705598e+01 -9.635294402e+01 -9.635294402e+01 -2.7975e+00 -2.8972e+00 -2.9451e-01 +1.1806e+00 +1.5340e-01
71 +1.325347733e+01 +1.325347733e+01 -1.104765227e+02 -1.104765227e+02 -1.1923e+00 -1.3068e+00 +6.2070e-01 +1.6336e-01 +2.5326e+00
105 +3.226191967e+00 +3.226191967e+00 -1.205038080e+02 -1.205038080e+02 -1.4254e+00 -1.2149e+00 +1.2365e+00 -1.4961e-01 +1.2644e+00
129 +2.288973586e+00 +2.288973586e+00 -1.214410264e+02 -1.214410264e+02 -1.7658e+00 -1.3745e+00 +1.3274e+00 -3.1420e-01 +1.2694e+00
214 +1.672893307e+00 +1.672893307e+00 -1.220571067e+02 -1.220571067e+02 -1.4915e+00 -1.0708e+00 +1.1794e+00 +9.4882e-02 +1.3863e+00
234 +1.150993414e+00 +1.150993414e+00 -1.225790066e+02 -1.225790066e+02 -1.3721e+00 -1.0928e+00 +1.2994e+00 +1.4672e-01 +1.3716e+00
252 +1.131185237e+00 +1.131185237e+00 -1.225988148e+02 -1.225988148e+02 -1.5254e+00 -1.0997e+00 +1.2929e+00 -4.5586e-02 +1.2364e+00
270 +5.611875322e-01 +5.611875322e-01 -1.231688125e+02 -1.231688125e+02 -1.5886e+00 -1.0504e+00 +1.2238e+00 -8.8149e-02 +1.2315e+00
354 +4.975728766e-01 +4.975728766e-01 -1.232324271e+02 -1.232324271e+02 -1.5741e+00 -1.0561e+00 +1.2787e+00 -1.1642e-01 +1.2093e+00
370 +2.872663433e-01 +2.872663433e-01 -1.234427337e+02 -1.234427337e+02 -1.6508e+00 -1.0671e+00 +1.2311e+00 -1.1087e-01 +1.2378e+00
372 +1.850607788e-01 +1.850607788e-01 -1.235449392e+02 -1.235449392e+02 -1.6385e+00 -1.0216e+00 +1.2394e+00 -1.6812e-01 +1.1882e+00
386 +1.813869110e-01 +1.813869110e-01 -1.235486131e+02 -1.235486131e+02 -1.6830e+00 -1.0231e+00 +1.2506e+00 -2.0473e-01 +1.1625e+00
537 +1.683528445e-01 +1.683528445e-01 -1.235616472e+02 -1.235616472e+02 -1.6290e+00 -1.0528e+00 +1.2506e+00 -1.0497e-01 +1.2256e+00
566 +1.219544821e-01 +1.219544821e-01 -1.236080455e+02 -1.236080455e+02 -1.6497e+00 -1.0652e+00 +1.2103e+00 -8.7249e-02 +1.2343e+00
575 +1.104229698e-01 +1.104229698e-01 -1.236195770e+02 -1.236195770e+02 -1.6444e+00 -1.0673e+00 +1.2223e+00 -8.7531e-02 +1.2309e+00
583 +1.087486402e-01 +1.087486402e-01 -1.236212514e+02 -1.236212514e+02 -1.6420e+00 -1.0671e+00 +1.2104e+00 -8.9252e-02 +1.2409e+00
587 +9.407019203e-02 +9.407019203e-02 -1.236359298e+02 -1.236359298e+02 -1.6428e+00 -1.0618e+00 +1.2123e+00 -9.3825e-02 +1.2335e+00
604 +4.712147270e-02 +4.712147270e-02 -1.236828785e+02 -1.236828785e+02 -1.6501e+00 -1.0762e+00 +1.2137e+00 -9.6476e-02 +1.2353e+00
695 +3.896927207e-02 +3.896927207e-02 -1.236910307e+02 -1.236910307e+02 -1.6549e+00 -1.0775e+00 +1.2112e+00 -1.0493e-01 +1.2331e+00
702 +3.128533355e-02 +3.128533355e-02 -1.236987147e+02 -1.236987147e+02 -1.6564e+00 -1.0779e+00 +1.2139e+00 -1.0504e-01 +1.2340e+00
714 +2.966534099e-02 +2.966534099e-02 -1.237003347e+02 -1.237003347e+02 -1.6540e+00 -1.0779e+00 +1.2163e+00 -1.0862e-01 +1.2319e+00
732 +2.929445768e-02 +2.929445768e-02 -1.237007055e+02 -1.237007055e+02 -1.6543e+00 -1.0770e+00 +1.2150e+00 -1.0622e-01 +1.2332e+00
751 +2.692816826e-02 +2.692816826e-02 -1.237030718e+02 -1.237030718e+02 -1.6548e+00 -1.0781e+00 +1.2151e+00 -1.0505e-01 +1.2331e+00
761 +2.198124634e-02 +2.198124634e-02 -1.237080188e+02 -1.237080188e+02 -1.6547e+00 -1.0780e+00 +1.2151e+00 -1.0668e-01 +1.2323e+00
839 +2.146419453e-02 +2.146419453e-02 -1.237085358e+02 -1.237085358e+02 -1.6546e+00 -1.0783e+00 +1.2149e+00 -1.0636e-01 +1.2330e+00
869 +2.068058491e-02 +2.068058491e-02 -1.237093194e+02 -1.237093194e+02 -1.6552e+00 -1.0786e+00 +1.2146e+00 -1.0607e-01 +1.2327e+00
893 +1.991834613e-02 +1.991834613e-02 -1.237100817e+02 -1.237100817e+02 -1.6549e+00 -1.0784e+00 +1.2147e+00 -1.0621e-01 +1.2327e+00
918 +1.897181445e-02 +1.897181445e-02 -1.237110282e+02 -1.237110282e+02 -1.6551e+00 -1.0785e+00 +1.2147e+00 -1.0629e-01 +1.2327e+00
929 +1.839442602e-02 +1.839442602e-02 -1.237116056e+02 -1.237116056e+02 -1.6551e+00 -1.0785e+00 +1.2147e+00 -1.0627e-01 +1.2328e+00
1061 +1.810831056e-02 +1.810831056e-02 -1.237118917e+02 -1.237118917e+02 -1.6551e+00 -1.0785e+00 +1.2147e+00 -1.0633e-01 +1.2327e+00
1189 +1.762658047e-02 +1.762658047e-02 -1.237123734e+02 -1.237123734e+02 -1.6551e+00 -1.0785e+00 +1.2147e+00 -1.0631e-01 +1.2327e+00
% function evaluation | noise-free fitness - Fopt (-1.322100000000e+02) | best noise-free fitness - Fopt | measured fitness | best measured fitness | x1 | x2...
1 +6.311192672e+01 +6.311192672e+01 -6.909807328e+01 -6.909807328e+01 +0.0000e+00 +0.0000e+00 +0.0000e+00 +0.0000e+00 +0.0000e+00
2 +4.753406222e+01 +4.753406222e+01 -8.467593778e+01 -8.467593778e+01 -4.0481e-01 +6.9817e-01 +3.1439e-01 -1.0033e+00 -4.6814e-01
3 +4.021458937e+01 +4.021458937e+01 -9.199541063e+01 -9.199541063e+01 -1.4589e-01 +1.0187e+00 -8.6520e-01 -9.3143e-02 -4.1304e-01
26 +2.692941170e+01 +2.692941170e+01 -1.052805883e+02 -1.052805883e+02 +6.7154e-01 +4.7959e-01 -1.5155e+00 -7.1001e-01 +1.0956e+00
35 +1.100018649e+01 +1.100018649e+01 -1.212098135e+02 -1.212098135e+02 +9.5305e-01 -1.3322e-01 -1.6660e+00 -2.5230e-01 +8.4448e-01
285 +1.032515997e+01 +1.032515997e+01 -1.218848400e+02 -1.218848400e+02 +2.2814e+00 +1.2751e+00 +1.2248e+00 +2.4928e+00 -3.8756e+00
304 +4.491985108e+00 +4.491985108e+00 -1.277180149e+02 -1.277180149e+02 +2.8276e+00 +1.3354e+00 +1.2163e+00 +3.1953e+00 -3.4916e+00
424 +3.077301530e+00 +3.077301530e+00 -1.291326985e+02 -1.291326985e+02 +3.3234e+00 +8.8125e-01 +1.3634e+00 +3.8787e+00 -3.3606e+00
481 +2.654139852e+00 +2.654139852e+00 -1.295558601e+02 -1.295558601e+02 +3.2644e+00 +6.4835e-01 +1.5369e+00 +3.5138e+00 -3.4600e+00
496 +1.677243828e+00 +1.677243828e+00 -1.305327562e+02 -1.305327562e+02 +3.2620e+00 +7.0348e-01 +1.4488e+00 +3.5275e+00 -3.3214e+00
564 +1.140643109e+00 +1.140643109e+00 -1.310693569e+02 -1.310693569e+02 +3.2111e+00 +6.8955e-01 +1.5292e+00 +3.5324e+00 -3.4763e+00
593 +1.106964946e+00 +1.106964946e+00 -1.311030351e+02 -1.311030351e+02 +3.2089e+00 +7.5306e-01 +1.4805e+00 +3.4987e+00 -3.4025e+00
613 +7.174215826e-01 +7.174215826e-01 -1.314925784e+02 -1.314925784e+02 +3.2082e+00 +7.8150e-01 +1.4679e+00 +3.4887e+00 -3.4084e+00
631 +6.887004976e-01 +6.887004976e-01 -1.315212995e+02 -1.315212995e+02 +3.1762e+00 +7.8469e-01 +1.4631e+00 +3.4715e+00 -3.4190e+00
638 +5.492028167e-01 +5.492028167e-01 -1.316607972e+02 -1.316607972e+02 +3.1586e+00 +7.9773e-01 +1.4447e+00 +3.4819e+00 -3.4400e+00
767 +4.727287515e-01 +4.727287515e-01 -1.317372712e+02 -1.317372712e+02 +3.1734e+00 +8.0455e-01 +1.4478e+00 +3.4914e+00 -3.4386e+00
774 +3.920828362e-01 +3.920828362e-01 -1.318179172e+02 -1.318179172e+02 +3.1673e+00 +8.0528e-01 +1.4458e+00 +3.4841e+00 -3.4502e+00
833 +3.674989073e-01 +3.674989073e-01 -1.318425011e+02 -1.318425011e+02 +3.1705e+00 +8.0774e-01 +1.4457e+00 +3.4876e+00 -3.4446e+00
890 +3.232908275e-01 +3.232908275e-01 -1.318867092e+02 -1.318867092e+02 +3.1807e+00 +8.0485e-01 +1.4466e+00 +3.4957e+00 -3.4438e+00
1063 +3.084967455e-01 +3.084967455e-01 -1.319015033e+02 -1.319015033e+02 +3.1793e+00 +8.0620e-01 +1.4472e+00 +3.4952e+00 -3.4435e+00
1199 +3.003815597e-01 +3.003815597e-01 -1.319096184e+02 -1.319096184e+02 +3.1789e+00 +8.0594e-01 +1.4474e+00 +3.4950e+00 -3.4445e+00
1294 +2.909361059e-01 +2.909361059e-01 -1.319190639e+02 -1.319190639e+02 +3.1795e+00 +8.0525e-01 +1.4479e+00 +3.4955e+00 -3.4443e+00
1335 +2.872081051e-01 +2.872081051e-01 -1.319227919e+02 -1.319227919e+02 +3.1796e+00 +8.0528e-01 +1.4479e+00 +3.4955e+00 -3.4443e+00
% function evaluation | noise-free fitness - Fopt (9.533000000000e+01) | best noise-free fitness - Fopt | measured fitness | best measured fitness | x1 | x2...
1 +4.799540057e+01 +4.799540057e+01 +1.433254006e+02 +1.433254006e+02 +0.0000e+00 +0.0000e+00 +0.0000e+00 +0.0000e+00 +0.0000e+00
14 +4.544364907e+01 +4.544364907e+01 +1.407736491e+02 +1.407736491e+02 -6.2725e-02 -7.3346e-01 +5.6365e-01 +1.6070e+00 -4.1772e-01
31 +3.371962350e+01 +3.371962350e+01 +1.290496235e+02 +1.290496235e+02 +1.7956e+00 +2.5163e-01 +7.1760e-01 +1.6634e+00 -8.7889e-01
33 +1.301493734e+01 +1.301493734e+01 +1.083449373e+02 +1.083449373e+02 +9.1290e-01 -1.1795e-01 +1.7390e+00 +8.5544e-01 -5.4704e-01
92 +9.026754741e+00 +9.026754741e+00 +1.043567547e+02 +1.043567547e+02 +8.9113e-01 -4.4823e-01 +6.7984e-01 +2.1888e+00 -5.3047e-01
98 +7.534888652e+00 +7.534888652e+00 +1.028648887e+02 +1.028648887e+02 +8.5010e-01 -1.2428e-01 +9.8302e-01 +1.4251e+00 -3.8665e-01
168 +5.669916777e+00 +5.669916777e+00 +1.009999168e+02 +1.009999168e+02 +1.1472e+00 -1.2671e+00 +8.3412e-01 +2.5764e+00 -6.1538e-01
188 +3.561888972e+00 +3.561888972e+00 +9.889188897e+01 +9.889188897e+01 +1.3851e+00 -1.1527e+00 +7.6100e-01 +2.3835e+00 -5.0909e-01
210 +3.286829858e+00 +3.286829858e+00 +9.861682986e+01 +9.861682986e+01 +1.2236e+00 -1.2002e+00 +8.6173e-01 +2.4956e+00 -6.8000e-01
223 +2.187561013e+00 +2.187561013e+00 +9.751756101e+01 +9.751756101e+01 +1.1742e+00 -1.0485e+00 +8.1166e-01 +2.3641e+00 -5.9099e-01
366 +2.033167796e+00 +2.033167796e+00 +9.736316780e+01 +9.736316780e+01 +1.2297e+00 -1.0951e+00 +8.1805e-01 +2.3926e+00 -6.4716e-01
372 +1.369124768e+00 +1.369124768e+00 +9.669912477e+01 +9.669912477e+01 +1.2231e+00 -1.0666e+00 +8.0829e-01 +2.3657e+00 -6.7494e-01
386 +1.132161794e+00 +1.132161794e+00 +9.646216179e+01 +9.646216179e+01 +1.2299e+00 -1.0851e+00 +8.2765e-01 +2.3914e+00 -6.8750e-01
436 +1.000452445e+00 +1.000452445e+00 +9.633045244e+01 +9.633045244e+01 +1.2182e+00 -1.1212e+00 +8.6063e-01 +2.4141e+00 -7.3382e-01
442 +8.152699756e-01 +8.152699756e-01 +9.614526998e+01 +9.614526998e+01 +1.2270e+00 -1.1006e+00 +8.4430e-01 +2.3913e+00 -7.1777e-01
486 +7.409620032e-01 +7.409620032e-01 +9.607096200e+01 +9.607096200e+01 +1.1973e+00 -1.0940e+00 +8.5292e-01 +2.3860e+00 -7.2846e-01
517 +7.134281546e-01 +7.134281546e-01 +9.604342815e+01 +9.604342815e+01 +1.2098e+00 -1.1004e+00 +8.6447e-01 +2.3919e+00 -7.3210e-01
519 +5.542746650e-01 +5.542746650e-01 +9.588427466e+01 +9.588427466e+01 +1.2025e+00 -1.0904e+00 +8.5274e-01 +2.3912e+00 -7.2290e-01
553 +5.474094937e-01 +5.474094937e-01 +9.587740949e+01 +9.587740949e+01 +1.1973e+00 -1.0848e+00 +8.5250e-01 +2.3947e+00 -7.2065e-01
561 +5.276850394e-01 +5.276850394e-01 +9.585768504e+01 +9.585768504e+01 +1.1859e+00 -1.0762e+00 +8.5205e-01 +2.3911e+00 -7.2271e-01
597 +4.455754885e-01 +4.455754885e-01 +9.577557549e+01 +9.577557549e+01 +1.1895e+00 -1.0767e+00 +8.5062e-01 +2.3878e+00 -7.2260e-01
615 +4.213490195e-01 +4.213490195e-01 +9.575134902e+01 +9.575134902e+01 +1.1897e+00 -1.0763e+00 +8.5164e-01 +2.3877e+00 -7.2268e-01
669 +4.165701694e-01 +4.165701694e-01 +9.574657017e+01 +9.574657017e+01 +1.1905e+00 -1.0787e+00 +8.5011e-01 +2.3855e+00 -7.2310e-01
672 +3.928802211e-01 +3.928802211e-01 +9.572288022e+01 +9.572288022e+01 +1.1898e+00 -1.0780e+00 +8.5216e-01 +2.3893e+00 -7.2330e-01
956 +3.810347821e-01 +3.810347821e-01 +9.571103478e+01 +9.571103478e+01 +1.1921e+00 -1.0777e+00 +8.5097e-01 +2.3877e+00 -7.2251e-01
1003 +3.786605997e-01 +3.786605997e-01 +9.570866060e+01 +9.570866060e+01 +1.1920e+00 -1.0776e+00 +8.5097e-01 +2.3877e+00 -7.2249e-01
% function evaluation | noise-free fitness - Fopt (6.870000000000e+01) | best noise-free fitness - Fopt | measured fitness | best measured fitness | x1 | x2...
1 +5.200873613e+01 +5.200873613e+01 +1.207087361e+02 +1.207087361e+02 +0.0000e+00 +0.0000e+00 +0.0000e+00 +0.0000e+00 +0.0000e+00
4 +3.478579779e+01 +3.478579779e+01 +1.034857978e+02 +1.034857978e+02 +1.4782e-01 +3.1537e-01 +5.6870e-02 -7.1961e-01 +9.7840e-02
13 +1.273231015e+01 +1.273231015e+01 +8.143231015e+01 +8.143231015e+01 +3.8352e-01 +6.0772e-01 -1.9929e-01 -9.1292e-01 +5.9396e-01
54 +1.138249612e+01 +1.138249612e+01 +8.008249612e+01 +8.008249612e+01 -7.9348e-01 -5.9636e-01 -1.1428e-01 -1.6466e+00 +2.5891e+00
100 +8.833467497e+00 +8.833467497e+00 +7.753346750e+01 +7.753346750e+01 -1.3108e+00 -6.0250e-01 +3.7424e-01 -1.3008e+00 +2.3085e+00
105 +3.958244208e+00 +3.958244208e+00 +7.265824421e+01 +7.265824421e+01 -1.1750e+00 -7.9032e-01 +2.0794e-01 -1.0198e+00 +2.5286e+00
114 +1.987228827e+00 +1.987228827e+00 +7.068722883e+01 +7.068722883e+01 -1.2683e+00 -9.3474e-01 +1.8447e-01 -9.3199e-01 +2.0415e+00
280 +1.869640319e+00 +1.869640319e+00 +7.056964032e+01 +7.056964032e+01 -1.2459e+00 -8.2426e-01 +3.3089e-01 -1.1265e+00 +2.0976e+00
294 +1.585129332e+00 +1.585129332e+00 +7.028512933e+01 +7.028512933e+01 -1.2367e+00 -8.0511e-01 +3.3096e-01 -1.1577e+00 +2.0621e+00
303 +1.441115227e+00 +1.441115227e+00 +7.014111523e+01 +7.014111523e+01 -1.2367e+00 -7.6035e-01 +3.1191e-01 -1.1851e+00 +2.0556e+00
310 +1.300955106e+00 +1.300955106e+00 +7.000095511e+01 +7.000095511e+01 -1.2246e+00 -8.3376e-01 +3.2777e-01 -1.1223e+00 +2.0821e+00
350 +1.118815115e+00 +1.118815115e+00 +6.981881511e+01 +6.981881511e+01 -1.2484e+00 -8.4603e-01 +2.7188e-01 -1.1076e+00 +2.1536e+00
358 +1.033933112e+00 +1.033933112e+00 +6.973393311e+01 +6.973393311e+01 -1.2620e+00 -8.4255e-01 +2.6618e-01 -1.0969e+00 +2.1382e+00
429 +9.999525472e-01 +9.999525472e-01 +6.969995255e+01 +6.969995255e+01 -1.2605e+00 -8.4148e-01 +2.4166e-01 -1.1005e+00 +2.1390e+00
449 +8.205427676e-01 +8.205427676e-01 +6.952054277e+01 +6.952054277e+01 -1.2529e+00 -8.3332e-01 +2.3978e-01 -1.1045e+00 +2.1363e+00
478 +8.020034434e-01 +8.020034434e-01 +6.950200344e+01 +6.950200344e+01 -1.2477e+00 -8.2923e-01 +2.2387e-01 -1.1032e+00 +2.1318e+00
480 +7.477015836e-01 +7.477015836e-01 +6.944770158e+01 +6.944770158e+01 -1.2485e+00 -8.3082e-01 +2.3425e-01 -1.1080e+00 +2.1369e+00
490 +6.881079831e-01 +6.881079831e-01 +6.938810798e+01 +6.938810798e+01 -1.2467e+00 -8.2438e-01 +2.3479e-01 -1.1146e+00 +2.1365e+00
560 +6.654496409e-01 +6.654496409e-01 +6.936544964e+01 +6.936544964e+01 -1.2441e+00 -8.2349e-01 +2.2074e-01 -1.1119e+00 +2.1325e+00
561 +6.338112939e-01 +6.338112939e-01 +6.933381129e+01 +6.933381129e+01 -1.2419e+00 -8.2799e-01 +2.1931e-01 -1.1076e+00 +2.1307e+00
587 +6.167018981e-01 +6.167018981e-01 +6.931670190e+01 +6.931670190e+01 -1.2427e+00 -8.2531e-01 +2.2200e-01 -1.1105e+00 +2.1292e+00
596 +6.072565302e-01 +6.072565302e-01 +6.930725653e+01 +6.930725653e+01 -1.2419e+00 -8.2647e-01 +2.2199e-01 -1.1106e+00 +2.1288e+00
615 +5.876743778e-01 +5.876743778e-01 +6.928767438e+01 +6.928767438e+01 -1.2419e+00 -8.2275e-01 +2.1837e-01 -1.1106e+00 +2.1269e+00
693 +5.656523520e-01 +5.656523520e-01 +6.926565235e+01 +6.926565235e+01 -1.2413e+00 -8.2319e-01 +2.1882e-01 -1.1115e+00 +2.1278e+00
728 +5.507855910e-01 +5.507855910e-01 +6.925078559e+01 +6.925078559e+01 -1.2411e+00 -8.2225e-01 +2.1858e-01 -1.1120e+00 +2.1275e+00
752 +5.446575398e-01 +5.446575398e-01 +6.924465754e+01 +6.924465754e+01 -1.2417e+00 -8.2304e-01 +2.1909e-01 -1.1112e+00 +2.1281e+00
938 +5.358938290e-01 +5.358938290e-01 +6.923589383e+01 +6.923589383e+01 -1.2413e+00 -8.2253e-01 +2.1869e-01 -1.1117e+00 +2.1274e+00
957 +5.226839669e-01 +5.226839669e-01 +6.922268397e+01 +6.922268397e+01 -1.2414e+00 -8.2259e-01 +2.1887e-01 -1.1117e+00 +2.1273e+00
1012 +5.128256522e-01 +5.128256522e-01 +6.921282565e+01 +6.921282565e+01 -1.2414e+00 -8.2286e-01 +2.1864e-01 -1.1114e+00 +2.1273e+00
% function evaluation | noise-free fitness - Fopt (-7.740000000000e+00) | best noise-free fitness - Fopt | measured fitness | best measured fitness | x1 | x2...
1 +7.369273482e+01 +7.369273482e+01 +6.595273482e+01 +6.595273482e+01 +0.0000e+00 +0.0000e+00 +0.0000e+00 +0.0000e+00 +0.0000e+00
3 +4.685551027e+01 +4.685551027e+01 +3.911551027e+01 +3.911551027e+01 -6.3144e-01 +2.4792e-02 +2.8376e-01 +1.2937e+00 -6.6415e-01
7 +3.262361684e+01 +3.262361684e+01 +2.488361684e+01 +2.488361684e+01 -2.2155e-02 -5.4454e-01 +2.0537e+00 -7.9295e-01 -1.1781e+00
28 +1.672825449e+01 +1.672825449e+01 +8.988254487e+00 +8.988254487e+00 -3.3043e+00 -1.7314e+00 +6.0338e-01 -1.1184e+00 -1.8584e+00
107 +4.805845664e+00 +4.805845664e+00 -2.934154336e+00 -2.934154336e+00 -5.1575e+00 +9.5977e-02 -7.2883e-01 +2.6139e+00 +3.0601e+00
130 +4.568053297e+00 +4.568053297e+00 -3.171946703e+00 -3.171946703e+00 -5.9577e+00 +6.4872e-01 +2.3006e-01 +3.4065e+00 +3.4145e+00
740 +3.106959413e+00 +3.106959413e+00 -4.633040587e+00 -4.633040587e+00 -5.8613e+00 +7.8432e-01 -1.7092e-01 +4.9176e+00 -2.1490e+00
755 +2.599413062e+00 +2.599413062e+00 -5.140586938e+00 -5.140586938e+00 -5.8433e+00 +9.1250e-01 -3.2305e-01 +5.1809e+00 -2.2583e+00
932 +2.474149056e+00 +2.474149056e+00 -5.265850944e+00 -5.265850944e+00 -5.7585e+00 +6.6192e-01 -4.6108e-01 +5.2936e+00 -2.4151e+00
951 +2.056684692e+00 +2.056684692e+00 -5.683315308e+00 -5.683315308e+00 -5.8021e+00 +7.3776e-01 -4.7797e-01 +5.3299e+00 -2.3885e+00
1009 +2.035049107e+00 +2.035049107e+00 -5.704950893e+00 -5.704950893e+00 -5.8152e+00 +8.0753e-01 -4.3856e-01 +5.3264e+00 -2.3321e+00
1012 +1.904225772e+00 +1.904225772e+00 -5.835774228e+00 -5.835774228e+00 -5.8247e+00 +7.7501e-01 -4.6725e-01 +5.3387e+00 -2.3674e+00
1105 +1.812610802e+00 +1.812610802e+00 -5.927389198e+00 -5.927389198e+00 -5.8138e+00 +7.6162e-01 -4.7446e-01 +5.3526e+00 -2.3827e+00
1175 +1.775301173e+00 +1.775301173e+00 -5.964698827e+00 -5.964698827e+00 -5.8125e+00 +7.5966e-01 -4.7286e-01 +5.3468e+00 -2.3813e+00
1309 +1.727347093e+00 +1.727347093e+00 -6.012652907e+00 -6.012652907e+00 -5.8156e+00 +7.6119e-01 -4.6847e-01 +5.3442e+00 -2.3797e+00
1763 +1.698156606e+00 +1.698156606e+00 -6.041843394e+00 -6.041843394e+00 -5.8160e+00 +7.6324e-01 -4.6615e-01 +5.3441e+00 -2.3773e+00
% function evaluation | noise-free fitness - Fopt (-2.193300000000e+02) | best noise-free fitness - Fopt | measured fitness | best measured fitness | x1 | x2...
1 +1.165746758e+02 +1.165746758e+02 -1.027553242e+02 -1.027553242e+02 +0.0000e+00 +0.0000e+00 +0.0000e+00 +0.0000e+00 +0.0000e+00
2 +1.115829951e+02 +1.115829951e+02 -1.077470049e+02 -1.077470049e+02 +4.1708e-02 +4.7486e-01 -3.4567e-01 +2.4528e-01 -4.9118e-02
4 +5.992773713e+01 +5.992773713e+01 -1.594022629e+02 -1.594022629e+02 -7.4802e-01 +5.4383e-01 +9.1220e-01 +3.1685e-01 +6.2810e-01
8 +5.609688401e+01 +5.609688401e+01 -1.632331160e+02 -1.632331160e+02 +3.9248e-02 -2.1200e+00 -1.4725e+00 +5.6755e-01 +1.1836e+00
11 +3.478769433e+01 +3.478769433e+01 -1.845423057e+02 -1.845423057e+02 -7.3421e-01 +1.2870e-01 +1.8953e+00 +9.4044e-01 -1.2368e+00
16 +1.762647799e+01 +1.762647799e+01 -2.017035220e+02 -2.017035220e+02 -1.2396e+00 -3.2960e-01 +9.8681e-01 -8.5342e-02 -9.2149e-01
92 +1.570163606e+01 +1.570163606e+01 -2.036283639e+02 -2.036283639e+02 -8.3654e-01 +1.9760e+00 -2.5681e-01 -1.7393e-01 -2.0802e+00
137 +1.503017058e+01 +1.503017058e+01 -2.042998294e+02 -2.042998294e+02 -9.3257e-01 +2.0787e+00 -3.7586e-01 -7.7925e-01 -3.9207e+00
143 +1.424313609e+01 +1.424313609e+01 -2.050868639e+02 -2.050868639e+02 -6.8214e-01 +2.5615e+00 -1.0770e-02 -9.3635e-01 -3.4093e+00
151 +1.308059568e+01 +1.308059568e+01 -2.062494043e+02 -2.062494043e+02 -1.2081e+00 +2.6927e+00 +1.1761e+00 -1.2141e+00 -3.4636e+00
267 +1.084102131e+01 +1.084102131e+01 -2.084889787e+02 -2.084889787e+02 -2.5144e+00 +2.4478e+00 +7.4669e-01 -9.9245e-01 -3.9397e+00
276 +2.176461909e+00 +2.176461909e+00 -2.171535381e+02 -2.171535381e+02 -2.6277e+00 +2.7605e+00 +9.9194e-01 -1.2303e+00 -4.2074e+00
596 +1.992402305e+00 +1.992402305e+00 -2.173375977e+02 -2.173375977e+02 -3.1236e+00 +2.5158e+00 +4.7495e+00 -6.2955e-01 -2.2944e+00
613 +1.480631568e+00 +1.480631568e+00 -2.178493684e+02 -2.178493684e+02 -3.1344e+00 +2.5598e+00 +4.6658e+00 -6.4545e-01 -2.2601e+00
621 +1.437765951e+00 +1.437765951e+00 -2.178922340e+02 -2.178922340e+02 -3.1328e+00 +2.5979e+00 +4.6831e+00 -6.1455e-01 -2.2375e+00
644 +1.359496224e+00 +1.359496224e+00 -2.179705038e+02 -2.179705038e+02 -3.1153e+00 +2.5975e+00 +4.6878e+00 -6.0332e-01 -2.2294e+00
648 +1.230850191e+00 +1.230850191e+00 -2.180991498e+02 -2.180991498e+02 -3.1012e+00 +2.5937e+00 +4.6891e+00 -6.0090e-01 -2.2151e+00
649 +1.170529285e+00 +1.170529285e+00 -2.181594707e+02 -2.181594707e+02 -3.0935e+00 +2.5911e+00 +4.6833e+00 -5.8320e-01 -2.2205e+00
658 +1.106607679e+00 +1.106607679e+00 -2.182233923e+02 -2.182233923e+02 -3.0926e+00 +2.6083e+00 +4.6944e+00 -5.8457e-01 -2.2236e+00
678 +9.408156511e-01 +9.408156511e-01 -2.183891843e+02 -2.183891843e+02 -3.0987e+00 +2.6222e+00 +4.6960e+00 -5.6723e-01 -2.2378e+00
698 +7.823392257e-01 +7.823392257e-01 -2.185476608e+02 -2.185476608e+02 -3.1151e+00 +2.6152e+00 +4.6807e+00 -5.8792e-01 -2.2428e+00
701 +7.425382281e-01 +7.425382281e-01 -2.185874618e+02 -2.185874618e+02 -3.1029e+00 +2.6134e+00 +4.6837e+00 -5.8235e-01 -2.2324e+00
786 +7.291058309e-01 +7.291058309e-01 -2.186008942e+02 -2.186008942e+02 -3.0956e+00 +2.6275e+00 +4.6847e+00 -5.7620e-01 -2.2247e+00
842 +7.025218925e-01 +7.025218925e-01 -2.186274781e+02 -2.186274781e+02 -3.0917e+00 +2.6272e+00 +4.6820e+00 -5.7638e-01 -2.2239e+00
870 +6.233120660e-01 +6.233120660e-01 -2.187066879e+02 -2.187066879e+02 -3.0922e+00 +2.6295e+00 +4.6835e+00 -5.7400e-01 -2.2228e+00
949 +6.073439495e-01 +6.073439495e-01 -2.187226561e+02 -2.187226561e+02 -3.0900e+00 +2.6313e+00 +4.6842e+00 -5.7229e-01 -2.2222e+00
987 +5.985676747e-01 +5.985676747e-01 -2.187314323e+02 -2.187314323e+02 -3.0897e+00 +2.6314e+00 +4.6828e+00 -5.7283e-01 -2.2217e+00
1004 +5.843934543e-01 +5.843934543e-01 -2.187456065e+02 -2.187456065e+02 -3.0897e+00 +2.6327e+00 +4.6826e+00 -5.7130e-01 -2.2224e+00
1042 +5.621392598e-01 +5.621392598e-01 -2.187678607e+02 -2.187678607e+02 -3.0885e+00 +2.6341e+00 +4.6836e+00 -5.6938e-01 -2.2217e+00
1103 +5.463044642e-01 +5.463044642e-01 -2.187836955e+02 -2.187836955e+02 -3.0881e+00 +2.6347e+00 +4.6830e+00 -5.6969e-01 -2.2222e+00
1209 +5.363630898e-01 +5.363630898e-01 -2.187936369e+02 -2.187936369e+02 -3.0880e+00 +2.6340e+00 +4.6826e+00 -5.6954e-01 -2.2218e+00
1285 +5.219657580e-01 +5.219657580e-01 -2.188080342e+02 -2.188080342e+02 -3.0878e+00 +2.6339e+00 +4.6826e+00 -5.6985e-01 -2.2213e+00
1368 +5.116559892e-01 +5.116559892e-01 -2.188183440e+02 -2.188183440e+02 -3.0879e+00 +2.6338e+00 +4.6829e+00 -5.6980e-01 -2.2214e+00
% function evaluation | noise-free fitness - Fopt (6.513000000000e+01) | best noise-free fitness - Fopt | measured fitness | best measured fitness | x1 | x2...
1 +1.049145577e+02 +1.049145577e+02 +1.700445577e+02 +1.700445577e+02 +0.0000e+00 +0.0000e+00 +0.0000e+00 +0.0000e+00 +0.0000e+00
4 +5.971729137e+01 +5.971729137e+01 +1.248472914e+02 +1.248472914e+02 -7.0284e-01 -1.1169e-01 -1.2306e+00 -1.3108e+00 +3.7416e-01
6 +1.177556197e+01 +1.177556197e+01 +7.690556197e+01 +7.690556197e+01 -2.4819e-01 -6.4302e-01 +4.8478e-01 +3.9750e-01 -6.2712e-01
10 +5.564958509e+00 +5.564958509e+00 +7.069495851e+01 +7.069495851e+01 +3.4980e-02 -1.1676e+00 -1.4347e+00 -2.0579e-02 -1.7787e-01
120 +3.518872418e+00 +3.518872418e+00 +6.864887242e+01 +6.864887242e+01 -9.5400e-01 -1.0921e+00 +8.7566e-01 -1.1447e-02 -6.4969e-01
129 +2.012582121e+00 +2.012582121e+00 +6.714258212e+01 +6.714258212e+01 -8.1791e-01 -9.5036e-01 +7.8006e-01 +1.8604e-01 -5.4798e-01
250 +1.651040458e+00 +1.651040458e+00 +6.678104046e+01 +6.678104046e+01 -6.5640e-01 -1.1149e+00 +6.8975e-01 +6.2018e-01 -6.9558e-01
294 +1.508335182e+00 +1.508335182e+00 +6.663833518e+01 +6.663833518e+01 -5.8895e-01 -1.0581e+00 +6.4924e-01 +7.3864e-01 -5.8661e-01
343 +1.141529728e+00 +1.141529728e+00 +6.627152973e+01 +6.627152973e+01 -5.3510e-01 -1.1138e+00 +6.2317e-01 +7.7472e-01 -5.8303e-01
373 +9.276986048e-01 +9.276986048e-01 +6.605769860e+01 +6.605769860e+01 -5.8580e-01 -1.0893e+00 +6.2655e-01 +7.4899e-01 -5.5901e-01
387 +8.972294894e-01 +8.972294894e-01 +6.602722949e+01 +6.602722949e+01 -5.3675e-01 -1.0789e+00 +6.2798e-01 +7.5430e-01 -5.5513e-01
412 +7.492782245e-01 +7.492782245e-01 +6.587927822e+01 +6.587927822e+01 -5.5992e-01 -1.0840e+00 +6.3103e-01 +7.2973e-01 -5.6460e-01
440 +6.240652733e-01 +6.240652733e-01 +6.575406527e+01 +6.575406527e+01 -5.6802e-01 -1.0881e+00 +6.3923e-01 +7.3067e-01 -5.5194e-01
453 +5.349160393e-01 +5.349160393e-01 +6.566491604e+01 +6.566491604e+01 -5.7018e-01 -1.0848e+00 +6.3546e-01 +7.2116e-01 -5.5757e-01
471 +4.980353585e-01 +4.980353585e-01 +6.562803536e+01 +6.562803536e+01 -5.8133e-01 -1.0939e+00 +6.3617e-01 +7.2564e-01 -5.5553e-01
488 +4.415954769e-01 +4.415954769e-01 +6.557159548e+01 +6.557159548e+01 -5.7077e-01 -1.1002e+00 +6.2891e-01 +7.4061e-01 -5.5782e-01
508 +4.301278700e-01 +4.301278700e-01 +6.556012787e+01 +6.556012787e+01 -5.6537e-01 -1.0962e+00 +6.3183e-01 +7.3766e-01 -5.6188e-01
602 +4.230765445e-01 +4.230765445e-01 +6.555307654e+01 +6.555307654e+01 -5.7134e-01 -1.1009e+00 +6.2984e-01 +7.4254e-01 -5.5752e-01
623 +4.149228659e-01 +4.149228659e-01 +6.554492287e+01 +6.554492287e+01 -5.6764e-01 -1.0996e+00 +6.2937e-01 +7.4235e-01 -5.5777e-01
643 +3.765845955e-01 +3.765845955e-01 +6.550658460e+01 +6.550658460e+01 -5.6785e-01 -1.0976e+00 +6.3093e-01 +7.3977e-01 -5.5832e-01
668 +3.681150980e-01 +3.681150980e-01 +6.549811510e+01 +6.549811510e+01 -5.6706e-01 -1.0964e+00 +6.3161e-01 +7.3901e-01 -5.5816e-01
715 +3.508596980e-01 +3.508596980e-01 +6.548085970e+01 +6.548085970e+01 -5.6698e-01 -1.0968e+00 +6.3090e-01 +7.3785e-01 -5.5731e-01
731 +3.445882860e-01 +3.445882860e-01 +6.547458829e+01 +6.547458829e+01 -5.6655e-01 -1.0955e+00 +6.3118e-01 +7.3744e-01 -5.5677e-01
779 +3.359640908e-01 +3.359640908e-01 +6.546596409e+01 +6.546596409e+01 -5.6626e-01 -1.0961e+00 +6.3136e-01 +7.3766e-01 -5.5686e-01
817 +3.297924510e-01 +3.297924510e-01 +6.545979245e+01 +6.545979245e+01 -5.6676e-01 -1.0957e+00 +6.3141e-01 +7.3730e-01 -5.5688e-01
842 +3.227633361e-01 +3.227633361e-01 +6.545276334e+01 +6.545276334e+01 -5.6650e-01 -1.0963e+00 +6.3130e-01 +7.3751e-01 -5.5702e-01
926 +3.142780586e-01 +3.142780586e-01 +6.544427806e+01 +6.544427806e+01 -5.6673e-01 -1.0965e+00 +6.3135e-01 +7.3748e-01 -5.5715e-01
1072 +3.089836435e-01 +3.089836435e-01 +6.543898364e+01 +6.543898364e+01 -5.6704e-01 -1.0967e+00 +6.3128e-01 +7.3753e-01 -5.5718e-01
% function evaluation | noise-free fitness - Fopt (-5.469000000000e+01) | best noise-free fitness - Fopt | measured fitness | best measured fitness | x1 | x2...
1 +5.200299366e+01 +5.200299366e+01 -2.687006339e+00 -2.687006339e+00 +0.0000e+00 +0.0000e+00 +0.0000e+00 +0.0000e+00 +0.0000e+00
2 +1.948685429e+01 +1.948685429e+01 -3.520314571e+01 -3.520314571e+01 +1.3261e-01 -2.2057e+00 -6.7404e-01 +1.4557e-01 -2.8009e-01
18 +9.641041111e+00 +9.641041111e+00 -4.504895889e+01 -4.504895889e+01 +1.4343e+00 -3.2505e+00 +6.1250e-01 -7.1279e-01 -2.0820e+00
19 +8.509527884e+00 +8.509527884e+00 -4.618047212e+01 -4.618047212e+01 +7.2780e-01 -1.3545e+00 +1.1267e-01 -1.4898e-01 +8.6701e-02
54 +7.002572854e+00 +7.002572854e+00 -4.768742715e+01 -4.768742715e+01 +1.0318e+00 -1.7951e+00 +2.6987e-01 -8.9370e-01 +3.2155e-01
191 +3.420912809e+00 +3.420912809e+00 -5.126908719e+01 -5.126908719e+01 +1.6298e-01 +4.4296e-01 -1.7693e-01 +1.2536e+00 +1.1730e+00
276 +3.264670133e+00 +3.264670133e+00 -5.142532987e+01 -5.142532987e+01 +2.7565e-01 +6.2016e-01 +4.6096e-03 +9.4953e-01 +8.0306e-01
286 +2.628536764e+00 +2.628536764e+00 -5.206146324e+01 -5.206146324e+01 +3.7532e-01 +7.2837e-01 -9.7876e-02 +9.9537e-01 +9.3928e-01
333 +2.465865460e+00 +2.465865460e+00 -5.222413454e+01 -5.222413454e+01 +3.5331e-01 +7.0700e-01 -4.6967e-02 +1.0670e+00 +8.5789e-01
343 +2.181237564e+00 +2.181237564e+00 -5.250876244e+01 -5.250876244e+01 +2.5228e-01 +5.8480e-01 -8.2451e-02 +1.1206e+00 +8.5452e-01
353 +1.464017418e+00 +1.464017418e+00 -5.322598258e+01 -5.322598258e+01 +1.9994e-01 +5.9233e-01 +5.3453e-02 +1.1559e+00 +7.8770e-01
379 +1.355476604e+00 +1.355476604e+00 -5.333452340e+01 -5.333452340e+01 +2.7389e-01 +6.6282e-01 +6.8465e-02 +1.0401e+00 +8.1191e-01
403 +1.032138050e+00 +1.032138050e+00 -5.365786195e+01 -5.365786195e+01 +1.7436e-01 +4.4943e-01 +5.0372e-02 +1.1949e+00 +8.0173e-01
410 +6.273086443e-01 +6.273086443e-01 -5.406269136e+01 -5.406269136e+01 +1.3574e-01 +4.6690e-01 +1.3905e-01 +1.2195e+00 +8.1004e-01
482 +4.803235168e-01 +4.803235168e-01 -5.420967648e+01 -5.420967648e+01 +1.2718e-01 +4.6840e-01 +1.3189e-01 +1.2009e+00 +7.8698e-01
518 +4.059910556e-01 +4.059910556e-01 -5.428400894e+01 -5.428400894e+01 +1.2338e-01 +4.8351e-01 +1.5606e-01 +1.2027e+00 +7.9260e-01
535 +3.196541307e-01 +3.196541307e-01 -5.437034587e+01 -5.437034587e+01 +1.1489e-01 +4.6086e-01 +1.6409e-01 +1.2161e+00 +7.8263e-01
620 +3.067866927e-01 +3.067866927e-01 -5.438321331e+01 -5.438321331e+01 +9.4063e-02 +4.5773e-01 +1.8054e-01 +1.2295e+00 +7.7207e-01
652 +2.538724352e-01 +2.538724352e-01 -5.443612756e+01 -5.443612756e+01 +1.0097e-01 +4.5684e-01 +1.7988e-01 +1.2142e+00 +7.7777e-01
654 +2.016272885e-01 +2.016272885e-01 -5.448837271e+01 -5.448837271e+01 +9.7492e-02 +4.5716e-01 +1.7974e-01 +1.2210e+00 +7.7445e-01
664 +1.830944620e-01 +1.830944620e-01 -5.450690554e+01 -5.450690554e+01 +9.5331e-02 +4.5334e-01 +1.8222e-01 +1.2210e+00 +7.8000e-01
928 +1.817101738e-01 +1.817101738e-01 -5.450828983e+01 -5.450828983e+01 +1.0544e-01 +4.5772e-01 +1.7113e-01 +1.2135e+00 +7.7606e-01
935 +1.695744561e-01 +1.695744561e-01 -5.452042554e+01 -5.452042554e+01 +1.0541e-01 +4.5741e-01 +1.7034e-01 +1.2135e+00 +7.7628e-01
968 +1.650196403e-01 +1.650196403e-01 -5.452498036e+01 -5.452498036e+01 +1.0515e-01 +4.5735e-01 +1.7064e-01 +1.2138e+00 +7.7623e-01
1061 +1.617365486e-01 +1.617365486e-01 -5.452826345e+01 -5.452826345e+01 +1.0479e-01 +4.5721e-01 +1.7093e-01 +1.2141e+00 +7.7630e-01
1179 +1.572738654e-01 +1.572738654e-01 -5.453272613e+01 -5.453272613e+01 +1.0421e-01 +4.5754e-01 +1.7244e-01 +1.2144e+00 +7.7633e-01
1275 +1.536588481e-01 +1.536588481e-01 -5.453634115e+01 -5.453634115e+01 +1.0412e-01 +4.5724e-01 +1.7209e-01 +1.2147e+00 +7.7657e-01
1321 +1.502039678e-01 +1.502039678e-01 -5.453979603e+01 -5.453979603e+01 +1.0400e-01 +4.5727e-01 +1.7215e-01 +1.2146e+00 +7.7672e-01
1596 +1.477993378e-01 +1.477993378e-01 -5.454220066e+01 -5.454220066e+01 +1.0403e-01 +4.5726e-01 +1.7213e-01 +1.2146e+00 +7.7671e-01
% function evaluation | noise-free fitness - Fopt (-1.796700000000e+02) | best noise-free fitness - Fopt | measured fitness | best measured fitness | x1 | x2...
1 +9.172299878e+01 +9.172299878e+01 -8.794700122e+01 -8.794700122e+01 +0.0000e+00 +0.0000e+00 +0.0000e+00 +0.0000e+00 +0.0000e+00
2 +4.452805028e+01 +4.452805028e+01 -1.351419497e+02 -1.351419497e+02 -2.1554e+00 +3.7109e-01 -1.8193e+00 +5.9536e-01 +9.1322e-01
8 +4.218983306e+01 +4.218983306e+01 -1.374801669e+02 -1.374801669e+02 +2.9205e-01 +1.7961e+00 +9.3399e-01 -1.2202e+00 -3.1894e-01
11 +3.338695946e+01 +3.338695946e+01 -1.462830405e+02 -1.462830405e+02 +8.1457e-01 +2.2606e-01 -6.7884e-01 +1.6439e-01 +9.6943e-01
33 +2.270769874e+01 +2.270769874e+01 -1.569623013e+02 -1.569623013e+02 +5.2891e-01 -1.7958e-01 -8.6660e-01 +8.0400e-01 +2.7562e+00
75 +1.533648051e+01 +1.533648051e+01 -1.643335195e+02 -1.643335195e+02 +2.2031e-01 +5.2240e-01 -8.7526e-01 +1.3710e+00 +2.6911e+00
105 +9.563759165e+00 +9.563759165e+00 -1.701062408e+02 -1.701062408e+02 -7.8819e-01 -3.2937e-01 -1.9930e+00 +1.2828e+00 +2.7230e+00
203 +9.481798009e+00 +9.481798009e+00 -1.701882020e+02 -1.701882020e+02 -4.2268e-01 -2.0541e-02 -1.3071e+00 +1.2570e+00 +2.6857e+00
217 +8.558806072e+00 +8.558806072e+00 -1.711111939e+02 -1.711111939e+02 -3.3565e-01 -4.7083e-02 -1.2763e+00 +1.2350e+00 +2.7139e+00
237 +7.897093526e+00 +7.897093526e+00 -1.717729065e+02 -1.717729065e+02 -4.5894e-01 +1.0506e-01 -1.3035e+00 +1.2509e+00 +2.7587e+00
244 +7.644222305e+00 +7.644222305e+00 -1.720257777e+02 -1.720257777e+02 -4.6003e-01 -5.8602e-02 -1.4192e+00 +1.2607e+00 +2.6870e+00
290 +7.438038320e+00 +7.438038320e+00 -1.722319617e+02 -1.722319617e+02 -4.1572e-01 -1.2322e-01 -1.4670e+00 +1.2955e+00 +2.5671e+00
300 +6.214376642e+00 +6.214376642e+00 -1.734556234e+02 -1.734556234e+02 -4.5361e-01 -9.5655e-02 -1.4579e+00 +1.2708e+00 +2.6358e+00
338 +5.843166919e+00 +5.843166919e+00 -1.738268331e+02 -1.738268331e+02 -4.3163e-01 -1.1766e-01 -1.4557e+00 +1.2561e+00 +2.6651e+00
352 +5.448787062e+00 +5.448787062e+00 -1.742212129e+02 -1.742212129e+02 -4.4479e-01 -1.2160e-01 -1.4561e+00 +1.2563e+00 +2.6701e+00
366 +4.672774694e+00 +4.672774694e+00 -1.749972253e+02 -1.749972253e+02 -4.1185e-01 -1.1478e-01 -1.4401e+00 +1.2487e+00 +2.6536e+00
416 +4.297308088e+00 +4.297308088e+00 -1.753726919e+02 -1.753726919e+02 -4.2577e-01 -1.1270e-01 -1.4403e+00 +1.2444e+00 +2.6573e+00
552 +4.251654104e+00 +4.251654104e+00 -1.754183459e+02 -1.754183459e+02 -4.1066e-01 -1.1358e-01 -1.4353e+00 +1.2412e+00 +2.6631e+00
621 +4.027986949e+00 +4.027986949e+00 -1.756420131e+02 -1.756420131e+02 -4.1182e-01 -1.1485e-01 -1.4331e+00 +1.2392e+00 +2.6594e+00
683 +3.963695504e+00 +3.963695504e+00 -1.757063045e+02 -1.757063045e+02 -4.1352e-01 -1.1531e-01 -1.4348e+00 +1.2410e+00 +2.6600e+00
712 +3.883990628e+00 +3.883990628e+00 -1.757860094e+02 -1.757860094e+02 -4.1501e-01 -1.1507e-01 -1.4348e+00 +1.2401e+00 +2.6608e+00
861 +3.797230993e+00 +3.797230993e+00 -1.758727690e+02 -1.758727690e+02 -4.1448e-01 -1.1502e-01 -1.4343e+00 +1.2394e+00 +2.6610e+00
% function evaluation | noise-free fitness - Fopt (-8.410000000000e+01) | best noise-free fitness - Fopt | measured fitness | best measured fitness | x1 | x2...
1 +6.332648691e+01 +6.332648691e+01 -2.077351309e+01 -2.077351309e+01 +0.0000e+00 +0.0000e+00 +0.0000e+00 +0.0000e+00 +0.0000e+00
7 +5.446778993e+01 +5.446778993e+01 -2.963221007e+01 -2.963221007e+01 +1.1974e+00 +2.3795e+00 -9.5999e-01 +1.5026e+00 +1.2538e+00
13 +5.212979360e+01 +5.212979360e+01 -3.197020640e+01 -3.197020640e+01 +6.3388e-01 +3.3317e+00 -1.1894e+00 +6.6988e-01 +7.2410e-01
14 +3.723238723e+01 +3.723238723e+01 -4.686761277e+01 -4.686761277e+01 -4.0085e-01 +2.5068e+00 -5.2684e-01 +7.7595e-01 -3.0005e-01
22 +2.483952119e+01 +2.483952119e+01 -5.926047881e+01 -5.926047881e+01 +1.2073e+00 +2.5157e+00 +5.2123e-01 -5.5399e-02 -1.9426e+00
29 +2.071480554e+01 +2.071480554e+01 -6.338519446e+01 -6.338519446e+01 +3.7317e-01 +2.0908e+00 -9.9901e-01 +1.7681e+00 -3.3978e-01
113 +1.549078224e+01 +1.549078224e+01 -6.860921776e+01 -6.860921776e+01 +2.2001e+00 +5.0124e+00 -4.9747e-01 -2.2999e+00 +1.6592e+00
262 +1.525791058e+01 +1.525791058e+01 -6.884208942e+01 -6.884208942e+01 +1.4309e+00 -1.3087e+00 -2.6261e+00 +5.3593e+00 +1.9952e+00
303 +8.565124060e+00 +8.565124060e+00 -7.553487594e+01 -7.553487594e+01 +1.8326e+00 -1.7574e+00 -3.2518e+00 +5.0206e+00 +1.7168e+00
373 +5.403461465e+00 +5.403461465e+00 -7.869653854e+01 -7.869653854e+01 +1.8341e+00 -1.9966e+00 -2.8622e+00 +4.8825e+00 +1.9636e+00
391 +5.264713300e+00 +5.264713300e+00 -7.883528670e+01 -7.883528670e+01 +1.7361e+00 -1.9947e+00 -2.8818e+00 +5.0151e+00 +1.8758e+00
395 +4.595674116e+00 +4.595674116e+00 -7.950432588e+01 -7.950432588e+01 +1.7578e+00 -2.0590e+00 -2.7901e+00 +5.1497e+00 +1.6546e+00
491 +2.517695391e+00 +2.517695391e+00 -8.158230461e+01 -8.158230461e+01 +1.5805e+00 -2.0710e+00 -2.8997e+00 +5.1765e+00 +1.6640e+00
547 +2.100581331e+00 +2.100581331e+00 -8.199941867e+01 -8.199941867e+01 +1.6324e+00 -2.1794e+00 -2.9137e+00 +4.8453e+00 +2.0951e+00
556 +2.021550103e+00 +2.021550103e+00 -8.207844990e+01 -8.207844990e+01 +1.7234e+00 -2.2234e+00 -2.9330e+00 +4.8381e+00 +2.1071e+00
564 +1.307876941e+00 +1.307876941e+00 -8.279212306e+01 -8.279212306e+01 +1.7266e+00 -2.2869e+00 -2.9087e+00 +4.7675e+00 +2.1544e+00
576 +1.277341770e+00 +1.277341770e+00 -8.282265823e+01 -8.282265823e+01 +1.6993e+00 -2.2931e+00 -2.8490e+00 +4.8708e+00 +2.0374e+00
579 +1.241827186e+00 +1.241827186e+00 -8.285817281e+01 -8.285817281e+01 +1.7404e+00 -2.3129e+00 -2.9242e+00 +4.8244e+00 +2.1872e+00
581 +1.111194067e+00 +1.111194067e+00 -8.298880593e+01 -8.298880593e+01 +1.7447e+00 -2.2976e+00 -2.9815e+00 +4.7466e+00 +2.2446e+00
609 +7.922623963e-01 +7.922623963e-01 -8.330773760e+01 -8.330773760e+01 +1.6514e+00 -2.2328e+00 -2.9829e+00 +4.7132e+00 +2.1614e+00
621 +4.577205543e-01 +4.577205543e-01 -8.364227945e+01 -8.364227945e+01 +1.6471e+00 -2.2597e+00 -2.9852e+00 +4.7611e+00 +2.1560e+00
663 +4.159424494e-01 +4.159424494e-01 -8.368405755e+01 -8.368405755e+01 +1.6731e+00 -2.3043e+00 -2.8930e+00 +4.7745e+00 +2.1692e+00
674 +3.458742238e-01 +3.458742238e-01 -8.375412578e+01 -8.375412578e+01 +1.6532e+00 -2.2626e+00 -2.9262e+00 +4.7606e+00 +2.1489e+00
675 +1.794581166e-01 +1.794581166e-01 -8.392054188e+01 -8.392054188e+01 +1.7019e+00 -2.3060e+00 -2.9153e+00 +4.7861e+00 +2.1725e+00
736 +1.725221005e-01 +1.725221005e-01 -8.392747790e+01 -8.392747790e+01 +1.7047e+00 -2.2952e+00 -2.9096e+00 +4.7841e+00 +2.1726e+00
759 +1.544994865e-01 +1.544994865e-01 -8.394550051e+01 -8.394550051e+01 +1.7277e+00 -2.3131e+00 -2.8845e+00 +4.7853e+00 +2.1787e+00
770 +1.376450274e-01 +1.376450274e-01 -8.396235497e+01 -8.396235497e+01 +1.7135e+00 -2.2948e+00 -2.8746e+00 +4.7980e+00 +2.1874e+00
776 +1.315773921e-01 +1.315773921e-01 -8.396842261e+01 -8.396842261e+01 +1.7029e+00 -2.2842e+00 -2.8631e+00 +4.8134e+00 +2.1757e+00
788 +9.241257860e-02 +9.241257860e-02 -8.400758742e+01 -8.400758742e+01 +1.7118e+00 -2.2946e+00 -2.8432e+00 +4.8032e+00 +2.1646e+00
816 +8.503406232e-02 +8.503406232e-02 -8.401496594e+01 -8.401496594e+01 +1.7272e+00 -2.3080e+00 -2.8690e+00 +4.7907e+00 +2.1844e+00
829 +7.704509662e-02 +7.704509662e-02 -8.402295490e+01 -8.402295490e+01 +1.7230e+00 -2.3082e+00 -2.8526e+00 +4.7882e+00 +2.1858e+00
839 +6.207946042e-02 +6.207946042e-02 -8.403792054e+01 -8.403792054e+01 +1.7209e+00 -2.3046e+00 -2.8651e+00 +4.7862e+00 +2.1832e+00
841 +5.874531270e-02 +5.874531270e-02 -8.404125469e+01 -8.404125469e+01 +1.7204e+00 -2.3062e+00 -2.8403e+00 +4.7775e+00 +2.1834e+00
844 +3.884724064e-02 +3.884724064e-02 -8.406115276e+01 -8.406115276e+01 +1.7158e+00 -2.2905e+00 -2.8361e+00 +4.7774e+00 +2.1802e+00
849 +2.913084899e-02 +2.913084899e-02 -8.407086915e+01 -8.407086915e+01 +1.7303e+00 -2.3051e+00 -2.8221e+00 +4.7667e+00 +2.1930e+00
913 +2.305549066e-02 +2.305549066e-02 -8.407694451e+01 -8.407694451e+01 +1.7266e+00 -2.3011e+00 -2.8191e+00 +4.7692e+00 +2.1953e+00
960 +2.107885142e-02 +2.107885142e-02 -8.407892115e+01 -8.407892115e+01 +1.7271e+00 -2.2938e+00 -2.8166e+00 +4.7757e+00 +2.1916e+00
983 +1.339769739e-02 +1.339769739e-02 -8.408660230e+01 -8.408660230e+01 +1.7274e+00 -2.2966e+00 -2.8157e+00 +4.7698e+00 +2.1915e+00
1059 +1.106333517e-02 +1.106333517e-02 -8.408893666e+01 -8.408893666e+01 +1.7272e+00 -2.2944e+00 -2.8229e+00 +4.7725e+00 +2.1901e+00
1092 +9.626050422e-03 +9.626050422e-03 -8.409037395e+01 -8.409037395e+01 +1.7257e+00 -2.2932e+00 -2.8227e+00 +4.7738e+00 +2.1901e+00
1160 +9.233644020e-03 +9.233644020e-03 -8.409076636e+01 -8.409076636e+01 +1.7256e+00 -2.2936e+00 -2.8229e+00 +4.7735e+00 +2.1900e+00
1167 +8.954693322e-03 +8.954693322e-03 -8.409104531e+01 -8.409104531e+01 +1.7256e+00 -2.2930e+00 -2.8230e+00 +4.7732e+00 +2.1903e+00
1193 +7.548432008e-03 +7.548432008e-03 -8.409245157e+01 -8.409245157e+01 +1.7261e+00 -2.2935e+00 -2.8240e+00 +4.7731e+00 +2.1900e+00
1208 +7.217910201e-03 +7.217910201e-03 -8.409278209e+01 -8.409278209e+01 +1.7260e+00 -2.2936e+00 -2.8240e+00 +4.7732e+00 +2.1899e+00
1229 +6.615746492e-03 +6.615746492e-03 -8.409338425e+01 -8.409338425e+01 +1.7261e+00 -2.2935e+00 -2.8240e+00 +4.7728e+00 +2.1902e+00
1291 +6.424402354e-03 +6.424402354e-03 -8.409357560e+01 -8.409357560e+01 +1.7260e+00 -2.2939e+00 -2.8237e+00 +4.7731e+00 +2.1901e+00
1321 +6.280968461e-03 +6.280968461e-03 -8.409371903e+01 -8.409371903e+01 +1.7262e+00 -2.2938e+00 -2.8236e+00 +4.7732e+00 +2.1902e+00
1347 +6.061728167e-03 +6.061728167e-03 -8.409393827e+01 -8.409393827e+01 +1.7262e+00 -2.2939e+00 -2.8235e+00 +4.7731e+00 +2.1902e+00
1357 +5.979767254e-03 +5.979767254e-03 -8.409402023e+01 -8.409402023e+01 +1.7263e+00 -2.2939e+00 -2.8236e+00 +4.7731e+00 +2.1902e+00
1422 +5.747711500e-03 +5.747711500e-03 -8.409425229e+01 -8.409425229e+01 +1.7263e+00 -2.2939e+00 -2.8236e+00 +4.7731e+00 +2.1902e+00
1441 +5.572979166e-03 +5.572979166e-03 -8.409442702e+01 -8.409442702e+01 +1.7263e+00 -2.2939e+00 -2.8235e+00 +4.7731e+00 +2.1902e+00
1603 +5.479865749e-03 +5.479865749e-03 -8.409452013e+01 -8.409452013e+01 +1.7262e+00 -2.2939e+00 -2.8236e+00 +4.7731e+00 +2.1902e+00
2163 +5.369570061e-03 +5.369570061e-03 -8.409463043e+01 -8.409463043e+01 +1.7263e+00 -2.2939e+00 -2.8236e+00 +4.7731e+00 +2.1902e+00
