% function evaluation | noise-free fitness - Fopt (7.135000000000e+01) | best noise-free fitness - Fopt | measured fitness | best measured fitness | x1 | x2...
1 +5.650476606e+01 +5.650476606e+01 +1.278547661e+02 +1.278547661e+02 +0.0000e+00 +0.0000e+00 +0.0000e+00
2 +9.540568770e+00 +9.540568770e+00 +8.089056877e+01 +8.089056877e+01 -8.7394e-01 -1.5821e+00 -1.1234e+00
25 +7.961571800e+00 +7.961571800e+00 +7.931157180e+01 +7.931157180e+01 -9.2751e-01 -1.3827e+00 -8.2698e-01
48 +7.318117374e+00 +7.318117374e+00 +7.866811737e+01 +7.866811737e+01 -8.2898e-01 -1.5842e+00 -1.1500e+00
96 +2.266479839e+00 +2.266479839e+00 +7.361647984e+01 +7.361647984e+01 -1.4520e+00 -8.7785e-01 -9.0470e-01
288 +1.743349826e+00 +1.743349826e+00 +7.309334983e+01 +7.309334983e+01 -2.1494e+00 -2.3168e+00 -1.2754e+00
393 +1.651636390e+00 +1.651636390e+00 +7.300163639e+01 +7.300163639e+01 -2.1408e+00 -2.3200e+00 -1.2817e+00
418 +1.366484420e+00 +1.366484420e+00 +7.271648442e+01 +7.271648442e+01 -2.1440e+00 -2.3203e+00 -1.2786e+00
573 +1.333407743e+00 +1.333407743e+00 +7.268340774e+01 +7.268340774e+01 -2.1449e+00 -2.3189e+00 -1.2787e+00
622 +1.307917075e+00 +1.307917075e+00 +7.265791708e+01 +7.265791708e+01 -2.1446e+00 -2.3193e+00 -1.2788e+00
654 +1.276046350e+00 +1.276046350e+00 +7.262604635e+01 +7.262604635e+01 -2.1440e+00 -2.3199e+00 -1.2789e+00
876 +1.257941043e+00 +1.257941043e+00 +7.260794104e+01 +7.260794104e+01 -2.1441e+00 -2.3197e+00 -1.2788e+00
% function evaluation | noise-free fitness - Fopt (-3.552200000000e+02) | best noise-free fitness - Fopt | measured fitness | best measured fitness | x1 | x2...
1 +1.157138576e+02 +1.157138576e+02 -2.395061424e+02 -2.395061424e+02 +0.0000e+00 +0.0000e+00 +0.0000e+00
2 +9.708063512e+01 +9.708063512e+01 -2.581393649e+02 -2.581393649e+02 +1.7792e+00 +1.1649e-01 +8.4547e-02
4 +7.672762787e+01 +7.672762787e+01 -2.784923721e+02 -2.784923721e+02 -1.0467e+00 -1.1784e+00 -7.2971e-01
6 +1.569849921e+01 +1.569849921e+01 -3.395215008e+02 -3.395215008e+02 +1.2050e+00 -7.3236e-01 +1.4765e+00
19 +7.515284367e+00 +7.515284367e+00 -3.477047156e+02 -3.477047156e+02 +1.5898e+00 +3.7267e-01 +1.3027e+00
29 +1.318100471e+00 +1.318100471e+00 -3.539018995e+02 -3.539018995e+02 +2.2031e+00 +7.3977e-01 +8.1773e-01
189 +6.776782537e-01 +6.776782537e-01 -3.545423217e+02 -3.545423217e+02 +2.2168e+00 +7.4479e-01 +9.8179e-01
221 +3.293266507e-01 +3.293266507e-01 -3.548906733e+02 -3.548906733e+02 +2.2398e+00 +7.7803e-01 +1.0465e+00
285 +3.113100463e-01 +3.113100463e-01 -3.549086900e+02 -3.549086900e+02 +2.2020e+00 +8.5225e-01 +1.0035e+00
289 +2.275482663e-01 +2.275482663e-01 -3.549924517e+02 -3.549924517e+02 +2.2060e+00 +8.1787e-01 +9.8780e-01
312 +1.528828114e-01 +1.528828114e-01 -3.550671172e+02 -3.550671172e+02 +2.2095e+00 +8.2945e-01 +9.8505e-01
316 +7.613082887e-02 +7.613082887e-02 -3.551438692e+02 -3.551438692e+02 +2.2074e+00 +8.2009e-01 +9.7847e-01
455 +5.915521042e-02 +5.915521042e-02 -3.551608448e+02 -3.551608448e+02 +2.2073e+00 +8.2031e-01 +9.7773e-01
612 +5.756849104e-02 +5.756849104e-02 -3.551624315e+02 -3.551624315e+02 +2.2073e+00 +8.2016e-01 +9.7767e-01
623 +5.732509797e-02 +5.732509797e-02 -3.551626749e+02 -3.551626749e+02 +2.2073e+00 +8.2015e-01 +9.7761e-01
670 +5.520832912e-02 +5.520832912e-02 -3.551647917e+02 -3.551647917e+02 +2.2073e+00 +8.2037e-01 +9.7791e-01
760 +5.443171709e-02 +5.443171709e-02 -3.551655683e+02 -3.551655683e+02 +2.2073e+00 +8.2037e-01 +9.7791e-01
775 +5.348190711e-02 +5.348190711e-02 -3.551665181e+02 -3.551665181e+02 +2.2073e+00 +8.2032e-01 +9.7787e-01
946 +5.245661936e-02 +5.245661936e-02 -3.551675434e+02 -3.551675434e+02 +2.2073e+00 +8.2033e-01 +9.7787e-01
% function evaluation | noise-free fitness - Fopt (9.917000000000e+01) | best noise-free fitness - Fopt | measured fitness | best measured fitness | x1 | x2...
1 +1.430728932e+02 +1.430728932e+02 +2.422428932e+02 +2.422428932e+02 +0.0000e+00 +0.0000e+00 +0.0000e+00
3 +2.035674230e+01 +2.035674230e+01 +1.195267423e+02 +1.195267423e+02 +4.1904e-01 +1.3269e+00 +6.8644e-01
10 +1.778522599e+01 +1.778522599e+01 +1.169552260e+02 +1.169552260e+02 -1.0647e+00 -2.1818e-01 -1.1862e-01
89 +1.100563972e+01 +1.100563972e+01 +1.101756397e+02 +1.101756397e+02 -5.8002e-01 +2.7231e-01 +1.8871e+00
121 +1.072728838e+01 +1.072728838e+01 +1.098972884e+02 +1.098972884e+02 -4.8463e-01 +2.6295e-01 +1.5523e+00
128 +5.642875223e+00 +5.642875223e+00 +1.048128752e+02 +1.048128752e+02 -4.6488e-01 +2.5937e-01 +1.7019e+00
136 +4.888539544e+00 +4.888539544e+00 +1.040585395e+02 +1.040585395e+02 -4.4642e-01 +2.6072e-01 +1.6600e+00
143 +4.307019821e+00 +4.307019821e+00 +1.034770198e+02 +1.034770198e+02 -5.0853e-01 +1.9943e-01 +1.7266e+00
188 +3.176525854e+00 +3.176525854e+00 +1.023465259e+02 +1.023465259e+02 -5.6866e-01 +1.2677e-01 +1.7793e+00
197 +2.786726485e+00 +2.786726485e+00 +1.019567265e+02 +1.019567265e+02 -5.7943e-01 +1.2283e-01 +1.8236e+00
210 +2.390986846e+00 +2.390986846e+00 +1.015609868e+02 +1.015609868e+02 -5.9028e-01 +1.0811e-01 +1.8324e+00
236 +2.275932767e+00 +2.275932767e+00 +1.014459328e+02 +1.014459328e+02 -5.7670e-01 +1.1568e-01 +1.8048e+00
245 +2.106385032e+00 +2.106385032e+00 +1.012763850e+02 +1.012763850e+02 -5.7857e-01 +1.1556e-01 +1.8072e+00
280 +2.045535454e+00 +2.045535454e+00 +1.012155355e+02 +1.012155355e+02 -5.7775e-01 +1.2405e-01 +1.8114e+00
293 +1.899113479e+00 +1.899113479e+00 +1.010691135e+02 +1.010691135e+02 -5.7373e-01 +1.2686e-01 +1.8057e+00
331 +1.794227742e+00 +1.794227742e+00 +1.009642277e+02 +1.009642277e+02 -5.7546e-01 +1.2362e-01 +1.8059e+00
384 +1.767402221e+00 +1.767402221e+00 +1.009374022e+02 +1.009374022e+02 -5.7695e-01 +1.2306e-01 +1.8052e+00
437 +1.705584253e+00 +1.705584253e+00 +1.008755843e+02 +1.008755843e+02 -5.7741e-01 +1.2245e-01 +1.8050e+00
478 +1.694247286e+00 +1.694247286e+00 +1.008642473e+02 +1.008642473e+02 -5.7765e-01 +1.2218e-01 +1.8059e+00
512 +1.652656030e+00 +1.652656030e+00 +1.008226560e+02 +1.008226560e+02 -5.7792e-01 +1.2194e-01 +1.8067e+00
783 +1.620621301e+00 +1.620621301e+00 +1.007906213e+02 +1.007906213e+02 -5.7795e-01 +1.2191e-01 +1.8067e+00
% function evaluation | noise-free fitness - Fopt (-5.179100000000e+02) | best noise-free fitness - Fopt | measured fitness | best measured fitness | x1 | x2...
1 +2.600132960e+01 +2.600132960e+01 -4.919086704e+02 -4.919086704e+02 +0.0000e+00 +0.0000e+00 +0.0000e+00
3 +1.682127006e+01 +1.682127006e+01 -5.010887299e+02 -5.010887299e+02 -3.2048e-01 +1.7353e-01 -9.1689e-01
21 +9.699095792e+00 +9.699095792e+00 -5.082109042e+02 -5.082109042e+02 -8.0512e-01 +7.0476e-01 -7.7628e-01
171 +6.804486533e+00 +6.804486533e+00 -5.111055135e+02 -5.111055135e+02 +2.6180e+00 -3.5647e+00 +1.4058e+00
345 +4.428400056e+00 +4.428400056e+00 -5.134815999e+02 -5.134815999e+02 -1.8815e+00 -1.6853e+00 +3.4126e+00
370 +3.948868102e+00 +3.948868102e+00 -5.139611319e+02 -5.139611319e+02 -1.8064e+00 -1.9150e+00 +3.5005e+00
405 +1.093375441e+00 +1.093375441e+00 -5.168166246e+02 -5.168166246e+02 -1.9124e+00 -1.7894e+00 +3.3408e+00
511 +9.335485018e-01 +9.335485018e-01 -5.169764515e+02 -5.169764515e+02 -2.0803e+00 -1.5571e+00 +3.0469e+00
545 +8.259306305e-01 +8.259306305e-01 -5.170840694e+02 -5.170840694e+02 -2.0736e+00 -1.6384e+00 +3.0592e+00
550 +2.827878375e-01 +2.827878375e-01 -5.176272122e+02 -5.176272122e+02 -2.1226e+00 -1.5890e+00 +3.0001e+00
606 +2.371351618e-01 +2.371351618e-01 -5.176728648e+02 -5.176728648e+02 -2.1226e+00 -1.6015e+00 +2.9687e+00
653 +1.960268452e-01 +1.960268452e-01 -5.177139732e+02 -5.177139732e+02 -2.1387e+00 -1.5604e+00 +2.9324e+00
675 +1.118780860e-01 +1.118780860e-01 -5.177981219e+02 -5.177981219e+02 -2.1339e+00 -1.5750e+00 +2.9599e+00
726 +9.008427771e-02 +9.008427771e-02 -5.178199157e+02 -5.178199157e+02 -2.1828e+00 -1.4884e+00 +2.7977e+00
729 +5.475387908e-02 +5.475387908e-02 -5.178552461e+02 -5.178552461e+02 -2.1984e+00 -1.4648e+00 +2.8058e+00
949 +1.824968044e-02 +1.824968044e-02 -5.178917503e+02 -5.178917503e+02 -2.2226e+00 -1.4620e+00 +2.7525e+00
983 +4.435118432e-03 +4.435118432e-03 -5.179055649e+02 -5.179055649e+02 -2.2234e+00 -1.4615e+00 +2.7614e+00
1109 +2.928809980e-03 +2.928809980e-03 -5.179070712e+02 -5.179070712e+02 -2.2191e+00 -1.4638e+00 +2.7705e+00
1136 +1.645037797e-03 +1.645037797e-03 -5.179083550e+02 -5.179083550e+02 -2.2193e+00 -1.4646e+00 +2.7694e+00
1241 +1.616522225e-03 +1.616522225e-03 -5.179083835e+02 -5.179083835e+02 -2.2192e+00 -1.4648e+00 +2.7689e+00
1249 +1.488185221e-03 +1.488185221e-03 -5.179085118e+02 -5.179085118e+02 -2.2192e+00 -1.4648e+00 +2.7688e+00
1286 +1.444489321e-03 +1.444489321e-03 -5.179085555e+02 -5.179085555e+02 -2.2193e+00 -1.4645e+00 +2.7688e+00
1297 +1.410457550e-03 +1.410457550e-03 -5.179085895e+02 -5.179085895e+02 -2.2193e+00 -1.4647e+00 +2.7686e+00
1309 +1.370405754e-03 +1.370405754e-03 -5.179086296e+02 -5.179086296e+02 -2.2193e+00 -1.4646e+00 +2.7687e+00
1343 +1.247672238e-03 +1.247672238e-03 -5.179087523e+02 -5.179087523e+02 -2.2194e+00 -1.4644e+00 +2.7688e+00
1361 +1.220026551e-03 +1.220026551e-03 -5.179087800e+02 -5.179087800e+02 -2.2195e+00 -1.4643e+00 +2.7688e+00
1370 +1.155064026e-03 +1.155064026e-03 -5.179088449e+02 -5.179088449e+02 -2.2195e+00 -1.4643e+00 +2.7687e+00
1383 +1.132288119e-03 +1.132288119e-03 -5.179088677e+02 -5.179088677e+02 -2.2195e+00 -1.4642e+00 +2.7687e+00
1417 +1.110766219e-03 +1.110766219e-03 -5.179088892e+02 -5.179088892e+02 -2.2195e+00 -1.4642e+00 +2.7686e+00
1442 +1.038773285e-03 +1.038773285e-03 -5.179089612e+02 -5.179089612e+02 -2.2195e+00 -1.4642e+00 +2.7687e+00
1497 +1.021916822e-03 +1.021916822e-03 -5.179089781e+02 -5.179089781e+02 -2.2195e+00 -1.4642e+00 +2.7687e+00
1620 +9.934047793e-04 +9.934047793e-04 -5.179090066e+02 -5.179090066e+02 -2.2195e+00 -1.4643e+00 +2.7687e+00
% function evaluation | noise-free fitness - Fopt (-5.721000000000e+01) | best noise-free fitness - Fopt | measured fitness | best measured fitness | x1 | x2...
1 +8.758449571e+01 +8.758449571e+01 +3.037449571e+01 +3.037449571e+01 +0.0000e+00 +0.0000e+00 +0.0000e+00
3 +5.702843035e+01 +5.702843035e+01 -1.815696475e-01 -1.815696475e-01 -5.8740e-01 -1.2107e+00 +5.5284e-01
7 +2.828028132e+01 +2.828028132e+01 -2.892971868e+01 -2.892971868e+01 -1.1440e+00 +1.1006e+00 +1.7514e+00
11 +1.487113409e+01 +1.487113409e+01 -4.233886591e+01 -4.233886591e+01 -1.6293e+00 -1.1390e+00 +2.1508e-01
45 +1.085731845e+01 +1.085731845e+01 -4.635268155e+01 -4.635268155e+01 -2.1188e+00 +9.8617e-01 -9.0469e-01
349 +5.529430961e+00 +5.529430961e+00 -5.168056904e+01 -5.168056904e+01 +5.3379e+00 -2.8392e+00 -1.2249e+00
531 +4.869653722e+00 +4.869653722e+00 -5.234034628e+01 -5.234034628e+01 +3.3571e+00 -6.9302e-01 +4.6339e-01
546 +4.629077348e+00 +4.629077348e+00 -5.258092265e+01 -5.258092265e+01 +4.9230e-01 -1.8049e+00 +2.6029e+00
551 +1.704598959e+00 +1.704598959e+00 -5.550540104e+01 -5.550540104e+01 +3.3114e+00 -4.0670e-01 -2.0215e-01
955 +9.895639661e-01 +9.895639661e-01 -5.622043603e+01 -5.622043603e+01 -4.7573e+00 +5.3373e+00 -2.3964e+00
982 +7.662787749e-01 +7.662787749e-01 -5.644372123e+01 -5.644372123e+01 -4.8516e+00 +5.3563e+00 -2.4685e+00
1020 +6.670122121e-01 +6.670122121e-01 -5.654298779e+01 -5.654298779e+01 -4.8596e+00 +5.3154e+00 -2.3614e+00
1030 +5.011731241e-01 +5.011731241e-01 -5.670882688e+01 -5.670882688e+01 -4.9025e+00 +5.3264e+00 -2.4160e+00
1041 +4.845472141e-01 +4.845472141e-01 -5.672545279e+01 -5.672545279e+01 -4.8244e+00 +5.3329e+00 -2.3530e+00
1046 +4.471353304e-01 +4.471353304e-01 -5.676286467e+01 -5.676286467e+01 -4.8069e+00 +5.3264e+00 -2.3300e+00
1052 +4.146090239e-01 +4.146090239e-01 -5.679539098e+01 -5.679539098e+01 -4.8399e+00 +5.3027e+00 -2.2351e+00
1083 +2.779939395e-01 +2.779939395e-01 -5.693200606e+01 -5.693200606e+01 -4.8572e+00 +5.2737e+00 -2.2150e+00
1160 +2.745709697e-01 +2.745709697e-01 -5.693542903e+01 -5.693542903e+01 -4.8401e+00 +5.2692e+00 -2.1997e+00
1161 +2.676614598e-01 +2.676614598e-01 -5.694233854e+01 -5.694233854e+01 -4.8938e+00 +5.2599e+00 -2.2202e+00
1162 +2.447880484e-01 +2.447880484e-01 -5.696521195e+01 -5.696521195e+01 -4.8849e+00 +5.2588e+00 -2.2043e+00
1163 +2.264463513e-01 +2.264463513e-01 -5.698355365e+01 -5.698355365e+01 -4.8772e+00 +5.2496e+00 -2.2002e+00
1182 +2.152158726e-01 +2.152158726e-01 -5.699478413e+01 -5.699478413e+01 -4.8867e+00 +5.2491e+00 -2.1948e+00
1216 +1.906969433e-01 +1.906969433e-01 -5.701930306e+01 -5.701930306e+01 -4.9003e+00 +5.2366e+00 -2.1954e+00
1294 +1.872345372e-01 +1.872345372e-01 -5.702276546e+01 -5.702276546e+01 -4.9038e+00 +5.2316e+00 -2.1866e+00
1314 +1.859838902e-01 +1.859838902e-01 -5.702401611e+01 -5.702401611e+01 -4.9056e+00 +5.2317e+00 -2.1863e+00
1337 +1.811703560e-01 +1.811703560e-01 -5.702882964e+01 -5.702882964e+01 -4.9087e+00 +5.2272e+00 -2.1841e+00
1374 +1.699266397e-01 +1.699266397e-01 -5.704007336e+01 -5.704007336e+01 -4.9185e+00 +5.2168e+00 -2.1759e+00
1382 +1.610081857e-01 +1.610081857e-01 -5.704899181e+01 -5.704899181e+01 -4.9332e+00 +5.2029e+00 -2.1646e+00
1383 +1.584238217e-01 +1.584238217e-01 -5.705157618e+01 -5.705157618e+01 -4.9272e+00 +5.2075e+00 -2.1672e+00
1388 +1.540359428e-01 +1.540359428e-01 -5.705596406e+01 -5.705596406e+01 -4.9268e+00 +5.2080e+00 -2.1694e+00
1398 +1.394494394e-01 +1.394494394e-01 -5.707055056e+01 -5.707055056e+01 -4.9415e+00 +5.1923e+00 -2.1573e+00
1409 +1.354354122e-01 +1.354354122e-01 -5.707456459e+01 -5.707456459e+01 -4.9543e+00 +5.1780e+00 -2.1468e+00
1412 +1.344212270e-01 +1.344212270e-01 -5.707557877e+01 -5.707557877e+01 -4.9548e+00 +5.1779e+00 -2.1475e+00
1430 +1.296593399e-01 +1.296593399e-01 -5.708034066e+01 -5.708034066e+01 -4.9487e+00 +5.1848e+00 -2.1521e+00
1445 +1.286315484e-01 +1.286315484e-01 -5.708136845e+01 -5.708136845e+01 -4.9516e+00 +5.1825e+00 -2.1503e+00
1499 +1.255272567e-01 +1.255272567e-01 -5.708447274e+01 -5.708447274e+01 -4.9487e+00 +5.1851e+00 -2.1530e+00
1516 +1.225924091e-01 +1.225924091e-01 -5.708740759e+01 -5.708740759e+01 -4.9504e+00 +5.1834e+00 -2.1521e+00
1650 +1.200204199e-01 +1.200204199e-01 -5.708997958e+01 -5.708997958e+01 -4.9498e+00 +5.1842e+00 -2.1528e+00
% function evaluation | noise-free fitness - Fopt (-1.237300000000e+02) | best noise-free fitness - Fopt | measured fitness | best measured fitness | x1 | x2...
1 +7.380787708e+01 +7.380787708e+01 -4.992212292e+01 -4.992212292e+01 +0.0000e+00 +0.0000e+00 +0.0000e+00
2 +4.603868733e+01 +4.603868733e+01 -7.769131267e+01 -7.769131267e+01 +1.6312e-01 +2.7751e+00 +1.0600e+00
4 +8.433910945e+00 +8.433910945e+00 -1.152960891e+02 -1.152960891e+02 +4.9190e-01 -1.0195e+00 -1.4693e-01
62 +6.417856220e+00 +6.417856220e+00 -1.173121438e+02 -1.173121438e+02 +1.3122e+00 -1.0201e+00 -5.2158e+00
66 +1.884196324e+00 +1.884196324e+00 -1.218458037e+02 -1.218458037e+02 +9.0541e-01 -3.7305e-01 -3.2641e+00
81 +1.047330280e+00 +1.047330280e+00 -1.226826697e+02 -1.226826697e+02 +4.5950e-01 -1.5040e-01 -3.3649e+00
218 +1.046140319e+00 +1.046140319e+00 -1.226838597e+02 -1.226838597e+02 +8.0532e-01 -6.5863e-01 -2.7512e+00
261 +8.691083819e-01 +8.691083819e-01 -1.228608916e+02 -1.228608916e+02 +6.9404e-01 -4.7760e-01 -3.2006e+00
357 +8.319991442e-01 +8.319991442e-01 -1.228980009e+02 -1.228980009e+02 +7.3533e-01 -5.1205e-01 -2.9338e+00
365 +8.215508689e-01 +8.215508689e-01 -1.229084491e+02 -1.229084491e+02 +7.4953e-01 -5.2632e-01 -2.9256e+00
401 +6.421859854e-01 +6.421859854e-01 -1.230878140e+02 -1.230878140e+02 +7.5918e-01 -5.2582e-01 -2.9225e+00
474 +6.279430317e-01 +6.279430317e-01 -1.231020570e+02 -1.231020570e+02 +7.5777e-01 -5.3226e-01 -2.9152e+00
521 +6.017468775e-01 +6.017468775e-01 -1.231282531e+02 -1.231282531e+02 +7.5583e-01 -5.3130e-01 -2.9157e+00
524 +5.622952885e-01 +5.622952885e-01 -1.231677047e+02 -1.231677047e+02 +7.5535e-01 -5.2982e-01 -2.9170e+00
617 +5.324756666e-01 +5.324756666e-01 -1.231975243e+02 -1.231975243e+02 +7.5450e-01 -5.2883e-01 -2.9185e+00
635 +5.049359884e-01 +5.049359884e-01 -1.232250640e+02 -1.232250640e+02 +7.5487e-01 -5.2848e-01 -2.9193e+00
650 +5.001517085e-01 +5.001517085e-01 -1.232298483e+02 -1.232298483e+02 +7.5485e-01 -5.2889e-01 -2.9186e+00
704 +4.846413050e-01 +4.846413050e-01 -1.232453587e+02 -1.232453587e+02 +7.5484e-01 -5.2873e-01 -2.9189e+00
742 +4.765264661e-01 +4.765264661e-01 -1.232534735e+02 -1.232534735e+02 +7.5483e-01 -5.2866e-01 -2.9190e+00
1128 +4.676217404e-01 +4.676217404e-01 -1.232623783e+02 -1.232623783e+02 +7.5480e-01 -5.2859e-01 -2.9190e+00
% function evaluation | noise-free fitness - Fopt (-1.322100000000e+02) | best noise-free fitness - Fopt | measured fitness | best measured fitness | x1 | x2...
1 +1.838057565e+02 +1.838057565e+02 +5.159575648e+01 +5.159575648e+01 +0.0000e+00 +0.0000e+00 +0.0000e+00
2 +1.854372190e+01 +1.854372190e+01 -1.136662781e+02 -1.136662781e+02 +1.0531e+00 -4.1752e-01 +9.3816e-01
17 +1.534352626e+01 +1.534352626e+01 -1.168664737e+02 -1.168664737e+02 +5.0971e-01 -6.6225e-01 +2.3854e-01
83 +1.464689008e+01 +1.464689008e+01 -1.175631099e+02 -1.175631099e+02 +4.3605e-01 +6.4480e-01 -1.1652e+00
98 +1.430452910e+01 +1.430452910e+01 -1.179054709e+02 -1.179054709e+02 +5.2873e-01 +8.0696e-01 -1.3810e+00
136 +1.095792411e+01 +1.095792411e+01 -1.212520759e+02 -1.212520759e+02 +5.5302e-01 +6.0942e-01 -1.1316e+00
137 +7.584590975e+00 +7.584590975e+00 -1.246254090e+02 -1.246254090e+02 +5.5702e-01 +6.5199e-01 -1.1739e+00
159 +6.484462554e+00 +6.484462554e+00 -1.257255374e+02 -1.257255374e+02 +3.7767e-01 +4.7885e-01 -1.1078e+00
174 +5.775360132e+00 +5.775360132e+00 -1.264346399e+02 -1.264346399e+02 +3.7289e-01 +5.0707e-01 -1.1420e+00
183 +4.125386059e+00 +4.125386059e+00 -1.280846139e+02 -1.280846139e+02 +3.6211e-01 +4.5820e-01 -1.1692e+00
237 +3.784092962e+00 +3.784092962e+00 -1.284259070e+02 -1.284259070e+02 +3.7547e-01 +4.7243e-01 -1.1670e+00
310 +3.004028851e+00 +3.004028851e+00 -1.292059711e+02 -1.292059711e+02 +3.3551e-01 +4.4730e-01 -1.1673e+00
379 +2.758611977e+00 +2.758611977e+00 -1.294513880e+02 -1.294513880e+02 +3.5551e-01 +4.6164e-01 -1.1554e+00
411 +2.672526761e+00 +2.672526761e+00 -1.295374732e+02 -1.295374732e+02 +3.4874e-01 +4.5472e-01 -1.1518e+00
417 +2.483538974e+00 +2.483538974e+00 -1.297264610e+02 -1.297264610e+02 +3.5164e-01 +4.6044e-01 -1.1551e+00
496 +2.367634871e+00 +2.367634871e+00 -1.298423651e+02 -1.298423651e+02 +3.4695e-01 +4.5474e-01 -1.1563e+00
555 +2.339359182e+00 +2.339359182e+00 -1.298706408e+02 -1.298706408e+02 +3.4713e-01 +4.5474e-01 -1.1559e+00
567 +2.235095741e+00 +2.235095741e+00 -1.299749043e+02 -1.299749043e+02 +3.4718e-01 +4.5455e-01 -1.1556e+00
% function evaluation | noise-free fitness - Fopt (9.533000000000e+01) | best noise-free fitness - Fopt | measured fitness | best measured fitness | x1 | x2...
1 +4.418281657e+01 +4.418281657e+01 +1.395128166e+02 +1.395128166e+02 +0.0000e+00 +0.0000e+00 +0.0000e+00
11 +1.048993891e+01 +1.048993891e+01 +1.058199389e+02 +1.058199389e+02 -1.2234e+00 +5.5280e-02 -1.0714e+00
58 +9.239915794e+00 +9.239915794e+00 +1.045699158e+02 +1.045699158e+02 -5.0599e-01 +6.4304e-01 -2.0284e+00
100 +9.042559353e+00 +9.042559353e+00 +1.043725594e+02 +1.043725594e+02 -7.1810e-01 +9.2173e-01 -2.2024e+00
144 +5.897767353e+00 +5.897767353e+00 +1.012277674e+02 +1.012277674e+02 -4.2096e-01 +5.6054e-01 -2.0366e+00
236 +5.420721909e+00 +5.420721909e+00 +1.007507219e+02 +1.007507219e+02 -4.8415e-01 +6.6950e-01 -2.0789e+00
279 +5.064851252e+00 +5.064851252e+00 +1.003948513e+02 +1.003948513e+02 -4.6246e-01 +6.2185e-01 -2.0528e+00
287 +4.408476238e+00 +4.408476238e+00 +9.973847624e+01 +9.973847624e+01 -4.8597e-01 +6.8091e-01 -2.1158e+00
290 +4.113304286e+00 +4.113304286e+00 +9.944330429e+01 +9.944330429e+01 -4.7582e-01 +6.3994e-01 -2.0504e+00
332 +3.993514344e+00 +3.993514344e+00 +9.932351434e+01 +9.932351434e+01 -4.5195e-01 +5.9903e-01 -2.0718e+00
337 +3.810330820e+00 +3.810330820e+00 +9.914033082e+01 +9.914033082e+01 -4.3983e-01 +5.7215e-01 -2.0923e+00
339 +3.614945988e+00 +3.614945988e+00 +9.894494599e+01 +9.894494599e+01 -4.2403e-01 +5.4404e-01 -2.0606e+00
374 +3.297033597e+00 +3.297033597e+00 +9.862703360e+01 +9.862703360e+01 -4.3714e-01 +5.6068e-01 -2.0607e+00
384 +3.234105651e+00 +3.234105651e+00 +9.856410565e+01 +9.856410565e+01 -4.3499e-01 +5.6119e-01 -2.0725e+00
420 +3.117185318e+00 +3.117185318e+00 +9.844718532e+01 +9.844718532e+01 -4.4043e-01 +5.6899e-01 -2.0640e+00
481 +2.999564921e+00 +2.999564921e+00 +9.832956492e+01 +9.832956492e+01 -4.3818e-01 +5.6657e-01 -2.0684e+00
523 +2.896112832e+00 +2.896112832e+00 +9.822611283e+01 +9.822611283e+01 -4.3741e-01 +5.6448e-01 -2.0672e+00
539 +2.883690807e+00 +2.883690807e+00 +9.821369081e+01 +9.821369081e+01 -4.3762e-01 +5.6509e-01 -2.0673e+00
567 +2.811514490e+00 +2.811514490e+00 +9.814151449e+01 +9.814151449e+01 -4.3564e-01 +5.6070e-01 -2.0665e+00
682 +2.723541622e+00 +2.723541622e+00 +9.805354162e+01 +9.805354162e+01 -4.3340e-01 +5.5493e-01 -2.0620e+00
737 +2.646717228e+00 +2.646717228e+00 +9.797671723e+01 +9.797671723e+01 -4.3387e-01 +5.5635e-01 -2.0631e+00
753 +2.609956821e+00 +2.609956821e+00 +9.793995682e+01 +9.793995682e+01 -4.3388e-01 +5.5655e-01 -2.0636e+00
% function evaluation | noise-free fitness - Fopt (6.870000000000e+01) | best noise-free fitness - Fopt | measured fitness | best measured fitness | x1 | x2...
1 +8.391024612e+01 +8.391024612e+01 +1.526102461e+02 +1.526102461e+02 +0.0000e+00 +0.0000e+00 +0.0000e+00
2 +3.111618788e+01 +3.111618788e+01 +9.981618788e+01 +9.981618788e+01 -3.2647e-01 -8.2696e-01 +6.4770e-01
24 +2.445197534e+01 +2.445197534e+01 +9.315197534e+01 +9.315197534e+01 +9.0512e-02 -2.5982e+00 +7.1846e-01
30 +2.050326593e+01 +2.050326593e+01 +8.920326593e+01 +8.920326593e+01 -6.9486e-01 -2.1054e+00 +3.9032e-01
38 +5.978439681e+00 +5.978439681e+00 +7.467843968e+01 +7.467843968e+01 -3.2697e-01 -2.2115e+00 +7.0183e-01
41 +5.201608504e+00 +5.201608504e+00 +7.390160850e+01 +7.390160850e+01 -1.7209e+00 -2.1018e+00 -3.4212e-01
53 +1.124849193e+00 +1.124849193e+00 +6.982484919e+01 +6.982484919e+01 -1.5653e+00 -1.9768e+00 -3.0710e-01
196 +7.557042898e-01 +7.557042898e-01 +6.945570429e+01 +6.945570429e+01 -1.3446e+00 -1.7640e+00 -1.0470e-01
306 +6.736474951e-01 +6.736474951e-01 +6.937364750e+01 +6.937364750e+01 -1.3425e+00 -1.7516e+00 -1.0007e-01
323 +6.561655158e-01 +6.561655158e-01 +6.935616552e+01 +6.935616552e+01 -1.3428e+00 -1.7483e+00 -8.9673e-02
324 +6.277826409e-01 +6.277826409e-01 +6.932778264e+01 +6.932778264e+01 -1.3400e+00 -1.7476e+00 -9.0401e-02
347 +6.148206797e-01 +6.148206797e-01 +6.931482068e+01 +6.931482068e+01 -1.3379e+00 -1.7507e+00 -9.3101e-02
351 +4.385318109e-01 +4.385318109e-01 +6.913853181e+01 +6.913853181e+01 -1.3337e+00 -1.7477e+00 -9.2814e-02
486 +4.335180901e-01 +4.335180901e-01 +6.913351809e+01 +6.913351809e+01 -1.3399e+00 -1.7544e+00 -9.9557e-02
725 +4.220589495e-01 +4.220589495e-01 +6.912205895e+01 +6.912205895e+01 -1.3401e+00 -1.7545e+00 -9.9747e-02
765 +4.166325380e-01 +4.166325380e-01 +6.911663254e+01 +6.911663254e+01 -1.3400e+00 -1.7545e+00 -9.9714e-02
% function evaluation | noise-free fitness - Fopt (-7.740000000000e+00) | best noise-free fitness - Fopt | measured fitness | best measured fitness | x1 | x2...
1 +1.057544618e+01 +1.057544618e+01 +2.835446184e+00 +2.835446184e+00 +0.0000e+00 +0.0000e+00 +0.0000e+00
24 +8.779309683e+00 +8.779309683e+00 +1.039309683e+00 +1.039309683e+00 -1.1656e+00 +7.7695e-01 +9.3702e-01
59 +5.475828482e+00 +5.475828482e+00 -2.264171518e+00 -2.264171518e+00 +6.4432e-02 -5.5888e-02 +3.0070e-02
99 +3.678847656e+00 +3.678847656e+00 -4.061152344e+00 -4.061152344e+00 +1.2704e+00 -4.6034e-01 -7.1303e-01
111 +2.629527121e+00 +2.629527121e+00 -5.110472879e+00 -5.110472879e+00 +1.1068e+00 -2.6675e-01 -1.0974e+00
144 +6.247352924e-01 +6.247352924e-01 -7.115264708e+00 -7.115264708e+00 +1.4627e+00 -4.6845e-01 -4.4280e-01
157 +3.678037149e-01 +3.678037149e-01 -7.372196285e+00 -7.372196285e+00 +1.6200e+00 -4.7305e-01 -4.4198e-01
167 +1.001959751e-01 +1.001959751e-01 -7.639804025e+00 -7.639804025e+00 +1.6457e+00 -4.4246e-01 -4.7495e-01
319 +8.305427254e-02 +8.305427254e-02 -7.656945727e+00 -7.656945727e+00 +1.5210e+00 -4.2746e-01 -5.1814e-01
333 +2.563563759e-02 +2.563563759e-02 -7.714364362e+00 -7.714364362e+00 +1.5654e+00 -4.3873e-01 -4.7508e-01
356 +1.033092679e-02 +1.033092679e-02 -7.729669073e+00 -7.729669073e+00 +1.5600e+00 -4.4385e-01 -4.7468e-01
378 +8.318343274e-03 +8.318343274e-03 -7.731681657e+00 -7.731681657e+00 +1.5862e+00 -4.4967e-01 -4.4111e-01
385 +5.832024890e-03 +5.832024890e-03 -7.734167975e+00 -7.734167975e+00 +1.5821e+00 -4.4683e-01 -4.4516e-01
394 +5.134321857e-03 +5.134321857e-03 -7.734865678e+00 -7.734865678e+00 +1.5914e+00 -4.5246e-01 -4.3882e-01
426 +3.970397412e-03 +3.970397412e-03 -7.736029603e+00 -7.736029603e+00 +1.5811e+00 -4.4842e-01 -4.4576e-01
440 +1.852013494e-03 +1.852013494e-03 -7.738147987e+00 -7.738147987e+00 +1.5824e+00 -4.4797e-01 -4.4549e-01
490 +1.736996585e-03 +1.736996585e-03 -7.738263003e+00 -7.738263003e+00 +1.5843e+00 -4.5051e-01 -4.4278e-01
492 +1.391610039e-03 +1.391610039e-03 -7.738608390e+00 -7.738608390e+00 +1.5830e+00 -4.5048e-01 -4.4380e-01
506 +1.154954280e-03 +1.154954280e-03 -7.738845046e+00 -7.738845046e+00 +1.5824e+00 -4.5102e-01 -4.4303e-01
513 +8.200099263e-04 +8.200099263e-04 -7.739179990e+00 -7.739179990e+00 +1.5817e+00 -4.5188e-01 -4.4136e-01
524 +2.524859566e-04 +2.524859566e-04 -7.739747514e+00 -7.739747514e+00 +1.5809e+00 -4.5306e-01 -4.3889e-01
571 +2.401756649e-04 +2.401756649e-04 -7.739759824e+00 -7.739759824e+00 +1.5809e+00 -4.5305e-01 -4.3946e-01
577 +2.053494433e-04 +2.053494433e-04 -7.739794651e+00 -7.739794651e+00 +1.5798e+00 -4.5373e-01 -4.4023e-01
578 +1.022727017e-04 +1.022727017e-04 -7.739897727e+00 -7.739897727e+00 +1.5799e+00 -4.5342e-01 -4.3947e-01
584 +5.165449684e-05 +5.165449684e-05 -7.739948346e+00 -7.739948346e+00 +1.5802e+00 -4.5344e-01 -4.3937e-01
599 +4.619515766e-05 +4.619515766e-05 -7.739953805e+00 -7.739953805e+00 +1.5800e+00 -4.5355e-01 -4.3959e-01
635 +1.009292446e-05 +1.009292446e-05 -7.739989907e+00 -7.739989907e+00 +1.5794e+00 -4.5347e-01 -4.4032e-01
661 +9.006219512e-06 +9.006219512e-06 -7.739990994e+00 -7.739990994e+00 +1.5790e+00 -4.5362e-01 -4.4043e-01
664 +5.506861751e-06 +5.506861751e-06 -7.739994493e+00 -7.739994493e+00 +1.5788e+00 -4.5372e-01 -4.4032e-01
684 +4.954170977e-06 +4.954170977e-06 -7.739995046e+00 -7.739995046e+00 +1.5794e+00 -4.5345e-01 -4.4035e-01
695 +3.731732374e-06 +3.731732374e-06 -7.739996268e+00 -7.739996268e+00 +1.5793e+00 -4.5345e-01 -4.4031e-01
718 +1.895558328e-06 +1.895558328e-06 -7.739998104e+00 -7.739998104e+00 +1.5791e+00 -4.5346e-01 -4.4046e-01
742 +1.504491213e-06 +1.504491213e-06 -7.739998496e+00 -7.739998496e+00 +1.5790e+00 -4.5348e-01 -4.4036e-01
766 +3.679003857e-07 +3.679003857e-07 -7.739999632e+00 -7.739999632e+00 +1.5790e+00 -4.5349e-01 -4.4051e-01
802 +2.545942266e-07 +2.545942266e-07 -7.739999745e+00 -7.739999745e+00 +1.5790e+00 -4.5348e-01 -4.4045e-01
825 +2.367696501e-07 +2.367696501e-07 -7.739999763e+00 -7.739999763e+00 +1.5790e+00 -4.5346e-01 -4.4047e-01
841 +1.970125956e-07 +1.970125956e-07 -7.739999803e+00 -7.739999803e+00 +1.5791e+00 -4.5346e-01 -4.4047e-01
842 +1.661228657e-07 +1.661228657e-07 -7.739999834e+00 -7.739999834e+00 +1.5790e+00 -4.5346e-01 -4.4049e-01
849 +7.230332777e-08 +7.230332777e-08 -7.739999928e+00 -7.739999928e+00 +1.5791e+00 -4.5344e-01 -4.4048e-01
850 +6.091656157e-08 +6.091656157e-08 -7.739999939e+00 -7.739999939e+00 +1.5791e+00 -4.5345e-01 -4.4048e-01
868 +4.498708428e-08 +4.498708428e-08 -7.739999955e+00 -7.739999955e+00 +1.5791e+00 -4.5344e-01 -4.4049e-01
885 +3.377457158e-08 +3.377457158e-08 -7.739999966e+00 -7.739999966e+00 +1.5791e+00 -4.5344e-01 -4.4051e-01
894 +2.859852355e-08 +2.859852355e-08 -7.739999971e+00 -7.739999971e+00 +1.5790e+00 -4.5343e-01 -4.4053e-01
900 +2.129834442e-08 +2.129834442e-08 -7.739999979e+00 -7.739999979e+00 +1.5791e+00 -4.5344e-01 -4.4050e-01
961 +1.875663980e-08 +1.875663980e-08 -7.739999981e+00 -7.739999981e+00 +1.5791e+00 -4.5344e-01 -4.4050e-01
999 +1.847967468e-08 +1.847967468e-08 -7.739999982e+00 -7.739999982e+00 +1.5791e+00 -4.5344e-01 -4.4050e-01
1039 +1.754938417e-08 +1.754938417e-08 -7.739999982e+00 -7.739999982e+00 +1.5791e+00 -4.5344e-01 -4.4049e-01
% function evaluation | noise-free fitness - Fopt (-2.193300000000e+02) | best noise-free fitness - Fopt | measured fitness | best measured fitness | x1 | x2...
1 +1.308301771e+02 +1.308301771e+02 -8.849982291e+01 -8.849982291e+01 +0.0000e+00 +0.0000e+00 +0.0000e+00
2 +1.045536007e+02 +1.045536007e+02 -1.147763993e+02 -1.147763993e+02 +1.6427e+00 -9.2821e-01 +1.6923e-01
3 +3.230857728e+01 +3.230857728e+01 -1.870214227e+02 -1.870214227e+02 +7.2970e-01 -5.8018e-01 -9.9032e-01
12 +1.418088398e+01 +1.418088398e+01 -2.051491160e+02 -2.051491160e+02 +4.2295e-02 -6.7159e-01 -1.4719e+00
73 +7.238275931e+00 +7.238275931e+00 -2.120917241e+02 -2.120917241e+02 -4.7173e-01 +6.7225e-01 -2.1270e+00
175 +6.497842781e+00 +6.497842781e+00 -2.128321572e+02 -2.128321572e+02 -1.4338e+00 +3.7187e+00 +4.8526e-01
234 +4.704493342e+00 +4.704493342e+00 -2.146255067e+02 -2.146255067e+02 -1.4358e+00 +3.4481e+00 +8.5827e-01
277 +3.572134343e+00 +3.572134343e+00 -2.157578657e+02 -2.157578657e+02 -1.4070e+00 +3.2228e+00 +1.1559e+00
414 +3.545188511e+00 +3.545188511e+00 -2.157848115e+02 -2.157848115e+02 -1.3734e+00 +3.1816e+00 +1.1214e+00
433 +2.965119957e+00 +2.965119957e+00 -2.163648800e+02 -2.163648800e+02 -1.3399e+00 +3.1685e+00 +1.1010e+00
451 +2.727243579e+00 +2.727243579e+00 -2.166027564e+02 -2.166027564e+02 -1.3334e+00 +3.1517e+00 +1.1051e+00
495 +2.615275021e+00 +2.615275021e+00 -2.167147250e+02 -2.167147250e+02 -1.3679e+00 +3.1844e+00 +1.1212e+00
658 +2.440632172e+00 +2.440632172e+00 -2.168893678e+02 -2.168893678e+02 -1.3831e+00 +3.2177e+00 +1.1144e+00
709 +2.386894472e+00 +2.386894472e+00 -2.169431055e+02 -2.169431055e+02 -1.3827e+00 +3.2155e+00 +1.1150e+00
752 +2.312043579e+00 +2.312043579e+00 -2.170179564e+02 -2.170179564e+02 -1.3830e+00 +3.2167e+00 +1.1146e+00
783 +2.261872090e+00 +2.261872090e+00 -2.170681279e+02 -2.170681279e+02 -1.3822e+00 +3.2156e+00 +1.1144e+00
916 +2.220655662e+00 +2.220655662e+00 -2.171093443e+02 -2.171093443e+02 -1.3823e+00 +3.2156e+00 +1.1145e+00
% function evaluation | noise-free fitness - Fopt (6.513000000000e+01) | best noise-free fitness - Fopt | measured fitness | best measured fitness | x1 | x2...
1 +1.723958142e+02 +1.723958142e+02 +2.375258142e+02 +2.375258142e+02 +0.0000e+00 +0.0000e+00 +0.0000e+00
2 +9.239246712e+01 +9.239246712e+01 +1.575224671e+02 +1.575224671e+02 +4.0538e-01 -9.4494e-01 -9.4949e-01
5 +5.586667851e+01 +5.586667851e+01 +1.209966785e+02 +1.209966785e+02 -5.4775e-01 +1.7296e+00 +1.1560e+00
9 +2.771074101e+01 +2.771074101e+01 +9.284074101e+01 +9.284074101e+01 -6.3801e-01 -6.3284e-01 -5.9426e-01
33 +1.679180656e+01 +1.679180656e+01 +8.192180656e+01 +8.192180656e+01 -2.6994e+00 +4.3273e-01 -2.2406e+00
36 +4.940736630e+00 +4.940736630e+00 +7.007073663e+01 +7.007073663e+01 -3.7741e+00 -1.3893e+00 -5.3243e-01
103 +9.310799851e-01 +9.310799851e-01 +6.606107999e+01 +6.606107999e+01 -1.5181e+00 -2.7565e+00 -2.5581e-01
140 +8.340736686e-01 +8.340736686e-01 +6.596407367e+01 +6.596407367e+01 -1.5053e+00 -2.7596e+00 -2.6569e-01
155 +7.287954519e-01 +7.287954519e-01 +6.585879545e+01 +6.585879545e+01 -1.3151e+00 -2.8476e+00 -3.4329e-01
192 +4.379305362e-01 +4.379305362e-01 +6.556793054e+01 +6.556793054e+01 -1.3988e+00 -2.8071e+00 -3.0026e-01
238 +3.606162632e-01 +3.606162632e-01 +6.549061626e+01 +6.549061626e+01 -1.4466e+00 -2.8425e+00 -3.8157e-01
253 +3.183543687e-01 +3.183543687e-01 +6.544835437e+01 +6.544835437e+01 -1.3782e+00 -2.8902e+00 -4.2436e-01
265 +3.103647263e-01 +3.103647263e-01 +6.544036473e+01 +6.544036473e+01 -1.3649e+00 -2.8423e+00 -3.5360e-01
267 +1.331278749e-01 +1.331278749e-01 +6.526312787e+01 +6.526312787e+01 -1.4212e+00 -2.8701e+00 -4.2386e-01
292 +1.009817576e-01 +1.009817576e-01 +6.523098176e+01 +6.523098176e+01 -1.3355e+00 -2.8946e+00 -4.2913e-01
304 +9.826623380e-02 +9.826623380e-02 +6.522826623e+01 +6.522826623e+01 -1.3478e+00 -2.8877e+00 -4.3036e-01
307 +5.387390810e-02 +5.387390810e-02 +6.518387391e+01 +6.518387391e+01 -1.2832e+00 -2.9154e+00 -4.4263e-01
340 +5.146922844e-02 +5.146922844e-02 +6.518146923e+01 +6.518146923e+01 -1.2319e+00 -2.9512e+00 -4.7711e-01
341 +1.022819097e-02 +1.022819097e-02 +6.514022819e+01 +6.514022819e+01 -1.2413e+00 -2.9410e+00 -4.7611e-01
360 +3.808261880e-03 +3.808261880e-03 +6.513380826e+01 +6.513380826e+01 -1.2688e+00 -2.9304e+00 -4.5361e-01
% function evaluation | noise-free fitness - Fopt (-5.469000000000e+01) | best noise-free fitness - Fopt | measured fitness | best measured fitness | x1 | x2...
1 +2.357850119e+02 +2.357850119e+02 +1.810950119e+02 +1.810950119e+02 +0.0000e+00 +0.0000e+00 +0.0000e+00
2 +4.686418344e+01 +4.686418344e+01 -7.825816563e+00 -7.825816563e+00 -4.1160e-01 -8.1991e-01 -2.0599e-01
5 +4.046513508e+01 +4.046513508e+01 -1.422486492e+01 -1.422486492e+01 +6.5806e-01 +1.4805e+00 -6.8290e-02
13 +3.738367128e+01 +3.738367128e+01 -1.730632872e+01 -1.730632872e+01 +6.5910e-01 +1.5830e+00 -7.0717e-01
16 +1.372929549e+01 +1.372929549e+01 -4.096070451e+01 -4.096070451e+01 +9.7156e-01 +3.2234e+00 +1.3687e-01
85 +8.148486708e+00 +8.148486708e+00 -4.654151329e+01 -4.654151329e+01 -1.7074e+00 +1.5093e+00 -2.9210e+00
134 +6.288213468e+00 +6.288213468e+00 -4.840178653e+01 -4.840178653e+01 -2.0943e+00 +1.8930e+00 -2.9012e+00
156 +1.971563107e+00 +1.971563107e+00 -5.271843689e+01 -5.271843689e+01 -2.2488e+00 +2.0954e+00 -3.1633e+00
163 +3.528048527e-01 +3.528048527e-01 -5.433719515e+01 -5.433719515e+01 -2.3240e+00 +2.2071e+00 -3.0304e+00
240 +1.763606275e-01 +1.763606275e-01 -5.451363937e+01 -5.451363937e+01 -2.1947e+00 +2.0849e+00 -3.0675e+00
329 +1.345682260e-01 +1.345682260e-01 -5.455543177e+01 -5.455543177e+01 -2.1322e+00 +2.0389e+00 -3.0752e+00
366 +1.275267629e-01 +1.275267629e-01 -5.456247324e+01 -5.456247324e+01 -2.1337e+00 +2.0412e+00 -3.0673e+00
459 +1.200148141e-01 +1.200148141e-01 -5.456998519e+01 -5.456998519e+01 -2.1278e+00 +2.0358e+00 -3.0724e+00
510 +1.016544354e-01 +1.016544354e-01 -5.458834556e+01 -5.458834556e+01 -2.1391e+00 +2.0451e+00 -3.0718e+00
512 +8.265745928e-02 +8.265745928e-02 -5.460734254e+01 -5.460734254e+01 -2.1376e+00 +2.0442e+00 -3.0740e+00
584 +8.048399535e-02 +8.048399535e-02 -5.460951600e+01 -5.460951600e+01 -2.1406e+00 +2.0467e+00 -3.0743e+00
590 +7.744968313e-02 +7.744968313e-02 -5.461255032e+01 -5.461255032e+01 -2.1397e+00 +2.0459e+00 -3.0733e+00
616 +7.502579140e-02 +7.502579140e-02 -5.461497421e+01 -5.461497421e+01 -2.1390e+00 +2.0453e+00 -3.0730e+00
634 +7.222013060e-02 +7.222013060e-02 -5.461777987e+01 -5.461777987e+01 -2.1393e+00 +2.0454e+00 -3.0735e+00
653 +6.915075774e-02 +6.915075774e-02 -5.462084924e+01 -5.462084924e+01 -2.1391e+00 +2.0454e+00 -3.0736e+00
667 +6.651401119e-02 +6.651401119e-02 -5.462348599e+01 -5.462348599e+01 -2.1389e+00 +2.0452e+00 -3.0736e+00
773 +6.540881763e-02 +6.540881763e-02 -5.462459118e+01 -5.462459118e+01 -2.1391e+00 +2.0454e+00 -3.0736e+00
913 +6.440887140e-02 +6.440887140e-02 -5.462559113e+01 -5.462559113e+01 -2.1391e+00 +2.0454e+00 -3.0736e+00
% function evaluation | noise-free fitness - Fopt (-1.796700000000e+02) | best noise-free fitness - Fopt | measured fitness | best measured fitness | x1 | x2...
1 +5.167155014e+01 +5.167155014e+01 -1.279984499e+02 -1.279984499e+02 +0.0000e+00 +0.0000e+00 +0.0000e+00
3 +3.968651067e+01 +3.968651067e+01 -1.399834893e+02 -1.399834893e+02 +8.4150e-01 -1.2291e+00 -1.6062e-01
5 +3.600279993e+01 +3.600279993e+01 -1.436672001e+02 -1.436672001e+02 -1.3544e-01 +1.3105e+00 +9.3581e-01
12 +1.313270948e+01 +1.313270948e+01 -1.665372905e+02 -1.665372905e+02 +6.7065e-01 +3.6309e+00 +1.9290e+00
81 +1.166611899e+01 +1.166611899e+01 -1.680038810e+02 -1.680038810e+02 -1.9339e-01 +4.3372e+00 +1.5943e+00
417 +1.040407302e+01 +1.040407302e+01 -1.692659270e+02 -1.692659270e+02 +9.1054e-01 +4.8805e+00 +7.7098e-01
423 +9.756477554e+00 +9.756477554e+00 -1.699135224e+02 -1.699135224e+02 +8.7831e-01 +4.8904e+00 +8.2237e-01
434 +9.453465454e+00 +9.453465454e+00 -1.702165345e+02 -1.702165345e+02 +8.4824e-01 +4.8612e+00 +7.8892e-01
447 +7.470178698e+00 +7.470178698e+00 -1.721998213e+02 -1.721998213e+02 +8.5115e-01 +4.8718e+00 +8.1784e-01
498 +6.938734950e+00 +6.938734950e+00 -1.727312650e+02 -1.727312650e+02 +8.7392e-01 +4.8798e+00 +7.9703e-01
627 +6.844691252e+00 +6.844691252e+00 -1.728253087e+02 -1.728253087e+02 +8.6953e-01 +4.8795e+00 +8.0545e-01
651 +6.644756335e+00 +6.644756335e+00 -1.730252437e+02 -1.730252437e+02 +8.7701e-01 +4.8796e+00 +7.9751e-01
712 +6.584949005e+00 +6.584949005e+00 -1.730850510e+02 -1.730850510e+02 +8.8001e-01 +4.8838e+00 +7.9771e-01
722 +6.311463661e+00 +6.311463661e+00 -1.733585363e+02 -1.733585363e+02 +8.7996e-01 +4.8833e+00 +7.9706e-01
813 +6.275116729e+00 +6.275116729e+00 -1.733948833e+02 -1.733948833e+02 +8.7954e-01 +4.8831e+00 +7.9708e-01
884 +6.165046874e+00 +6.165046874e+00 -1.735049531e+02 -1.735049531e+02 +8.7962e-01 +4.8830e+00 +7.9701e-01
% function evaluation | noise-free fitness - Fopt (-8.410000000000e+01) | best noise-free fitness - Fopt | measured fitness | best measured fitness | x1 | x2...
1 +4.221172126e+01 +4.221172126e+01 -4.188827874e+01 -4.188827874e+01 +0.0000e+00 +0.0000e+00 +0.0000e+00
3 +4.028195935e+01 +4.028195935e+01 -4.381804065e+01 -4.381804065e+01 +9.5203e-01 +1.7653e+00 -8.8502e-01
18 +2.162622678e+01 +2.162622678e+01 -6.247377322e+01 -6.247377322e+01 -7.9489e-01 +6.0404e-01 +1.2225e+00
22 +2.794861084e+00 +2.794861084e+00 -8.130513892e+01 -8.130513892e+01 -1.1870e+00 -1.1349e-01 -5.9214e-01
32 +2.492435604e+00 +2.492435604e+00 -8.160756440e+01 -8.160756440e+01 -1.3645e+00 -7.8130e-01 -5.9979e-01
183 +2.281914480e+00 +2.281914480e+00 -8.181808552e+01 -8.181808552e+01 -1.2766e+00 -1.8343e+00 +2.6290e+00
195 +1.243013303e+00 +1.243013303e+00 -8.285698670e+01 -8.285698670e+01 -1.4710e+00 -2.5756e+00 +2.4931e+00
200 +9.100663026e-01 +9.100663026e-01 -8.318993370e+01 -8.318993370e+01 -1.4794e+00 -1.2754e+00 +2.8702e+00
238 +8.606669925e-01 +8.606669925e-01 -8.323933301e+01 -8.323933301e+01 -1.4370e+00 -1.9975e+00 +2.7559e+00
246 +4.664481141e-01 +4.664481141e-01 -8.363355189e+01 -8.363355189e+01 -1.4263e+00 -2.3091e+00 +2.6411e+00
248 +3.060453721e-01 +3.060453721e-01 -8.379395463e+01 -8.379395463e+01 -1.4400e+00 -2.2016e+00 +2.8065e+00
256 +2.186586254e-01 +2.186586254e-01 -8.388134137e+01 -8.388134137e+01 -1.3844e+00 -2.0299e+00 +2.7333e+00
315 +2.134845817e-01 +2.134845817e-01 -8.388651542e+01 -8.388651542e+01 -1.4145e+00 -2.1210e+00 +2.7476e+00
323 +1.821883917e-01 +1.821883917e-01 -8.391781161e+01 -8.391781161e+01 -1.4288e+00 -2.1953e+00 +2.7117e+00
325 +1.321471719e-01 +1.321471719e-01 -8.396785283e+01 -8.396785283e+01 -1.4213e+00 -2.1563e+00 +2.7480e+00
328 +9.082473762e-02 +9.082473762e-02 -8.400917526e+01 -8.400917526e+01 -1.4271e+00 -2.1830e+00 +2.7391e+00
332 +6.285588690e-02 +6.285588690e-02 -8.403714411e+01 -8.403714411e+01 -1.4448e+00 -2.1614e+00 +2.7549e+00
334 +5.084533397e-02 +5.084533397e-02 -8.404915467e+01 -8.404915467e+01 -1.4505e+00 -2.2113e+00 +2.7310e+00
335 +4.501812880e-02 +4.501812880e-02 -8.405498187e+01 -8.405498187e+01 -1.4559e+00 -2.2149e+00 +2.7324e+00
346 +2.579238501e-02 +2.579238501e-02 -8.407420761e+01 -8.407420761e+01 -1.4578e+00 -2.2558e+00 +2.7575e+00
358 +1.864664223e-02 +1.864664223e-02 -8.408135336e+01 -8.408135336e+01 -1.4419e+00 -2.2215e+00 +2.7291e+00
372 +1.827614909e-02 +1.827614909e-02 -8.408172385e+01 -8.408172385e+01 -1.4526e+00 -2.2080e+00 +2.7424e+00
390 +1.488863228e-02 +1.488863228e-02 -8.408511137e+01 -8.408511137e+01 -1.4479e+00 -2.2246e+00 +2.7408e+00
392 +3.786896771e-03 +3.786896771e-03 -8.409621310e+01 -8.409621310e+01 -1.4479e+00 -2.2360e+00 +2.7285e+00
420 +4.654233694e-04 +4.654233694e-04 -8.409953458e+01 -8.409953458e+01 -1.4551e+00 -2.2427e+00 +2.7324e+00
507 +2.837270426e-04 +2.837270426e-04 -8.409971627e+01 -8.409971627e+01 -1.4550e+00 -2.2383e+00 +2.7367e+00
515 +1.033965878e-04 +1.033965878e-04 -8.409989660e+01 -8.409989660e+01 -1.4555e+00 -2.2405e+00 +2.7353e+00
618 +1.019982248e-04 +1.019982248e-04 -8.409989800e+01 -8.409989800e+01 -1.4550e+00 -2.2447e+00 +2.7325e+00
619 +9.716445729e-05 +9.716445729e-05 -8.409990284e+01 -8.409990284e+01 -1.4551e+00 -2.2434e+00 +2.7328e+00
622 +9.351304175e-05 +9.351304175e-05 -8.409990649e+01 -8.409990649e+01 -1.4556e+00 -2.2437e+00 +2.7336e+00
631 +6.320910524e-05 +6.320910524e-05 -8.409993679e+01 -8.409993679e+01 -1.4553e+00 -2.2443e+00 +2.7334e+00
632 +5.958850862e-05 +5.958850862e-05 -8.409994041e+01 -8.409994041e+01 -1.4554e+00 -2.2424e+00 +2.7336e+00
647 +1.494200674e-05 +1.494200674e-05 -8.409998506e+01 -8.409998506e+01 -1.4547e+00 -2.2408e+00 +2.7344e+00
704 +9.690347596e-06 +9.690347596e-06 -8.409999031e+01 -8.409999031e+01 -1.4551e+00 -2.2426e+00 +2.7339e+00
716 +3.864467828e-06 +3.864467828e-06 -8.409999614e+01 -8.409999614e+01 -1.4551e+00 -2.2431e+00 +2.7336e+00
830 +3.451325497e-06 +3.451325497e-06 -8.409999655e+01 -8.409999655e+01 -1.4551e+00 -2.2428e+00 +2.7337e+00
833 +2.817156584e-06 +2.817156584e-06 -8.409999718e+01 -8.409999718e+01 -1.4551e+00 -2.2427e+00 +2.7337e+00
856 +2.236385271e-06 +2.236385271e-06 -8.409999776e+01 -8.409999776e+01 -1.4551e+00 -2.2427e+00 +2.7337e+00
859 +1.960138277e-06 +1.960138277e-06 -8.409999804e+01 -8.409999804e+01 -1.4551e+00 -2.2427e+00 +2.7337e+00
901 +1.599295032e-06 +1.599295032e-06 -8.409999840e+01 -8.409999840e+01 -1.4551e+00 -2.2427e+00 +2.7337e+00
939 +1.554485252e-06 +1.554485252e-06 -8.409999845e+01 -8.409999845e+01 -1.4551e+00 -2.2426e+00 +2.7338e+00
966 +1.527578533e-06 +1.527578533e-06 -8.409999847e+01 -8.409999847e+01 -1.4551e+00 -2.2427e+00 +2.7338e+00
969 +1.325539344e-06 +1.325539344e-06 -8.409999867e+01 -8.409999867e+01 -1.4551e+00 -2.2427e+00 +2.7338e+00
974 +1.215957170e-06 +1.215957170e-06 -8.409999878e+01 -8.409999878e+01 -1.4551e+00 -2.2427e+00 +2.7338e+00
1019 +1.155096655e-06 +1.155096655e-06 -8.409999884e+01 -8.409999884e+01 -1.4551e+00 -2.2427e+00 +2.7338e+00
1047 +1.137314968e-06 +1.137314968e-06 -8.409999886e+01 -8.409999886e+01 -1.4551e+00 -2.2427e+00 +2.7338e+00
1156 +1.120091397e-06 +1.120091397e-06 -8.409999888e+01 -8.409999888e+01 -1.4551e+00 -2.2427e+00 +2.7338e+00
