% function evaluation | noise-free fitness - Fopt (7.135000000000e+01) | best noise-free fitness - Fopt | measured fitness | best measured fitness | x1 | x2...
1 +6.740687613e+01 +6.740687613e+01 +1.387568761e+02 +1.387568761e+02
4 +6.365250679e+01 +6.365250679e+01 +1.350025068e+02 +1.350025068e+02
11 +5.846126144e+01 +5.846126144e+01 +1.298112614e+02 +1.298112614e+02
71 +5.657215108e+01 +5.657215108e+01 +1.279221511e+02 +1.279221511e+02
86 +5.318984234e+01 +5.318984234e+01 +1.245398423e+02 +1.245398423e+02
88 +4.940140132e+01 +4.940140132e+01 +1.207514013e+02 +1.207514013e+02
196 +4.639558537e+01 +4.639558537e+01 +1.177455854e+02 +1.177455854e+02
1424 +4.162038525e+01 +4.162038525e+01 +1.129703852e+02 +1.129703852e+02
4415 +4.060599187e+01 +4.060599187e+01 +1.119559919e+02 +1.119559919e+02
4739 +3.698126481e+01 +3.698126481e+01 +1.083312648e+02 +1.083312648e+02
4744 +3.478695321e+01 +3.478695321e+01 +1.061369532e+02 +1.061369532e+02
4934 +3.436523676e+01 +3.436523676e+01 +1.057152368e+02 +1.057152368e+02
4942 +3.107597800e+01 +3.107597800e+01 +1.024259780e+02 +1.024259780e+02
5064 +2.998258775e+01 +2.998258775e+01 +1.013325878e+02 +1.013325878e+02
5169 +2.940232581e+01 +2.940232581e+01 +1.007523258e+02 +1.007523258e+02
5293 +2.867588270e+01 +2.867588270e+01 +1.000258827e+02 +1.000258827e+02
5305 +2.813643377e+01 +2.813643377e+01 +9.948643377e+01 +9.948643377e+01
5333 +2.625141660e+01 +2.625141660e+01 +9.760141660e+01 +9.760141660e+01
5469 +2.553425088e+01 +2.553425088e+01 +9.688425088e+01 +9.688425088e+01
5495 +2.503266197e+01 +2.503266197e+01 +9.638266197e+01 +9.638266197e+01
5509 +2.418111800e+01 +2.418111800e+01 +9.553111800e+01 +9.553111800e+01
5667 +2.353042275e+01 +2.353042275e+01 +9.488042275e+01 +9.488042275e+01
5943 +2.312477297e+01 +2.312477297e+01 +9.447477297e+01 +9.447477297e+01
6059 +2.242885447e+01 +2.242885447e+01 +9.377885447e+01 +9.377885447e+01
6102 +2.123085807e+01 +2.123085807e+01 +9.258085807e+01 +9.258085807e+01
6268 +2.076998289e+01 +2.076998289e+01 +9.211998289e+01 +9.211998289e+01
6434 +2.000664497e+01 +2.000664497e+01 +9.135664497e+01 +9.135664497e+01
6443 +1.981321622e+01 +1.981321622e+01 +9.116321622e+01 +9.116321622e+01
6470 +1.933267900e+01 +1.933267900e+01 +9.068267900e+01 +9.068267900e+01
6527 +1.904008437e+01 +1.904008437e+01 +9.039008437e+01 +9.039008437e+01
6596 +1.846259773e+01 +1.846259773e+01 +8.981259773e+01 +8.981259773e+01
6620 +1.812215048e+01 +1.812215048e+01 +8.947215048e+01 +8.947215048e+01
6640 +1.765669817e+01 +1.765669817e+01 +8.900669817e+01 +8.900669817e+01
7009 +1.725240863e+01 +1.725240863e+01 +8.860240863e+01 +8.860240863e+01
7694 +1.660209571e+01 +1.660209571e+01 +8.795209571e+01 +8.795209571e+01
8326 +1.647296032e+01 +1.647296032e+01 +8.782296032e+01 +8.782296032e+01
8711 +1.620300338e+01 +1.620300338e+01 +8.755300338e+01 +8.755300338e+01
10033 +1.583750604e+01 +1.583750604e+01 +8.718750604e+01 +8.718750604e+01
11843 +1.548270849e+01 +1.548270849e+01 +8.683270849e+01 +8.683270849e+01
% function evaluation | noise-free fitness - Fopt (-3.552200000000e+02) | best noise-free fitness - Fopt | measured fitness | best measured fitness | x1 | x2...
1 +9.594726272e+01 +9.594726272e+01 -2.592727373e+02 -2.592727373e+02
2 +8.440135462e+01 +8.440135462e+01 -2.708186454e+02 -2.708186454e+02
3 +5.339123479e+01 +5.339123479e+01 -3.018287652e+02 -3.018287652e+02
26 +4.933540735e+01 +4.933540735e+01 -3.058845926e+02 -3.058845926e+02
62 +4.772589168e+01 +4.772589168e+01 -3.074941083e+02 -3.074941083e+02
1658 +4.583944822e+01 +4.583944822e+01 -3.093805518e+02 -3.093805518e+02
1717 +4.428425394e+01 +4.428425394e+01 -3.109357461e+02 -3.109357461e+02
1756 +4.363442277e+01 +4.363442277e+01 -3.115855772e+02 -3.115855772e+02
1996 +3.247221391e+01 +3.247221391e+01 -3.227477861e+02 -3.227477861e+02
2751 +3.184330854e+01 +3.184330854e+01 -3.233766915e+02 -3.233766915e+02
2755 +3.125910936e+01 +3.125910936e+01 -3.239608906e+02 -3.239608906e+02
2902 +3.053591885e+01 +3.053591885e+01 -3.246840811e+02 -3.246840811e+02
2967 +2.948456438e+01 +2.948456438e+01 -3.257354356e+02 -3.257354356e+02
3027 +2.367390729e+01 +2.367390729e+01 -3.315460927e+02 -3.315460927e+02
3034 +2.013558679e+01 +2.013558679e+01 -3.350844132e+02 -3.350844132e+02
3224 +1.967291855e+01 +1.967291855e+01 -3.355470815e+02 -3.355470815e+02
3283 +1.838682883e+01 +1.838682883e+01 -3.368331712e+02 -3.368331712e+02
3339 +1.713682050e+01 +1.713682050e+01 -3.380831795e+02 -3.380831795e+02
3399 +1.639429153e+01 +1.639429153e+01 -3.388257085e+02 -3.388257085e+02
3446 +1.544361596e+01 +1.544361596e+01 -3.397763840e+02 -3.397763840e+02
3485 +1.474087496e+01 +1.474087496e+01 -3.404791250e+02 -3.404791250e+02
3673 +1.410993425e+01 +1.410993425e+01 -3.411100657e+02 -3.411100657e+02
3689 +1.363152565e+01 +1.363152565e+01 -3.415884743e+02 -3.415884743e+02
3712 +1.322671383e+01 +1.322671383e+01 -3.419932862e+02 -3.419932862e+02
3749 +1.260170029e+01 +1.260170029e+01 -3.426182997e+02 -3.426182997e+02
3815 +1.179451464e+01 +1.179451464e+01 -3.434254854e+02 -3.434254854e+02
3831 +1.059165438e+01 +1.059165438e+01 -3.446283456e+02 -3.446283456e+02
4034 +1.028331346e+01 +1.028331346e+01 -3.449366865e+02 -3.449366865e+02
4047 +9.938919856e+00 +9.938919856e+00 -3.452810801e+02 -3.452810801e+02
4119 +9.710505000e+00 +9.710505000e+00 -3.455094950e+02 -3.455094950e+02
4481 +8.492886208e+00 +8.492886208e+00 -3.467271138e+02 -3.467271138e+02
4491 +8.226052692e+00 +8.226052692e+00 -3.469939473e+02 -3.469939473e+02
4585 +7.739807956e+00 +7.739807956e+00 -3.474801920e+02 -3.474801920e+02
4889 +7.310410623e+00 +7.310410623e+00 -3.479095894e+02 -3.479095894e+02
5072 +7.213297509e+00 +7.213297509e+00 -3.480067025e+02 -3.480067025e+02
5265 +7.014606167e+00 +7.014606167e+00 -3.482053938e+02 -3.482053938e+02
5513 +6.683463507e+00 +6.683463507e+00 -3.485365365e+02 -3.485365365e+02
5653 +6.579111591e+00 +6.579111591e+00 -3.486408884e+02 -3.486408884e+02
5704 +6.421653100e+00 +6.421653100e+00 -3.487983469e+02 -3.487983469e+02
6268 +6.305763093e+00 +6.305763093e+00 -3.489142369e+02 -3.489142369e+02
6753 +6.112896087e+00 +6.112896087e+00 -3.491071039e+02 -3.491071039e+02
7050 +6.017938989e+00 +6.017938989e+00 -3.492020610e+02 -3.492020610e+02
7113 +5.870347126e+00 +5.870347126e+00 -3.493496529e+02 -3.493496529e+02
7485 +5.713107486e+00 +5.713107486e+00 -3.495068925e+02 -3.495068925e+02
7846 +5.615253419e+00 +5.615253419e+00 -3.496047466e+02 -3.496047466e+02
8724 +5.491101115e+00 +5.491101115e+00 -3.497288989e+02 -3.497288989e+02
% function evaluation | noise-free fitness - Fopt (9.917000000000e+01) | best noise-free fitness - Fopt | measured fitness | best measured fitness | x1 | x2...
1 +1.139354996e+02 +1.139354996e+02 +2.131054996e+02 +2.131054996e+02
2 +6.015223201e+01 +6.015223201e+01 +1.593222320e+02 +1.593222320e+02
6 +5.067917333e+01 +5.067917333e+01 +1.498491733e+02 +1.498491733e+02
45 +4.366770259e+01 +4.366770259e+01 +1.428377026e+02 +1.428377026e+02
940 +3.867956707e+01 +3.867956707e+01 +1.378495671e+02 +1.378495671e+02
1322 +3.662725712e+01 +3.662725712e+01 +1.357972571e+02 +1.357972571e+02
1347 +2.770152464e+01 +2.770152464e+01 +1.268715246e+02 +1.268715246e+02
1361 +2.541413374e+01 +2.541413374e+01 +1.245841337e+02 +1.245841337e+02
1566 +2.402108434e+01 +2.402108434e+01 +1.231910843e+02 +1.231910843e+02
1572 +2.249689497e+01 +2.249689497e+01 +1.216668950e+02 +1.216668950e+02
1585 +2.016061692e+01 +2.016061692e+01 +1.193306169e+02 +1.193306169e+02
1667 +1.989137085e+01 +1.989137085e+01 +1.190613709e+02 +1.190613709e+02
1882 +1.947815461e+01 +1.947815461e+01 +1.186481546e+02 +1.186481546e+02
1890 +1.743389411e+01 +1.743389411e+01 +1.166038941e+02 +1.166038941e+02
1891 +1.408414429e+01 +1.408414429e+01 +1.132541443e+02 +1.132541443e+02
2123 +1.351215447e+01 +1.351215447e+01 +1.126821545e+02 +1.126821545e+02
2137 +1.333135341e+01 +1.333135341e+01 +1.125013534e+02 +1.125013534e+02
2162 +1.260490384e+01 +1.260490384e+01 +1.117749038e+02 +1.117749038e+02
2178 +1.250767764e+01 +1.250767764e+01 +1.116776776e+02 +1.116776776e+02
2188 +1.226082070e+01 +1.226082070e+01 +1.114308207e+02 +1.114308207e+02
2233 +1.126616420e+01 +1.126616420e+01 +1.104361642e+02 +1.104361642e+02
2248 +1.111176760e+01 +1.111176760e+01 +1.102817676e+02 +1.102817676e+02
2265 +1.092511435e+01 +1.092511435e+01 +1.100951143e+02 +1.100951143e+02
2357 +1.029640554e+01 +1.029640554e+01 +1.094664055e+02 +1.094664055e+02
2365 +9.776785130e+00 +9.776785130e+00 +1.089467851e+02 +1.089467851e+02
2374 +9.547580208e+00 +9.547580208e+00 +1.087175802e+02 +1.087175802e+02
2389 +8.735205550e+00 +8.735205550e+00 +1.079052056e+02 +1.079052056e+02
2436 +8.217961230e+00 +8.217961230e+00 +1.073879612e+02 +1.073879612e+02
2746 +7.981137566e+00 +7.981137566e+00 +1.071511376e+02 +1.071511376e+02
2777 +7.906114835e+00 +7.906114835e+00 +1.070761148e+02 +1.070761148e+02
2786 +7.712491855e+00 +7.712491855e+00 +1.068824919e+02 +1.068824919e+02
2818 +7.209881811e+00 +7.209881811e+00 +1.063798818e+02 +1.063798818e+02
3869 +6.803106374e+00 +6.803106374e+00 +1.059731064e+02 +1.059731064e+02
3932 +6.713061537e+00 +6.713061537e+00 +1.058830615e+02 +1.058830615e+02
4098 +6.355589385e+00 +6.355589385e+00 +1.055255894e+02 +1.055255894e+02
4298 +6.292942568e+00 +6.292942568e+00 +1.054629426e+02 +1.054629426e+02
4380 +6.122706677e+00 +6.122706677e+00 +1.052927067e+02 +1.052927067e+02
4506 +5.997465353e+00 +5.997465353e+00 +1.051674654e+02 +1.051674654e+02
4740 +5.871975443e+00 +5.871975443e+00 +1.050419754e+02 +1.050419754e+02
4844 +5.711589969e+00 +5.711589969e+00 +1.048815900e+02 +1.048815900e+02
5003 +5.619725674e+00 +5.619725674e+00 +1.047897257e+02 +1.047897257e+02
5367 +5.469681011e+00 +5.469681011e+00 +1.046396810e+02 +1.046396810e+02
5520 +5.331597061e+00 +5.331597061e+00 +1.045015971e+02 +1.045015971e+02
5686 +5.209788966e+00 +5.209788966e+00 +1.043797890e+02 +1.043797890e+02
6707 +5.127186169e+00 +5.127186169e+00 +1.042971862e+02 +1.042971862e+02
7890 +5.010094466e+00 +5.010094466e+00 +1.041800945e+02 +1.041800945e+02
% function evaluation | noise-free fitness - Fopt (-5.179100000000e+02) | best noise-free fitness - Fopt | measured fitness | best measured fitness | x1 | x2...
1 +4.652870512e+01 +4.652870512e+01 -4.713812949e+02 -4.713812949e+02
224 +4.558644765e+01 +4.558644765e+01 -4.723235524e+02 -4.723235524e+02
808 +4.079062616e+01 +4.079062616e+01 -4.771193738e+02 -4.771193738e+02
1415 +4.055967157e+01 +4.055967157e+01 -4.773503284e+02 -4.773503284e+02
1419 +3.918185045e+01 +3.918185045e+01 -4.787281496e+02 -4.787281496e+02
1857 +3.689764018e+01 +3.689764018e+01 -4.810123598e+02 -4.810123598e+02
1933 +3.562982123e+01 +3.562982123e+01 -4.822801788e+02 -4.822801788e+02
2250 +3.490402487e+01 +3.490402487e+01 -4.830059751e+02 -4.830059751e+02
2350 +3.020907351e+01 +3.020907351e+01 -4.877009265e+02 -4.877009265e+02
2602 +2.814432212e+01 +2.814432212e+01 -4.897656779e+02 -4.897656779e+02
2869 +2.623861530e+01 +2.623861530e+01 -4.916713847e+02 -4.916713847e+02
2877 +2.563355747e+01 +2.563355747e+01 -4.922764425e+02 -4.922764425e+02
2904 +2.447592944e+01 +2.447592944e+01 -4.934340706e+02 -4.934340706e+02
2923 +2.183219390e+01 +2.183219390e+01 -4.960778061e+02 -4.960778061e+02
2924 +2.065840879e+01 +2.065840879e+01 -4.972515912e+02 -4.972515912e+02
3179 +1.976834516e+01 +1.976834516e+01 -4.981416548e+02 -4.981416548e+02
3184 +1.912130622e+01 +1.912130622e+01 -4.987886938e+02 -4.987886938e+02
3655 +1.846039056e+01 +1.846039056e+01 -4.994496094e+02 -4.994496094e+02
3793 +1.803968653e+01 +1.803968653e+01 -4.998703135e+02 -4.998703135e+02
3823 +1.736599103e+01 +1.736599103e+01 -5.005440090e+02 -5.005440090e+02
3845 +1.562591988e+01 +1.562591988e+01 -5.022840801e+02 -5.022840801e+02
3865 +1.508502875e+01 +1.508502875e+01 -5.028249712e+02 -5.028249712e+02
4087 +1.472249189e+01 +1.472249189e+01 -5.031875081e+02 -5.031875081e+02
4170 +1.424140693e+01 +1.424140693e+01 -5.036685931e+02 -5.036685931e+02
4183 +1.386367419e+01 +1.386367419e+01 -5.040463258e+02 -5.040463258e+02
4193 +1.302401835e+01 +1.302401835e+01 -5.048859817e+02 -5.048859817e+02
4670 +1.258927586e+01 +1.258927586e+01 -5.053207241e+02 -5.053207241e+02
5059 +1.244871045e+01 +1.244871045e+01 -5.054612895e+02 -5.054612895e+02
5085 +1.196794748e+01 +1.196794748e+01 -5.059420525e+02 -5.059420525e+02
5111 +1.144818980e+01 +1.144818980e+01 -5.064618102e+02 -5.064618102e+02
5463 +1.093087474e+01 +1.093087474e+01 -5.069791253e+02 -5.069791253e+02
5543 +1.049374381e+01 +1.049374381e+01 -5.074162562e+02 -5.074162562e+02
5557 +1.030365675e+01 +1.030365675e+01 -5.076063432e+02 -5.076063432e+02
5854 +1.008354835e+01 +1.008354835e+01 -5.078264516e+02 -5.078264516e+02
5896 +9.991388193e+00 +9.991388193e+00 -5.079186118e+02 -5.079186118e+02
6073 +9.763882834e+00 +9.763882834e+00 -5.081461172e+02 -5.081461172e+02
6149 +9.538951804e+00 +9.538951804e+00 -5.083710482e+02 -5.083710482e+02
6431 +9.241894268e+00 +9.241894268e+00 -5.086681057e+02 -5.086681057e+02
6495 +9.081071882e+00 +9.081071882e+00 -5.088289281e+02 -5.088289281e+02
6875 +8.899874468e+00 +8.899874468e+00 -5.090101255e+02 -5.090101255e+02
7312 +8.663190427e+00 +8.663190427e+00 -5.092468096e+02 -5.092468096e+02
7622 +8.461931713e+00 +8.461931713e+00 -5.094480683e+02 -5.094480683e+02
8018 +8.310438672e+00 +8.310438672e+00 -5.095995613e+02 -5.095995613e+02
8218 +8.127136305e+00 +8.127136305e+00 -5.097828637e+02 -5.097828637e+02
8918 +7.943227073e+00 +7.943227073e+00 -5.099667729e+02 -5.099667729e+02
15602 +7.762456169e+00 +7.762456169e+00 -5.101475438e+02 -5.101475438e+02
% function evaluation | noise-free fitness - Fopt (-5.721000000000e+01) | best noise-free fitness - Fopt | measured fitness | best measured fitness | x1 | x2...
1 +7.463475363e+01 +7.463475363e+01 +1.742475363e+01 +1.742475363e+01
2 +6.716347561e+01 +6.716347561e+01 +9.953475610e+00 +9.953475610e+00
9 +6.541637832e+01 +6.541637832e+01 +8.206378321e+00 +8.206378321e+00
14 +5.521257671e+01 +5.521257671e+01 -1.997423294e+00 -1.997423294e+00
34 +4.810495538e+01 +4.810495538e+01 -9.105044616e+00 -9.105044616e+00
96 +4.175333465e+01 +4.175333465e+01 -1.545666535e+01 -1.545666535e+01
1947 +4.096278550e+01 +4.096278550e+01 -1.624721450e+01 -1.624721450e+01
2033 +3.971212137e+01 +3.971212137e+01 -1.749787863e+01 -1.749787863e+01
2071 +3.735880161e+01 +3.735880161e+01 -1.985119839e+01 -1.985119839e+01
2083 +3.393780370e+01 +3.393780370e+01 -2.327219630e+01 -2.327219630e+01
2096 +3.178127417e+01 +3.178127417e+01 -2.542872583e+01 -2.542872583e+01
2787 +3.154798028e+01 +3.154798028e+01 -2.566201972e+01 -2.566201972e+01
2977 +3.078281876e+01 +3.078281876e+01 -2.642718124e+01 -2.642718124e+01
3089 +2.949680321e+01 +2.949680321e+01 -2.771319679e+01 -2.771319679e+01
3295 +2.772842050e+01 +2.772842050e+01 -2.948157950e+01 -2.948157950e+01
3320 +2.662508600e+01 +2.662508600e+01 -3.058491400e+01 -3.058491400e+01
3339 +2.591527732e+01 +2.591527732e+01 -3.129472268e+01 -3.129472268e+01
3340 +2.564614058e+01 +2.564614058e+01 -3.156385942e+01 -3.156385942e+01
3359 +2.381270628e+01 +2.381270628e+01 -3.339729372e+01 -3.339729372e+01
3388 +2.287717381e+01 +2.287717381e+01 -3.433282619e+01 -3.433282619e+01
3420 +2.220264844e+01 +2.220264844e+01 -3.500735156e+01 -3.500735156e+01
3430 +2.101085711e+01 +2.101085711e+01 -3.619914289e+01 -3.619914289e+01
3602 +2.029247242e+01 +2.029247242e+01 -3.691752758e+01 -3.691752758e+01
3801 +1.975033310e+01 +1.975033310e+01 -3.745966690e+01 -3.745966690e+01
3839 +1.900962542e+01 +1.900962542e+01 -3.820037458e+01 -3.820037458e+01
4117 +1.853655659e+01 +1.853655659e+01 -3.867344341e+01 -3.867344341e+01
4246 +1.807448955e+01 +1.807448955e+01 -3.913551045e+01 -3.913551045e+01
4262 +1.685197178e+01 +1.685197178e+01 -4.035802822e+01 -4.035802822e+01
4495 +1.652522643e+01 +1.652522643e+01 -4.068477357e+01 -4.068477357e+01
4728 +1.604412317e+01 +1.604412317e+01 -4.116587683e+01 -4.116587683e+01
4739 +1.584650411e+01 +1.584650411e+01 -4.136349589e+01 -4.136349589e+01
5094 +1.548469958e+01 +1.548469958e+01 -4.172530042e+01 -4.172530042e+01
5256 +1.503312260e+01 +1.503312260e+01 -4.217687740e+01 -4.217687740e+01
5416 +1.476518409e+01 +1.476518409e+01 -4.244481591e+01 -4.244481591e+01
5812 +1.437239793e+01 +1.437239793e+01 -4.283760207e+01 -4.283760207e+01
5927 +1.411194054e+01 +1.411194054e+01 -4.309805946e+01 -4.309805946e+01
6623 +1.378651031e+01 +1.378651031e+01 -4.342348969e+01 -4.342348969e+01
10439 +1.348929358e+01 +1.348929358e+01 -4.372070642e+01 -4.372070642e+01
% function evaluation | noise-free fitness - Fopt (-1.237300000000e+02) | best noise-free fitness - Fopt | measured fitness | best measured fitness | x1 | x2...
1 +9.029685285e+01 +9.029685285e+01 -3.343314715e+01 -3.343314715e+01
2 +7.582711461e+01 +7.582711461e+01 -4.790288539e+01 -4.790288539e+01
11 +6.001704652e+01 +6.001704652e+01 -6.371295348e+01 -6.371295348e+01
25 +4.811919277e+01 +4.811919277e+01 -7.561080723e+01 -7.561080723e+01
66 +4.700993071e+01 +4.700993071e+01 -7.672006929e+01 -7.672006929e+01
824 +4.660604154e+01 +4.660604154e+01 -7.712395846e+01 -7.712395846e+01
1520 +4.451946017e+01 +4.451946017e+01 -7.921053983e+01 -7.921053983e+01
2152 +4.298266569e+01 +4.298266569e+01 -8.074733431e+01 -8.074733431e+01
2552 +4.180061729e+01 +4.180061729e+01 -8.192938271e+01 -8.192938271e+01
2576 +4.082154214e+01 +4.082154214e+01 -8.290845786e+01 -8.290845786e+01
2587 +3.875673022e+01 +3.875673022e+01 -8.497326978e+01 -8.497326978e+01
2734 +3.781723807e+01 +3.781723807e+01 -8.591276193e+01 -8.591276193e+01
2853 +3.610934500e+01 +3.610934500e+01 -8.762065500e+01 -8.762065500e+01
2871 +3.524519658e+01 +3.524519658e+01 -8.848480342e+01 -8.848480342e+01
3096 +3.395614081e+01 +3.395614081e+01 -8.977385919e+01 -8.977385919e+01
3108 +3.216458508e+01 +3.216458508e+01 -9.156541492e+01 -9.156541492e+01
3118 +3.151923254e+01 +3.151923254e+01 -9.221076746e+01 -9.221076746e+01
3456 +3.043803494e+01 +3.043803494e+01 -9.329196506e+01 -9.329196506e+01
3458 +2.774294842e+01 +2.774294842e+01 -9.598705158e+01 -9.598705158e+01
3520 +2.698144308e+01 +2.698144308e+01 -9.674855692e+01 -9.674855692e+01
3694 +2.659305178e+01 +2.659305178e+01 -9.713694822e+01 -9.713694822e+01
3714 +2.487571327e+01 +2.487571327e+01 -9.885428673e+01 -9.885428673e+01
3875 +2.440606993e+01 +2.440606993e+01 -9.932393007e+01 -9.932393007e+01
3903 +2.383040455e+01 +2.383040455e+01 -9.989959545e+01 -9.989959545e+01
3908 +2.320287641e+01 +2.320287641e+01 -1.005271236e+02 -1.005271236e+02
3910 +2.246757367e+01 +2.246757367e+01 -1.012624263e+02 -1.012624263e+02
3980 +2.220742637e+01 +2.220742637e+01 -1.015225736e+02 -1.015225736e+02
4073 +2.145371692e+01 +2.145371692e+01 -1.022762831e+02 -1.022762831e+02
4097 +2.133606100e+01 +2.133606100e+01 -1.023939390e+02 -1.023939390e+02
4142 +2.084208022e+01 +2.084208022e+01 -1.028879198e+02 -1.028879198e+02
4156 +2.016225762e+01 +2.016225762e+01 -1.035677424e+02 -1.035677424e+02
4229 +1.960705751e+01 +1.960705751e+01 -1.041229425e+02 -1.041229425e+02
4246 +1.944013480e+01 +1.944013480e+01 -1.042898652e+02 -1.042898652e+02
4362 +1.887875468e+01 +1.887875468e+01 -1.048512453e+02 -1.048512453e+02
4408 +1.860297915e+01 +1.860297915e+01 -1.051270208e+02 -1.051270208e+02
4815 +1.805890231e+01 +1.805890231e+01 -1.056710977e+02 -1.056710977e+02
5417 +1.776738564e+01 +1.776738564e+01 -1.059626144e+02 -1.059626144e+02
6028 +1.734108559e+01 +1.734108559e+01 -1.063889144e+02 -1.063889144e+02
6899 +1.695029165e+01 +1.695029165e+01 -1.067797084e+02 -1.067797084e+02
8139 +1.658015131e+01 +1.658015131e+01 -1.071498487e+02 -1.071498487e+02
% function evaluation | noise-free fitness - Fopt (-1.322100000000e+02) | best noise-free fitness - Fopt | measured fitness | best measured fitness | x1 | x2...
1 +9.853303868e+01 +9.853303868e+01 -3.367696132e+01 -3.367696132e+01
3 +5.838448200e+01 +5.838448200e+01 -7.382551800e+01 -7.382551800e+01
22 +5.415641027e+01 +5.415641027e+01 -7.805358973e+01 -7.805358973e+01
126 +5.214371199e+01 +5.214371199e+01 -8.006628801e+01 -8.006628801e+01
190 +5.034313501e+01 +5.034313501e+01 -8.186686499e+01 -8.186686499e+01
227 +4.354312102e+01 +4.354312102e+01 -8.866687898e+01 -8.866687898e+01
413 +3.984026086e+01 +3.984026086e+01 -9.236973914e+01 -9.236973914e+01
949 +3.930457998e+01 +3.930457998e+01 -9.290542002e+01 -9.290542002e+01
972 +3.770763478e+01 +3.770763478e+01 -9.450236522e+01 -9.450236522e+01
1128 +3.303619002e+01 +3.303619002e+01 -9.917380998e+01 -9.917380998e+01
1190 +3.234909612e+01 +3.234909612e+01 -9.986090388e+01 -9.986090388e+01
1207 +2.899015544e+01 +2.899015544e+01 -1.032198446e+02 -1.032198446e+02
1374 +2.855550938e+01 +2.855550938e+01 -1.036544906e+02 -1.036544906e+02
1416 +2.812812395e+01 +2.812812395e+01 -1.040818760e+02 -1.040818760e+02
1529 +2.575008032e+01 +2.575008032e+01 -1.064599197e+02 -1.064599197e+02
1724 +2.448961676e+01 +2.448961676e+01 -1.077203832e+02 -1.077203832e+02
1789 +2.392643494e+01 +2.392643494e+01 -1.082835651e+02 -1.082835651e+02
1839 +2.312218056e+01 +2.312218056e+01 -1.090878194e+02 -1.090878194e+02
1977 +2.104123532e+01 +2.104123532e+01 -1.111687647e+02 -1.111687647e+02
2075 +2.053169143e+01 +2.053169143e+01 -1.116783086e+02 -1.116783086e+02
2086 +2.033603153e+01 +2.033603153e+01 -1.118739685e+02 -1.118739685e+02
2092 +1.937085404e+01 +1.937085404e+01 -1.128391460e+02 -1.128391460e+02
2114 +1.857498835e+01 +1.857498835e+01 -1.136350117e+02 -1.136350117e+02
2137 +1.726987438e+01 +1.726987438e+01 -1.149401256e+02 -1.149401256e+02
2167 +1.657270651e+01 +1.657270651e+01 -1.156372935e+02 -1.156372935e+02
2180 +1.565491943e+01 +1.565491943e+01 -1.165550806e+02 -1.165550806e+02
2235 +1.524091725e+01 +1.524091725e+01 -1.169690828e+02 -1.169690828e+02
2278 +1.462592912e+01 +1.462592912e+01 -1.175840709e+02 -1.175840709e+02
2311 +1.445169640e+01 +1.445169640e+01 -1.177583036e+02 -1.177583036e+02
2345 +1.384962195e+01 +1.384962195e+01 -1.183603781e+02 -1.183603781e+02
2483 +1.330201234e+01 +1.330201234e+01 -1.189079877e+02 -1.189079877e+02
2490 +1.262375791e+01 +1.262375791e+01 -1.195862421e+02 -1.195862421e+02
3270 +1.251803346e+01 +1.251803346e+01 -1.196919665e+02 -1.196919665e+02
3433 +1.226230443e+01 +1.226230443e+01 -1.199476956e+02 -1.199476956e+02
3587 +1.183282602e+01 +1.183282602e+01 -1.203771740e+02 -1.203771740e+02
3624 +1.144875213e+01 +1.144875213e+01 -1.207612479e+02 -1.207612479e+02
3873 +1.114917063e+01 +1.114917063e+01 -1.210608294e+02 -1.210608294e+02
3955 +1.089222811e+01 +1.089222811e+01 -1.213177719e+02 -1.213177719e+02
4108 +1.070580482e+01 +1.070580482e+01 -1.215041952e+02 -1.215041952e+02
4304 +1.043792206e+01 +1.043792206e+01 -1.217720779e+02 -1.217720779e+02
4539 +1.013951339e+01 +1.013951339e+01 -1.220704866e+02 -1.220704866e+02
4899 +9.960239530e+00 +9.960239530e+00 -1.222497605e+02 -1.222497605e+02
4993 +9.768187697e+00 +9.768187697e+00 -1.224418123e+02 -1.224418123e+02
5279 +9.533490730e+00 +9.533490730e+00 -1.226765093e+02 -1.226765093e+02
6482 +9.330658898e+00 +9.330658898e+00 -1.228793411e+02 -1.228793411e+02
9072 +9.118506146e+00 +9.118506146e+00 -1.230914939e+02 -1.230914939e+02
% function evaluation | noise-free fitness - Fopt (9.533000000000e+01) | best noise-free fitness - Fopt | measured fitness | best measured fitness | x1 | x2...
1 +7.970362074e+01 +7.970362074e+01 +1.750336207e+02 +1.750336207e+02
2 +6.777475926e+01 +6.777475926e+01 +1.631047593e+02 +1.631047593e+02
5 +6.197943079e+01 +6.197943079e+01 +1.573094308e+02 +1.573094308e+02
6 +6.010020318e+01 +6.010020318e+01 +1.554302032e+02 +1.554302032e+02
16 +5.548922525e+01 +5.548922525e+01 +1.508192252e+02 +1.508192252e+02
31 +4.044790515e+01 +4.044790515e+01 +1.357779051e+02 +1.357779051e+02
848 +3.906735948e+01 +3.906735948e+01 +1.343973595e+02 +1.343973595e+02
1036 +3.783461825e+01 +3.783461825e+01 +1.331646183e+02 +1.331646183e+02
1077 +3.708443832e+01 +3.708443832e+01 +1.324144383e+02 +1.324144383e+02
1097 +3.319500705e+01 +3.319500705e+01 +1.285250070e+02 +1.285250070e+02
1107 +3.079000261e+01 +3.079000261e+01 +1.261200026e+02 +1.261200026e+02
1386 +2.836518555e+01 +2.836518555e+01 +1.236951855e+02 +1.236951855e+02
1395 +2.504715843e+01 +2.504715843e+01 +1.203771584e+02 +1.203771584e+02
1512 +2.440423452e+01 +2.440423452e+01 +1.197342345e+02 +1.197342345e+02
1576 +2.319124060e+01 +2.319124060e+01 +1.185212406e+02 +1.185212406e+02
1604 +2.247128305e+01 +2.247128305e+01 +1.178012831e+02 +1.178012831e+02
1714 +2.060225179e+01 +2.060225179e+01 +1.159322518e+02 +1.159322518e+02
1890 +2.031251364e+01 +2.031251364e+01 +1.156425136e+02 +1.156425136e+02
1935 +1.955900940e+01 +1.955900940e+01 +1.148890094e+02 +1.148890094e+02
1962 +1.889796294e+01 +1.889796294e+01 +1.142279629e+02 +1.142279629e+02
1998 +1.838200065e+01 +1.838200065e+01 +1.137120007e+02 +1.137120007e+02
2010 +1.743400732e+01 +1.743400732e+01 +1.127640073e+02 +1.127640073e+02
2074 +1.709915082e+01 +1.709915082e+01 +1.124291508e+02 +1.124291508e+02
2121 +1.618029478e+01 +1.618029478e+01 +1.115102948e+02 +1.115102948e+02
2149 +1.500971366e+01 +1.500971366e+01 +1.103397137e+02 +1.103397137e+02
2423 +1.468394964e+01 +1.468394964e+01 +1.100139496e+02 +1.100139496e+02
2458 +1.429000200e+01 +1.429000200e+01 +1.096200020e+02 +1.096200020e+02
2560 +1.363415758e+01 +1.363415758e+01 +1.089641576e+02 +1.089641576e+02
2641 +1.345895198e+01 +1.345895198e+01 +1.087889520e+02 +1.087889520e+02
3198 +1.311826651e+01 +1.311826651e+01 +1.084482665e+02 +1.084482665e+02
3241 +1.274660671e+01 +1.274660671e+01 +1.080766067e+02 +1.080766067e+02
3286 +1.253053115e+01 +1.253053115e+01 +1.078605312e+02 +1.078605312e+02
4033 +1.220021778e+01 +1.220021778e+01 +1.075302178e+02 +1.075302178e+02
4097 +1.200481189e+01 +1.200481189e+01 +1.073348119e+02 +1.073348119e+02
4489 +1.173907341e+01 +1.173907341e+01 +1.070690734e+02 +1.070690734e+02
4948 +1.146978623e+01 +1.146978623e+01 +1.067997862e+02 +1.067997862e+02
6126 +1.119470789e+01 +1.119470789e+01 +1.065247079e+02 +1.065247079e+02
8404 +1.096374900e+01 +1.096374900e+01 +1.062937490e+02 +1.062937490e+02
% function evaluation | noise-free fitness - Fopt (6.870000000000e+01) | best noise-free fitness - Fopt | measured fitness | best measured fitness | x1 | x2...
1 +6.647986268e+01 +6.647986268e+01 +1.351798627e+02 +1.351798627e+02
3 +5.877044467e+01 +5.877044467e+01 +1.274704447e+02 +1.274704447e+02
14 +5.580316688e+01 +5.580316688e+01 +1.245031669e+02 +1.245031669e+02
45 +5.415577062e+01 +5.415577062e+01 +1.228557706e+02 +1.228557706e+02
97 +5.272895127e+01 +5.272895127e+01 +1.214289513e+02 +1.214289513e+02
109 +5.246632210e+01 +5.246632210e+01 +1.211663221e+02 +1.211663221e+02
122 +4.965617255e+01 +4.965617255e+01 +1.183561725e+02 +1.183561725e+02
605 +4.809654986e+01 +4.809654986e+01 +1.167965499e+02 +1.167965499e+02
788 +3.850190038e+01 +3.850190038e+01 +1.072019004e+02 +1.072019004e+02
1281 +3.757245250e+01 +3.757245250e+01 +1.062724525e+02 +1.062724525e+02
1287 +3.482754316e+01 +3.482754316e+01 +1.035275432e+02 +1.035275432e+02
1468 +3.362550734e+01 +3.362550734e+01 +1.023255073e+02 +1.023255073e+02
1544 +3.208575446e+01 +3.208575446e+01 +1.007857545e+02 +1.007857545e+02
1557 +3.057604994e+01 +3.057604994e+01 +9.927604994e+01 +9.927604994e+01
1576 +2.964590328e+01 +2.964590328e+01 +9.834590328e+01 +9.834590328e+01
1589 +2.935362446e+01 +2.935362446e+01 +9.805362446e+01 +9.805362446e+01
1690 +2.430578255e+01 +2.430578255e+01 +9.300578255e+01 +9.300578255e+01
1793 +2.183914520e+01 +2.183914520e+01 +9.053914520e+01 +9.053914520e+01
1808 +2.007180686e+01 +2.007180686e+01 +8.877180686e+01 +8.877180686e+01
1817 +1.797336009e+01 +1.797336009e+01 +8.667336009e+01 +8.667336009e+01
2819 +1.595324250e+01 +1.595324250e+01 +8.465324250e+01 +8.465324250e+01
2828 +1.577871480e+01 +1.577871480e+01 +8.447871480e+01 +8.447871480e+01
2934 +1.530390761e+01 +1.530390761e+01 +8.400390761e+01 +8.400390761e+01
2942 +1.492438644e+01 +1.492438644e+01 +8.362438644e+01 +8.362438644e+01
3101 +1.371448409e+01 +1.371448409e+01 +8.241448409e+01 +8.241448409e+01
3102 +1.300763886e+01 +1.300763886e+01 +8.170763886e+01 +8.170763886e+01
3161 +1.285228459e+01 +1.285228459e+01 +8.155228459e+01 +8.155228459e+01
3166 +1.228187453e+01 +1.228187453e+01 +8.098187453e+01 +8.098187453e+01
3193 +1.193362147e+01 +1.193362147e+01 +8.063362147e+01 +8.063362147e+01
3248 +1.172839815e+01 +1.172839815e+01 +8.042839815e+01 +8.042839815e+01
3262 +1.137825252e+01 +1.137825252e+01 +8.007825252e+01 +8.007825252e+01
3279 +1.107329155e+01 +1.107329155e+01 +7.977329155e+01 +7.977329155e+01
3326 +1.086064550e+01 +1.086064550e+01 +7.956064550e+01 +7.956064550e+01
3327 +1.064514953e+01 +1.064514953e+01 +7.934514953e+01 +7.934514953e+01
3332 +9.525957258e+00 +9.525957258e+00 +7.822595726e+01 +7.822595726e+01
3366 +9.164929842e+00 +9.164929842e+00 +7.786492984e+01 +7.786492984e+01
3391 +9.116714698e+00 +9.116714698e+00 +7.781671470e+01 +7.781671470e+01
3573 +8.731734635e+00 +8.731734635e+00 +7.743173463e+01 +7.743173463e+01
3644 +8.043719531e+00 +8.043719531e+00 +7.674371953e+01 +7.674371953e+01
3655 +7.772630371e+00 +7.772630371e+00 +7.647263037e+01 +7.647263037e+01
3803 +7.565677440e+00 +7.565677440e+00 +7.626567744e+01 +7.626567744e+01
4123 +7.338069747e+00 +7.338069747e+00 +7.603806975e+01 +7.603806975e+01
4304 +7.168294681e+00 +7.168294681e+00 +7.586829468e+01 +7.586829468e+01
4306 +7.013675191e+00 +7.013675191e+00 +7.571367519e+01 +7.571367519e+01
4314 +6.913424864e+00 +6.913424864e+00 +7.561342486e+01 +7.561342486e+01
4322 +6.666158908e+00 +6.666158908e+00 +7.536615891e+01 +7.536615891e+01
4337 +6.535518247e+00 +6.535518247e+00 +7.523551825e+01 +7.523551825e+01
4358 +6.452902253e+00 +6.452902253e+00 +7.515290225e+01 +7.515290225e+01
4412 +6.136508061e+00 +6.136508061e+00 +7.483650806e+01 +7.483650806e+01
4803 +6.021889844e+00 +6.021889844e+00 +7.472188984e+01 +7.472188984e+01
5010 +5.885428271e+00 +5.885428271e+00 +7.458542827e+01 +7.458542827e+01
5032 +5.733661859e+00 +5.733661859e+00 +7.443366186e+01 +7.443366186e+01
5154 +5.577017944e+00 +5.577017944e+00 +7.427701794e+01 +7.427701794e+01
5731 +5.475571548e+00 +5.475571548e+00 +7.417557155e+01 +7.417557155e+01
6261 +5.359867711e+00 +5.359867711e+00 +7.405986771e+01 +7.405986771e+01
7141 +5.246296516e+00 +5.246296516e+00 +7.394629652e+01 +7.394629652e+01
8013 +5.123494108e+00 +5.123494108e+00 +7.382349411e+01 +7.382349411e+01
% function evaluation | noise-free fitness - Fopt (-7.740000000000e+00) | best noise-free fitness - Fopt | measured fitness | best measured fitness | x1 | x2...
1 +8.053858267e+01 +8.053858267e+01 +7.279858267e+01 +7.279858267e+01
4 +7.848399995e+01 +7.848399995e+01 +7.074399995e+01 +7.074399995e+01
5 +5.662556286e+01 +5.662556286e+01 +4.888556286e+01 +4.888556286e+01
6 +5.360664569e+01 +5.360664569e+01 +4.586664569e+01 +4.586664569e+01
22 +5.215680061e+01 +5.215680061e+01 +4.441680061e+01 +4.441680061e+01
33 +5.110796927e+01 +5.110796927e+01 +4.336796927e+01 +4.336796927e+01
269 +3.424030645e+01 +3.424030645e+01 +2.650030645e+01 +2.650030645e+01
2074 +3.337549320e+01 +3.337549320e+01 +2.563549320e+01 +2.563549320e+01
2325 +3.254508370e+01 +3.254508370e+01 +2.480508370e+01 +2.480508370e+01
2413 +3.013523128e+01 +3.013523128e+01 +2.239523128e+01 +2.239523128e+01
2453 +2.863303413e+01 +2.863303413e+01 +2.089303413e+01 +2.089303413e+01
2602 +2.759739639e+01 +2.759739639e+01 +1.985739639e+01 +1.985739639e+01
2625 +2.741688210e+01 +2.741688210e+01 +1.967688210e+01 +1.967688210e+01
2632 +2.568324589e+01 +2.568324589e+01 +1.794324589e+01 +1.794324589e+01
2655 +2.449502373e+01 +2.449502373e+01 +1.675502373e+01 +1.675502373e+01
2702 +2.190898438e+01 +2.190898438e+01 +1.416898438e+01 +1.416898438e+01
2759 +2.073038386e+01 +2.073038386e+01 +1.299038386e+01 +1.299038386e+01
2785 +1.954054417e+01 +1.954054417e+01 +1.180054417e+01 +1.180054417e+01
2795 +1.887303658e+01 +1.887303658e+01 +1.113303658e+01 +1.113303658e+01
2832 +1.856734538e+01 +1.856734538e+01 +1.082734538e+01 +1.082734538e+01
3263 +1.800127785e+01 +1.800127785e+01 +1.026127785e+01 +1.026127785e+01
3280 +1.639087923e+01 +1.639087923e+01 +8.650879225e+00 +8.650879225e+00
3287 +1.618661709e+01 +1.618661709e+01 +8.446617088e+00 +8.446617088e+00
3291 +1.502829722e+01 +1.502829722e+01 +7.288297224e+00 +7.288297224e+00
3346 +1.473765874e+01 +1.473765874e+01 +6.997658745e+00 +6.997658745e+00
3363 +1.409996959e+01 +1.409996959e+01 +6.359969588e+00 +6.359969588e+00
3366 +1.359706195e+01 +1.359706195e+01 +5.857061946e+00 +5.857061946e+00
3414 +1.332567509e+01 +1.332567509e+01 +5.585675089e+00 +5.585675089e+00
3554 +1.306007801e+01 +1.306007801e+01 +5.320078013e+00 +5.320078013e+00
3583 +1.277665593e+01 +1.277665593e+01 +5.036655930e+00 +5.036655930e+00
3597 +1.230570482e+01 +1.230570482e+01 +4.565704823e+00 +4.565704823e+00
3608 +1.211659019e+01 +1.211659019e+01 +4.376590185e+00 +4.376590185e+00
3618 +1.168475069e+01 +1.168475069e+01 +3.944750688e+00 +3.944750688e+00
3628 +1.140622489e+01 +1.140622489e+01 +3.666224892e+00 +3.666224892e+00
3741 +1.028752158e+01 +1.028752158e+01 +2.547521584e+00 +2.547521584e+00
3742 +9.742447248e+00 +9.742447248e+00 +2.002447248e+00 +2.002447248e+00
4095 +9.056634654e+00 +9.056634654e+00 +1.316634654e+00 +1.316634654e+00
4229 +8.856495389e+00 +8.856495389e+00 +1.116495389e+00 +1.116495389e+00
4234 +8.606952041e+00 +8.606952041e+00 +8.669520410e-01 +8.669520410e-01
4265 +8.128027388e+00 +8.128027388e+00 +3.880273881e-01 +3.880273881e-01
4272 +7.745129968e+00 +7.745129968e+00 +5.129967635e-03 +5.129967635e-03
4445 +7.539497173e+00 +7.539497173e+00 -2.005028266e-01 -2.005028266e-01
4687 +7.392855367e+00 +7.392855367e+00 -3.471446327e-01 -3.471446327e-01
5203 +7.223536649e+00 +7.223536649e+00 -5.164633510e-01 -5.164633510e-01
5277 +6.969241932e+00 +6.969241932e+00 -7.707580683e-01 -7.707580683e-01
5557 +6.911804625e+00 +6.911804625e+00 -8.281953750e-01 -8.281953750e-01
5758 +6.757006590e+00 +6.757006590e+00 -9.829934105e-01 -9.829934105e-01
6451 +6.594982266e+00 +6.594982266e+00 -1.145017734e+00 -1.145017734e+00
6918 +6.431290485e+00 +6.431290485e+00 -1.308709515e+00 -1.308709515e+00
8749 +6.301161347e+00 +6.301161347e+00 -1.438838653e+00 -1.438838653e+00
% function evaluation | noise-free fitness - Fopt (-2.193300000000e+02) | best noise-free fitness - Fopt | measured fitness | best measured fitness | x1 | x2...
1 +8.771360205e+01 +8.771360205e+01 -1.316163979e+02 -1.316163979e+02
2 +5.255525353e+01 +5.255525353e+01 -1.667747465e+02 -1.667747465e+02
49 +5.106741957e+01 +5.106741957e+01 -1.682625804e+02 -1.682625804e+02
139 +4.878259331e+01 +4.878259331e+01 -1.705474067e+02 -1.705474067e+02
278 +4.387650788e+01 +4.387650788e+01 -1.754534921e+02 -1.754534921e+02
350 +4.273334966e+01 +4.273334966e+01 -1.765966503e+02 -1.765966503e+02
376 +4.087180222e+01 +4.087180222e+01 -1.784581978e+02 -1.784581978e+02
1470 +3.509507733e+01 +3.509507733e+01 -1.842349227e+02 -1.842349227e+02
1615 +3.323150543e+01 +3.323150543e+01 -1.860984946e+02 -1.860984946e+02
1872 +2.991644963e+01 +2.991644963e+01 -1.894135504e+02 -1.894135504e+02
1988 +2.882480039e+01 +2.882480039e+01 -1.905051996e+02 -1.905051996e+02
2023 +2.690883823e+01 +2.690883823e+01 -1.924211618e+02 -1.924211618e+02
2380 +2.418813307e+01 +2.418813307e+01 -1.951418669e+02 -1.951418669e+02
2537 +2.254371401e+01 +2.254371401e+01 -1.967862860e+02 -1.967862860e+02
2541 +2.210819550e+01 +2.210819550e+01 -1.972218045e+02 -1.972218045e+02
2722 +2.106435177e+01 +2.106435177e+01 -1.982656482e+02 -1.982656482e+02
2734 +1.752914063e+01 +1.752914063e+01 -2.018008594e+02 -2.018008594e+02
2836 +1.529771689e+01 +1.529771689e+01 -2.040322831e+02 -2.040322831e+02
3048 +1.496233002e+01 +1.496233002e+01 -2.043676700e+02 -2.043676700e+02
3050 +1.478169787e+01 +1.478169787e+01 -2.045483021e+02 -2.045483021e+02
3437 +1.360450089e+01 +1.360450089e+01 -2.057254991e+02 -2.057254991e+02
3442 +1.344372208e+01 +1.344372208e+01 -2.058862779e+02 -2.058862779e+02
3512 +1.309569222e+01 +1.309569222e+01 -2.062343078e+02 -2.062343078e+02
3614 +1.269846202e+01 +1.269846202e+01 -2.066315380e+02 -2.066315380e+02
3645 +1.230139747e+01 +1.230139747e+01 -2.070286025e+02 -2.070286025e+02
3700 +1.195129849e+01 +1.195129849e+01 -2.073787015e+02 -2.073787015e+02
3702 +1.141455113e+01 +1.141455113e+01 -2.079154489e+02 -2.079154489e+02
3720 +1.093891160e+01 +1.093891160e+01 -2.083910884e+02 -2.083910884e+02
3795 +1.062622842e+01 +1.062622842e+01 -2.087037716e+02 -2.087037716e+02
3897 +1.040707677e+01 +1.040707677e+01 -2.089229232e+02 -2.089229232e+02
3921 +1.016671073e+01 +1.016671073e+01 -2.091632893e+02 -2.091632893e+02
3936 +9.969714976e+00 +9.969714976e+00 -2.093602850e+02 -2.093602850e+02
4123 +9.713508938e+00 +9.713508938e+00 -2.096164911e+02 -2.096164911e+02
4154 +9.404286989e+00 +9.404286989e+00 -2.099257130e+02 -2.099257130e+02
4210 +9.192487625e+00 +9.192487625e+00 -2.101375124e+02 -2.101375124e+02
4390 +8.817965054e+00 +8.817965054e+00 -2.105120349e+02 -2.105120349e+02
4527 +8.586404418e+00 +8.586404418e+00 -2.107435956e+02 -2.107435956e+02
4652 +8.420997742e+00 +8.420997742e+00 -2.109090023e+02 -2.109090023e+02
4684 +8.197401111e+00 +8.197401111e+00 -2.111325989e+02 -2.111325989e+02
4707 +8.020060900e+00 +8.020060900e+00 -2.113099391e+02 -2.113099391e+02
5411 +7.879372333e+00 +7.879372333e+00 -2.114506277e+02 -2.114506277e+02
5423 +7.744078516e+00 +7.744078516e+00 -2.115859215e+02 -2.115859215e+02
5746 +7.544001571e+00 +7.544001571e+00 -2.117859984e+02 -2.117859984e+02
5867 +7.364813389e+00 +7.364813389e+00 -2.119651866e+02 -2.119651866e+02
6060 +7.236358154e+00 +7.236358154e+00 -2.120936418e+02 -2.120936418e+02
6089 +7.063802654e+00 +7.063802654e+00 -2.122661973e+02 -2.122661973e+02
6198 +6.892385815e+00 +6.892385815e+00 -2.124376142e+02 -2.124376142e+02
6859 +6.743789548e+00 +6.743789548e+00 -2.125862105e+02 -2.125862105e+02
7028 +6.590904682e+00 +6.590904682e+00 -2.127390953e+02 -2.127390953e+02
7179 +6.450751020e+00 +6.450751020e+00 -2.128792490e+02 -2.128792490e+02
9898 +6.308592251e+00 +6.308592251e+00 -2.130214077e+02 -2.130214077e+02
% function evaluation | noise-free fitness - Fopt (6.513000000000e+01) | best noise-free fitness - Fopt | measured fitness | best measured fitness | x1 | x2...
1 +9.440061923e+01 +9.440061923e+01 +1.595306192e+02 +1.595306192e+02
2 +7.330936182e+01 +7.330936182e+01 +1.384393618e+02 +1.384393618e+02
8 +6.077883293e+01 +6.077883293e+01 +1.259088329e+02 +1.259088329e+02
28 +5.375259035e+01 +5.375259035e+01 +1.188825903e+02 +1.188825903e+02
58 +5.297331031e+01 +5.297331031e+01 +1.181033103e+02 +1.181033103e+02
59 +4.921648971e+01 +4.921648971e+01 +1.143464897e+02 +1.143464897e+02
278 +4.600931687e+01 +4.600931687e+01 +1.111393169e+02 +1.111393169e+02
359 +4.519316618e+01 +4.519316618e+01 +1.103231662e+02 +1.103231662e+02
733 +4.038012272e+01 +4.038012272e+01 +1.055101227e+02 +1.055101227e+02
999 +3.649328163e+01 +3.649328163e+01 +1.016232816e+02 +1.016232816e+02
1002 +3.020246731e+01 +3.020246731e+01 +9.533246731e+01 +9.533246731e+01
1391 +2.978507733e+01 +2.978507733e+01 +9.491507733e+01 +9.491507733e+01
1406 +2.559295735e+01 +2.559295735e+01 +9.072295735e+01 +9.072295735e+01
1423 +2.446858785e+01 +2.446858785e+01 +8.959858785e+01 +8.959858785e+01
2055 +2.331625478e+01 +2.331625478e+01 +8.844625478e+01 +8.844625478e+01
2058 +2.196374642e+01 +2.196374642e+01 +8.709374642e+01 +8.709374642e+01
2073 +2.167688370e+01 +2.167688370e+01 +8.680688370e+01 +8.680688370e+01
2102 +2.060419306e+01 +2.060419306e+01 +8.573419306e+01 +8.573419306e+01
2108 +2.014513248e+01 +2.014513248e+01 +8.527513248e+01 +8.527513248e+01
2203 +1.948404767e+01 +1.948404767e+01 +8.461404767e+01 +8.461404767e+01
2238 +1.670565344e+01 +1.670565344e+01 +8.183565344e+01 +8.183565344e+01
2439 +1.589585712e+01 +1.589585712e+01 +8.102585712e+01 +8.102585712e+01
2440 +1.475130151e+01 +1.475130151e+01 +7.988130151e+01 +7.988130151e+01
2470 +1.408652328e+01 +1.408652328e+01 +7.921652328e+01 +7.921652328e+01
2477 +1.374238874e+01 +1.374238874e+01 +7.887238874e+01 +7.887238874e+01
2641 +1.285053236e+01 +1.285053236e+01 +7.798053236e+01 +7.798053236e+01
2689 +1.246227154e+01 +1.246227154e+01 +7.759227154e+01 +7.759227154e+01
2696 +1.175104045e+01 +1.175104045e+01 +7.688104045e+01 +7.688104045e+01
2772 +1.132644640e+01 +1.132644640e+01 +7.645644640e+01 +7.645644640e+01
2787 +1.038931808e+01 +1.038931808e+01 +7.551931808e+01 +7.551931808e+01
2847 +9.798555445e+00 +9.798555445e+00 +7.492855544e+01 +7.492855544e+01
2943 +9.613396979e+00 +9.613396979e+00 +7.474339698e+01 +7.474339698e+01
2955 +9.263279954e+00 +9.263279954e+00 +7.439327995e+01 +7.439327995e+01
2987 +9.041844919e+00 +9.041844919e+00 +7.417184492e+01 +7.417184492e+01
3131 +8.903960813e+00 +8.903960813e+00 +7.403396081e+01 +7.403396081e+01
3814 +8.672398474e+00 +8.672398474e+00 +7.380239847e+01 +7.380239847e+01
3888 +8.493952862e+00 +8.493952862e+00 +7.362395286e+01 +7.362395286e+01
3892 +8.231065901e+00 +8.231065901e+00 +7.336106590e+01 +7.336106590e+01
4088 +8.091441201e+00 +8.091441201e+00 +7.322144120e+01 +7.322144120e+01
4127 +7.891045901e+00 +7.891045901e+00 +7.302104590e+01 +7.302104590e+01
4309 +7.728723045e+00 +7.728723045e+00 +7.285872304e+01 +7.285872304e+01
4537 +7.572686565e+00 +7.572686565e+00 +7.270268656e+01 +7.270268656e+01
4942 +7.377383848e+00 +7.377383848e+00 +7.250738385e+01 +7.250738385e+01
5152 +7.239785626e+00 +7.239785626e+00 +7.236978563e+01 +7.236978563e+01
6816 +7.078338029e+00 +7.078338029e+00 +7.220833803e+01 +7.220833803e+01
% function evaluation | noise-free fitness - Fopt (-5.469000000000e+01) | best noise-free fitness - Fopt | measured fitness | best measured fitness | x1 | x2...
1 +7.224418455e+01 +7.224418455e+01 +1.755418455e+01 +1.755418455e+01
5 +6.632832550e+01 +6.632832550e+01 +1.163832550e+01 +1.163832550e+01
7 +6.498179917e+01 +6.498179917e+01 +1.029179917e+01 +1.029179917e+01
9 +6.184119555e+01 +6.184119555e+01 +7.151195553e+00 +7.151195553e+00
14 +5.040572557e+01 +5.040572557e+01 -4.284274432e+00 -4.284274432e+00
46 +4.108873578e+01 +4.108873578e+01 -1.360126422e+01 -1.360126422e+01
1040 +3.953519243e+01 +3.953519243e+01 -1.515480757e+01 -1.515480757e+01
1051 +3.823916210e+01 +3.823916210e+01 -1.645083790e+01 -1.645083790e+01
1577 +3.129451595e+01 +3.129451595e+01 -2.339548405e+01 -2.339548405e+01
1683 +2.853780433e+01 +2.853780433e+01 -2.615219567e+01 -2.615219567e+01
2254 +2.766675731e+01 +2.766675731e+01 -2.702324269e+01 -2.702324269e+01
2356 +2.722445082e+01 +2.722445082e+01 -2.746554918e+01 -2.746554918e+01
2357 +2.670843832e+01 +2.670843832e+01 -2.798156168e+01 -2.798156168e+01
2409 +2.510932492e+01 +2.510932492e+01 -2.958067508e+01 -2.958067508e+01
2414 +2.346034035e+01 +2.346034035e+01 -3.122965965e+01 -3.122965965e+01
2434 +2.001530424e+01 +2.001530424e+01 -3.467469576e+01 -3.467469576e+01
2450 +1.994046689e+01 +1.994046689e+01 -3.474953311e+01 -3.474953311e+01
2474 +1.944828783e+01 +1.944828783e+01 -3.524171217e+01 -3.524171217e+01
2485 +1.727261687e+01 +1.727261687e+01 -3.741738313e+01 -3.741738313e+01
2499 +1.630105450e+01 +1.630105450e+01 -3.838894550e+01 -3.838894550e+01
2931 +1.550558748e+01 +1.550558748e+01 -3.918441252e+01 -3.918441252e+01
3114 +1.513061790e+01 +1.513061790e+01 -3.955938210e+01 -3.955938210e+01
3135 +1.468972083e+01 +1.468972083e+01 -4.000027917e+01 -4.000027917e+01
3153 +1.422085598e+01 +1.422085598e+01 -4.046914402e+01 -4.046914402e+01
3155 +1.399307713e+01 +1.399307713e+01 -4.069692287e+01 -4.069692287e+01
3174 +1.336582474e+01 +1.336582474e+01 -4.132417526e+01 -4.132417526e+01
3402 +1.294139838e+01 +1.294139838e+01 -4.174860162e+01 -4.174860162e+01
3419 +1.264026413e+01 +1.264026413e+01 -4.204973587e+01 -4.204973587e+01
3498 +1.238760350e+01 +1.238760350e+01 -4.230239650e+01 -4.230239650e+01
3532 +1.208814447e+01 +1.208814447e+01 -4.260185553e+01 -4.260185553e+01
3586 +1.142882622e+01 +1.142882622e+01 -4.326117378e+01 -4.326117378e+01
3756 +1.116581183e+01 +1.116581183e+01 -4.352418817e+01 -4.352418817e+01
3828 +1.095844180e+01 +1.095844180e+01 -4.373155820e+01 -4.373155820e+01
4076 +1.070758698e+01 +1.070758698e+01 -4.398241302e+01 -4.398241302e+01
4164 +1.040012777e+01 +1.040012777e+01 -4.428987223e+01 -4.428987223e+01
4189 +1.014407328e+01 +1.014407328e+01 -4.454592672e+01 -4.454592672e+01
4349 +9.962996984e+00 +9.962996984e+00 -4.472700302e+01 -4.472700302e+01
5132 +9.770500911e+00 +9.770500911e+00 -4.491949909e+01 -4.491949909e+01
5633 +9.546886266e+00 +9.546886266e+00 -4.514311373e+01 -4.514311373e+01
6928 +9.327344822e+00 +9.327344822e+00 -4.536265518e+01 -4.536265518e+01
% function evaluation | noise-free fitness - Fopt (-1.796700000000e+02) | best noise-free fitness - Fopt | measured fitness | best measured fitness | x1 | x2...
1 +5.545066862e+01 +5.545066862e+01 -1.242193314e+02 -1.242193314e+02
31 +4.485755032e+01 +4.485755032e+01 -1.348124497e+02 -1.348124497e+02
271 +4.441747667e+01 +4.441747667e+01 -1.352525233e+02 -1.352525233e+02
855 +4.243548687e+01 +4.243548687e+01 -1.372345131e+02 -1.372345131e+02
939 +3.745556706e+01 +3.745556706e+01 -1.422144329e+02 -1.422144329e+02
3450 +3.184019981e+01 +3.184019981e+01 -1.478298002e+02 -1.478298002e+02
3754 +2.919046952e+01 +2.919046952e+01 -1.504795305e+02 -1.504795305e+02
3934 +2.699792578e+01 +2.699792578e+01 -1.526720742e+02 -1.526720742e+02
3943 +2.324987324e+01 +2.324987324e+01 -1.564201268e+02 -1.564201268e+02
4318 +2.230454597e+01 +2.230454597e+01 -1.573654540e+02 -1.573654540e+02
4506 +2.115017820e+01 +2.115017820e+01 -1.585198218e+02 -1.585198218e+02
4601 +1.977952821e+01 +1.977952821e+01 -1.598904718e+02 -1.598904718e+02
4757 +1.937621372e+01 +1.937621372e+01 -1.602937863e+02 -1.602937863e+02
4766 +1.715815480e+01 +1.715815480e+01 -1.625118452e+02 -1.625118452e+02
4903 +1.675268749e+01 +1.675268749e+01 -1.629173125e+02 -1.629173125e+02
4918 +1.651057977e+01 +1.651057977e+01 -1.631594202e+02 -1.631594202e+02
4919 +1.597279207e+01 +1.597279207e+01 -1.636972079e+02 -1.636972079e+02
4930 +1.551645749e+01 +1.551645749e+01 -1.641535425e+02 -1.641535425e+02
4937 +1.533505466e+01 +1.533505466e+01 -1.643349453e+02 -1.643349453e+02
4943 +1.389923471e+01 +1.389923471e+01 -1.657707653e+02 -1.657707653e+02
4949 +1.372898673e+01 +1.372898673e+01 -1.659410133e+02 -1.659410133e+02
4960 +1.234435628e+01 +1.234435628e+01 -1.673256437e+02 -1.673256437e+02
5037 +1.155518498e+01 +1.155518498e+01 -1.681148150e+02 -1.681148150e+02
5050 +1.145941950e+01 +1.145941950e+01 -1.682105805e+02 -1.682105805e+02
5273 +1.101682315e+01 +1.101682315e+01 -1.686531769e+02 -1.686531769e+02
5284 +1.061194340e+01 +1.061194340e+01 -1.690580566e+02 -1.690580566e+02
5314 +1.046641835e+01 +1.046641835e+01 -1.692035817e+02 -1.692035817e+02
5462 +1.020997418e+01 +1.020997418e+01 -1.694600258e+02 -1.694600258e+02
5671 +9.749241320e+00 +9.749241320e+00 -1.699207587e+02 -1.699207587e+02
5687 +9.523239717e+00 +9.523239717e+00 -1.701467603e+02 -1.701467603e+02
5792 +9.248590409e+00 +9.248590409e+00 -1.704214096e+02 -1.704214096e+02
5847 +9.106414113e+00 +9.106414113e+00 -1.705635859e+02 -1.705635859e+02
5923 +8.903390151e+00 +8.903390151e+00 -1.707666098e+02 -1.707666098e+02
6023 +8.691621475e+00 +8.691621475e+00 -1.709783785e+02 -1.709783785e+02
6032 +8.423659832e+00 +8.423659832e+00 -1.712463402e+02 -1.712463402e+02
6034 +8.097871199e+00 +8.097871199e+00 -1.715721288e+02 -1.715721288e+02
6135 +7.857531856e+00 +7.857531856e+00 -1.718124681e+02 -1.718124681e+02
6173 +7.737973549e+00 +7.737973549e+00 -1.719320265e+02 -1.719320265e+02
6319 +7.585366882e+00 +7.585366882e+00 -1.720846331e+02 -1.720846331e+02
6323 +7.371113942e+00 +7.371113942e+00 -1.722988861e+02 -1.722988861e+02
6568 +7.082202337e+00 +7.082202337e+00 -1.725877977e+02 -1.725877977e+02
7132 +7.068309477e+00 +7.068309477e+00 -1.726016905e+02 -1.726016905e+02
7282 +6.901579045e+00 +6.901579045e+00 -1.727684210e+02 -1.727684210e+02
7506 +6.758794555e+00 +6.758794555e+00 -1.729112054e+02 -1.729112054e+02
7658 +6.596337059e+00 +6.596337059e+00 -1.730736629e+02 -1.730736629e+02
7803 +6.416850325e+00 +6.416850325e+00 -1.732531497e+02 -1.732531497e+02
8463 +6.267562888e+00 +6.267562888e+00 -1.734024371e+02 -1.734024371e+02
9209 +6.164909180e+00 +6.164909180e+00 -1.735050908e+02 -1.735050908e+02
10707 +6.024838687e+00 +6.024838687e+00 -1.736451613e+02 -1.736451613e+02
% function evaluation | noise-free fitness - Fopt (-8.410000000000e+01) | best noise-free fitness - Fopt | measured fitness | best measured fitness | x1 | x2...
1 +9.658966288e+01 +9.658966288e+01 +1.248966288e+01 +1.248966288e+01
2 +7.689929222e+01 +7.689929222e+01 -7.200707779e+00 -7.200707779e+00
5 +6.024958876e+01 +6.024958876e+01 -2.385041124e+01 -2.385041124e+01
8 +5.445783849e+01 +5.445783849e+01 -2.964216151e+01 -2.964216151e+01
52 +5.055581568e+01 +5.055581568e+01 -3.354418432e+01 -3.354418432e+01
70 +4.345897207e+01 +4.345897207e+01 -4.064102793e+01 -4.064102793e+01
338 +4.155531289e+01 +4.155531289e+01 -4.254468711e+01 -4.254468711e+01
383 +3.744193737e+01 +3.744193737e+01 -4.665806263e+01 -4.665806263e+01
1114 +3.413366440e+01 +3.413366440e+01 -4.996633560e+01 -4.996633560e+01
1152 +2.751668523e+01 +2.751668523e+01 -5.658331477e+01 -5.658331477e+01
2205 +2.684994484e+01 +2.684994484e+01 -5.725005516e+01 -5.725005516e+01
2720 +2.550984085e+01 +2.550984085e+01 -5.859015915e+01 -5.859015915e+01
2825 +2.488432986e+01 +2.488432986e+01 -5.921567014e+01 -5.921567014e+01
2838 +2.250604845e+01 +2.250604845e+01 -6.159395155e+01 -6.159395155e+01
2840 +1.933495688e+01 +1.933495688e+01 -6.476504312e+01 -6.476504312e+01
2964 +1.794114365e+01 +1.794114365e+01 -6.615885635e+01 -6.615885635e+01
2999 +1.747138777e+01 +1.747138777e+01 -6.662861223e+01 -6.662861223e+01
3004 +1.681435766e+01 +1.681435766e+01 -6.728564234e+01 -6.728564234e+01
3216 +1.561259146e+01 +1.561259146e+01 -6.848740854e+01 -6.848740854e+01
3409 +1.423293826e+01 +1.423293826e+01 -6.986706174e+01 -6.986706174e+01
3463 +1.302125621e+01 +1.302125621e+01 -7.107874379e+01 -7.107874379e+01
3479 +1.272244095e+01 +1.272244095e+01 -7.137755905e+01 -7.137755905e+01
3722 +1.229334184e+01 +1.229334184e+01 -7.180665816e+01 -7.180665816e+01
3753 +1.140376207e+01 +1.140376207e+01 -7.269623793e+01 -7.269623793e+01
4008 +1.087988560e+01 +1.087988560e+01 -7.322011440e+01 -7.322011440e+01
4531 +1.066275512e+01 +1.066275512e+01 -7.343724488e+01 -7.343724488e+01
4540 +1.012003582e+01 +1.012003582e+01 -7.397996418e+01 -7.397996418e+01
4595 +9.590653707e+00 +9.590653707e+00 -7.450934629e+01 -7.450934629e+01
4618 +9.529414638e+00 +9.529414638e+00 -7.457058536e+01 -7.457058536e+01
4710 +9.075480748e+00 +9.075480748e+00 -7.502451925e+01 -7.502451925e+01
4732 +8.894694510e+00 +8.894694510e+00 -7.520530549e+01 -7.520530549e+01
4819 +8.553673883e+00 +8.553673883e+00 -7.554632612e+01 -7.554632612e+01
4957 +8.480612097e+00 +8.480612097e+00 -7.561938790e+01 -7.561938790e+01
5288 +8.187709927e+00 +8.187709927e+00 -7.591229007e+01 -7.591229007e+01
5293 +8.055310295e+00 +8.055310295e+00 -7.604468970e+01 -7.604468970e+01
5301 +7.890770701e+00 +7.890770701e+00 -7.620922930e+01 -7.620922930e+01
5334 +7.732637450e+00 +7.732637450e+00 -7.636736255e+01 -7.636736255e+01
5526 +7.501545388e+00 +7.501545388e+00 -7.659845461e+01 -7.659845461e+01
5534 +7.320912851e+00 +7.320912851e+00 -7.677908715e+01 -7.677908715e+01
5575 +7.037823351e+00 +7.037823351e+00 -7.706217665e+01 -7.706217665e+01
5990 +6.908478464e+00 +6.908478464e+00 -7.719152154e+01 -7.719152154e+01
6162 +6.756905361e+00 +6.756905361e+00 -7.734309464e+01 -7.734309464e+01
6265 +6.578042213e+00 +6.578042213e+00 -7.752195779e+01 -7.752195779e+01
6512 +6.455158728e+00 +6.455158728e+00 -7.764484127e+01 -7.764484127e+01
6652 +6.168312326e+00 +6.168312326e+00 -7.793168767e+01 -7.793168767e+01
6708 +6.022551994e+00 +6.022551994e+00 -7.807744801e+01 -7.807744801e+01
7793 +5.869073553e+00 +5.869073553e+00 -7.823092645e+01 -7.823092645e+01
8772 +5.748398342e+00 +5.748398342e+00 -7.835160166e+01 -7.835160166e+01
9879 +5.622242139e+00 +5.622242139e+00 -7.847775786e+01 -7.847775786e+01
