% function evaluation | noise-free fitness - Fopt (1.000000000000e+03) | best noise-free fitness - Fopt | measured fitness | best measured fitness | x1 | x2...
1 +3.071729850e+02 +3.071729850e+02 +1.307172985e+03 +1.307172985e+03 +0.0000e+00 +0.0000e+00 +0.0000e+00 +0.0000e+00 +0.0000e+00 +0.0000e+00 +0.0000e+00 +0.0000e+00 +0.0000e+00 +0.0000e+00
3 +2.623716262e+02 +2.623716262e+02 +1.262371626e+03 +1.262371626e+03 -1.6879e+00 +1.1138e-01 -4.0069e-01 +1.4186e+00 -6.1467e-02 -1.8118e+00 +1.4368e+00 +8.9387e-01 -1.4720e+00 +8.9474e-02
8 +1.918443608e+02 +1.918443608e+02 +1.191844361e+03 +1.191844361e+03 -6.8018e-01 +7.9466e-01 +1.2380e-01 +1.4923e+00 +9.4234e-01 +3.0306e-01 -2.4318e+00 +7.9458e-01 +1.1729e-01 +2.0060e+00
31 +1.790853896e+02 +1.790853896e+02 +1.179085390e+03 +1.179085390e+03 +2.5012e-01 -6.0358e-02 -1.4552e+00 +3.3658e+00 +2.5118e+00 +5.8794e-01 -3.2833e+00 -5.2223e-01 -9.3660e-01 +2.4908e-01
34 +1.580509094e+02 +1.580509094e+02 +1.158050909e+03 +1.158050909e+03 -2.2542e-01 +9.1038e-01 -3.8193e-01 +1.6419e+00 +1.8526e+00 -2.0409e-01 -2.5013e+00 -1.5332e+00 +3.1762e-01 +1.4904e-01
60 +1.498671749e+02 +1.498671749e+02 +1.149867175e+03 +1.149867175e+03 -3.6666e-02 +1.2948e+00 +8.0800e-01 +2.5833e+00 +2.8585e-01 -1.6819e+00 -1.4676e+00 -1.0309e+00 +4.5896e-01 +2.5069e-01
82 +1.256248906e+02 +1.256248906e+02 +1.125624891e+03 +1.125624891e+03 -1.3199e-01 +2.4477e+00 +3.8427e-01 +3.1355e+00 +1.8140e-01 -1.7439e+00 -3.4809e+00 -4.5216e-01 -8.0447e-01 -4.3208e-01
90 +1.130363993e+02 +1.130363993e+02 +1.113036399e+03 +1.113036399e+03 -6.5066e-01 +3.0486e+00 +1.2193e+00 +3.6102e+00 +8.8874e-01 -2.3246e+00 -2.6083e+00 -4.8561e-01 -1.3760e+00 +1.3001e-01
96 +1.043509927e+02 +1.043509927e+02 +1.104350993e+03 +1.104350993e+03 -2.8331e-01 +3.2388e+00 +1.5111e+00 +3.8983e+00 +5.9682e-01 -2.8673e+00 -2.1443e+00 -1.1432e+00 -1.7641e+00 -7.1790e-01
110 +9.908328878e+01 +9.908328878e+01 +1.099083289e+03 +1.099083289e+03 +5.5701e-02 +1.8990e+00 +1.5950e+00 +2.8548e+00 +4.3310e-01 -3.2138e+00 -1.0998e+00 -3.4058e-01 -1.1398e+00 -1.4644e+00
184 +8.706601549e+01 +8.706601549e+01 +1.087066015e+03 +1.087066015e+03 -3.1367e-02 +3.0415e+00 +2.7199e+00 +3.7266e+00 +1.8750e+00 -3.4869e+00 -1.3064e+00 -4.0928e-01 -1.7416e+00 -2.1727e+00
427 +5.777168464e+01 +5.777168464e+01 +1.057771685e+03 +1.057771685e+03 -1.5470e+00 +2.4488e+00 +2.0164e+00 +2.7503e+00 -2.6447e-01 -3.8645e+00 -1.1962e+00 +5.6550e-01 -2.3212e+00 -1.9239e+00
588 +5.702615546e+01 +5.702615546e+01 +1.057026155e+03 +1.057026155e+03 -1.8118e+00 +2.3959e+00 +2.0832e+00 +2.6602e+00 +1.4428e-03 -3.4209e+00 -1.1782e+00 +3.0091e-01 -2.2611e+00 -1.9545e+00
598 +5.415346867e+01 +5.415346867e+01 +1.054153469e+03 +1.054153469e+03 -1.8438e+00 +2.3757e+00 +2.1512e+00 +2.6350e+00 +5.6625e-03 -3.3922e+00 -1.1277e+00 +3.8738e-01 -2.3043e+00 -2.0091e+00
623 +5.309626211e+01 +5.309626211e+01 +1.053096262e+03 +1.053096262e+03 -1.8678e+00 +2.3725e+00 +2.1439e+00 +2.6378e+00 +2.0069e-02 -3.4519e+00 -1.0972e+00 +3.7053e-01 -2.3719e+00 -1.8769e+00
636 +5.150870541e+01 +5.150870541e+01 +1.051508705e+03 +1.051508705e+03 -1.8616e+00 +2.4357e+00 +2.1098e+00 +2.6495e+00 +6.3408e-02 -3.3855e+00 -1.0650e+00 +3.1748e-01 -2.4049e+00 -1.9758e+00
648 +5.040748538e+01 +5.040748538e+01 +1.050407485e+03 +1.050407485e+03 -1.9229e+00 +2.4110e+00 +2.1119e+00 +2.6239e+00 +3.6462e-02 -3.3875e+00 -1.0231e+00 +3.2672e-01 -2.3907e+00 -2.0052e+00
663 +4.713280862e+01 +4.713280862e+01 +1.047132809e+03 +1.047132809e+03 -1.8713e+00 +2.3875e+00 +2.1671e+00 +2.6247e+00 +2.7480e-05 -3.3396e+00 -1.1233e+00 +3.4612e-01 -2.3382e+00 -1.9852e+00
678 +4.552320083e+01 +4.552320083e+01 +1.045523201e+03 +1.045523201e+03 -1.8964e+00 +2.3796e+00 +2.2079e+00 +2.5646e+00 -3.4945e-03 -3.3619e+00 -1.1651e+00 +3.3965e-01 -2.3406e+00 -1.9932e+00
684 +4.342657494e+01 +4.342657494e+01 +1.043426575e+03 +1.043426575e+03 -1.8613e+00 +2.3507e+00 +2.1496e+00 +2.5581e+00 -3.4888e-02 -3.3517e+00 -1.1896e+00 +3.4426e-01 -2.3267e+00 -1.9439e+00
685 +3.795431611e+01 +3.795431611e+01 +1.037954316e+03 +1.037954316e+03 -1.9396e+00 +2.3538e+00 +2.1598e+00 +2.5356e+00 -5.2610e-02 -3.3675e+00 -1.1322e+00 +3.2366e-01 -2.3613e+00 -1.9076e+00
704 +3.698912684e+01 +3.698912684e+01 +1.036989127e+03 +1.036989127e+03 -1.9108e+00 +2.3582e+00 +2.1100e+00 +2.5294e+00 -1.9477e-02 -3.3654e+00 -1.0854e+00 +2.9462e-01 -2.3371e+00 -1.8854e+00
774 +3.475697250e+01 +3.475697250e+01 +1.034756973e+03 +1.034756973e+03 -1.8947e+00 +2.3251e+00 +2.1476e+00 +2.4972e+00 -3.8089e-02 -3.3007e+00 -1.0825e+00 +3.3814e-01 -2.3155e+00 -1.8566e+00
784 +3.460858737e+01 +3.460858737e+01 +1.034608587e+03 +1.034608587e+03 -1.8963e+00 +2.3140e+00 +2.1568e+00 +2.5067e+00 -2.0543e-02 -3.3151e+00 -1.0836e+00 +3.2843e-01 -2.3225e+00 -1.8478e+00
796 +3.223851832e+01 +3.223851832e+01 +1.032238518e+03 +1.032238518e+03 -1.9190e+00 +2.3108e+00 +2.1370e+00 +2.4416e+00 -1.8695e-02 -3.3060e+00 -1.1209e+00 +3.0013e-01 -2.2987e+00 -1.8625e+00
818 +3.158131369e+01 +3.158131369e+01 +1.031581314e+03 +1.031581314e+03 -1.9121e+00 +2.3057e+00 +2.1492e+00 +2.4289e+00 +3.1931e-03 -3.2674e+00 -1.1076e+00 +2.7139e-01 -2.3059e+00 -1.8535e+00
904 +3.068679365e+01 +3.068679365e+01 +1.030686794e+03 +1.030686794e+03 -1.9116e+00 +2.3266e+00 +2.1644e+00 +2.4357e+00 +3.3442e-02 -3.2775e+00 -1.0869e+00 +2.6009e-01 -2.2988e+00 -1.8525e+00
1022 +3.018741604e+01 +3.018741604e+01 +1.030187416e+03 +1.030187416e+03 -1.9051e+00 +2.3347e+00 +2.1799e+00 +2.4166e+00 +4.1796e-02 -3.2647e+00 -1.1271e+00 +2.3019e-01 -2.2925e+00 -1.8346e+00
% function evaluation | noise-free fitness - Fopt (7.003000000000e+01) | best noise-free fitness - Fopt | measured fitness | best measured fitness | x1 | x2...
1 +3.532304115e+02 +3.532304115e+02 +4.232604115e+02 +4.232604115e+02 +0.0000e+00 +0.0000e+00 +0.0000e+00 +0.0000e+00 +0.0000e+00 +0.0000e+00 +0.0000e+00 +0.0000e+00 +0.0000e+00 +0.0000e+00
2 +2.197322351e+02 +2.197322351e+02 +2.897622351e+02 +2.897622351e+02 -1.1412e-01 -2.1246e+00 -2.2350e+00 -3.1281e-01 -1.1419e+00 -1.2538e+00 -4.6959e-01 -1.3273e+00 +1.3565e+00 +8.4766e-01
12 +2.146043692e+02 +2.146043692e+02 +2.846343692e+02 +2.846343692e+02 -5.4101e-01 -2.5312e+00 -2.5917e+00 -1.2132e+00 -6.6884e-01 -2.0887e+00 +4.9103e-01 +1.2727e+00 +1.3581e+00 -5.3867e-01
36 +2.093939308e+02 +2.093939308e+02 +2.794239308e+02 +2.794239308e+02 +3.9542e-01 -2.3421e+00 -2.1057e+00 -3.0437e+00 +6.2917e-01 -1.2941e+00 -6.6065e-01 -1.2455e+00 +1.2190e-01 -1.4771e+00
39 +1.646255498e+02 +1.646255498e+02 +2.346555498e+02 +2.346555498e+02 -8.7462e-01 -2.1112e+00 -3.8126e+00 -8.2159e-01 -9.3323e-01 -1.9622e-01 -8.2453e-01 -5.7123e-01 -2.1547e-01 -4.9339e-01
83 +1.412607099e+02 +1.412607099e+02 +2.112907099e+02 +2.112907099e+02 +2.9579e-01 -3.1701e+00 -3.6409e+00 +5.5540e-01 +5.7966e-01 -5.0588e-01 -4.3500e-03 -7.7056e-01 -2.0452e+00 -9.1660e-01
130 +1.397577977e+02 +1.397577977e+02 +2.097877977e+02 +2.097877977e+02 -1.4897e+00 -2.8055e+00 -3.1803e+00 +9.1049e-02 +1.5880e+00 -2.1209e+00 -2.0599e+00 -1.8724e+00 -3.5214e+00 -1.9551e-01
134 +1.346736179e+02 +1.346736179e+02 +2.047036179e+02 +2.047036179e+02 -4.6016e-01 -3.5438e+00 -2.8088e+00 -1.0517e+00 +1.4525e+00 -1.2756e+00 -2.4920e+00 -9.1366e-01 -3.8474e+00 +4.4466e-01
137 +1.317199917e+02 +1.317199917e+02 +2.017499917e+02 +2.017499917e+02 -1.9868e+00 -2.3878e+00 -2.9932e+00 -4.1457e-01 +1.1170e+00 -2.6061e+00 -2.1362e+00 -1.7646e+00 -2.0086e+00 -3.9723e-01
148 +1.229261767e+02 +1.229261767e+02 +1.929561767e+02 +1.929561767e+02 -1.6393e+00 -2.2785e+00 -2.5608e+00 -4.2937e-01 +6.1927e-01 -3.4617e+00 -2.5553e+00 -1.7154e+00 -1.8536e+00 -2.5172e-01
158 +1.095667107e+02 +1.095667107e+02 +1.795967107e+02 +1.795967107e+02 -2.1855e+00 -1.9585e+00 -1.9582e+00 -1.8064e-01 +9.9146e-01 -4.1800e+00 -2.4879e+00 -2.1521e+00 -1.5144e+00 +8.2148e-02
192 +1.035058856e+02 +1.035058856e+02 +1.735358856e+02 +1.735358856e+02 -1.5081e+00 -2.0621e+00 -3.3107e+00 +3.4377e-01 +1.5210e-01 -3.6331e+00 -1.6893e+00 -5.9135e-01 -2.6394e+00 +2.6887e-01
193 +9.818532219e+01 +9.818532219e+01 +1.682153222e+02 +1.682153222e+02 -2.1880e+00 -2.8230e+00 -3.1212e+00 +5.4769e-01 +2.3866e-01 -3.7423e+00 -2.6203e+00 -1.3312e+00 -3.1097e+00 -6.4184e-01
244 +8.163211997e+01 +8.163211997e+01 +1.516621200e+02 +1.516621200e+02 -2.7092e-01 -2.3397e+00 -3.0761e+00 -3.8043e-01 +4.3200e-01 -3.3058e+00 -1.7558e+00 -9.8705e-01 -1.8727e+00 -6.7116e-01
640 +7.987959392e+01 +7.987959392e+01 +1.499095939e+02 +1.499095939e+02 -4.7772e-01 -2.7160e+00 -3.3669e+00 -8.3177e-01 +2.3322e-01 -2.3402e+00 -1.7532e+00 -1.3705e+00 -2.0186e+00 -1.5737e+00
657 +7.939789751e+01 +7.939789751e+01 +1.494278975e+02 +1.494278975e+02 -4.4405e-01 -2.7424e+00 -3.3735e+00 -7.3514e-01 +2.5984e-01 -2.3851e+00 -1.7619e+00 -1.3336e+00 -1.9302e+00 -1.7214e+00
663 +7.535682949e+01 +7.535682949e+01 +1.453868295e+02 +1.453868295e+02 -5.2801e-01 -2.7592e+00 -3.3430e+00 -7.8088e-01 +2.3523e-01 -2.4816e+00 -1.7951e+00 -1.4706e+00 -1.9243e+00 -1.7465e+00
667 +6.753226132e+01 +6.753226132e+01 +1.375622613e+02 +1.375622613e+02 -4.7312e-01 -2.7240e+00 -3.3812e+00 -8.0418e-01 +2.3082e-01 -2.4066e+00 -1.7933e+00 -1.3628e+00 -2.0047e+00 -1.7522e+00
670 +6.537428383e+01 +6.537428383e+01 +1.354042838e+02 +1.354042838e+02 -4.8042e-01 -2.7768e+00 -3.3137e+00 -8.9577e-01 +2.9404e-01 -2.4584e+00 -1.8453e+00 -1.3924e+00 -1.9841e+00 -1.7367e+00
674 +6.396784880e+01 +6.396784880e+01 +1.339978488e+02 +1.339978488e+02 -4.5003e-01 -2.7581e+00 -3.3064e+00 -9.1675e-01 +3.1021e-01 -2.4467e+00 -1.8152e+00 -1.3735e+00 -2.0007e+00 -1.7148e+00
685 +5.806350080e+01 +5.806350080e+01 +1.280935008e+02 +1.280935008e+02 -4.4793e-01 -2.7309e+00 -3.2592e+00 -9.0574e-01 +3.1381e-01 -2.4438e+00 -1.8374e+00 -1.3072e+00 -1.9975e+00 -1.6637e+00
698 +5.631886490e+01 +5.631886490e+01 +1.263488649e+02 +1.263488649e+02 -4.8410e-01 -2.7104e+00 -3.2792e+00 -8.7716e-01 +2.8315e-01 -2.4015e+00 -1.8444e+00 -1.3463e+00 -2.0127e+00 -1.6097e+00
781 +5.618000337e+01 +5.618000337e+01 +1.262100034e+02 +1.262100034e+02 -5.0537e-01 -2.7000e+00 -3.2952e+00 -7.9778e-01 +2.6135e-01 -2.4474e+00 -1.8233e+00 -1.3495e+00 -2.0201e+00 -1.7037e+00
793 +5.417470952e+01 +5.417470952e+01 +1.242047095e+02 +1.242047095e+02 -5.1462e-01 -2.6814e+00 -3.3036e+00 -7.9787e-01 +2.6239e-01 -2.4795e+00 -1.8503e+00 -1.3350e+00 -2.0066e+00 -1.7424e+00
797 +5.322094914e+01 +5.322094914e+01 +1.232509491e+02 +1.232509491e+02 -5.1918e-01 -2.6629e+00 -3.2834e+00 -8.0581e-01 +2.5958e-01 -2.4982e+00 -1.8447e+00 -1.3513e+00 -2.0421e+00 -1.7335e+00
808 +5.209166146e+01 +5.209166146e+01 +1.221216615e+02 +1.221216615e+02 -5.0899e-01 -2.6780e+00 -3.2772e+00 -8.1545e-01 +2.9491e-01 -2.5027e+00 -1.8490e+00 -1.3416e+00 -2.0237e+00 -1.6988e+00
818 +5.080801484e+01 +5.080801484e+01 +1.208380148e+02 +1.208380148e+02 -5.0578e-01 -2.6754e+00 -3.2946e+00 -8.2640e-01 +2.8870e-01 -2.4945e+00 -1.8404e+00 -1.3167e+00 -2.0218e+00 -1.7089e+00
829 +4.972177530e+01 +4.972177530e+01 +1.197517753e+02 +1.197517753e+02 -4.8314e-01 -2.6831e+00 -3.3085e+00 -8.5517e-01 +2.7746e-01 -2.4990e+00 -1.8313e+00 -1.3343e+00 -2.0341e+00 -1.6881e+00
903 +4.842541126e+01 +4.842541126e+01 +1.184554113e+02 +1.184554113e+02 -4.6873e-01 -2.6767e+00 -3.2876e+00 -8.7447e-01 +2.8868e-01 -2.4685e+00 -1.8594e+00 -1.3215e+00 -2.0126e+00 -1.6843e+00
1135 +4.786107419e+01 +4.786107419e+01 +1.178910742e+02 +1.178910742e+02 -4.8343e-01 -2.6707e+00 -3.2743e+00 -8.4923e-01 +2.9117e-01 -2.4737e+00 -1.8636e+00 -1.3160e+00 -2.0267e+00 -1.6961e+00
% function evaluation | noise-free fitness - Fopt (-4.822000000000e+01) | best noise-free fitness - Fopt | measured fitness | best measured fitness | x1 | x2...
1 +6.524062290e+02 +6.524062290e+02 +6.041862290e+02 +6.041862290e+02 +0.0000e+00 +0.0000e+00 +0.0000e+00 +0.0000e+00 +0.0000e+00 +0.0000e+00 +0.0000e+00 +0.0000e+00 +0.0000e+00 +0.0000e+00
2 +6.397119268e+02 +6.397119268e+02 +5.914919268e+02 +5.914919268e+02 -7.5709e-01 -4.2140e-01 -1.4780e-01 -6.4452e-01 +8.7316e-01 +9.2415e-01 -3.9998e-01 -3.9785e-01 -1.0223e-01 -1.0867e+00
4 +5.663319022e+02 +5.663319022e+02 +5.181119022e+02 +5.181119022e+02 -1.7374e-01 +1.1858e+00 +5.5872e-01 +1.3636e+00 -7.1885e-01 +9.5096e-01 -1.6031e-02 +1.6760e+00 +3.8952e-01 +2.0428e-01
13 +5.181872187e+02 +5.181872187e+02 +4.699672187e+02 +4.699672187e+02 -5.6327e-02 +3.4272e-01 +1.8501e+00 +1.4349e+00 -1.3349e+00 +9.9696e-01 -8.6951e-01 +3.0680e+00 -8.8803e-01 -2.2381e-01
20 +4.288340879e+02 +4.288340879e+02 +3.806140879e+02 +3.806140879e+02 +4.5361e-01 +1.7341e+00 +1.0758e+00 +1.4738e+00 -1.0966e+00 +1.5638e+00 -2.3622e-01 +1.0821e+00 -1.0648e+00 +1.5690e+00
27 +4.174511279e+02 +4.174511279e+02 +3.692311279e+02 +3.692311279e+02 +2.0293e+00 +3.1750e+00 +1.2289e+00 +1.2559e+00 -2.6421e+00 +2.3567e+00 -8.7461e-01 +1.2145e+00 -2.1679e+00 +1.7443e+00
30 +4.003601485e+02 +4.003601485e+02 +3.521401485e+02 +3.521401485e+02 +3.5817e-01 +2.9984e+00 +1.3668e+00 +2.0680e+00 -3.5084e+00 +1.4321e+00 -1.0019e+00 +2.0377e+00 -1.1083e+00 +4.4544e+00
38 +3.528009343e+02 +3.528009343e+02 +3.045809343e+02 +3.045809343e+02 -4.8146e-02 +5.0208e-01 +3.3296e-01 +2.8040e+00 -1.0389e+00 +7.9800e-01 -3.5264e-01 +4.9453e-02 -5.5073e-01 +1.3024e+00
39 +3.445571189e+02 +3.445571189e+02 +2.963371189e+02 +2.963371189e+02 -3.1638e-01 +4.0799e-01 +2.5111e+00 +9.7790e-01 -2.5164e+00 +1.8552e+00 -3.8942e-01 -7.2609e-01 -1.8670e+00 +1.2685e+00
44 +3.036778430e+02 +3.036778430e+02 +2.554578430e+02 +2.554578430e+02 +3.4904e-02 +7.5559e-01 +9.5260e-01 +5.4911e-02 -2.1890e+00 +9.3913e-01 -1.6415e-01 -6.4114e-01 -2.3906e+00 +9.1140e-01
52 +2.315538674e+02 +2.315538674e+02 +1.833338674e+02 +1.833338674e+02 -8.5357e-01 +5.2719e-01 +2.6935e-01 +5.0643e-01 -3.0125e+00 +7.4009e-01 -9.8285e-01 -1.1677e+00 -2.6601e+00 +1.7705e+00
63 +1.922825686e+02 +1.922825686e+02 +1.440625686e+02 +1.440625686e+02 -1.0520e+00 -3.7337e-01 +7.2053e-02 +1.2733e+00 -3.8468e+00 +9.1081e-01 -8.3108e-01 -5.3555e-01 -3.1033e+00 +2.3737e+00
66 +1.856083004e+02 +1.856083004e+02 +1.373883004e+02 +1.373883004e+02 -4.9338e-01 +9.8650e-01 +1.1523e-01 +2.1157e-01 -2.4949e+00 +1.1479e+00 -4.9367e-01 -9.0644e-01 -2.8596e+00 +2.4463e+00
93 +1.644101497e+02 +1.644101497e+02 +1.161901497e+02 +1.161901497e+02 -1.8560e+00 +1.0511e+00 -6.5330e-01 -2.2732e-02 -2.6363e+00 +1.6139e+00 -4.8943e-01 -5.1006e-01 -3.4471e+00 +2.7390e+00
101 +1.535607903e+02 +1.535607903e+02 +1.053407903e+02 +1.053407903e+02 -1.6199e+00 +6.1875e-02 -5.3752e-01 -1.1235e-01 -3.3966e+00 +2.5486e+00 -9.7586e-02 -8.1739e-01 -2.6889e+00 +2.5973e+00
106 +1.398587302e+02 +1.398587302e+02 +9.163873024e+01 +9.163873024e+01 -1.5708e+00 +6.9690e-02 -1.5118e+00 -3.0129e-01 -4.2055e+00 +3.1695e+00 -8.7090e-02 -2.2318e-01 -3.1135e+00 +3.4863e+00
116 +1.241481679e+02 +1.241481679e+02 +7.592816785e+01 +7.592816785e+01 -1.5506e+00 +2.7959e-01 -1.2144e+00 -7.0104e-02 -4.1408e+00 +2.2433e+00 -3.3125e-01 +1.8717e-02 -1.8322e+00 +2.8458e+00
141 +1.174875932e+02 +1.174875932e+02 +6.926759316e+01 +6.926759316e+01 -1.1718e+00 +1.2507e+00 -3.1716e+00 +8.4978e-01 -4.9234e+00 +2.4932e+00 -7.1446e-01 -1.2000e-01 -2.5826e+00 +3.9505e+00
166 +1.066418604e+02 +1.066418604e+02 +5.842186040e+01 +5.842186040e+01 -1.2713e+00 +1.3222e+00 -2.3028e+00 +2.1140e+00 -4.0499e+00 +2.9256e+00 -1.2678e+00 +5.2817e-01 -4.1306e+00 +5.0214e+00
217 +1.004373497e+02 +1.004373497e+02 +5.221734973e+01 +5.221734973e+01 -1.8326e+00 +1.4903e+00 -1.9728e+00 +1.6053e+00 -3.6270e+00 +2.9958e+00 -9.6286e-01 +1.4034e-01 -3.1566e+00 +4.5870e+00
242 +9.502968903e+01 +9.502968903e+01 +4.680968903e+01 +4.680968903e+01 -1.6973e+00 +7.8095e-01 -1.6192e+00 +7.0308e-01 -3.8594e+00 +3.3792e+00 -2.2086e+00 -9.5411e-02 -2.2111e+00 +3.9592e+00
252 +8.390478149e+01 +8.390478149e+01 +3.568478149e+01 +3.568478149e+01 -1.4640e+00 +8.7485e-01 -1.4401e+00 +3.8024e-01 -4.0435e+00 +3.4744e+00 -2.3919e+00 +1.4376e-01 -1.9608e+00 +3.9860e+00
297 +5.681504864e+01 +5.681504864e+01 +8.595048640e+00 +8.595048640e+00 -1.3406e+00 +1.2938e+00 -2.2555e+00 +1.4893e-01 -5.1320e+00 +3.0717e+00 -2.7321e+00 +6.1454e-01 -1.5848e+00 +4.1651e+00
671 +5.419608431e+01 +5.419608431e+01 +5.976084315e+00 +5.976084315e+00 -1.6338e+00 -1.5989e+00 -2.3058e+00 +1.0894e+00 -4.9593e+00 +3.1009e+00 -3.3526e+00 +1.0763e+00 -2.0576e+00 +3.7883e+00
1233 +5.306853261e+01 +5.306853261e+01 +4.848532611e+00 +4.848532611e+00 -1.7111e+00 -4.0984e-01 -1.6344e+00 -2.5352e-01 -4.8587e+00 +4.5875e+00 -3.3836e+00 +2.1190e+00 -2.4898e+00 +5.2218e+00
1464 +4.367459818e+01 +4.367459818e+01 -4.545401824e+00 -4.545401824e+00 -1.8510e+00 -5.1078e-01 -1.8593e+00 -1.0530e+00 -5.5189e+00 +3.9568e+00 -2.8638e+00 +1.5605e+00 -2.5248e+00 +4.5432e+00
1536 +4.076949863e+01 +4.076949863e+01 -7.450501368e+00 -7.450501368e+00 -1.9176e+00 -4.3987e-01 -1.8457e+00 -9.5951e-01 -5.4918e+00 +3.9869e+00 -2.7238e+00 +1.5279e+00 -2.4842e+00 +4.5789e+00
1541 +4.053279981e+01 +4.053279981e+01 -7.687200190e+00 -7.687200190e+00 -1.8995e+00 -4.5931e-01 -1.9242e+00 -9.9409e-01 -5.5599e+00 +4.0066e+00 -2.8058e+00 +1.6259e+00 -2.4600e+00 +4.5666e+00
1617 +3.655332632e+01 +3.655332632e+01 -1.166667368e+01 -1.166667368e+01 -1.9535e+00 -4.5010e-01 -1.8534e+00 -9.5328e-01 -5.5222e+00 +4.0339e+00 -2.8412e+00 +1.5012e+00 -2.4019e+00 +4.6332e+00
1626 +3.515198365e+01 +3.515198365e+01 -1.306801635e+01 -1.306801635e+01 -1.9074e+00 -4.5434e-01 -1.8127e+00 -9.6609e-01 -5.5192e+00 +4.0297e+00 -2.8576e+00 +1.5305e+00 -2.4202e+00 +4.6309e+00
1630 +3.338295947e+01 +3.338295947e+01 -1.483704053e+01 -1.483704053e+01 -1.9247e+00 -4.5664e-01 -1.8421e+00 -9.6506e-01 -5.5310e+00 +4.0281e+00 -2.8518e+00 +1.4952e+00 -2.3790e+00 +4.5902e+00
1637 +3.114840824e+01 +3.114840824e+01 -1.707159176e+01 -1.707159176e+01 -1.9353e+00 -4.4968e-01 -1.8532e+00 -9.8675e-01 -5.5164e+00 +4.0108e+00 -2.8413e+00 +1.5075e+00 -2.4012e+00 +4.5970e+00
1678 +2.952959302e+01 +2.952959302e+01 -1.869040698e+01 -1.869040698e+01 -1.9250e+00 -4.7963e-01 -1.8360e+00 -9.9196e-01 -5.4851e+00 +3.9730e+00 -2.8265e+00 +1.4807e+00 -2.4219e+00 +4.5813e+00
1733 +2.924071404e+01 +2.924071404e+01 -1.897928596e+01 -1.897928596e+01 -1.9222e+00 -4.3448e-01 -1.8367e+00 -1.0200e+00 -5.5065e+00 +3.9728e+00 -2.8393e+00 +1.5084e+00 -2.4230e+00 +4.6446e+00
1772 +2.871004780e+01 +2.871004780e+01 -1.950995220e+01 -1.950995220e+01 -1.9242e+00 -4.4420e-01 -1.8511e+00 -1.0117e+00 -5.5014e+00 +3.9669e+00 -2.8317e+00 +1.5150e+00 -2.4340e+00 +4.6451e+00
1817 +2.812508157e+01 +2.812508157e+01 -2.009491843e+01 -2.009491843e+01 -1.9099e+00 -4.4542e-01 -1.8550e+00 -1.0189e+00 -5.4991e+00 +3.9474e+00 -2.8345e+00 +1.5233e+00 -2.4386e+00 +4.6481e+00
1835 +2.748944292e+01 +2.748944292e+01 -2.073055708e+01 -2.073055708e+01 -1.9038e+00 -4.4548e-01 -1.8579e+00 -1.0169e+00 -5.4964e+00 +3.9319e+00 -2.8207e+00 +1.5305e+00 -2.4420e+00 +4.6627e+00
1842 +2.656317758e+01 +2.656317758e+01 -2.165682242e+01 -2.165682242e+01 -1.9018e+00 -4.4912e-01 -1.8505e+00 -1.0255e+00 -5.4930e+00 +3.9214e+00 -2.8118e+00 +1.5300e+00 -2.4541e+00 +4.6622e+00
1852 +2.623392298e+01 +2.623392298e+01 -2.198607702e+01 -2.198607702e+01 -1.9063e+00 -4.4554e-01 -1.8482e+00 -1.0352e+00 -5.4777e+00 +3.9116e+00 -2.7987e+00 +1.5373e+00 -2.4814e+00 +4.6528e+00
1872 +2.564716000e+01 +2.564716000e+01 -2.257284000e+01 -2.257284000e+01 -1.8976e+00 -4.3841e-01 -1.8513e+00 -1.0281e+00 -5.4737e+00 +3.9065e+00 -2.7857e+00 +1.5307e+00 -2.4650e+00 +4.6807e+00
1938 +2.485140595e+01 +2.485140595e+01 -2.336859405e+01 -2.336859405e+01 -1.8942e+00 -4.3484e-01 -1.8412e+00 -1.0344e+00 -5.4786e+00 +3.8822e+00 -2.7689e+00 +1.5199e+00 -2.4813e+00 +4.7080e+00
1975 +2.444933527e+01 +2.444933527e+01 -2.377066473e+01 -2.377066473e+01 -1.8970e+00 -4.4809e-01 -1.8362e+00 -1.0356e+00 -5.4722e+00 +3.9003e+00 -2.7793e+00 +1.5137e+00 -2.4940e+00 +4.6964e+00
2036 +2.394960303e+01 +2.394960303e+01 -2.427039697e+01 -2.427039697e+01 -1.9002e+00 -4.3173e-01 -1.8242e+00 -1.0401e+00 -5.4651e+00 +3.8949e+00 -2.7517e+00 +1.4983e+00 -2.4906e+00 +4.7095e+00
2101 +2.341417393e+01 +2.341417393e+01 -2.480582607e+01 -2.480582607e+01 -1.8989e+00 -4.4591e-01 -1.8082e+00 -1.0356e+00 -5.4664e+00 +3.9073e+00 -2.7414e+00 +1.5069e+00 -2.5016e+00 +4.7042e+00
2458 +2.290557064e+01 +2.290557064e+01 -2.531442936e+01 -2.531442936e+01 -1.9091e+00 -4.4820e-01 -1.7830e+00 -1.0352e+00 -5.4585e+00 +3.8947e+00 -2.7143e+00 +1.4947e+00 -2.4901e+00 +4.7191e+00
% function evaluation | noise-free fitness - Fopt (2.547000000000e+01) | best noise-free fitness - Fopt | measured fitness | best measured fitness | x1 | x2...
1 +3.185738813e+02 +3.185738813e+02 +3.440438813e+02 +3.440438813e+02 +0.0000e+00 +0.0000e+00 +0.0000e+00 +0.0000e+00 +0.0000e+00 +0.0000e+00 +0.0000e+00 +0.0000e+00 +0.0000e+00 +0.0000e+00
3 +3.085088146e+02 +3.085088146e+02 +3.339788146e+02 +3.339788146e+02 -1.1881e+00 +7.3464e-01 -8.6794e-01 -6.3473e-02 +2.5266e+00 +3.7928e-01 +1.0287e+00 +1.2393e+00 +1.1054e-01 -4.8600e-01
6 +2.736230257e+02 +2.736230257e+02 +2.990930257e+02 +2.990930257e+02 -1.6746e+00 +3.0415e-01 -1.1148e+00 -1.3175e+00 -7.2688e-03 -5.4555e-02 +4.0614e-01 -6.6274e-01 -5.3968e-01 +6.1237e-01
17 +2.676711773e+02 +2.676711773e+02 +2.931411773e+02 +2.931411773e+02 -4.0925e+00 -6.5131e-01 -1.4426e+00 -1.5097e+00 +5.8071e-01 -8.2019e-01 +1.0245e+00 -3.9063e-01 -1.1072e+00 +2.3121e+00
20 +2.518439748e+02 +2.518439748e+02 +2.773139748e+02 +2.773139748e+02 -2.5939e+00 -6.7962e-01 -5.1264e-01 -1.0222e+00 -4.4618e-01 +8.0400e-01 +6.8618e-01 +1.5067e+00 +1.0166e-01 +1.9426e+00
24 +1.854964630e+02 +1.854964630e+02 +2.109664630e+02 +2.109664630e+02 -2.8079e+00 -1.7803e+00 +7.7164e-01 -9.9905e-01 -3.2084e-01 +3.4559e-01 +1.0086e+00 +2.6059e+00 +1.9146e-01 +1.7172e+00
29 +1.608103040e+02 +1.608103040e+02 +1.862803040e+02 +1.862803040e+02 -1.9477e+00 -1.9320e+00 -2.1081e-01 -1.6871e+00 -8.2395e-01 +2.1344e-01 +9.5249e-01 +2.1448e+00 +1.9880e+00 +2.1646e+00
30 +1.032848806e+02 +1.032848806e+02 +1.287548806e+02 +1.287548806e+02 -2.2750e+00 -1.7344e+00 -6.3925e-01 -1.6648e+00 -9.5969e-01 +7.4199e-01 +9.1956e-01 +1.3076e+00 +1.9253e+00 +9.6948e-01
92 +9.313209595e+01 +9.313209595e+01 +1.186020960e+02 +1.186020960e+02 -3.2225e+00 -2.3030e+00 -7.0939e-01 -1.4516e+00 -9.0113e-01 +1.4010e-02 +1.1126e+00 +4.8798e-01 +2.3906e+00 -1.7760e-01
122 +8.772619434e+01 +8.772619434e+01 +1.131961943e+02 +1.131961943e+02 -2.6376e+00 -2.8069e+00 -9.0661e-01 -1.4674e+00 -1.4599e+00 -2.9119e-01 +8.6181e-01 +3.0715e-01 +2.5977e+00 -7.2539e-01
165 +7.623733906e+01 +7.623733906e+01 +1.017073391e+02 +1.017073391e+02 -3.2259e+00 -2.6041e+00 -9.6094e-01 -1.0567e+00 -1.8770e+00 -1.4230e+00 +3.6491e-01 +2.1513e-01 +1.8722e+00 -1.1037e+00
234 +6.670487486e+01 +6.670487486e+01 +9.217487486e+01 +9.217487486e+01 -3.6856e+00 -2.3221e+00 -2.0926e+00 -1.3400e+00 -2.1553e+00 -1.8633e+00 +4.1006e-02 +6.7900e-01 +2.0730e+00 -1.9917e+00
473 +6.326479754e+01 +6.326479754e+01 +8.873479754e+01 +8.873479754e+01 -3.9650e+00 -1.8192e+00 -2.1991e+00 -1.0442e+00 -2.7973e+00 -5.1429e-01 -1.4358e+00 -1.0773e+00 +1.6632e+00 -1.7297e+00
568 +5.243112867e+01 +5.243112867e+01 +7.790112867e+01 +7.790112867e+01 -3.8682e+00 -1.5184e+00 -1.7169e+00 -5.9196e-01 -2.0022e+00 -8.8849e-02 -1.0026e+00 -8.2763e-01 +2.5266e+00 -1.0018e+00
744 +3.812709826e+01 +3.812709826e+01 +6.359709826e+01 +6.359709826e+01 -3.7299e+00 -1.6949e+00 -1.0472e+00 -5.2980e-01 -2.5247e+00 -6.8918e-01 -9.4882e-01 -5.2994e-01 +2.6888e+00 -5.2060e-01
823 +3.727489569e+01 +3.727489569e+01 +6.274489569e+01 +6.274489569e+01 -3.9163e+00 -1.5997e+00 -1.0098e+00 -6.7834e-01 -2.4411e+00 -6.7200e-01 -1.0297e+00 -5.9523e-01 +2.5948e+00 -5.5380e-01
824 +3.262447993e+01 +3.262447993e+01 +5.809447993e+01 +5.809447993e+01 -3.9282e+00 -1.6230e+00 -8.8733e-01 -7.3905e-01 -2.3099e+00 -7.6357e-01 -1.0316e+00 -5.9984e-01 +2.6596e+00 -4.9494e-01
889 +2.981616708e+01 +2.981616708e+01 +5.528616708e+01 +5.528616708e+01 -3.8625e+00 -1.7231e+00 -9.8210e-01 -6.4222e-01 -2.4267e+00 -6.6159e-01 -1.0447e+00 -5.1168e-01 +2.7244e+00 -5.2502e-01
916 +2.846057973e+01 +2.846057973e+01 +5.393057973e+01 +5.393057973e+01 -3.7671e+00 -1.6389e+00 -9.7766e-01 -6.1491e-01 -2.4443e+00 -7.0159e-01 -1.0211e+00 -5.2211e-01 +2.7069e+00 -4.7754e-01
923 +2.791898582e+01 +2.791898582e+01 +5.338898582e+01 +5.338898582e+01 -3.7787e+00 -1.6525e+00 -9.6806e-01 -5.7763e-01 -2.4697e+00 -6.7431e-01 -1.0478e+00 -5.3527e-01 +2.7076e+00 -4.5168e-01
934 +2.644102210e+01 +2.644102210e+01 +5.191102210e+01 +5.191102210e+01 -3.8240e+00 -1.6626e+00 -9.1535e-01 -5.8903e-01 -2.5340e+00 -6.7764e-01 -1.0858e+00 -5.4058e-01 +2.7163e+00 -4.5285e-01
935 +2.494023841e+01 +2.494023841e+01 +5.041023841e+01 +5.041023841e+01 -3.7546e+00 -1.6573e+00 -9.6428e-01 -5.7303e-01 -2.4622e+00 -6.2336e-01 -1.0622e+00 -5.5209e-01 +2.7249e+00 -5.0299e-01
964 +2.190104355e+01 +2.190104355e+01 +4.737104355e+01 +4.737104355e+01 -3.8200e+00 -1.6255e+00 -1.0006e+00 -6.0020e-01 -2.4822e+00 -6.6979e-01 -1.0338e+00 -5.6188e-01 +2.7251e+00 -5.3662e-01
973 +2.111859012e+01 +2.111859012e+01 +4.658859012e+01 +4.658859012e+01 -3.8307e+00 -1.6495e+00 -1.0014e+00 -6.0378e-01 -2.5034e+00 -6.7028e-01 -1.0477e+00 -5.7108e-01 +2.7234e+00 -5.4804e-01
985 +1.883316639e+01 +1.883316639e+01 +4.430316639e+01 +4.430316639e+01 -3.8204e+00 -1.6286e+00 -9.8938e-01 -5.6570e-01 -2.4945e+00 -6.6247e-01 -1.0498e+00 -5.7836e-01 +2.7146e+00 -5.5522e-01
988 +1.812370399e+01 +1.812370399e+01 +4.359370399e+01 +4.359370399e+01 -3.8235e+00 -1.6503e+00 -9.7699e-01 -6.1972e-01 -2.5002e+00 -6.7546e-01 -1.0652e+00 -5.5546e-01 +2.7166e+00 -5.0455e-01
1008 +1.774486978e+01 +1.774486978e+01 +4.321486978e+01 +4.321486978e+01 -3.8101e+00 -1.6402e+00 -1.0148e+00 -5.9764e-01 -2.4809e+00 -6.5790e-01 -1.0885e+00 -5.6271e-01 +2.6718e+00 -5.3751e-01
1021 +1.727919169e+01 +1.727919169e+01 +4.274919169e+01 +4.274919169e+01 -3.8055e+00 -1.6378e+00 -9.8526e-01 -5.9509e-01 -2.4478e+00 -6.5881e-01 -1.0832e+00 -5.6974e-01 +2.6648e+00 -5.7730e-01
1054 +1.692478505e+01 +1.692478505e+01 +4.239478505e+01 +4.239478505e+01 -3.8188e+00 -1.6432e+00 -1.0149e+00 -6.1111e-01 -2.4324e+00 -6.4854e-01 -1.1339e+00 -5.6743e-01 +2.6661e+00 -5.6006e-01
1089 +1.487490574e+01 +1.487490574e+01 +4.034490574e+01 +4.034490574e+01 -3.8255e+00 -1.6482e+00 -9.7363e-01 -6.4094e-01 -2.4413e+00 -6.4383e-01 -1.1400e+00 -5.7223e-01 +2.6791e+00 -5.6213e-01
1106 +1.413402987e+01 +1.413402987e+01 +3.960402987e+01 +3.960402987e+01 -3.8297e+00 -1.6635e+00 -9.8228e-01 -6.2547e-01 -2.4281e+00 -6.6721e-01 -1.1443e+00 -5.6807e-01 +2.6724e+00 -5.6910e-01
1118 +1.370919562e+01 +1.370919562e+01 +3.917919562e+01 +3.917919562e+01 -3.8005e+00 -1.6725e+00 -9.8926e-01 -6.3229e-01 -2.4558e+00 -6.7132e-01 -1.1302e+00 -5.7512e-01 +2.6667e+00 -5.5156e-01
1121 +1.323482454e+01 +1.323482454e+01 +3.870482454e+01 +3.870482454e+01 -3.8272e+00 -1.6702e+00 -9.7406e-01 -6.4967e-01 -2.4439e+00 -6.7900e-01 -1.1263e+00 -5.7846e-01 +2.6683e+00 -5.6524e-01
1141 +1.293820087e+01 +1.293820087e+01 +3.840820087e+01 +3.840820087e+01 -3.8099e+00 -1.6820e+00 -9.8290e-01 -6.3716e-01 -2.4615e+00 -6.8455e-01 -1.1441e+00 -5.8829e-01 +2.6519e+00 -5.5201e-01
1158 +1.236436475e+01 +1.236436475e+01 +3.783436475e+01 +3.783436475e+01 -3.8229e+00 -1.6815e+00 -9.7937e-01 -6.1772e-01 -2.4844e+00 -7.0103e-01 -1.1342e+00 -5.8563e-01 +2.6583e+00 -5.6340e-01
1167 +1.220392845e+01 +1.220392845e+01 +3.767392845e+01 +3.767392845e+01 -3.8243e+00 -1.6843e+00 -9.6594e-01 -6.1965e-01 -2.4732e+00 -7.0624e-01 -1.1314e+00 -5.8426e-01 +2.6723e+00 -5.4611e-01
1192 +1.186569846e+01 +1.186569846e+01 +3.733569846e+01 +3.733569846e+01 -3.8243e+00 -1.6910e+00 -9.3647e-01 -6.2345e-01 -2.4653e+00 -6.8374e-01 -1.1236e+00 -6.0670e-01 +2.6830e+00 -5.5746e-01
1203 +1.149587437e+01 +1.149587437e+01 +3.696587437e+01 +3.696587437e+01 -3.8437e+00 -1.7072e+00 -9.4426e-01 -6.2887e-01 -2.4650e+00 -7.0258e-01 -1.1275e+00 -5.9821e-01 +2.6662e+00 -5.4484e-01
1224 +1.137900197e+01 +1.137900197e+01 +3.684900197e+01 +3.684900197e+01 -3.8261e+00 -1.6801e+00 -9.7633e-01 -6.2065e-01 -2.4615e+00 -6.9321e-01 -1.1319e+00 -6.0131e-01 +2.6626e+00 -5.5600e-01
1250 +1.111362274e+01 +1.111362274e+01 +3.658362274e+01 +3.658362274e+01 -3.8353e+00 -1.6776e+00 -9.7951e-01 -6.2398e-01 -2.4699e+00 -6.9360e-01 -1.1255e+00 -6.1118e-01 +2.6749e+00 -5.3394e-01
1267 +1.089948818e+01 +1.089948818e+01 +3.636948818e+01 +3.636948818e+01 -3.8344e+00 -1.6767e+00 -9.6955e-01 -6.2224e-01 -2.4791e+00 -6.7957e-01 -1.1258e+00 -6.1770e-01 +2.6681e+00 -5.3967e-01
1280 +1.056747062e+01 +1.056747062e+01 +3.603747062e+01 +3.603747062e+01 -3.8420e+00 -1.6757e+00 -9.6299e-01 -6.1812e-01 -2.4672e+00 -6.9036e-01 -1.1124e+00 -6.1209e-01 +2.6733e+00 -5.3397e-01
1307 +1.041818627e+01 +1.041818627e+01 +3.588818627e+01 +3.588818627e+01 -3.8366e+00 -1.6749e+00 -9.5343e-01 -6.1753e-01 -2.4729e+00 -6.8370e-01 -1.1125e+00 -6.2058e-01 +2.6712e+00 -5.3719e-01
1340 +1.023187401e+01 +1.023187401e+01 +3.570187401e+01 +3.570187401e+01 -3.8434e+00 -1.6814e+00 -9.5112e-01 -6.0491e-01 -2.4772e+00 -6.7657e-01 -1.1226e+00 -6.2207e-01 +2.6796e+00 -5.4237e-01
1471 +9.979879615e+00 +9.979879615e+00 +3.544987962e+01 +3.544987962e+01 -3.8454e+00 -1.6811e+00 -9.4328e-01 -6.0712e-01 -2.4770e+00 -6.8820e-01 -1.1152e+00 -6.3732e-01 +2.6767e+00 -5.3719e-01
% function evaluation | noise-free fitness - Fopt (-1.008100000000e+02) | best noise-free fitness - Fopt | measured fitness | best measured fitness | x1 | x2...
1 +1.920731690e+02 +1.920731690e+02 +9.126316903e+01 +9.126316903e+01 +0.0000e+00 +0.0000e+00 +0.0000e+00 +0.0000e+00 +0.0000e+00 +0.0000e+00 +0.0000e+00 +0.0000e+00 +0.0000e+00 +0.0000e+00
10 +1.770073297e+02 +1.770073297e+02 +7.619732974e+01 +7.619732974e+01 +2.9431e-01 +9.3228e-01 -1.4879e+00 -9.4782e-01 +7.5002e-01 +1.0373e+00 +2.9940e-01 +2.1803e-02 +4.7343e-01 -2.0322e-01
11 +1.642791081e+02 +1.642791081e+02 +6.346910806e+01 +6.346910806e+01 -1.4829e-01 +6.7606e-01 +2.8812e-01 -1.0559e+00 -7.9376e-03 +1.9206e+00 -6.9222e-01 -3.7963e-03 -6.5794e-01 +1.7031e+00
13 +1.374704336e+02 +1.374704336e+02 +3.666043361e+01 +3.666043361e+01 +6.9349e-01 +7.6090e-01 -8.3604e-01 -1.5791e+00 +9.5445e-01 +9.1933e-01 +1.2177e+00 +5.4159e-01 -1.3056e+00 +7.6616e-01
22 +1.211384754e+02 +1.211384754e+02 +2.032847541e+01 +2.032847541e+01 +1.6815e+00 -4.1105e-01 -2.1695e+00 -7.5899e-01 +2.0427e+00 +5.3994e-01 +8.6313e-01 -4.5866e-01 -7.4063e-01 -2.3457e-01
30 +1.161124402e+02 +1.161124402e+02 +1.530244024e+01 +1.530244024e+01 +1.5014e+00 +1.6522e+00 -5.2575e-01 -1.9473e+00 +1.6931e+00 -2.4279e-01 +1.1314e+00 -1.6438e-01 -2.1912e+00 +9.0502e-01
67 +1.098636273e+02 +1.098636273e+02 +9.053627313e+00 +9.053627313e+00 -2.7784e-02 +1.0988e+00 +5.1455e-01 -4.3019e-01 +1.5922e+00 +1.6235e+00 +1.9286e+00 +1.5191e+00 -2.2895e+00 +1.9029e+00
78 +8.501574651e+01 +8.501574651e+01 -1.579425349e+01 -1.579425349e+01 +1.2173e+00 +6.4371e-01 +4.4220e-01 +5.3007e-02 +1.3928e+00 +2.0219e+00 +5.0353e-01 +1.1437e+00 -1.8213e+00 +7.6987e-01
182 +7.720407219e+01 +7.720407219e+01 -2.360592781e+01 -2.360592781e+01 +1.3939e+00 +8.0237e-02 +1.2232e+00 -4.4138e-01 +3.9602e+00 +2.2083e+00 +6.3977e-01 +5.9432e-01 -5.0299e+00 -1.5299e+00
386 +6.971580437e+01 +6.971580437e+01 -3.109419563e+01 -3.109419563e+01 +1.2782e+00 -5.8261e-01 +1.1163e+00 -3.5344e-01 +3.8833e+00 +1.6209e+00 +9.6613e-01 +8.8155e-01 -5.1066e+00 -3.0874e-01
650 +5.834050667e+01 +5.834050667e+01 -4.246949333e+01 -4.246949333e+01 +1.7272e+00 -2.2524e-01 -7.9375e-02 -2.8077e-01 +3.7075e+00 +1.7263e+00 +1.9431e+00 +4.5589e-01 -5.1348e+00 -1.0038e-01
801 +5.216570991e+01 +5.216570991e+01 -4.864429009e+01 -4.864429009e+01 +1.6452e+00 -2.1600e-01 -1.7048e-01 -1.9008e-01 +3.6776e+00 +1.5800e+00 +1.8855e+00 +4.8858e-01 -5.2464e+00 -1.8968e-01
818 +4.740105746e+01 +4.740105746e+01 -5.340894254e+01 -5.340894254e+01 +1.7531e+00 -2.6209e-01 -1.7124e-01 -2.4615e-01 +3.7395e+00 +1.5651e+00 +1.8330e+00 +4.7046e-01 -5.3441e+00 -2.0160e-01
882 +4.419396725e+01 +4.419396725e+01 -5.661603275e+01 -5.661603275e+01 +1.7756e+00 -3.1698e-01 -9.7795e-02 -3.0542e-01 +3.7208e+00 +1.6365e+00 +1.8555e+00 +5.2749e-01 -5.2959e+00 -2.3976e-01
913 +4.288417858e+01 +4.288417858e+01 -5.792582142e+01 -5.792582142e+01 +1.8032e+00 -2.8364e-01 -1.5068e-01 -2.8414e-01 +3.6655e+00 +1.6323e+00 +1.8262e+00 +5.2214e-01 -5.3812e+00 -2.1958e-01
922 +4.214656777e+01 +4.214656777e+01 -5.866343223e+01 -5.866343223e+01 +1.7730e+00 -2.8617e-01 -1.4593e-01 -2.8791e-01 +3.7046e+00 +1.6204e+00 +1.8184e+00 +5.2437e-01 -5.3473e+00 -2.0770e-01
933 +4.164566674e+01 +4.164566674e+01 -5.916433326e+01 -5.916433326e+01 +1.7708e+00 -2.7604e-01 -1.4201e-01 -2.6747e-01 +3.6850e+00 +1.6338e+00 +1.8100e+00 +4.9910e-01 -5.3617e+00 -2.1683e-01
946 +4.043358954e+01 +4.043358954e+01 -6.037641046e+01 -6.037641046e+01 +1.7766e+00 -2.6437e-01 -1.5599e-01 -2.8465e-01 +3.6951e+00 +1.6095e+00 +1.8282e+00 +4.9766e-01 -5.3238e+00 -2.0467e-01
949 +3.968802602e+01 +3.968802602e+01 -6.112197398e+01 -6.112197398e+01 +1.7899e+00 -2.7613e-01 -1.5573e-01 -2.9449e-01 +3.6811e+00 +1.5847e+00 +1.8498e+00 +4.9605e-01 -5.3404e+00 -1.9355e-01
997 +3.862129462e+01 +3.862129462e+01 -6.218870538e+01 -6.218870538e+01 +1.7422e+00 -2.8661e-01 -1.6627e-01 -2.8865e-01 +3.6458e+00 +1.6102e+00 +1.8501e+00 +5.2043e-01 -5.2841e+00 -2.1250e-01
1011 +3.752547957e+01 +3.752547957e+01 -6.328452043e+01 -6.328452043e+01 +1.7421e+00 -2.9637e-01 -1.6472e-01 -2.9966e-01 +3.6444e+00 +1.6057e+00 +1.8670e+00 +5.2772e-01 -5.2837e+00 -2.3592e-01
1135 +3.711919814e+01 +3.711919814e+01 -6.369080186e+01 -6.369080186e+01 +1.7533e+00 -2.8754e-01 -1.6198e-01 -2.8644e-01 +3.6502e+00 +1.5973e+00 +1.8500e+00 +5.3814e-01 -5.2902e+00 -2.4068e-01
1209 +3.629656091e+01 +3.629656091e+01 -6.451343909e+01 -6.451343909e+01 +1.7382e+00 -2.8439e-01 -1.5661e-01 -2.7473e-01 +3.6640e+00 +1.5861e+00 +1.8575e+00 +5.2977e-01 -5.2839e+00 -2.2975e-01
% function evaluation | noise-free fitness - Fopt (-2.184000000000e+01) | best noise-free fitness - Fopt | measured fitness | best measured fitness | x1 | x2...
1 +2.883522595e+02 +2.883522595e+02 +2.665122595e+02 +2.665122595e+02 +0.0000e+00 +0.0000e+00 +0.0000e+00 +0.0000e+00 +0.0000e+00 +0.0000e+00 +0.0000e+00 +0.0000e+00 +0.0000e+00 +0.0000e+00
3 +2.283555966e+02 +2.283555966e+02 +2.065155966e+02 +2.065155966e+02 +3.4756e-02 -3.9507e-01 +2.0459e-01 +6.9565e-01 +8.5191e-01 +2.9280e+00 +3.9764e-01 -1.6938e+00 +1.3219e-01 -5.9651e-01
15 +1.901846203e+02 +1.901846203e+02 +1.683446203e+02 +1.683446203e+02 +1.4292e+00 -5.7262e-01 -4.4184e-01 -5.6052e-02 -6.2665e-01 -3.7129e-01 +6.5670e-01 +6.2702e-01 +9.2550e-01 -7.3321e-01
19 +1.719712765e+02 +1.719712765e+02 +1.501312765e+02 +1.501312765e+02 +5.0014e-01 +3.2224e-01 +6.3879e-01 -1.5699e-01 -8.0272e-02 +1.4692e+00 +4.2439e-01 +6.2445e-02 +8.3299e-01 -5.6569e-01
46 +1.648620053e+02 +1.648620053e+02 +1.430220053e+02 +1.430220053e+02 -2.3951e-01 -1.3563e+00 -6.4582e-01 +1.1219e+00 +1.8369e+00 +4.6639e+00 -9.0082e-01 -6.5892e-01 +2.4664e+00 -2.1632e-01
50 +1.385744262e+02 +1.385744262e+02 +1.167344262e+02 +1.167344262e+02 +1.0365e+00 -2.1142e+00 -1.1194e-01 +1.8813e+00 +1.6520e+00 +2.7619e+00 +5.7171e-01 -2.8275e-02 +2.0120e+00 -5.0121e-01
56 +1.345785200e+02 +1.345785200e+02 +1.127385200e+02 +1.127385200e+02 +1.2164e+00 -3.2201e+00 -5.9584e-01 +1.6594e+00 +1.9949e+00 +3.4528e+00 -6.7476e-02 +4.5714e-01 +1.9722e+00 -1.2424e+00
73 +1.215519252e+02 +1.215519252e+02 +9.971192520e+01 +9.971192520e+01 +1.1100e+00 -3.7132e+00 -5.8354e-01 +4.2301e-01 +3.5349e+00 +3.7881e+00 -1.4982e+00 -1.0520e+00 +2.7081e+00 -1.1991e+00
79 +9.397551384e+01 +9.397551384e+01 +7.213551384e+01 +7.213551384e+01 -7.0695e-02 -4.1079e+00 -2.2718e+00 +5.1184e-01 +2.3698e+00 +3.4681e+00 -3.7302e-01 -3.7704e-01 +2.2618e+00 -5.5394e-01
264 +9.275688695e+01 +9.275688695e+01 +7.091688695e+01 +7.091688695e+01 +2.1143e+00 -2.6581e+00 -1.1603e+00 -1.2936e+00 +3.0103e+00 +2.5033e+00 -1.7456e+00 -1.4509e+00 +1.9421e+00 -7.9054e-01
265 +8.900106196e+01 +8.900106196e+01 +6.716106196e+01 +6.716106196e+01 +2.3237e+00 -2.4401e+00 -7.6836e-01 -2.2871e-01 +2.8938e+00 +2.0160e+00 -2.3517e+00 -1.3352e+00 +1.6186e+00 +3.7444e-02
466 +8.194172661e+01 +8.194172661e+01 +6.010172661e+01 +6.010172661e+01 +3.0370e+00 -2.4683e+00 -3.3583e+00 -5.1493e-01 +4.3521e+00 +1.8457e+00 -3.0684e+00 -8.0968e-01 +4.3792e+00 -1.7879e+00
532 +8.098897009e+01 +8.098897009e+01 +5.914897009e+01 +5.914897009e+01 +3.0895e+00 -2.3034e+00 -3.7571e+00 -5.5018e-01 +4.5429e+00 +1.8160e+00 -3.5550e+00 -8.7998e-01 +4.5220e+00 -1.5691e+00
553 +6.374096732e+01 +6.374096732e+01 +4.190096732e+01 +4.190096732e+01 +2.1272e+00 -2.4138e+00 -3.6058e+00 -7.4359e-01 +4.6439e+00 +1.7590e+00 -3.3634e+00 -8.7953e-01 +4.4633e+00 -1.6864e+00
563 +5.445004775e+01 +5.445004775e+01 +3.261004775e+01 +3.261004775e+01 +2.2431e+00 -2.4283e+00 -3.6192e+00 -7.4344e-01 +4.4617e+00 +1.5359e+00 -3.4564e+00 -1.1388e+00 +4.3874e+00 -1.6025e+00
762 +5.078779499e+01 +5.078779499e+01 +2.894779499e+01 +2.894779499e+01 +2.4480e+00 -1.7360e+00 -3.2324e+00 +9.8213e-02 +3.4912e+00 +1.6994e+00 -1.8937e+00 -1.3245e+00 +4.5275e+00 -1.4030e+00
875 +3.959962196e+01 +3.959962196e+01 +1.775962196e+01 +1.775962196e+01 +2.6230e+00 -1.8279e+00 -3.2907e+00 +2.5924e-02 +3.4479e+00 +1.7882e+00 -2.0804e+00 -1.1867e+00 +4.4839e+00 -1.3859e+00
893 +3.592041842e+01 +3.592041842e+01 +1.408041842e+01 +1.408041842e+01 +2.6339e+00 -1.8442e+00 -3.2566e+00 +6.8239e-02 +3.4771e+00 +1.6682e+00 -1.9496e+00 -1.2739e+00 +4.4595e+00 -1.3804e+00
915 +3.447292079e+01 +3.447292079e+01 +1.263292079e+01 +1.263292079e+01 +2.6876e+00 -1.7740e+00 -3.3043e+00 +9.5570e-03 +3.5073e+00 +1.7894e+00 -1.9120e+00 -1.2503e+00 +4.4328e+00 -1.4088e+00
917 +3.137245223e+01 +3.137245223e+01 +9.532452228e+00 +9.532452228e+00 +2.6276e+00 -1.8385e+00 -3.2721e+00 +5.1350e-02 +3.4369e+00 +1.7096e+00 -1.9369e+00 -1.2507e+00 +4.4055e+00 -1.4204e+00
939 +2.911252815e+01 +2.911252815e+01 +7.272528148e+00 +7.272528148e+00 +2.5494e+00 -1.8338e+00 -3.1921e+00 -4.8322e-03 +3.4890e+00 +1.7887e+00 -1.9779e+00 -1.2177e+00 +4.3358e+00 -1.4071e+00
1005 +2.573953265e+01 +2.573953265e+01 +3.899532650e+00 +3.899532650e+00 +2.5683e+00 -1.8605e+00 -3.2471e+00 -6.5771e-02 +3.5049e+00 +1.7813e+00 -1.8922e+00 -1.2036e+00 +4.3456e+00 -1.4039e+00
1017 +2.508005280e+01 +2.508005280e+01 +3.240052803e+00 +3.240052803e+00 +2.6072e+00 -1.8518e+00 -3.2810e+00 -3.6709e-02 +3.5125e+00 +1.8114e+00 -1.8826e+00 -1.1851e+00 +4.3173e+00 -1.4174e+00
1026 +2.376080761e+01 +2.376080761e+01 +1.920807612e+00 +1.920807612e+00 +2.5780e+00 -1.8426e+00 -3.2549e+00 -1.5180e-03 +3.5003e+00 +1.7900e+00 -1.9004e+00 -1.1757e+00 +4.2929e+00 -1.3876e+00
1043 +2.244830274e+01 +2.244830274e+01 +6.083027394e-01 +6.083027394e-01 +2.5690e+00 -1.8372e+00 -3.2633e+00 -4.3782e-02 +3.4767e+00 +1.8057e+00 -1.9172e+00 -1.1900e+00 +4.3225e+00 -1.4187e+00
1055 +2.163201869e+01 +2.163201869e+01 -2.079813124e-01 -2.079813124e-01 +2.5815e+00 -1.8300e+00 -3.2786e+00 -7.4360e-03 +3.4618e+00 +1.8244e+00 -1.9290e+00 -1.1572e+00 +4.3202e+00 -1.4211e+00
1076 +2.104002110e+01 +2.104002110e+01 -7.999788997e-01 -7.999788997e-01 +2.5401e+00 -1.8242e+00 -3.2598e+00 -2.1947e-02 +3.4629e+00 +1.7990e+00 -1.9475e+00 -1.1468e+00 +4.3177e+00 -1.4385e+00
1131 +2.054637731e+01 +2.054637731e+01 -1.293622685e+00 -1.293622685e+00 +2.5695e+00 -1.8180e+00 -3.2609e+00 -9.7305e-03 +3.4571e+00 +1.8049e+00 -1.9278e+00 -1.1449e+00 +4.3166e+00 -1.4402e+00
1163 +2.041342671e+01 +2.041342671e+01 -1.426573287e+00 -1.426573287e+00 +2.5746e+00 -1.8470e+00 -3.2686e+00 -2.4126e-02 +3.4677e+00 +1.7974e+00 -1.9180e+00 -1.1299e+00 +4.2986e+00 -1.4366e+00
1294 +1.993718647e+01 +1.993718647e+01 -1.902813529e+00 -1.902813529e+00 +2.5761e+00 -1.8264e+00 -3.2687e+00 -3.2355e-02 +3.4523e+00 +1.7975e+00 -1.9228e+00 -1.1317e+00 +4.3022e+00 -1.4289e+00
% function evaluation | noise-free fitness - Fopt (-1.862000000000e+01) | best noise-free fitness - Fopt | measured fitness | best measured fitness | x1 | x2...
1 +3.965525073e+02 +3.965525073e+02 +3.779325073e+02 +3.779325073e+02 +0.0000e+00 +0.0000e+00 +0.0000e+00 +0.0000e+00 +0.0000e+00 +0.0000e+00 +0.0000e+00 +0.0000e+00 +0.0000e+00 +0.0000e+00
4 +3.377643453e+02 +3.377643453e+02 +3.191443453e+02 +3.191443453e+02 +1.3072e+00 +1.1991e+00 +2.3652e-01 -6.9618e-01 +9.3148e-02 +1.3863e+00 +9.2784e-02 +5.7220e-01 +6.5553e-01 -1.8371e+00
5 +3.029787281e+02 +3.029787281e+02 +2.843587281e+02 +2.843587281e+02 -7.9362e-01 +1.0232e-01 -4.5923e-01 +6.4483e-01 -1.1750e+00 +8.4299e-01 +3.8027e-01 -1.7765e-01 +4.2307e-01 -1.3030e+00
18 +2.412521448e+02 +2.412521448e+02 +2.226321448e+02 +2.226321448e+02 -5.6847e-01 +1.0606e+00 +5.0852e-01 +1.0322e+00 -1.8940e+00 +4.8270e-01 -1.1061e-01 -1.1160e-01 +1.6342e+00 -2.9711e+00
22 +1.736860103e+02 +1.736860103e+02 +1.550660103e+02 +1.550660103e+02 -9.9264e-02 -3.8739e-01 +1.8871e+00 +1.5569e+00 -4.0405e+00 +2.6214e+00 -7.8295e-01 +3.4006e-02 +1.5880e+00 -2.9380e+00
47 +1.599831938e+02 +1.599831938e+02 +1.413631938e+02 +1.413631938e+02 +3.4427e-01 +4.9349e-01 -2.7474e-01 +1.5816e+00 -2.3490e+00 +1.4057e+00 -2.7858e+00 -3.0056e+00 +4.3766e-01 -2.4354e+00
59 +1.221104888e+02 +1.221104888e+02 +1.034904888e+02 +1.034904888e+02 +8.8580e-01 +2.7448e-01 +5.7223e-01 +1.6286e+00 -2.3149e+00 +2.3315e+00 -3.5468e+00 -3.0374e+00 +9.7502e-01 -3.3868e+00
89 +1.098546139e+02 +1.098546139e+02 +9.123461387e+01 +9.123461387e+01 +9.1012e-01 +1.7188e+00 +1.1773e-01 +2.6726e+00 -1.0494e+00 +2.8042e+00 -2.6431e+00 -2.0910e+00 +2.1476e+00 -2.5944e+00
104 +9.169483172e+01 +9.169483172e+01 +7.307483172e+01 +7.307483172e+01 +6.8285e-01 +1.5585e+00 -5.2137e-02 +1.3943e+00 -1.9003e+00 +2.2142e+00 -2.2925e+00 -2.4178e+00 +2.8374e+00 -3.5016e+00
112 +8.110726429e+01 +8.110726429e+01 +6.248726429e+01 +6.248726429e+01 +5.6708e-01 +1.3169e+00 +4.6647e-01 +1.7012e+00 -1.9149e+00 +2.7765e+00 -1.9553e+00 -2.5582e+00 +2.2322e+00 -3.1116e+00
269 +5.954196696e+01 +5.954196696e+01 +4.092196696e+01 +4.092196696e+01 +1.6999e+00 +2.0775e+00 -3.0115e-01 +1.9441e+00 -2.6856e+00 +2.9096e+00 -2.4604e+00 -2.6159e+00 +2.4483e+00 -3.6783e+00
444 +5.595557475e+01 +5.595557475e+01 +3.733557475e+01 +3.733557475e+01 +1.9772e+00 +1.7431e+00 -2.5076e-01 +1.2342e+00 -2.5373e+00 +2.1751e+00 -2.8158e+00 -1.3689e+00 +2.4635e+00 -2.8325e+00
598 +3.850705482e+01 +3.850705482e+01 +1.988705482e+01 +1.988705482e+01 +2.2061e+00 +1.3573e+00 -4.3307e-01 +1.7816e+00 -2.6801e+00 +1.8880e+00 -3.2277e+00 -1.1961e+00 +2.7829e+00 -2.9172e+00
627 +3.445759548e+01 +3.445759548e+01 +1.583759548e+01 +1.583759548e+01 +2.1699e+00 +1.4676e+00 -3.9637e-01 +1.7380e+00 -2.7668e+00 +2.0268e+00 -3.1795e+00 -1.0884e+00 +2.7597e+00 -2.8919e+00
650 +3.220400513e+01 +3.220400513e+01 +1.358400513e+01 +1.358400513e+01 +2.2431e+00 +1.4186e+00 -3.8192e-01 +1.7406e+00 -2.7233e+00 +1.9405e+00 -3.2071e+00 -1.1160e+00 +2.7960e+00 -2.7922e+00
708 +2.913400439e+01 +2.913400439e+01 +1.051400439e+01 +1.051400439e+01 +2.2466e+00 +1.4844e+00 -4.3876e-01 +1.7413e+00 -2.7259e+00 +1.9820e+00 -3.1514e+00 -1.1100e+00 +2.7762e+00 -2.8524e+00
722 +2.677951847e+01 +2.677951847e+01 +8.159518470e+00 +8.159518470e+00 +2.2332e+00 +1.4755e+00 -4.1441e-01 +1.7930e+00 -2.7356e+00 +1.9440e+00 -3.1594e+00 -1.1175e+00 +2.7717e+00 -2.8542e+00
751 +2.443719282e+01 +2.443719282e+01 +5.817192816e+00 +5.817192816e+00 +2.2530e+00 +1.5008e+00 -3.7601e-01 +1.7492e+00 -2.6815e+00 +1.9288e+00 -3.1955e+00 -1.1003e+00 +2.7953e+00 -2.8591e+00
753 +2.151172739e+01 +2.151172739e+01 +2.891727387e+00 +2.891727387e+00 +2.2515e+00 +1.5013e+00 -3.9007e-01 +1.7835e+00 -2.6802e+00 +1.9142e+00 -3.1810e+00 -1.0998e+00 +2.8002e+00 -2.8525e+00
767 +2.115966913e+01 +2.115966913e+01 +2.539669125e+00 +2.539669125e+00 +2.2494e+00 +1.4956e+00 -4.1157e-01 +1.7888e+00 -2.6858e+00 +1.9218e+00 -3.2092e+00 -1.0875e+00 +2.8029e+00 -2.8651e+00
770 +1.899217854e+01 +1.899217854e+01 +3.721785438e-01 +3.721785438e-01 +2.2411e+00 +1.5129e+00 -4.1218e-01 +1.8112e+00 -2.6828e+00 +1.8893e+00 -3.1914e+00 -1.0632e+00 +2.8300e+00 -2.8625e+00
775 +1.832386298e+01 +1.832386298e+01 -2.961370208e-01 -2.961370208e-01 +2.2592e+00 +1.4995e+00 -4.0953e-01 +1.8108e+00 -2.6851e+00 +1.8671e+00 -3.2247e+00 -1.0245e+00 +2.8341e+00 -2.8359e+00
780 +1.810035719e+01 +1.810035719e+01 -5.196428078e-01 -5.196428078e-01 +2.2309e+00 +1.4560e+00 -4.0841e-01 +1.8064e+00 -2.7127e+00 +1.8791e+00 -3.1866e+00 -1.0944e+00 +2.8205e+00 -2.8468e+00
791 +1.713948653e+01 +1.713948653e+01 -1.480513466e+00 -1.480513466e+00 +2.2570e+00 +1.4652e+00 -4.2051e-01 +1.7906e+00 -2.7006e+00 +1.8892e+00 -3.2038e+00 -1.0651e+00 +2.8246e+00 -2.8387e+00
833 +1.581734203e+01 +1.581734203e+01 -2.802657971e+00 -2.802657971e+00 +2.2166e+00 +1.4774e+00 -4.4071e-01 +1.7654e+00 -2.6879e+00 +1.8374e+00 -3.2126e+00 -1.1062e+00 +2.8346e+00 -2.8290e+00
856 +1.548810378e+01 +1.548810378e+01 -3.131896219e+00 -3.131896219e+00 +2.2420e+00 +1.4827e+00 -4.4248e-01 +1.7750e+00 -2.7106e+00 +1.8466e+00 -3.1873e+00 -1.1196e+00 +2.8675e+00 -2.8418e+00
900 +1.353463656e+01 +1.353463656e+01 -5.085363443e+00 -5.085363443e+00 +2.2569e+00 +1.5096e+00 -4.2871e-01 +1.7747e+00 -2.7078e+00 +1.8208e+00 -3.1944e+00 -1.1121e+00 +2.8415e+00 -2.8595e+00
929 +1.342223293e+01 +1.342223293e+01 -5.197767068e+00 -5.197767068e+00 +2.2509e+00 +1.5274e+00 -4.5938e-01 +1.7520e+00 -2.6992e+00 +1.7930e+00 -3.2007e+00 -1.1236e+00 +2.8463e+00 -2.8594e+00
943 +1.291536315e+01 +1.291536315e+01 -5.704636854e+00 -5.704636854e+00 +2.2675e+00 +1.5209e+00 -4.5921e-01 +1.7612e+00 -2.6847e+00 +1.7878e+00 -3.2105e+00 -1.1250e+00 +2.8470e+00 -2.8535e+00
946 +1.270274452e+01 +1.270274452e+01 -5.917255475e+00 -5.917255475e+00 +2.2518e+00 +1.5116e+00 -4.3808e-01 +1.7649e+00 -2.6821e+00 +1.8047e+00 -3.2095e+00 -1.1159e+00 +2.8684e+00 -2.8491e+00
1046 +1.248267201e+01 +1.248267201e+01 -6.137327990e+00 -6.137327990e+00 +2.2567e+00 +1.5109e+00 -4.5499e-01 +1.7738e+00 -2.6927e+00 +1.8071e+00 -3.2067e+00 -1.1158e+00 +2.8517e+00 -2.8589e+00
1065 +1.228596150e+01 +1.228596150e+01 -6.334038503e+00 -6.334038503e+00 +2.2668e+00 +1.5149e+00 -4.5741e-01 +1.7732e+00 -2.6943e+00 +1.8010e+00 -3.2145e+00 -1.1201e+00 +2.8607e+00 -2.8622e+00
1246 +1.200900264e+01 +1.200900264e+01 -6.610997362e+00 -6.610997362e+00 +2.2751e+00 +1.5097e+00 -4.4498e-01 +1.7818e+00 -2.6742e+00 +1.7973e+00 -3.2167e+00 -1.1029e+00 +2.8637e+00 -2.8578e+00
% function evaluation | noise-free fitness - Fopt (2.764000000000e+01) | best noise-free fitness - Fopt | measured fitness | best measured fitness | x1 | x2...
1 +5.015405875e+02 +5.015405875e+02 +5.291805875e+02 +5.291805875e+02 +0.0000e+00 +0.0000e+00 +0.0000e+00 +0.0000e+00 +0.0000e+00 +0.0000e+00 +0.0000e+00 +0.0000e+00 +0.0000e+00 +0.0000e+00
2 +3.350160553e+02 +3.350160553e+02 +3.626560553e+02 +3.626560553e+02 +8.8084e-01 +1.0330e+00 -1.3494e+00 +1.0932e+00 -1.4198e+00 -5.5734e-01 +1.3480e+00 +1.0761e+00 -1.1530e+00 +1.2355e+00
9 +2.267016278e+02 +2.267016278e+02 +2.543416278e+02 +2.543416278e+02 +6.2540e-01 +1.6234e-01 -1.9712e+00 +1.3396e+00 -1.9475e-01 +4.1157e-01 -1.1334e+00 +9.1732e-02 -1.5801e+00 +1.1222e+00
12 +1.870355065e+02 +1.870355065e+02 +2.146755065e+02 +2.146755065e+02 -1.1890e+00 +1.0736e+00 -2.7819e+00 +1.6668e+00 +3.8072e-01 +5.0600e-02 -9.9778e-01 -3.1118e-01 -4.0713e+00 +1.1982e-01
18 +1.502487289e+02 +1.502487289e+02 +1.778887289e+02 +1.778887289e+02 +8.4219e-01 +1.1812e+00 -2.2829e+00 +1.8494e-01 +1.1068e+00 +1.5382e+00 -1.2381e+00 -1.1371e+00 -2.3738e+00 +6.6903e-01
31 +1.399739557e+02 +1.399739557e+02 +1.676139557e+02 +1.676139557e+02 +1.9712e+00 +1.3834e+00 -3.1233e+00 -5.5913e-02 +1.6481e+00 +1.7112e+00 -9.4312e-01 +3.8692e-01 -2.5686e+00 +4.2335e-02
49 +1.280173397e+02 +1.280173397e+02 +1.556573397e+02 +1.556573397e+02 +4.0390e+00 +2.3082e-01 -3.6438e+00 +4.6711e-01 -9.5647e-01 +1.7621e+00 +2.9113e-01 -2.9634e+00 -2.1878e+00 -6.9089e-01
73 +1.210904572e+02 +1.210904572e+02 +1.487304572e+02 +1.487304572e+02 +5.1572e+00 +1.5046e+00 -2.2304e+00 +3.7187e+00 -5.8857e-01 +4.7115e-01 -7.6148e-01 -6.8673e-01 -2.5933e+00 -5.3318e-01
211 +1.070837601e+02 +1.070837601e+02 +1.347237601e+02 +1.347237601e+02 +3.0119e+00 -2.4680e-01 -2.5559e+00 +1.7489e+00 -8.0909e-01 +2.2013e+00 -6.2931e-01 -4.0184e+00 -1.1868e+00 -5.9691e-01
256 +9.134484640e+01 +9.134484640e+01 +1.189848464e+02 +1.189848464e+02 +2.9070e+00 -4.8358e-01 -4.0107e+00 +7.2335e-01 +4.8060e-01 -5.6354e-02 -1.4758e+00 -1.7810e+00 +4.9046e-01 +3.6399e-01
294 +9.025282963e+01 +9.025282963e+01 +1.178928296e+02 +1.178928296e+02 +1.4599e+00 -1.1894e+00 -3.7060e+00 +7.7427e-01 +2.9549e-01 +4.4142e-01 -8.4246e-01 -3.0181e+00 -1.1748e+00 -8.0943e-01
409 +7.445138474e+01 +7.445138474e+01 +1.020913847e+02 +1.020913847e+02 +2.6887e+00 -5.8121e-01 -1.9175e+00 +1.0904e+00 +5.8943e-01 +1.9128e+00 -1.2787e+00 -2.5871e+00 -1.9118e+00 +8.5720e-01
576 +6.446312521e+01 +6.446312521e+01 +9.210312521e+01 +9.210312521e+01 +2.5283e+00 -8.3570e-01 -1.8192e+00 +1.3509e+00 +7.7950e-01 +9.9775e-01 -8.0701e-01 -3.6240e+00 -2.3626e+00 -1.5816e+00
1058 +6.087762420e+01 +6.087762420e+01 +8.851762420e+01 +8.851762420e+01 +2.5425e+00 -2.7350e-01 -1.3474e+00 +2.1965e+00 +1.6361e+00 +1.8215e+00 -1.5731e+00 -2.9277e+00 -2.3705e+00 +1.8847e-01
1093 +5.543593664e+01 +5.543593664e+01 +8.307593664e+01 +8.307593664e+01 +2.6009e+00 -2.6568e-01 -1.2963e+00 +2.1899e+00 +1.6875e+00 +1.7810e+00 -1.5401e+00 -2.9718e+00 -2.3972e+00 +1.8392e-01
1108 +5.265041641e+01 +5.265041641e+01 +8.029041641e+01 +8.029041641e+01 +2.5863e+00 -2.4048e-01 -1.2991e+00 +2.2275e+00 +1.6977e+00 +1.7573e+00 -1.4428e+00 -3.0057e+00 -2.3965e+00 +2.2120e-01
1132 +5.166126170e+01 +5.166126170e+01 +7.930126170e+01 +7.930126170e+01 +2.5576e+00 -3.2845e-01 -1.3538e+00 +2.1665e+00 +1.6968e+00 +1.8334e+00 -1.4178e+00 -2.9111e+00 -2.3714e+00 +2.3746e-01
1140 +4.941453265e+01 +4.941453265e+01 +7.705453265e+01 +7.705453265e+01 +2.6244e+00 -3.6133e-01 -1.3327e+00 +2.1586e+00 +1.7337e+00 +1.8236e+00 -1.3955e+00 -2.9520e+00 -2.3868e+00 +1.9650e-01
1146 +4.611064462e+01 +4.611064462e+01 +7.375064462e+01 +7.375064462e+01 +2.6323e+00 -3.9470e-01 -1.3526e+00 +2.1592e+00 +1.7802e+00 +1.8060e+00 -1.3121e+00 -2.9406e+00 -2.3831e+00 +1.2708e-01
1162 +4.297032180e+01 +4.297032180e+01 +7.061032180e+01 +7.061032180e+01 +2.5696e+00 -3.6104e-01 -1.3737e+00 +2.1746e+00 +1.7645e+00 +1.8117e+00 -1.4431e+00 -2.9134e+00 -2.3987e+00 +1.3943e-01
1167 +4.160550295e+01 +4.160550295e+01 +6.924550295e+01 +6.924550295e+01 +2.5739e+00 -3.6198e-01 -1.3847e+00 +2.1960e+00 +1.7258e+00 +1.7994e+00 -1.3798e+00 -2.9232e+00 -2.3764e+00 +2.0294e-01
1221 +3.317479238e+01 +3.317479238e+01 +6.081479238e+01 +6.081479238e+01 +2.5904e+00 -3.1029e-01 -1.3815e+00 +2.1895e+00 +1.7683e+00 +1.7379e+00 -1.3509e+00 -2.9567e+00 -2.4114e+00 +1.9635e-01
1249 +3.088539336e+01 +3.088539336e+01 +5.852539336e+01 +5.852539336e+01 +2.6447e+00 -2.9409e-01 -1.3865e+00 +2.1671e+00 +1.7478e+00 +1.7179e+00 -1.3526e+00 -2.8986e+00 -2.4005e+00 +1.5366e-01
1285 +2.814757327e+01 +2.814757327e+01 +5.578757327e+01 +5.578757327e+01 +2.6211e+00 -3.0014e-01 -1.3958e+00 +2.1858e+00 +1.7606e+00 +1.7652e+00 -1.3476e+00 -2.8618e+00 -2.3986e+00 +1.6395e-01
1394 +2.750428692e+01 +2.750428692e+01 +5.514428692e+01 +5.514428692e+01 +2.5935e+00 -2.9355e-01 -1.3941e+00 +2.1922e+00 +1.7938e+00 +1.7446e+00 -1.3167e+00 -2.8462e+00 -2.4027e+00 +1.7615e-01
1643 +2.691059486e+01 +2.691059486e+01 +5.455059486e+01 +5.455059486e+01 +2.6090e+00 -2.9923e-01 -1.3921e+00 +2.2048e+00 +1.7822e+00 +1.7518e+00 -1.3226e+00 -2.8495e+00 -2.4010e+00 +1.6131e-01
% function evaluation | noise-free fitness - Fopt (-1.552000000000e+01) | best noise-free fitness - Fopt | measured fitness | best measured fitness | x1 | x2...
1 +3.393240389e+02 +3.393240389e+02 +3.238040389e+02 +3.238040389e+02 +0.0000e+00 +0.0000e+00 +0.0000e+00 +0.0000e+00 +0.0000e+00 +0.0000e+00 +0.0000e+00 +0.0000e+00 +0.0000e+00 +0.0000e+00
11 +2.905648684e+02 +2.905648684e+02 +2.750448684e+02 +2.750448684e+02 +2.9974e-01 -5.4275e-03 +1.9909e-01 +2.5322e-01 -8.3005e-01 +6.5562e-01 +1.5216e+00 -2.9797e-01 -4.4227e-01 +3.7759e-01
32 +2.640119015e+02 +2.640119015e+02 +2.484919015e+02 +2.484919015e+02 +6.2899e-01 -9.1544e-01 +2.9698e+00 +9.4260e-01 -2.4093e+00 +1.3781e+00 +1.0184e+00 +2.2663e-02 -1.3086e+00 +4.3635e-01
36 +2.559041912e+02 +2.559041912e+02 +2.403841912e+02 +2.403841912e+02 -5.2692e-01 +5.9358e-01 +1.1276e+00 +1.6764e+00 -5.5164e-01 -3.9061e-01 +7.3243e-01 -9.9123e-01 +4.2828e-01 -1.2924e+00
42 +2.373493211e+02 +2.373493211e+02 +2.218293211e+02 +2.218293211e+02 -7.4646e-01 -5.3554e-01 +1.8607e+00 +1.3721e+00 -6.4191e-01 -7.2431e-01 +9.7529e-01 -6.2702e-01 +2.4032e-01 -1.2956e+00
43 +2.089261549e+02 +2.089261549e+02 +1.934061549e+02 +1.934061549e+02 +2.2525e-01 +4.0163e-01 +2.5804e+00 +1.7527e+00 -1.1793e+00 +4.8827e-01 +1.5529e+00 -1.0698e+00 +7.4709e-01 -1.7491e+00
49 +1.382312709e+02 +1.382312709e+02 +1.227112709e+02 +1.227112709e+02 +2.7123e-01 +1.6234e+00 +2.1135e+00 +3.0766e+00 -7.0604e-01 -4.4908e-01 +8.6172e-01 -1.3619e+00 -1.1010e-01 -1.0265e+00
91 +1.325709518e+02 +1.325709518e+02 +1.170509518e+02 +1.170509518e+02 +6.4056e-01 -3.3573e-01 +4.2386e+00 +3.7016e+00 -1.6187e+00 +1.3910e-01 +2.4173e-01 -2.3815e+00 -1.9381e+00 -5.7968e-01
185 +1.272204307e+02 +1.272204307e+02 +1.117004307e+02 +1.117004307e+02 +1.6817e+00 +6.0582e-01 +4.0637e+00 +2.3538e+00 -2.4938e+00 -1.2653e+00 +1.6005e+00 -5.5910e-01 -1.3768e+00 -1.2737e+00
191 +1.040968812e+02 +1.040968812e+02 +8.857688115e+01 +8.857688115e+01 +1.7965e+00 +3.5923e-02 +3.3866e+00 +4.0852e+00 -1.8200e+00 -1.1342e+00 +1.2209e+00 -7.2126e-01 -4.3784e-01 -2.0643e+00
208 +1.000009334e+02 +1.000009334e+02 +8.448093342e+01 +8.448093342e+01 +2.3988e+00 -2.0046e-01 +3.6260e+00 +3.5971e+00 -1.7842e+00 -1.0984e+00 +1.2492e+00 -1.6120e+00 -8.2913e-01 -2.1092e+00
242 +9.350802795e+01 +9.350802795e+01 +7.798802795e+01 +7.798802795e+01 +2.0479e+00 -3.2258e-01 +2.4674e+00 +3.1744e+00 -2.6908e+00 -1.5343e+00 +1.0095e+00 -1.4287e+00 -1.1053e+00 -1.7761e+00
272 +8.914311804e+01 +8.914311804e+01 +7.362311804e+01 +7.362311804e+01 +2.0009e+00 -3.0158e-01 +2.8083e+00 +4.0804e+00 -2.7178e+00 -1.8103e+00 +1.2813e+00 -1.5960e+00 -3.4887e-01 -2.2774e+00
289 +8.387265420e+01 +8.387265420e+01 +6.835265420e+01 +6.835265420e+01 +1.5016e+00 -5.6121e-01 +2.3969e+00 +4.1361e+00 -2.7110e+00 -1.6803e+00 +1.3863e+00 -1.6181e+00 -3.9485e-01 -1.8691e+00
311 +7.142856996e+01 +7.142856996e+01 +5.590856996e+01 +5.590856996e+01 +1.7485e+00 -5.6273e-01 +2.6259e+00 +3.9630e+00 -2.9015e+00 -1.6342e+00 +1.5246e+00 -1.4879e+00 -4.3119e-01 -1.9020e+00
386 +6.744572787e+01 +6.744572787e+01 +5.192572787e+01 +5.192572787e+01 +1.9122e+00 -6.7671e-01 +2.8912e+00 +3.4187e+00 -2.6812e+00 -1.4321e+00 +1.1978e+00 -1.5110e+00 -4.2605e-01 -1.6992e+00
419 +5.633488521e+01 +5.633488521e+01 +4.081488521e+01 +4.081488521e+01 +1.9935e+00 -8.3160e-01 +2.9463e+00 +3.4546e+00 -2.6493e+00 -1.4724e+00 +1.1569e+00 -1.5616e+00 -2.5116e-01 -1.7906e+00
471 +5.387070961e+01 +5.387070961e+01 +3.835070961e+01 +3.835070961e+01 +2.0999e+00 -9.6432e-01 +2.9834e+00 +3.3437e+00 -2.6239e+00 -1.4734e+00 +1.2367e+00 -1.4784e+00 -3.4849e-01 -1.9596e+00
473 +4.169104775e+01 +4.169104775e+01 +2.617104775e+01 +2.617104775e+01 +2.0694e+00 -8.7115e-01 +2.8864e+00 +3.3259e+00 -2.7161e+00 -1.3988e+00 +1.1714e+00 -1.4646e+00 -3.5520e-01 -1.9998e+00
492 +3.893010582e+01 +3.893010582e+01 +2.341010582e+01 +2.341010582e+01 +2.0650e+00 -1.0355e+00 +2.8215e+00 +3.2377e+00 -2.7333e+00 -1.3867e+00 +1.1849e+00 -1.5487e+00 -4.0454e-01 -1.9118e+00
540 +3.594015048e+01 +3.594015048e+01 +2.042015048e+01 +2.042015048e+01 +2.0989e+00 -9.6910e-01 +2.7481e+00 +3.2474e+00 -2.6192e+00 -1.4771e+00 +1.2343e+00 -1.5300e+00 -4.1315e-01 -1.9421e+00
563 +3.537221638e+01 +3.537221638e+01 +1.985221638e+01 +1.985221638e+01 +2.0745e+00 -1.0268e+00 +2.7825e+00 +3.2485e+00 -2.6944e+00 -1.4415e+00 +1.2256e+00 -1.5043e+00 -4.3866e-01 -1.9140e+00
565 +3.090095360e+01 +3.090095360e+01 +1.538095360e+01 +1.538095360e+01 +2.0645e+00 -8.8896e-01 +2.7510e+00 +3.3563e+00 -2.6582e+00 -1.4007e+00 +1.3259e+00 -1.4977e+00 -4.2715e-01 -1.9447e+00
620 +2.981960469e+01 +2.981960469e+01 +1.429960469e+01 +1.429960469e+01 +2.0521e+00 -1.0117e+00 +2.7401e+00 +3.2979e+00 -2.6685e+00 -1.4143e+00 +1.3199e+00 -1.5320e+00 -3.6472e-01 -1.8591e+00
622 +2.689959440e+01 +2.689959440e+01 +1.137959440e+01 +1.137959440e+01 +2.0656e+00 -9.7048e-01 +2.7925e+00 +3.3003e+00 -2.6393e+00 -1.4462e+00 +1.3450e+00 -1.5325e+00 -3.7374e-01 -1.8455e+00
738 +2.605824971e+01 +2.605824971e+01 +1.053824971e+01 +1.053824971e+01 +2.0261e+00 -9.8729e-01 +2.8129e+00 +3.2997e+00 -2.6539e+00 -1.4250e+00 +1.3232e+00 -1.5071e+00 -3.7633e-01 -1.8534e+00
753 +2.560520155e+01 +2.560520155e+01 +1.008520155e+01 +1.008520155e+01 +2.0201e+00 -9.9945e-01 +2.7895e+00 +3.3018e+00 -2.6319e+00 -1.4422e+00 +1.3473e+00 -1.5014e+00 -3.5598e-01 -1.8580e+00
774 +2.463978811e+01 +2.463978811e+01 +9.119788113e+00 +9.119788113e+00 +2.0095e+00 -1.0195e+00 +2.8008e+00 +3.2846e+00 -2.6415e+00 -1.4646e+00 +1.3613e+00 -1.5063e+00 -3.6812e-01 -1.8848e+00
852 +2.450298038e+01 +2.450298038e+01 +8.982980377e+00 +8.982980377e+00 +2.0030e+00 -1.0142e+00 +2.8204e+00 +3.2733e+00 -2.6438e+00 -1.4523e+00 +1.3241e+00 -1.5229e+00 -3.4975e-01 -1.8875e+00
889 +2.369293429e+01 +2.369293429e+01 +8.172934288e+00 +8.172934288e+00 +2.0016e+00 -1.0155e+00 +2.8333e+00 +3.2600e+00 -2.6378e+00 -1.4604e+00 +1.3283e+00 -1.5099e+00 -3.5841e-01 -1.8803e+00
913 +2.340556402e+01 +2.340556402e+01 +7.885564016e+00 +7.885564016e+00 +1.9966e+00 -1.0170e+00 +2.8318e+00 +3.2684e+00 -2.6433e+00 -1.4594e+00 +1.3228e+00 -1.4976e+00 -3.5879e-01 -1.8863e+00
1152 +2.290572720e+01 +2.290572720e+01 +7.385727199e+00 +7.385727199e+00 +1.9862e+00 -1.0218e+00 +2.8596e+00 +3.2558e+00 -2.6383e+00 -1.4590e+00 +1.3215e+00 -1.4801e+00 -3.6195e-01 -1.9132e+00
% function evaluation | noise-free fitness - Fopt (1.000000000000e+03) | best noise-free fitness - Fopt | measured fitness | best measured fitness | x1 | x2...
1 +3.294269894e+02 +3.294269894e+02 +1.329426989e+03 +1.329426989e+03 +0.0000e+00 +0.0000e+00 +0.0000e+00 +0.0000e+00 +0.0000e+00 +0.0000e+00 +0.0000e+00 +0.0000e+00 +0.0000e+00 +0.0000e+00
5 +2.858117229e+02 +2.858117229e+02 +1.285811723e+03 +1.285811723e+03 -1.1711e+00 +1.5228e+00 -1.5222e+00 -4.1161e-01 -1.8379e+00 +1.2622e-01 -1.4168e+00 +9.2214e-01 -4.6596e-02 +9.0081e-01
12 +2.705129277e+02 +2.705129277e+02 +1.270512928e+03 +1.270512928e+03 -7.6326e-01 +8.8413e-01 -1.8831e+00 -2.9349e-01 -1.8059e+00 -3.6721e-01 -2.5169e+00 +1.2466e+00 +3.3535e-01 +1.8543e+00
16 +2.532980258e+02 +2.532980258e+02 +1.253298026e+03 +1.253298026e+03 -2.0400e+00 +7.2484e-01 -1.5420e+00 -7.5815e-01 -1.9362e+00 -7.3636e-02 -3.1032e+00 +2.4888e+00 -1.8695e+00 +1.2314e+00
24 +2.196587148e+02 +2.196587148e+02 +1.219658715e+03 +1.219658715e+03 -1.6581e+00 +1.1687e+00 -1.9163e+00 -2.6383e+00 -2.0497e+00 -1.2135e-02 -2.6333e+00 +1.8740e-01 -1.9924e+00 +1.0972e+00
36 +2.154006162e+02 +2.154006162e+02 +1.215400616e+03 +1.215400616e+03 -1.6257e+00 +2.2455e+00 -8.3570e-01 -2.3432e+00 -2.1194e+00 -3.4650e-01 -1.2518e+00 +1.3205e-01 -4.3679e-01 +1.6235e-01
38 +1.844415938e+02 +1.844415938e+02 +1.184441594e+03 +1.184441594e+03 -2.0560e+00 +2.5995e+00 -2.7314e+00 -4.3226e+00 -4.1601e+00 +1.2872e+00 -2.7551e+00 -1.6522e-01 -1.1944e+00 +1.9319e+00
55 +1.603717262e+02 +1.603717262e+02 +1.160371726e+03 +1.160371726e+03 -2.7637e+00 +9.1413e-01 -9.1845e-01 -2.8160e+00 -2.7112e+00 +2.2463e+00 -2.0521e+00 -7.9972e-01 -5.4347e-01 +2.1151e+00
62 +1.432508801e+02 +1.432508801e+02 +1.143250880e+03 +1.143250880e+03 -3.1583e+00 +1.1697e+00 -1.5496e+00 -1.2842e+00 -2.6203e+00 +4.1752e-01 -2.3953e+00 +7.1600e-01 +3.9418e-01 +3.3070e+00
68 +1.211110320e+02 +1.211110320e+02 +1.121111032e+03 +1.121111032e+03 -3.2446e+00 -9.2726e-01 -2.4916e+00 -2.3018e+00 -2.4044e+00 +1.1183e+00 -5.4233e-01 +4.3153e-01 +1.6766e-01 +1.3213e+00
81 +1.037335195e+02 +1.037335195e+02 +1.103733520e+03 +1.103733520e+03 -1.9358e+00 -1.1396e+00 -1.7663e+00 -3.5066e+00 -3.6561e+00 +8.0399e-01 -7.9018e-01 -6.5115e-01 -7.6493e-01 +2.3337e+00
255 +6.940329520e+01 +6.940329520e+01 +1.069403295e+03 +1.069403295e+03 -4.4813e+00 -2.4493e+00 -3.5135e+00 -3.4020e+00 -3.4100e+00 +4.4231e-01 +7.6414e-01 -1.1196e+00 +4.3424e-01 +4.3093e+00
277 +6.725684908e+01 +6.725684908e+01 +1.067256849e+03 +1.067256849e+03 -4.4114e+00 -2.0844e+00 -2.8797e+00 -3.4897e+00 -3.2641e+00 -1.6441e-01 +1.0338e+00 -8.4825e-01 +5.0869e-01 +3.9568e+00
1382 +6.003020050e+01 +6.003020050e+01 +1.060030201e+03 +1.060030201e+03 -2.0656e+00 -3.8656e+00 -2.3576e+00 -1.6663e+00 -3.7841e+00 +4.3208e-01 +6.1965e-01 -2.0318e+00 -1.3784e+00 +4.1905e+00
1449 +5.809249504e+01 +5.809249504e+01 +1.058092495e+03 +1.058092495e+03 -2.0271e+00 -3.8316e+00 -2.3882e+00 -1.6195e+00 -3.7908e+00 +4.6947e-01 +6.6976e-01 -1.9489e+00 -1.4621e+00 +4.1936e+00
1459 +5.602541149e+01 +5.602541149e+01 +1.056025411e+03 +1.056025411e+03 -1.9873e+00 -3.8665e+00 -2.3869e+00 -1.7230e+00 -3.7662e+00 +4.4427e-01 +6.5460e-01 -1.9600e+00 -1.4114e+00 +4.1402e+00
1477 +4.994502620e+01 +4.994502620e+01 +1.049945026e+03 +1.049945026e+03 -2.0569e+00 -3.7465e+00 -2.3737e+00 -1.6397e+00 -3.8377e+00 +4.3817e-01 +6.2689e-01 -1.9355e+00 -1.3784e+00 +4.1586e+00
1573 +4.893781243e+01 +4.893781243e+01 +1.048937812e+03 +1.048937812e+03 -1.9896e+00 -3.7478e+00 -2.3411e+00 -1.6466e+00 -3.8390e+00 +4.8688e-01 +6.1092e-01 -1.9736e+00 -1.3864e+00 +4.1394e+00
1682 +4.774076690e+01 +4.774076690e+01 +1.047740767e+03 +1.047740767e+03 -1.9742e+00 -3.7576e+00 -2.3605e+00 -1.6462e+00 -3.8227e+00 +5.0337e-01 +6.0973e-01 -1.9567e+00 -1.3933e+00 +4.1201e+00
1744 +4.672920664e+01 +4.672920664e+01 +1.046729207e+03 +1.046729207e+03 -1.9911e+00 -3.7607e+00 -2.3862e+00 -1.6478e+00 -3.8348e+00 +4.7867e-01 +6.1496e-01 -1.9600e+00 -1.3895e+00 +4.1164e+00
2046 +4.569977922e+01 +4.569977922e+01 +1.045699779e+03 +1.045699779e+03 -2.0607e+00 -3.7709e+00 -2.4411e+00 -1.6805e+00 -3.8343e+00 +3.9673e-01 +6.3276e-01 -1.8842e+00 -1.3303e+00 +4.0798e+00
% function evaluation | noise-free fitness - Fopt (-3.030200000000e+02) | best noise-free fitness - Fopt | measured fitness | best measured fitness | x1 | x2...
1 +4.759440424e+02 +4.759440424e+02 +1.729240424e+02 +1.729240424e+02 +0.0000e+00 +0.0000e+00 +0.0000e+00 +0.0000e+00 +0.0000e+00 +0.0000e+00 +0.0000e+00 +0.0000e+00 +0.0000e+00 +0.0000e+00
2 +2.318424885e+02 +2.318424885e+02 -7.117751151e+01 -7.117751151e+01 -1.1228e+00 +1.3191e+00 -4.7467e-01 +9.4671e-01 +1.1616e+00 -1.6978e+00 +7.1200e-02 +6.4030e-02 -1.2682e+00 -1.7579e+00
20 +2.159972946e+02 +2.159972946e+02 -8.702270541e+01 -8.702270541e+01 -1.1967e+00 +1.4966e+00 -5.2986e-01 -4.2948e-02 +6.1427e-01 -1.4545e+00 -1.1465e+00 -9.6327e-01 -8.6601e-01 -1.5716e+00
44 +1.914250435e+02 +1.914250435e+02 -1.115949565e+02 -1.115949565e+02 -4.1311e+00 +4.7053e-01 -2.6285e+00 +1.9308e+00 +2.8929e+00 -1.8600e+00 -4.5862e-01 -1.4883e-01 -2.3278e+00 -1.8990e+00
64 +1.857047473e+02 +1.857047473e+02 -1.173152527e+02 -1.173152527e+02 -2.6536e+00 +2.5292e-01 -9.3718e-01 +6.9740e-01 +1.1682e+00 -1.0334e+00 -1.0642e+00 +6.2950e-01 -1.8455e+00 -2.6371e+00
88 +1.381377014e+02 +1.381377014e+02 -1.648822986e+02 -1.648822986e+02 -4.0699e+00 -4.5179e-02 +1.6629e-01 -2.8821e-01 +6.1339e-01 -1.3332e-01 -2.0619e+00 +1.3893e+00 -2.9915e+00 -3.4425e+00
109 +1.371250072e+02 +1.371250072e+02 -1.658949928e+02 -1.658949928e+02 -1.7456e+00 +1.1609e+00 +8.5336e-01 -1.4998e+00 +2.3191e+00 -8.0233e-01 -2.8407e+00 +2.2950e+00 -1.2448e+00 -2.6483e+00
124 +1.280238768e+02 +1.280238768e+02 -1.749961232e+02 -1.749961232e+02 -1.7394e+00 +1.5128e+00 +2.9070e+00 -2.0002e+00 +2.4729e+00 -4.9836e-01 -2.8654e+00 +1.9381e+00 -1.2528e+00 -2.8172e+00
145 +1.232517856e+02 +1.232517856e+02 -1.797682144e+02 -1.797682144e+02 -2.7255e+00 -3.1794e-02 +8.6194e-01 -1.9449e+00 +2.5791e+00 -7.3621e-01 -1.9598e+00 +1.4741e+00 -1.2165e+00 -1.9395e+00
150 +1.209270010e+02 +1.209270010e+02 -1.820929990e+02 -1.820929990e+02 -3.4056e+00 +1.6588e+00 +6.5987e-01 -2.1455e+00 +2.2304e+00 -4.2974e-01 -2.3080e+00 +7.6031e-01 -2.2862e+00 -2.4490e+00
152 +1.016747891e+02 +1.016747891e+02 -2.013452109e+02 -2.013452109e+02 -3.8325e+00 +1.0701e+00 +6.3647e-01 -2.4806e+00 +2.6723e+00 +1.2331e-01 -2.5090e+00 -1.6723e-01 -2.3547e+00 -1.4701e+00
165 +8.493166149e+01 +8.493166149e+01 -2.180883385e+02 -2.180883385e+02 -3.3773e+00 +4.5140e-01 +1.5964e+00 -1.5717e+00 +3.5816e+00 +1.0556e+00 -2.7836e+00 -5.1965e-01 -2.8077e+00 -3.6824e-01
260 +7.900353027e+01 +7.900353027e+01 -2.240164697e+02 -2.240164697e+02 -3.4850e+00 -1.0102e+00 +1.3536e+00 -2.0776e+00 +4.8552e+00 -1.0252e+00 -3.9916e+00 +4.6928e-01 -1.4280e+00 -1.8713e+00
% function evaluation | noise-free fitness - Fopt (4.731200000000e+02) | best noise-free fitness - Fopt | measured fitness | best measured fitness | x1 | x2...
1 +2.385693150e+02 +2.385693150e+02 +7.116893150e+02 +7.116893150e+02 +0.0000e+00 +0.0000e+00 +0.0000e+00 +0.0000e+00 +0.0000e+00 +0.0000e+00 +0.0000e+00 +0.0000e+00 +0.0000e+00 +0.0000e+00
2 +2.004341838e+02 +2.004341838e+02 +6.735541838e+02 +6.735541838e+02 -1.0937e+00 +4.4632e-01 +9.2282e-01 -2.3500e+00 +2.1375e+00 -3.3507e-01 +1.2403e+00 +5.0853e-01 -1.1644e-01 +2.6565e-01
5 +1.979329311e+02 +1.979329311e+02 +6.710529311e+02 +6.710529311e+02 -7.9574e-02 -1.7179e+00 +2.1900e+00 +5.8101e-01 -6.7475e-01 +4.1712e-01 +2.5856e+00 -2.7995e-01 -1.5858e+00 -4.4335e-01
7 +1.317059780e+02 +1.317059780e+02 +6.048259780e+02 +6.048259780e+02 +1.4172e-01 +3.2803e-01 -3.4654e-01 -7.3495e-01 +1.6113e-01 -8.7092e-01 +8.6082e-01 -1.6334e-01 -9.8974e-02 +2.0204e-01
44 +1.099854484e+02 +1.099854484e+02 +5.831054484e+02 +5.831054484e+02 +1.5594e+00 +2.1681e-01 +2.6591e+00 -2.5641e+00 -2.8677e-01 -3.2393e+00 +3.8570e+00 +9.3854e-01 -2.2806e+00 -1.4773e+00
46 +1.088929795e+02 +1.088929795e+02 +5.820129795e+02 +5.820129795e+02 +6.5687e-01 -1.0623e+00 +2.1331e+00 -2.0897e+00 +6.4067e-01 -2.7960e+00 +1.4481e+00 +3.0422e-01 -1.4901e+00 -4.1428e-01
82 +1.049836430e+02 +1.049836430e+02 +5.781036430e+02 +5.781036430e+02 -7.7818e-01 +3.4794e-01 +1.3379e+00 -1.3812e+00 -7.9955e-01 -2.1794e-01 +2.4653e+00 +2.8628e-01 -1.5983e+00 -4.0712e-01
96 +9.725501446e+01 +9.725501446e+01 +5.703750145e+02 +5.703750145e+02 -4.8854e-01 +2.0613e-01 +1.9662e+00 -1.5362e+00 -3.2587e-01 -9.7611e-01 +2.1144e+00 +9.4955e-01 -1.0870e+00 -9.1570e-01
133 +9.286837550e+01 +9.286837550e+01 +5.659883755e+02 +5.659883755e+02 +9.0690e-01 +4.1743e-01 +2.9597e+00 -1.4811e-01 -5.7531e-01 -2.1263e+00 +2.0543e+00 -5.7882e-01 -1.3498e+00 -1.0698e+00
145 +8.158934614e+01 +8.158934614e+01 +5.547093461e+02 +5.547093461e+02 +7.1281e-01 +1.1983e+00 +2.5797e+00 -4.6085e-01 -1.5039e+00 -1.6256e+00 +2.3400e+00 -7.8821e-01 -1.8939e+00 -7.7701e-01
391 +7.758289220e+01 +7.758289220e+01 +5.507028922e+02 +5.507028922e+02 +1.8336e-01 -4.3597e-01 +1.9827e+00 -5.5288e-01 -8.7898e-01 -2.6737e+00 +2.6099e+00 +1.0304e-01 -1.3033e+00 -1.2591e+00
424 +7.501527073e+01 +7.501527073e+01 +5.481352707e+02 +5.481352707e+02 +4.9179e-01 +4.8190e-02 +2.3968e+00 -3.4651e-01 -1.1531e+00 -2.1527e+00 +2.7576e+00 +4.4132e-01 -1.5072e+00 -1.5889e+00
653 +7.140196764e+01 +7.140196764e+01 +5.445219676e+02 +5.445219676e+02 +1.8815e-01 +2.9117e-01 +1.8624e+00 -8.0940e-01 -1.4033e+00 -2.1022e+00 +2.6661e+00 +4.4717e-01 -1.3897e+00 -1.3801e+00
712 +6.358753943e+01 +6.358753943e+01 +5.367075394e+02 +5.367075394e+02 -4.8492e-02 +2.2321e-01 +1.9752e+00 -5.9352e-01 -1.5578e+00 -2.0311e+00 +2.4813e+00 +4.4961e-01 -1.6285e+00 -1.0607e+00
760 +4.142014416e+01 +4.142014416e+01 +5.145401442e+02 +5.145401442e+02 -1.2345e-01 -2.5389e-02 +2.0523e+00 -4.5657e-01 -1.6851e+00 -2.2014e+00 +2.4536e+00 +5.2445e-01 -1.6132e+00 -1.0787e+00
867 +3.224146328e+01 +3.224146328e+01 +5.053614633e+02 +5.053614633e+02 -3.5781e-02 +1.3791e-02 +1.9451e+00 -5.5302e-01 -1.6209e+00 -2.1210e+00 +2.3801e+00 +5.9832e-01 -1.6721e+00 -1.1292e+00
908 +3.067871694e+01 +3.067871694e+01 +5.037987169e+02 +5.037987169e+02 -1.1972e-02 -7.3473e-03 +2.0185e+00 -5.4539e-01 -1.5895e+00 -2.1177e+00 +2.3687e+00 +5.5524e-01 -1.7439e+00 -1.1241e+00
937 +2.888546971e+01 +2.888546971e+01 +5.020054697e+02 +5.020054697e+02 +1.5273e-05 -1.7845e-02 +1.9786e+00 -5.6405e-01 -1.6131e+00 -2.1167e+00 +2.3606e+00 +6.0058e-01 -1.7221e+00 -1.1007e+00
967 +2.794984420e+01 +2.794984420e+01 +5.010698442e+02 +5.010698442e+02 -2.0813e-02 -3.9323e-02 +1.9508e+00 -5.3289e-01 -1.6030e+00 -2.1267e+00 +2.3444e+00 +5.9744e-01 -1.7231e+00 -1.1276e+00
971 +2.726007505e+01 +2.726007505e+01 +5.003800751e+02 +5.003800751e+02 -1.7381e-02 -3.4710e-02 +1.9687e+00 -5.1775e-01 -1.6110e+00 -2.1367e+00 +2.3567e+00 +5.9667e-01 -1.6984e+00 -1.1196e+00
990 +2.652776469e+01 +2.652776469e+01 +4.996477647e+02 +4.996477647e+02 -4.0895e-02 -8.8601e-02 +1.9730e+00 -4.9773e-01 -1.6516e+00 -2.1429e+00 +2.3615e+00 +6.3237e-01 -1.6592e+00 -1.0970e+00
1034 +2.623237242e+01 +2.623237242e+01 +4.993523724e+02 +4.993523724e+02 -5.7466e-02 -6.9625e-02 +1.9701e+00 -4.8519e-01 -1.6649e+00 -2.1494e+00 +2.3651e+00 +6.3133e-01 -1.6810e+00 -1.0879e+00
1199 +2.568258578e+01 +2.568258578e+01 +4.988025858e+02 +4.988025858e+02 -4.0518e-02 -7.1973e-02 +1.9770e+00 -4.9656e-01 -1.6729e+00 -2.1403e+00 +2.3629e+00 +6.2389e-01 -1.6718e+00 -1.0663e+00
1628 +2.511810584e+01 +2.511810584e+01 +4.982381058e+02 +4.982381058e+02 -9.6495e-02 -1.1752e-01 +1.9989e+00 -4.5069e-01 -1.7104e+00 -2.1492e+00 +2.3578e+00 +6.3434e-01 -1.6162e+00 -1.0442e+00
% function evaluation | noise-free fitness - Fopt (6.842100000000e+02) | best noise-free fitness - Fopt | measured fitness | best measured fitness | x1 | x2...
1 +3.101831413e+02 +3.101831413e+02 +9.943931413e+02 +9.943931413e+02 +0.0000e+00 +0.0000e+00 +0.0000e+00 +0.0000e+00 +0.0000e+00 +0.0000e+00 +0.0000e+00 +0.0000e+00 +0.0000e+00 +0.0000e+00
3 +2.692777557e+02 +2.692777557e+02 +9.534877557e+02 +9.534877557e+02 -1.0153e+00 -3.7444e-01 -8.1505e-01 +1.2619e+00 -1.4587e+00 -5.0976e-01 -6.2340e-02 -7.0507e-01 +4.1004e-01 +9.6803e-01
19 +2.687333150e+02 +2.687333150e+02 +9.529433150e+02 +9.529433150e+02 -2.1815e+00 -9.4961e-01 -8.1362e-01 +2.2326e+00 -2.1159e+00 -1.7092e+00 -1.1690e+00 -1.3702e+00 +4.8591e-01 +2.1847e+00
20 +2.340436095e+02 +2.340436095e+02 +9.182536095e+02 +9.182536095e+02 -1.2312e+00 -1.6304e+00 -1.6076e+00 +1.0947e-01 -5.1067e-01 -1.1876e+00 +5.8129e-01 -6.4433e-01 +8.0848e-01 +2.9322e+00
24 +2.247384189e+02 +2.247384189e+02 +9.089484189e+02 +9.089484189e+02 -2.3594e+00 -1.8771e+00 -2.0588e+00 -3.6420e-03 -7.7297e-02 -1.0307e+00 +9.3903e-01 -1.0731e+00 +2.8919e-01 +3.4180e+00
31 +2.052327138e+02 +2.052327138e+02 +8.894427138e+02 +8.894427138e+02 -2.2623e+00 -2.4304e+00 -1.1578e+00 +1.0198e+00 +6.8650e-01 -2.8567e-01 +7.3482e-01 -9.1375e-02 -2.5205e-01 +2.7666e+00
32 +1.838842119e+02 +1.838842119e+02 +8.680942119e+02 +8.680942119e+02 -2.2599e+00 -1.8530e+00 -1.4932e+00 +1.4050e+00 +1.0686e+00 -1.6703e-01 +6.7208e-01 -1.5887e-01 +6.0983e-01 +3.4229e+00
42 +1.159568345e+02 +1.159568345e+02 +8.001668345e+02 +8.001668345e+02 -2.4387e+00 -1.5452e+00 -1.1622e+00 +2.7567e+00 +2.0034e+00 -5.7931e-01 +6.7099e-02 +7.4989e-02 +8.6489e-01 +2.7846e+00
96 +1.058658770e+02 +1.058658770e+02 +7.900758770e+02 +7.900758770e+02 -3.6237e+00 +3.9590e-01 -1.9864e+00 +1.0551e+00 +2.3104e+00 +3.4341e-01 +9.6589e-01 +4.3329e-02 +1.6199e+00 +3.3639e+00
107 +6.549625294e+01 +6.549625294e+01 +7.497062529e+02 +7.497062529e+02 -3.6701e+00 -4.5411e-01 -2.0342e+00 +9.0582e-01 +2.6012e+00 +1.3827e+00 +1.2550e+00 +1.2317e+00 +1.7051e+00 +3.0812e+00
696 +6.323943679e+01 +6.323943679e+01 +7.474494368e+02 +7.474494368e+02 -3.7737e+00 +8.3367e-01 -2.8904e+00 +1.3384e+00 +1.8214e+00 +2.6776e+00 -6.4303e-01 +2.1255e-01 +1.7678e+00 +3.7510e+00
995 +6.008025175e+01 +6.008025175e+01 +7.442902517e+02 +7.442902517e+02 -3.8957e+00 +4.3548e-01 -1.6631e+00 +1.0089e+00 +4.1207e-01 +2.6605e+00 -5.8582e-01 +1.6050e-01 +2.1069e+00 +3.8888e+00
1023 +5.439057262e+01 +5.439057262e+01 +7.386005726e+02 +7.386005726e+02 -3.7998e+00 +4.3247e-01 -1.8299e+00 +1.1730e+00 +1.1243e+00 +2.4238e+00 -4.4281e-01 +2.3074e-01 +2.0990e+00 +3.8236e+00
1137 +5.129792989e+01 +5.129792989e+01 +7.355079299e+02 +7.355079299e+02 -3.7846e+00 +5.7567e-01 -1.8319e+00 +1.3464e+00 +1.1369e+00 +2.4490e+00 -6.2522e-01 +3.8255e-01 +2.2332e+00 +3.8956e+00
1162 +3.459444010e+01 +3.459444010e+01 +7.188044401e+02 +7.188044401e+02 -3.7888e+00 +5.3920e-01 -1.7531e+00 +1.2194e+00 +1.0155e+00 +2.4702e+00 -6.2502e-01 +3.4021e-01 +2.2701e+00 +3.8336e+00
1173 +3.073898972e+01 +3.073898972e+01 +7.149489897e+02 +7.149489897e+02 -3.7847e+00 +5.3241e-01 -1.7279e+00 +1.2355e+00 +1.0019e+00 +2.4393e+00 -6.4926e-01 +3.4611e-01 +2.3387e+00 +3.8139e+00
1175 +2.927343405e+01 +2.927343405e+01 +7.134834341e+02 +7.134834341e+02 -3.7664e+00 +4.9441e-01 -1.8277e+00 +1.2401e+00 +1.0438e+00 +2.4957e+00 -6.5832e-01 +3.1861e-01 +2.2739e+00 +3.8510e+00
1189 +2.844969957e+01 +2.844969957e+01 +7.126596996e+02 +7.126596996e+02 -3.7873e+00 +4.6648e-01 -1.7872e+00 +1.2321e+00 +9.4737e-01 +2.4998e+00 -6.8072e-01 +3.3562e-01 +2.3670e+00 +3.7936e+00
1190 +2.657744540e+01 +2.657744540e+01 +7.107874454e+02 +7.107874454e+02 -3.7877e+00 +4.7483e-01 -1.8618e+00 +1.2487e+00 +1.0584e+00 +2.4455e+00 -6.3015e-01 +2.9206e-01 +2.2732e+00 +3.8710e+00
1204 +1.992350799e+01 +1.992350799e+01 +7.041335080e+02 +7.041335080e+02 -3.7912e+00 +3.5432e-01 -1.8279e+00 +1.1578e+00 +1.0806e+00 +2.4900e+00 -6.2217e-01 +3.5198e-01 +2.2746e+00 +3.8448e+00
1216 +1.894746378e+01 +1.894746378e+01 +7.031574638e+02 +7.031574638e+02 -3.8236e+00 +3.9262e-01 -1.7733e+00 +1.2145e+00 +1.1299e+00 +2.5038e+00 -6.4116e-01 +3.2661e-01 +2.2536e+00 +3.8626e+00
1229 +1.609580049e+01 +1.609580049e+01 +7.003058005e+02 +7.003058005e+02 -3.8271e+00 +3.9742e-01 -1.7933e+00 +1.2083e+00 +1.1214e+00 +2.4980e+00 -6.2536e-01 +3.1494e-01 +2.2913e+00 +3.8478e+00
1284 +1.526717183e+01 +1.526717183e+01 +6.994771718e+02 +6.994771718e+02 -3.7647e+00 +4.2692e-01 -1.8176e+00 +1.2002e+00 +1.0463e+00 +2.4751e+00 -6.2265e-01 +3.0339e-01 +2.3082e+00 +3.8219e+00
1285 +1.475298094e+01 +1.475298094e+01 +6.989629809e+02 +6.989629809e+02 -3.7697e+00 +3.9923e-01 -1.8175e+00 +1.1820e+00 +1.0297e+00 +2.4705e+00 -6.2598e-01 +3.2482e-01 +2.3194e+00 +3.8024e+00
1335 +1.419566240e+01 +1.419566240e+01 +6.984056624e+02 +6.984056624e+02 -3.8339e+00 +4.1042e-01 -1.7931e+00 +1.1837e+00 +1.0553e+00 +2.4921e+00 -6.0260e-01 +2.8996e-01 +2.2977e+00 +3.8134e+00
1347 +1.394475576e+01 +1.394475576e+01 +6.981547558e+02 +6.981547558e+02 -3.8201e+00 +3.8625e-01 -1.7860e+00 +1.1612e+00 +1.0755e+00 +2.4823e+00 -6.1176e-01 +2.9165e-01 +2.2968e+00 +3.8025e+00
1353 +1.366959177e+01 +1.366959177e+01 +6.978795918e+02 +6.978795918e+02 -3.8210e+00 +3.9611e-01 -1.7944e+00 +1.1627e+00 +1.0819e+00 +2.4671e+00 -6.1327e-01 +2.7697e-01 +2.2925e+00 +3.8097e+00
1362 +1.258811658e+01 +1.258811658e+01 +6.967981166e+02 +6.967981166e+02 -3.7991e+00 +4.0379e-01 -1.7616e+00 +1.1640e+00 +1.0783e+00 +2.4619e+00 -6.0049e-01 +2.8479e-01 +2.2894e+00 +3.8201e+00
1384 +1.229473185e+01 +1.229473185e+01 +6.965047319e+02 +6.965047319e+02 -3.8011e+00 +4.1069e-01 -1.7820e+00 +1.1740e+00 +1.0866e+00 +2.4490e+00 -6.0214e-01 +2.9738e-01 +2.2942e+00 +3.8144e+00
1400 +1.191390594e+01 +1.191390594e+01 +6.961239059e+02 +6.961239059e+02 -3.7854e+00 +4.0871e-01 -1.7727e+00 +1.1855e+00 +1.1011e+00 +2.4371e+00 -5.9678e-01 +3.0146e-01 +2.2974e+00 +3.8179e+00
1448 +1.163089490e+01 +1.163089490e+01 +6.958408949e+02 +6.958408949e+02 -3.7891e+00 +3.9862e-01 -1.7733e+00 +1.1734e+00 +1.1176e+00 +2.4339e+00 -5.8407e-01 +2.9082e-01 +2.2817e+00 +3.8220e+00
1464 +1.147561487e+01 +1.147561487e+01 +6.956856149e+02 +6.956856149e+02 -3.7708e+00 +3.7461e-01 -1.7794e+00 +1.1650e+00 +1.1479e+00 +2.4180e+00 -5.7920e-01 +2.7816e-01 +2.2706e+00 +3.8152e+00
1562 +1.118708917e+01 +1.118708917e+01 +6.953970892e+02 +6.953970892e+02 -3.7690e+00 +3.8847e-01 -1.7863e+00 +1.1692e+00 +1.1187e+00 +2.4273e+00 -5.9729e-01 +2.8167e-01 +2.2795e+00 +3.8180e+00
1943 +1.096305202e+01 +1.096305202e+01 +6.951730520e+02 +6.951730520e+02 -3.7566e+00 +3.8942e-01 -1.7839e+00 +1.1693e+00 +1.1250e+00 +2.4215e+00 -5.9816e-01 +2.5707e-01 +2.2692e+00 +3.8212e+00
% function evaluation | noise-free fitness - Fopt (1.808000000000e+01) | best noise-free fitness - Fopt | measured fitness | best measured fitness | x1 | x2...
1 +3.513821786e+02 +3.513821786e+02 +3.694621786e+02 +3.694621786e+02 +0.0000e+00 +0.0000e+00 +0.0000e+00 +0.0000e+00 +0.0000e+00 +0.0000e+00 +0.0000e+00 +0.0000e+00 +0.0000e+00 +0.0000e+00
2 +1.936967332e+02 +1.936967332e+02 +2.117767332e+02 +2.117767332e+02 +5.7712e-01 +8.1012e-01 +6.4110e-02 +1.9394e+00 +6.0248e-01 -1.5274e+00 -7.8749e-01 +6.6618e-01 -2.0872e-01 -4.9166e-01
29 +1.775630973e+02 +1.775630973e+02 +1.956430973e+02 +1.956430973e+02 +6.2865e-01 +1.0739e+00 +1.2816e+00 +2.7079e+00 +1.9059e+00 -3.2110e+00 -2.0210e-01 +1.6882e+00 +6.5921e-01 -1.2552e+00
45 +1.020224224e+02 +1.020224224e+02 +1.201024224e+02 +1.201024224e+02 +4.2951e-01 +1.2202e+00 +1.9827e+00 +1.3116e+00 +9.6024e-01 -1.9174e+00 -1.2493e-01 +8.9802e-01 +4.1647e-01 +1.1355e-01
148 +9.177229516e+01 +9.177229516e+01 +1.098522952e+02 +1.098522952e+02 +1.4051e-01 +2.1681e-01 +2.1492e+00 +1.8373e+00 +3.2386e-01 -2.6838e+00 -1.0253e-01 -1.0600e+00 -2.6394e-01 +3.1898e+00
243 +8.876733749e+01 +8.876733749e+01 +1.068473375e+02 +1.068473375e+02 +4.5977e-02 +1.0020e-01 +1.7265e+00 +2.4848e+00 +8.6234e-01 -2.2860e+00 +9.1168e-02 -1.7079e-01 +2.3988e-01 +1.7878e+00
318 +8.306021731e+01 +8.306021731e+01 +1.011402173e+02 +1.011402173e+02 -3.2994e-01 +1.1769e+00 +2.4204e+00 +2.8005e+00 +8.3416e-01 -2.4774e+00 +2.6562e-01 +2.2999e-01 +1.6569e-01 +2.4244e+00
349 +8.040720535e+01 +8.040720535e+01 +9.848720535e+01 +9.848720535e+01 -6.0856e-01 +9.5016e-01 +2.2778e+00 +2.5357e+00 +1.4216e+00 -2.6286e+00 -7.2242e-02 +9.4796e-01 +4.4422e-01 +2.7192e+00
476 +7.825475937e+01 +7.825475937e+01 +9.633475937e+01 +9.633475937e+01 -6.3314e-01 +2.1191e+00 +2.7019e+00 +1.9601e+00 +1.3300e+00 -3.1120e+00 -7.2282e-01 +6.0022e-01 +1.0150e-01 +2.7741e+00
702 +7.191268683e+01 +7.191268683e+01 +8.999268683e+01 +8.999268683e+01 -4.2722e-01 +1.4705e+00 +2.5531e+00 +1.6359e+00 +1.1120e+00 -3.0824e+00 -1.6000e+00 +4.4244e-01 +3.9518e-01 +2.6101e+00
809 +6.915310497e+01 +6.915310497e+01 +8.723310497e+01 +8.723310497e+01 -3.1234e-01 +1.3203e+00 +2.2498e+00 +1.8369e+00 +1.1246e+00 -2.8578e+00 -1.6821e+00 +3.8188e-01 +6.0160e-01 +3.1129e+00
844 +4.524882571e+01 +4.524882571e+01 +6.332882571e+01 +6.332882571e+01 -2.3824e-01 +1.2817e+00 +2.3709e+00 +1.7982e+00 +9.9600e-01 -2.8590e+00 -1.6317e+00 +3.5438e-01 +4.6902e-01 +3.1111e+00
954 +4.324023766e+01 +4.324023766e+01 +6.132023766e+01 +6.132023766e+01 -1.3000e-01 +1.2985e+00 +2.4178e+00 +1.8560e+00 +9.9371e-01 -2.8680e+00 -1.6755e+00 +4.1048e-01 +5.1629e-01 +3.1230e+00
963 +4.011777312e+01 +4.011777312e+01 +5.819777312e+01 +5.819777312e+01 -1.0515e-01 +1.3394e+00 +2.4020e+00 +1.8423e+00 +9.8746e-01 -2.8163e+00 -1.6548e+00 +4.1260e-01 +5.2870e-01 +3.1593e+00
975 +3.932169623e+01 +3.932169623e+01 +5.740169623e+01 +5.740169623e+01 -1.0831e-01 +1.3659e+00 +2.4037e+00 +1.8419e+00 +9.6076e-01 -2.7846e+00 -1.6108e+00 +4.0202e-01 +5.4280e-01 +3.1253e+00
992 +3.782603062e+01 +3.782603062e+01 +5.590603062e+01 +5.590603062e+01 -1.4550e-01 +1.3869e+00 +2.3517e+00 +1.8531e+00 +9.9363e-01 -2.8223e+00 -1.6884e+00 +3.5591e-01 +5.3074e-01 +3.1140e+00
1000 +3.712452472e+01 +3.712452472e+01 +5.520452472e+01 +5.520452472e+01 -1.3312e-01 +1.3709e+00 +2.3723e+00 +1.8404e+00 +9.6871e-01 -2.8118e+00 -1.6327e+00 +3.9862e-01 +5.7888e-01 +3.1301e+00
1006 +3.603763053e+01 +3.603763053e+01 +5.411763053e+01 +5.411763053e+01 -1.3826e-01 +1.3446e+00 +2.4180e+00 +1.8422e+00 +9.4574e-01 -2.7887e+00 -1.6647e+00 +3.5649e-01 +5.3760e-01 +3.0982e+00
1019 +3.514398948e+01 +3.514398948e+01 +5.322398948e+01 +5.322398948e+01 -1.3033e-01 +1.3401e+00 +2.4149e+00 +1.8334e+00 +9.5053e-01 -2.8085e+00 -1.6746e+00 +3.7454e-01 +5.3656e-01 +3.1178e+00
1041 +3.463861825e+01 +3.463861825e+01 +5.271861825e+01 +5.271861825e+01 -1.4416e-01 +1.3429e+00 +2.4085e+00 +1.8339e+00 +9.7165e-01 -2.8382e+00 -1.6449e+00 +3.9585e-01 +5.1929e-01 +3.0991e+00
1045 +3.322147357e+01 +3.322147357e+01 +5.130147357e+01 +5.130147357e+01 -1.5098e-01 +1.3627e+00 +2.4173e+00 +1.8220e+00 +9.8263e-01 -2.8390e+00 -1.6577e+00 +3.9824e-01 +5.1994e-01 +3.0839e+00
1052 +3.229068971e+01 +3.229068971e+01 +5.037068971e+01 +5.037068971e+01 -1.6999e-01 +1.3376e+00 +2.4050e+00 +1.7862e+00 +9.6715e-01 -2.8248e+00 -1.6731e+00 +3.7750e-01 +5.1374e-01 +3.1125e+00
1242 +3.160987819e+01 +3.160987819e+01 +4.968987819e+01 +4.968987819e+01 -1.7276e-01 +1.3504e+00 +2.4123e+00 +1.8018e+00 +9.7737e-01 -2.8043e+00 -1.6695e+00 +3.6895e-01 +5.3035e-01 +3.1077e+00
1828 +3.089838102e+01 +3.089838102e+01 +4.897838102e+01 +4.897838102e+01 -1.9399e-01 +1.3539e+00 +2.4255e+00 +1.7816e+00 +9.8099e-01 -2.7952e+00 -1.6443e+00 +3.6254e-01 +5.1329e-01 +3.0719e+00
% function evaluation | noise-free fitness - Fopt (-1.537900000000e+02) | best noise-free fitness - Fopt | measured fitness | best measured fitness | x1 | x2...
1 +3.580231255e+02 +3.580231255e+02 +2.042331255e+02 +2.042331255e+02 +0.0000e+00 +0.0000e+00 +0.0000e+00 +0.0000e+00 +0.0000e+00 +0.0000e+00 +0.0000e+00 +0.0000e+00 +0.0000e+00 +0.0000e+00
10 +3.360781061e+02 +3.360781061e+02 +1.822881061e+02 +1.822881061e+02 -5.3814e-01 -1.0717e+00 -1.0480e+00 +3.9820e-02 +1.0814e-01 +1.3135e+00 -1.4330e+00 -2.4382e-01 +6.1693e-01 -4.6701e-01
12 +2.676816013e+02 +2.676816013e+02 +1.138916013e+02 +1.138916013e+02 -5.5060e-01 -2.5884e-01 -3.1129e-01 -3.7153e-01 -7.1975e-01 +1.3294e+00 -2.4989e+00 -7.8854e-01 +8.5486e-01 -1.0433e+00
13 +2.393153927e+02 +2.393153927e+02 +8.552539266e+01 +8.552539266e+01 -1.3845e+00 -1.9628e+00 -1.9958e+00 +6.8804e-01 -4.3420e-01 +1.3738e+00 -2.1202e+00 -3.2140e-01 -7.5022e-01 -2.1689e+00
37 +1.940496238e+02 +1.940496238e+02 +4.025962381e+01 +4.025962381e+01 -5.7044e-01 -1.2089e+00 -4.4980e-01 +2.7881e-01 -1.2425e-01 +1.3408e+00 -2.4501e+00 -2.1385e+00 -5.5999e-01 +3.2977e-02
44 +1.875664538e+02 +1.875664538e+02 +3.377645382e+01 +3.377645382e+01 -4.6656e-01 -8.1411e-01 +1.2018e-02 -1.2079e-02 +6.8785e-01 +1.6009e+00 -2.6068e+00 -2.8647e+00 -5.4992e-01 +7.2491e-01
47 +1.749148088e+02 +1.749148088e+02 +2.112480883e+01 +2.112480883e+01 -7.5309e-01 -1.9795e+00 -1.7610e-01 -5.0434e-01 -2.3928e-02 +1.1047e+00 -2.6511e+00 -1.3204e+00 -1.2703e+00 +2.3317e-01
48 +1.735875361e+02 +1.735875361e+02 +1.979753605e+01 +1.979753605e+01 -6.8959e-01 -3.0495e-01 -7.1096e-01 +2.2835e-01 -1.1074e-01 +1.0393e+00 -2.7141e+00 -2.1277e+00 -4.3831e-01 +6.9348e-02
50 +1.645462253e+02 +1.645462253e+02 +1.075622526e+01 +1.075622526e+01 -2.9894e-01 -2.9744e-01 +1.7519e-01 +2.1917e-01 -2.5326e-01 +1.4805e+00 -1.7453e+00 -2.7054e+00 -1.3017e+00 -1.0618e+00
55 +1.559902752e+02 +1.559902752e+02 +2.200275193e+00 +2.200275193e+00 -1.4111e-02 -5.0961e-01 -3.1978e-01 -8.4302e-01 +3.2541e-01 +9.1923e-01 -2.4723e+00 -2.5376e+00 -9.0510e-01 -1.4053e+00
64 +1.353203647e+02 +1.353203647e+02 -1.846963529e+01 -1.846963529e+01 -9.4732e-01 -1.0811e+00 -2.8705e-02 -2.5833e-01 +3.7890e-01 +2.4499e-01 -3.3374e+00 -2.5568e+00 -5.2593e-01 -2.4990e+00
66 +1.247526058e+02 +1.247526058e+02 -2.903739419e+01 -2.903739419e+01 -8.8335e-04 +4.2197e-01 -2.7758e-01 -9.8641e-01 +6.3992e-01 +9.9976e-01 -2.3649e+00 -2.9898e+00 -4.1866e-01 -2.1678e+00
83 +1.156309396e+02 +1.156309396e+02 -3.815906042e+01 -3.815906042e+01 -4.3895e-01 +9.5473e-02 -2.4227e-01 +3.8442e-01 +3.8792e-01 +8.5561e-01 -2.7516e+00 -2.2336e+00 -1.6445e+00 -2.8077e+00
105 +1.014624227e+02 +1.014624227e+02 -5.232757726e+01 -5.232757726e+01 -1.4867e+00 -3.5169e-01 -7.8277e-01 +5.8523e-01 +1.1599e+00 +2.1443e+00 -3.2632e+00 -2.6879e+00 -1.2439e+00 -3.8669e+00
163 +9.476406357e+01 +9.476406357e+01 -5.902593643e+01 -5.902593643e+01 -7.9204e-01 -8.7371e-02 -9.6653e-01 -1.2307e+00 +4.8052e-01 +1.7349e+00 -3.0014e+00 -4.3049e+00 -2.5602e+00 -4.2262e+00
169 +9.262160512e+01 +9.262160512e+01 -6.116839488e+01 -6.116839488e+01 -1.7519e+00 -7.8706e-01 -1.4711e+00 -8.3319e-01 +6.4523e-01 +2.0368e+00 -2.5644e+00 -3.7914e+00 -8.8085e-01 -4.4449e+00
176 +7.678052767e+01 +7.678052767e+01 -7.700947233e+01 -7.700947233e+01 -1.4624e+00 -5.8103e-01 -1.3351e+00 -1.5948e+00 -1.1597e-01 +2.2539e+00 -1.7357e+00 -4.1094e+00 -1.2971e+00 -4.2691e+00
391 +7.498052247e+01 +7.498052247e+01 -7.880947753e+01 -7.880947753e+01 -1.0773e+00 -1.0449e+00 -7.8172e-01 -1.7476e+00 -3.7215e-01 +1.4694e+00 -3.7881e+00 -1.9928e+00 -1.1339e+00 -5.5818e+00
418 +5.948858829e+01 +5.948858829e+01 -9.430141171e+01 -9.430141171e+01 -1.8411e+00 -7.5341e-01 -8.5446e-01 -2.0772e+00 -1.5934e-01 +1.9714e+00 -3.7582e+00 -3.0795e+00 -5.7732e-01 -4.2627e+00
594 +5.214419325e+01 +5.214419325e+01 -1.016458067e+02 -1.016458067e+02 -6.7747e-01 -3.4222e-02 -4.3214e-01 -2.8813e+00 -4.6081e-01 +3.1252e+00 -3.1058e+00 -3.7120e+00 -1.0156e+00 -4.7266e+00
1091 +4.912422659e+01 +4.912422659e+01 -1.046657734e+02 -1.046657734e+02 -4.5840e-01 +1.2268e+00 +1.1635e+00 -1.7515e+00 +4.2382e-01 +3.0316e+00 -2.2669e+00 -5.0905e+00 -1.2763e+00 -3.9594e+00
1112 +4.469792567e+01 +4.469792567e+01 -1.090920743e+02 -1.090920743e+02 -4.3850e-01 +1.2082e+00 +1.1222e+00 -1.7286e+00 +5.2762e-01 +2.9458e+00 -2.2065e+00 -5.0502e+00 -1.3065e+00 -4.1236e+00
1129 +4.411597670e+01 +4.411597670e+01 -1.096740233e+02 -1.096740233e+02 -4.5113e-01 +1.3796e+00 +1.1768e+00 -1.7401e+00 +4.5606e-01 +2.9655e+00 -2.4290e+00 -4.9856e+00 -1.2558e+00 -4.0966e+00
1159 +4.166569202e+01 +4.166569202e+01 -1.121243080e+02 -1.121243080e+02 -4.0376e-01 +1.2972e+00 +1.1611e+00 -1.7646e+00 +4.1048e-01 +3.0531e+00 -2.2690e+00 -5.0344e+00 -1.2480e+00 -3.9925e+00
1172 +3.933712552e+01 +3.933712552e+01 -1.144528745e+02 -1.144528745e+02 -4.2274e-01 +1.2342e+00 +1.1706e+00 -1.7226e+00 +3.9615e-01 +2.9049e+00 -2.2209e+00 -5.0489e+00 -1.2290e+00 -4.0525e+00
1218 +3.878180290e+01 +3.878180290e+01 -1.150081971e+02 -1.150081971e+02 -4.5245e-01 +1.2397e+00 +1.1679e+00 -1.7777e+00 +4.3970e-01 +2.9693e+00 -2.1927e+00 -5.0454e+00 -1.2156e+00 -4.0712e+00
1222 +3.765172812e+01 +3.765172812e+01 -1.161382719e+02 -1.161382719e+02 -4.3934e-01 +1.2507e+00 +1.1608e+00 -1.7542e+00 +4.2015e-01 +2.9401e+00 -2.2050e+00 -5.0445e+00 -1.1994e+00 -4.0255e+00
1241 +3.295059138e+01 +3.295059138e+01 -1.208394086e+02 -1.208394086e+02 -4.4957e-01 +1.2629e+00 +1.1738e+00 -1.7547e+00 +4.4116e-01 +2.9574e+00 -2.2468e+00 -5.0304e+00 -1.2100e+00 -4.0549e+00
1271 +3.229516769e+01 +3.229516769e+01 -1.214948323e+02 -1.214948323e+02 -4.7217e-01 +1.2618e+00 +1.2235e+00 -1.7225e+00 +5.2638e-01 +2.9865e+00 -2.2491e+00 -5.0697e+00 -1.1878e+00 -3.9984e+00
1276 +2.993312224e+01 +2.993312224e+01 -1.238568778e+02 -1.238568778e+02 -4.8098e-01 +1.2831e+00 +1.2651e+00 -1.7101e+00 +5.1247e-01 +2.9936e+00 -2.2719e+00 -5.0530e+00 -1.1928e+00 -4.0186e+00
1291 +2.767902307e+01 +2.767902307e+01 -1.261109769e+02 -1.261109769e+02 -4.9007e-01 +1.3144e+00 +1.2371e+00 -1.7162e+00 +5.2684e-01 +2.9715e+00 -2.2384e+00 -5.0798e+00 -1.2072e+00 -4.0038e+00
1301 +2.752277852e+01 +2.752277852e+01 -1.262672215e+02 -1.262672215e+02 -5.0841e-01 +1.2888e+00 +1.2484e+00 -1.7317e+00 +4.9878e-01 +2.9575e+00 -2.2549e+00 -5.0710e+00 -1.1965e+00 -4.0720e+00
1435 +2.665195421e+01 +2.665195421e+01 -1.271380458e+02 -1.271380458e+02 -4.8771e-01 +1.2941e+00 +1.2171e+00 -1.7390e+00 +5.0586e-01 +2.9551e+00 -2.2312e+00 -5.0596e+00 -1.2111e+00 -4.0227e+00
1446 +2.564386794e+01 +2.564386794e+01 -1.281461321e+02 -1.281461321e+02 -5.0053e-01 +1.2954e+00 +1.2250e+00 -1.7356e+00 +4.9887e-01 +2.9495e+00 -2.2439e+00 -5.0640e+00 -1.2083e+00 -4.0314e+00
1481 +2.500794958e+01 +2.500794958e+01 -1.287820504e+02 -1.287820504e+02 -4.8315e-01 +1.3050e+00 +1.2059e+00 -1.7402e+00 +4.9740e-01 +2.9525e+00 -2.2741e+00 -5.0666e+00 -1.2101e+00 -4.0602e+00
1522 +2.432120626e+01 +2.432120626e+01 -1.294687937e+02 -1.294687937e+02 -4.7633e-01 +1.3224e+00 +1.2036e+00 -1.7324e+00 +4.8174e-01 +2.9499e+00 -2.2723e+00 -5.0549e+00 -1.2187e+00 -4.0418e+00
1550 +2.387737632e+01 +2.387737632e+01 -1.299126237e+02 -1.299126237e+02 -4.7526e-01 +1.3220e+00 +1.2029e+00 -1.7237e+00 +4.7317e-01 +2.9490e+00 -2.2812e+00 -5.0571e+00 -1.2064e+00 -4.0350e+00
1628 +2.341735225e+01 +2.341735225e+01 -1.303726477e+02 -1.303726477e+02 -4.7215e-01 +1.3196e+00 +1.2084e+00 -1.7219e+00 +4.8115e-01 +2.9306e+00 -2.2875e+00 -5.0570e+00 -1.2081e+00 -4.0490e+00
1877 +2.290704791e+01 +2.290704791e+01 -1.308829521e+02 -1.308829521e+02 -4.7421e-01 +1.3203e+00 +1.2042e+00 -1.7069e+00 +4.7711e-01 +2.9027e+00 -2.2930e+00 -5.0533e+00 -1.1807e+00 -4.0581e+00
