% function evaluation | noise-free fitness - Fopt (1.000000000000e+03) | best noise-free fitness - Fopt | measured fitness | best measured fitness | x1 | x2...
1 +3.833297738e+02 +3.833297738e+02 +1.383329774e+03 +1.383329774e+03 +0.0000e+00 +0.0000e+00 +0.0000e+00 +0.0000e+00 +0.0000e+00
2 +3.793362718e+02 +3.793362718e+02 +1.379336272e+03 +1.379336272e+03 -1.9191e-01 +5.5400e-01 +1.2785e+00 -3.6614e-01 +1.0460e+00
4 +2.661335753e+02 +2.661335753e+02 +1.266133575e+03 +1.266133575e+03 -1.7846e+00 +5.8007e-01 -4.1061e-01 +3.5639e-01 +1.3553e+00
15 +1.693627063e+02 +1.693627063e+02 +1.169362706e+03 +1.169362706e+03 -1.6659e+00 +1.8866e+00 +1.1268e+00 +9.2352e-01 +3.2848e+00
24 +1.034699385e+02 +1.034699385e+02 +1.103469938e+03 +1.103469938e+03 -2.5855e+00 +1.5109e+00 +1.0243e+00 +2.8431e+00 +1.6667e+00
36 +9.071361957e+01 +9.071361957e+01 +1.090713620e+03 +1.090713620e+03 -1.8797e+00 +4.5798e+00 +9.2564e-01 +4.1383e+00 +9.1004e-01
41 +8.199401857e+01 +8.199401857e+01 +1.081994019e+03 +1.081994019e+03 -1.9806e+00 +7.5396e-01 +1.4984e+00 +2.4672e+00 +3.4709e+00
45 +5.408319090e+01 +5.408319090e+01 +1.054083191e+03 +1.054083191e+03 -1.7121e+00 +1.3329e+00 +3.6524e+00 +3.0560e+00 +2.2618e+00
97 +2.746725365e+01 +2.746725365e+01 +1.027467254e+03 +1.027467254e+03 -1.0825e+00 +4.5636e+00 +1.6285e+00 +4.1564e+00 +2.4223e+00
430 +2.638555550e+01 +2.638555550e+01 +1.026385555e+03 +1.026385555e+03 -7.9445e-01 +1.6841e+00 +3.2276e+00 +4.2455e+00 +2.1858e+00
526 +2.518295692e+01 +2.518295692e+01 +1.025182957e+03 +1.025182957e+03 -7.3706e-01 +1.6226e+00 +3.2131e+00 +4.0300e+00 +2.2499e+00
543 +2.462561860e+01 +2.462561860e+01 +1.024625619e+03 +1.024625619e+03 -7.6176e-01 +1.6485e+00 +3.2242e+00 +4.0285e+00 +2.2563e+00
545 +2.253566975e+01 +2.253566975e+01 +1.022535670e+03 +1.022535670e+03 -7.7889e-01 +1.6277e+00 +3.2456e+00 +4.0272e+00 +2.2432e+00
559 +2.204112971e+01 +2.204112971e+01 +1.022041130e+03 +1.022041130e+03 -8.0451e-01 +1.5889e+00 +3.2478e+00 +4.0157e+00 +2.2648e+00
565 +2.109142173e+01 +2.109142173e+01 +1.021091422e+03 +1.021091422e+03 -8.1452e-01 +1.6150e+00 +3.2641e+00 +4.0131e+00 +2.2636e+00
572 +2.045757583e+01 +2.045757583e+01 +1.020457576e+03 +1.020457576e+03 -8.2257e-01 +1.6254e+00 +3.2526e+00 +4.0173e+00 +2.2473e+00
580 +1.969763417e+01 +1.969763417e+01 +1.019697634e+03 +1.019697634e+03 -8.5106e-01 +1.6233e+00 +3.2559e+00 +4.0129e+00 +2.2635e+00
584 +1.936918472e+01 +1.936918472e+01 +1.019369185e+03 +1.019369185e+03 -8.6864e-01 +1.6103e+00 +3.3007e+00 +4.0175e+00 +2.2779e+00
587 +1.801582237e+01 +1.801582237e+01 +1.018015822e+03 +1.018015822e+03 -8.8687e-01 +1.6154e+00 +3.2797e+00 +4.0094e+00 +2.2696e+00
642 +1.725389897e+01 +1.725389897e+01 +1.017253899e+03 +1.017253899e+03 -9.1565e-01 +1.5911e+00 +3.2896e+00 +3.9973e+00 +2.2368e+00
654 +1.690066879e+01 +1.690066879e+01 +1.016900669e+03 +1.016900669e+03 -9.2515e-01 +1.6021e+00 +3.2844e+00 +3.9926e+00 +2.2551e+00
708 +1.655940455e+01 +1.655940455e+01 +1.016559405e+03 +1.016559405e+03 -9.1198e-01 +1.5776e+00 +3.2955e+00 +4.0059e+00 +2.2696e+00
747 +1.616001338e+01 +1.616001338e+01 +1.016160013e+03 +1.016160013e+03 -9.2746e-01 +1.5779e+00 +3.3020e+00 +4.0082e+00 +2.2617e+00
814 +1.577774577e+01 +1.577774577e+01 +1.015777746e+03 +1.015777746e+03 -9.3505e-01 +1.5856e+00 +3.3046e+00 +4.0021e+00 +2.2648e+00
844 +1.543650356e+01 +1.543650356e+01 +1.015436504e+03 +1.015436504e+03 -9.5611e-01 +1.5833e+00 +3.3140e+00 +3.9966e+00 +2.2716e+00
855 +1.511482312e+01 +1.511482312e+01 +1.015114823e+03 +1.015114823e+03 -9.9998e-01 +1.5804e+00 +3.3296e+00 +3.9902e+00 +2.2748e+00
% function evaluation | noise-free fitness - Fopt (7.003000000000e+01) | best noise-free fitness - Fopt | measured fitness | best measured fitness | x1 | x2...
1 +1.421420674e+02 +1.421420674e+02 +2.121720674e+02 +2.121720674e+02 +0.0000e+00 +0.0000e+00 +0.0000e+00 +0.0000e+00 +0.0000e+00
2 +1.279378128e+02 +1.279378128e+02 +1.979678128e+02 +1.979678128e+02 -2.3014e-01 -7.2361e-01 -1.7078e+00 -5.2683e-01 +5.3020e-01
16 +7.268090590e+01 +7.268090590e+01 +1.427109059e+02 +1.427109059e+02 -3.9943e-01 -2.2311e+00 -2.1951e+00 -3.4083e-01 +1.7493e-01
95 +5.395498627e+01 +5.395498627e+01 +1.239849863e+02 +1.239849863e+02 -1.8733e+00 -5.0137e-01 -1.9690e+00 -1.9643e+00 -9.2855e-01
118 +3.305149415e+01 +3.305149415e+01 +1.030814942e+02 +1.030814942e+02 +7.8855e-03 -2.0874e+00 -4.1865e+00 -1.9111e+00 +2.9053e-01
159 +2.332086680e+01 +2.332086680e+01 +9.335086680e+01 +9.335086680e+01 -1.8048e+00 -1.6834e+00 -4.4957e+00 -6.7082e-01 +9.8691e-02
235 +2.219688764e+01 +2.219688764e+01 +9.222688764e+01 +9.222688764e+01 -1.3948e+00 -3.0887e+00 -4.1141e+00 -1.6288e+00 +1.0789e+00
298 +1.805223751e+01 +1.805223751e+01 +8.808223751e+01 +8.808223751e+01 -7.5106e-01 -2.2782e+00 -4.5311e+00 -1.0824e+00 +1.3411e+00
572 +1.406431613e+01 +1.406431613e+01 +8.409431613e+01 +8.409431613e+01 -1.1691e+00 -2.3376e+00 -5.6926e+00 -1.3482e+00 +1.5311e+00
626 +1.180663010e+01 +1.180663010e+01 +8.183663010e+01 +8.183663010e+01 -1.1875e+00 -2.3201e+00 -5.6802e+00 -1.3337e+00 +1.5324e+00
635 +1.097376846e+01 +1.097376846e+01 +8.100376846e+01 +8.100376846e+01 -1.2329e+00 -2.3137e+00 -5.6549e+00 -1.3328e+00 +1.5574e+00
643 +1.087133248e+01 +1.087133248e+01 +8.090133248e+01 +8.090133248e+01 -1.2117e+00 -2.3144e+00 -5.6444e+00 -1.3170e+00 +1.5588e+00
652 +9.859179738e+00 +9.859179738e+00 +7.988917974e+01 +7.988917974e+01 -1.1940e+00 -2.2964e+00 -5.6309e+00 -1.3186e+00 +1.5263e+00
694 +9.448035520e+00 +9.448035520e+00 +7.947803552e+01 +7.947803552e+01 -1.1598e+00 -2.2816e+00 -5.6002e+00 -1.3021e+00 +1.5022e+00
709 +9.297252140e+00 +9.297252140e+00 +7.932725214e+01 +7.932725214e+01 -1.1510e+00 -2.2658e+00 -5.5902e+00 -1.3010e+00 +1.4863e+00
719 +9.090960267e+00 +9.090960267e+00 +7.912096027e+01 +7.912096027e+01 -1.1308e+00 -2.2426e+00 -5.5704e+00 -1.2864e+00 +1.4751e+00
739 +8.883861447e+00 +8.883861447e+00 +7.891386145e+01 +7.891386145e+01 -1.1438e+00 -2.2567e+00 -5.5710e+00 -1.2885e+00 +1.5056e+00
747 +8.585163467e+00 +8.585163467e+00 +7.861516347e+01 +7.861516347e+01 -1.1388e+00 -2.2418e+00 -5.5548e+00 -1.2835e+00 +1.4988e+00
755 +8.466560315e+00 +8.466560315e+00 +7.849656032e+01 +7.849656032e+01 -1.1558e+00 -2.2419e+00 -5.5574e+00 -1.2683e+00 +1.5041e+00
762 +8.247864347e+00 +8.247864347e+00 +7.827786435e+01 +7.827786435e+01 -1.1495e+00 -2.2520e+00 -5.5572e+00 -1.2800e+00 +1.4865e+00
768 +8.065985048e+00 +8.065985048e+00 +7.809598505e+01 +7.809598505e+01 -1.1550e+00 -2.2419e+00 -5.5473e+00 -1.2634e+00 +1.4786e+00
% function evaluation | noise-free fitness - Fopt (-4.822000000000e+01) | best noise-free fitness - Fopt | measured fitness | best measured fitness | x1 | x2...
1 +1.511162314e+02 +1.511162314e+02 +1.028962314e+02 +1.028962314e+02 +0.0000e+00 +0.0000e+00 +0.0000e+00 +0.0000e+00 +0.0000e+00
3 +7.697491664e+01 +7.697491664e+01 +2.875491664e+01 +2.875491664e+01 -2.5568e-01 -8.8630e-01 -3.4491e-01 +2.8731e-01 -2.5779e+00
16 +7.178643736e+01 +7.178643736e+01 +2.356643736e+01 +2.356643736e+01 -9.5004e-01 -5.2959e-01 -2.6935e+00 +1.2375e+00 -3.7421e+00
17 +6.375350651e+01 +6.375350651e+01 +1.553350651e+01 +1.553350651e+01 +3.9357e-01 -1.6727e+00 -1.4180e+00 +2.7288e-01 -2.1144e+00
23 +6.145073289e+01 +6.145073289e+01 +1.323073289e+01 +1.323073289e+01 +1.6917e-01 -1.3582e+00 -1.5960e+00 +6.6139e-01 -1.6147e+00
31 +5.622564345e+01 +5.622564345e+01 +8.005643452e+00 +8.005643452e+00 -6.6600e-01 -1.6658e+00 -1.3221e+00 -2.3057e-01 -3.5703e+00
39 +5.468995804e+01 +5.468995804e+01 +6.469958036e+00 +6.469958036e+00 -8.8933e-01 -9.4260e-01 -1.6600e+00 +3.9468e-01 -4.9558e+00
53 +4.957651888e+01 +4.957651888e+01 +1.356518881e+00 +1.356518881e+00 -1.2335e+00 -1.7342e+00 -9.7984e-01 +8.9105e-01 -3.7978e+00
55 +3.814751780e+01 +3.814751780e+01 -1.007248220e+01 -1.007248220e+01 -1.9806e+00 -1.0226e+00 -1.7002e+00 -4.9269e-01 -4.1846e+00
72 +3.280072866e+01 +3.280072866e+01 -1.541927134e+01 -1.541927134e+01 -1.9445e+00 -6.4479e-01 -2.4833e+00 +1.9177e+00 -3.3122e+00
89 +3.126459616e+01 +3.126459616e+01 -1.695540384e+01 -1.695540384e+01 -2.5797e+00 -1.1584e+00 -2.2281e+00 +1.8944e+00 -4.3064e+00
97 +3.022485443e+01 +3.022485443e+01 -1.799514557e+01 -1.799514557e+01 -2.2521e+00 -1.6788e+00 -1.5686e+00 +2.6617e-01 -4.1223e+00
116 +2.928471038e+01 +2.928471038e+01 -1.893528962e+01 -1.893528962e+01 -1.6228e+00 -1.6349e+00 -1.9111e+00 +1.1415e+00 -4.3088e+00
121 +2.687466836e+01 +2.687466836e+01 -2.134533164e+01 -2.134533164e+01 -2.0525e+00 -1.1439e+00 -1.0685e+00 +3.6043e-01 -5.0052e+00
224 +2.256483729e+01 +2.256483729e+01 -2.565516271e+01 -2.565516271e+01 -2.0016e+00 -1.4669e+00 -1.6913e+00 -7.5033e-02 -3.5965e+00
233 +2.117374941e+01 +2.117374941e+01 -2.704625059e+01 -2.704625059e+01 -1.6652e+00 -8.9961e-01 -1.7742e+00 -4.0555e-01 -2.9697e+00
294 +1.116132085e+01 +1.116132085e+01 -3.705867915e+01 -3.705867915e+01 -2.5312e+00 -8.6021e-01 -1.4635e+00 +2.1018e-01 -3.2028e+00
429 +9.758429826e+00 +9.758429826e+00 -3.846157017e+01 -3.846157017e+01 -2.0378e+00 -7.0330e-01 -1.8159e+00 +8.7550e-01 -2.9520e+00
434 +9.505103547e+00 +9.505103547e+00 -3.871489645e+01 -3.871489645e+01 -1.9943e+00 -7.4794e-01 -1.8560e+00 +8.4344e-01 -2.9110e+00
443 +9.147269671e+00 +9.147269671e+00 -3.907273033e+01 -3.907273033e+01 -2.0764e+00 -7.5456e-01 -1.8157e+00 +8.9514e-01 -2.9450e+00
464 +8.967047164e+00 +8.967047164e+00 -3.925295284e+01 -3.925295284e+01 -2.0719e+00 -7.8077e-01 -1.8568e+00 +8.8291e-01 -2.9482e+00
485 +7.736031471e+00 +7.736031471e+00 -4.048396853e+01 -4.048396853e+01 -2.0920e+00 -7.4542e-01 -1.8510e+00 +9.0228e-01 -2.9397e+00
539 +7.465978685e+00 +7.465978685e+00 -4.075402132e+01 -4.075402132e+01 -2.0409e+00 -7.1661e-01 -1.9000e+00 +9.2666e-01 -2.9656e+00
541 +6.929992085e+00 +6.929992085e+00 -4.129000791e+01 -4.129000791e+01 -2.0562e+00 -7.1879e-01 -1.8866e+00 +9.2711e-01 -2.9579e+00
555 +6.801721790e+00 +6.801721790e+00 -4.141827821e+01 -4.141827821e+01 -2.0391e+00 -7.2792e-01 -1.8542e+00 +9.1057e-01 -2.9440e+00
562 +6.565758517e+00 +6.565758517e+00 -4.165424148e+01 -4.165424148e+01 -2.0599e+00 -7.3515e-01 -1.8772e+00 +9.0858e-01 -2.9197e+00
581 +6.377243577e+00 +6.377243577e+00 -4.184275642e+01 -4.184275642e+01 -2.0528e+00 -7.3206e-01 -1.8875e+00 +9.1733e-01 -2.9248e+00
585 +6.050812847e+00 +6.050812847e+00 -4.216918715e+01 -4.216918715e+01 -2.0389e+00 -7.4639e-01 -1.8907e+00 +9.2112e-01 -2.9247e+00
609 +5.988567575e+00 +5.988567575e+00 -4.223143243e+01 -4.223143243e+01 -2.0334e+00 -7.5514e-01 -1.9027e+00 +9.1372e-01 -2.9060e+00
% function evaluation | noise-free fitness - Fopt (2.547000000000e+01) | best noise-free fitness - Fopt | measured fitness | best measured fitness | x1 | x2...
1 +1.434467868e+02 +1.434467868e+02 +1.689167868e+02 +1.689167868e+02 +0.0000e+00 +0.0000e+00 +0.0000e+00 +0.0000e+00 +0.0000e+00
4 +9.351480534e+01 +9.351480534e+01 +1.189848053e+02 +1.189848053e+02 -7.0040e-01 +3.7448e-01 -1.2102e+00 -6.6109e-01 +1.6898e-01
14 +8.316369737e+01 +8.316369737e+01 +1.086336974e+02 +1.086336974e+02 -1.2777e+00 -2.3195e-01 -1.1399e+00 -1.9287e+00 +2.1702e-01
17 +7.844443581e+01 +7.844443581e+01 +1.039144358e+02 +1.039144358e+02 -1.8121e+00 +4.5323e-01 -5.6956e-01 -7.0449e-01 +5.3540e-01
18 +5.943950247e+01 +5.943950247e+01 +8.490950247e+01 +8.490950247e+01 -1.0982e+00 -5.0976e-01 -1.8694e+00 -2.6039e+00 +2.6826e-01
51 +3.872245967e+01 +3.872245967e+01 +6.419245967e+01 +6.419245967e+01 -2.1462e-01 -2.7702e-01 -1.7895e+00 -2.5932e+00 -1.6834e+00
156 +3.018353298e+01 +3.018353298e+01 +5.565353298e+01 +5.565353298e+01 -5.8676e-01 -7.8668e-01 -2.2539e+00 -2.7149e+00 -5.6555e-01
214 +2.334291978e+01 +2.334291978e+01 +4.881291978e+01 +4.881291978e+01 -9.5804e-01 -9.1517e-01 -2.7447e+00 -2.1325e+00 -1.1564e+00
540 +1.972093932e+01 +1.972093932e+01 +4.519093932e+01 +4.519093932e+01 -3.7939e+00 -1.4483e+00 -4.5100e-01 -3.0683e+00 -1.5462e+00
556 +1.835564425e+01 +1.835564425e+01 +4.382564425e+01 +4.382564425e+01 -3.9046e+00 -1.5374e+00 -5.4153e-01 -3.0777e+00 -1.6566e+00
563 +1.721654272e+01 +1.721654272e+01 +4.268654272e+01 +4.268654272e+01 -3.8377e+00 -1.4887e+00 -4.9936e-01 -3.0611e+00 -1.6990e+00
575 +1.684624265e+01 +1.684624265e+01 +4.231624265e+01 +4.231624265e+01 -3.9264e+00 -1.4159e+00 -4.7285e-01 -3.0346e+00 -1.6072e+00
581 +1.214118903e+01 +1.214118903e+01 +3.761118903e+01 +3.761118903e+01 -3.8730e+00 -1.4450e+00 -4.9595e-01 -3.0490e+00 -1.6096e+00
586 +1.056459223e+01 +1.056459223e+01 +3.603459223e+01 +3.603459223e+01 -3.8681e+00 -1.4739e+00 -4.9555e-01 -3.0359e+00 -1.5872e+00
720 +1.040490051e+01 +1.040490051e+01 +3.587490051e+01 +3.587490051e+01 -3.8458e+00 -1.4677e+00 -5.1517e-01 -3.0641e+00 -1.5568e+00
730 +1.020360025e+01 +1.020360025e+01 +3.567360025e+01 +3.567360025e+01 -3.8610e+00 -1.4727e+00 -5.0876e-01 -3.0565e+00 -1.5620e+00
766 +9.998403063e+00 +9.998403063e+00 +3.546840306e+01 +3.546840306e+01 -3.8849e+00 -1.4903e+00 -4.9996e-01 -3.0466e+00 -1.5642e+00
% function evaluation | noise-free fitness - Fopt (-1.008100000000e+02) | best noise-free fitness - Fopt | measured fitness | best measured fitness | x1 | x2...
1 +7.698999316e+01 +7.698999316e+01 -2.382000684e+01 -2.382000684e+01 +0.0000e+00 +0.0000e+00 +0.0000e+00 +0.0000e+00 +0.0000e+00
6 +6.901062986e+01 +6.901062986e+01 -3.179937014e+01 -3.179937014e+01 -7.0236e-01 -1.1899e+00 +5.3802e-02 +1.7565e-01 +2.2036e-01
7 +3.961227646e+01 +3.961227646e+01 -6.119772354e+01 -6.119772354e+01 +5.3691e-01 -1.1905e-01 +1.4002e+00 -2.4041e-01 +6.7021e-01
72 +3.093847063e+01 +3.093847063e+01 -6.987152937e+01 -6.987152937e+01 +9.1288e-02 -5.2227e-01 +9.2485e-01 -3.0012e-01 +4.2935e-01
148 +1.106998856e+01 +1.106998856e+01 -8.974001144e+01 -8.974001144e+01 +3.7781e-01 +5.8815e-02 +1.3589e+00 -4.4321e-01 +2.5704e+00
264 +7.929080873e+00 +7.929080873e+00 -9.288091913e+01 -9.288091913e+01 +2.1368e-01 -7.0309e-01 +1.3841e+00 +7.7243e-02 +2.5404e+00
342 +7.599775341e+00 +7.599775341e+00 -9.321022466e+01 -9.321022466e+01 +1.4524e-01 -7.3808e-01 +1.4342e+00 +6.8960e-02 +2.5080e+00
356 +6.515108944e+00 +6.515108944e+00 -9.429489106e+01 -9.429489106e+01 +1.3664e-01 -6.8295e-01 +1.4125e+00 +7.5609e-02 +2.5284e+00
376 +5.939079925e+00 +5.939079925e+00 -9.487092008e+01 -9.487092008e+01 +1.5211e-01 -6.9531e-01 +1.4075e+00 +8.2692e-02 +2.4936e+00
382 +5.210070472e+00 +5.210070472e+00 -9.559992953e+01 -9.559992953e+01 +1.5219e-01 -7.0611e-01 +1.4088e+00 +9.0703e-02 +2.5103e+00
397 +5.053403912e+00 +5.053403912e+00 -9.575659609e+01 -9.575659609e+01 +1.6471e-01 -7.1230e-01 +1.4207e+00 +1.0458e-01 +2.5222e+00
418 +4.915328362e+00 +4.915328362e+00 -9.589467164e+01 -9.589467164e+01 +1.6534e-01 -7.1081e-01 +1.4024e+00 +9.8232e-02 +2.5271e+00
423 +4.821345291e+00 +4.821345291e+00 -9.598865471e+01 -9.598865471e+01 +1.5966e-01 -7.0605e-01 +1.4031e+00 +1.0680e-01 +2.5332e+00
432 +4.759903211e+00 +4.759903211e+00 -9.605009679e+01 -9.605009679e+01 +1.7607e-01 -7.0231e-01 +1.3916e+00 +1.0712e-01 +2.5205e+00
435 +4.580680956e+00 +4.580680956e+00 -9.622931904e+01 -9.622931904e+01 +1.7657e-01 -7.0027e-01 +1.3829e+00 +1.1046e-01 +2.5371e+00
449 +4.554854912e+00 +4.554854912e+00 -9.625514509e+01 -9.625514509e+01 +1.7180e-01 -7.0179e-01 +1.3834e+00 +1.0907e-01 +2.5241e+00
470 +4.322362980e+00 +4.322362980e+00 -9.648763702e+01 -9.648763702e+01 +1.8193e-01 -6.8714e-01 +1.3492e+00 +1.1630e-01 +2.5225e+00
474 +4.075511245e+00 +4.075511245e+00 -9.673448876e+01 -9.673448876e+01 +1.9389e-01 -6.8457e-01 +1.3342e+00 +1.3005e-01 +2.5246e+00
539 +4.026543021e+00 +4.026543021e+00 -9.678345698e+01 -9.678345698e+01 +1.9155e-01 -6.9167e-01 +1.3411e+00 +1.2774e-01 +2.5246e+00
781 +3.980712315e+00 +3.980712315e+00 -9.682928769e+01 -9.682928769e+01 +1.9462e-01 -6.9461e-01 +1.3346e+00 +1.3383e-01 +2.5232e+00
% function evaluation | noise-free fitness - Fopt (-2.184000000000e+01) | best noise-free fitness - Fopt | measured fitness | best measured fitness | x1 | x2...
1 +2.440598184e+02 +2.440598184e+02 +2.222198184e+02 +2.222198184e+02 +0.0000e+00 +0.0000e+00 +0.0000e+00 +0.0000e+00 +0.0000e+00
4 +2.380919374e+02 +2.380919374e+02 +2.162519374e+02 +2.162519374e+02 -7.5896e-01 -1.2687e-01 -5.4468e-01 +1.2798e-01 +4.0843e-01
8 +1.520771885e+02 +1.520771885e+02 +1.302371885e+02 +1.302371885e+02 +4.6368e-02 -5.6134e-01 -1.6537e+00 +1.3253e+00 +3.7399e-01
13 +9.763507455e+01 +9.763507455e+01 +7.579507455e+01 +7.579507455e+01 +7.1153e-01 -1.0808e+00 -1.7381e+00 +2.1076e+00 +1.1805e+00
26 +7.519749157e+01 +7.519749157e+01 +5.335749157e+01 +5.335749157e+01 -2.2385e-01 -6.9595e-01 -1.8673e+00 +2.2292e+00 +1.2247e+00
57 +7.304685222e+01 +7.304685222e+01 +5.120685222e+01 +5.120685222e+01 +8.2986e-03 -2.3611e+00 -7.2886e-01 +1.2872e+00 +2.2321e+00
59 +5.669165086e+01 +5.669165086e+01 +3.485165086e+01 +3.485165086e+01 -5.1045e-01 -2.7523e+00 -1.9575e+00 +1.5804e+00 +2.0734e+00
65 +4.694458730e+01 +4.694458730e+01 +2.510458730e+01 +2.510458730e+01 -3.1417e-01 -3.7285e+00 -2.4969e+00 +1.0488e+00 +2.3468e+00
106 +3.613941622e+01 +3.613941622e+01 +1.429941622e+01 +1.429941622e+01 +5.8822e-01 -3.4013e+00 -2.4677e+00 +1.4259e+00 +3.4629e+00
159 +3.066270442e+01 +3.066270442e+01 +8.822704419e+00 +8.822704419e+00 +1.2068e+00 -2.7190e+00 -3.7486e+00 +5.1082e-01 +3.2780e+00
173 +2.591450076e+01 +2.591450076e+01 +4.074500756e+00 +4.074500756e+00 +1.8000e+00 -2.6562e+00 -3.7991e+00 -1.3158e+00 +3.2458e+00
238 +2.113800754e+01 +2.113800754e+01 -7.019924591e-01 -7.019924591e-01 +1.8544e+00 -2.9005e+00 -2.4206e+00 -4.8226e-01 +4.4573e+00
382 +1.896574591e+01 +1.896574591e+01 -2.874254094e+00 -2.874254094e+00 +2.4032e+00 -2.9284e+00 -3.1090e+00 -1.5717e+00 +4.6300e+00
389 +1.453808032e+01 +1.453808032e+01 -7.301919677e+00 -7.301919677e+00 +2.3112e+00 -2.9618e+00 -3.0153e+00 -1.4187e+00 +4.5692e+00
394 +1.192805254e+01 +1.192805254e+01 -9.911947457e+00 -9.911947457e+00 +2.4677e+00 -2.9333e+00 -3.1842e+00 -1.4905e+00 +4.5226e+00
444 +1.142746672e+01 +1.142746672e+01 -1.041253328e+01 -1.041253328e+01 +2.4673e+00 -2.8513e+00 -3.3116e+00 -1.4969e+00 +4.4976e+00
453 +7.464085194e+00 +7.464085194e+00 -1.437591481e+01 -1.437591481e+01 +2.4437e+00 -2.8395e+00 -3.1915e+00 -1.4437e+00 +4.4913e+00
488 +6.742396400e+00 +6.742396400e+00 -1.509760360e+01 -1.509760360e+01 +2.4158e+00 -2.8353e+00 -3.1799e+00 -1.4015e+00 +4.5100e+00
497 +6.575139701e+00 +6.575139701e+00 -1.526486030e+01 -1.526486030e+01 +2.4339e+00 -2.8291e+00 -3.1689e+00 -1.4146e+00 +4.5230e+00
499 +6.149875730e+00 +6.149875730e+00 -1.569012427e+01 -1.569012427e+01 +2.4294e+00 -2.8323e+00 -3.1705e+00 -1.4494e+00 +4.5068e+00
550 +5.992448235e+00 +5.992448235e+00 -1.584755177e+01 -1.584755177e+01 +2.3984e+00 -2.8222e+00 -3.1840e+00 -1.4409e+00 +4.4975e+00
557 +5.872945011e+00 +5.872945011e+00 -1.596705499e+01 -1.596705499e+01 +2.4066e+00 -2.8319e+00 -3.1888e+00 -1.4379e+00 +4.5042e+00
565 +5.521708574e+00 +5.521708574e+00 -1.631829143e+01 -1.631829143e+01 +2.4072e+00 -2.8379e+00 -3.1765e+00 -1.4470e+00 +4.5060e+00
570 +5.201532343e+00 +5.201532343e+00 -1.663846766e+01 -1.663846766e+01 +2.4050e+00 -2.8384e+00 -3.1546e+00 -1.4399e+00 +4.5100e+00
589 +5.062977528e+00 +5.062977528e+00 -1.677702247e+01 -1.677702247e+01 +2.3901e+00 -2.8423e+00 -3.1520e+00 -1.4526e+00 +4.5176e+00
682 +4.986449084e+00 +4.986449084e+00 -1.685355092e+01 -1.685355092e+01 +2.3879e+00 -2.8471e+00 -3.1360e+00 -1.4443e+00 +4.5225e+00
% function evaluation | noise-free fitness - Fopt (-1.862000000000e+01) | best noise-free fitness - Fopt | measured fitness | best measured fitness | x1 | x2...
1 +1.468099024e+02 +1.468099024e+02 +1.281899024e+02 +1.281899024e+02 +0.0000e+00 +0.0000e+00 +0.0000e+00 +0.0000e+00 +0.0000e+00
2 +1.416163205e+02 +1.416163205e+02 +1.229963205e+02 +1.229963205e+02 +8.1879e-01 +6.1031e-01 -1.8496e+00 -2.5743e-01 -1.4983e-01
4 +1.233368230e+02 +1.233368230e+02 +1.047168230e+02 +1.047168230e+02 +1.9608e-01 +1.8294e-01 +1.5001e+00 +9.7863e-01 -2.0087e+00
7 +7.450205253e+01 +7.450205253e+01 +5.588205253e+01 +5.588205253e+01 -2.0007e-02 -5.7789e-01 -8.2850e-02 +1.4850e+00 -1.1542e+00
22 +7.301701985e+01 +7.301701985e+01 +5.439701985e+01 +5.439701985e+01 +1.1120e+00 -1.9335e+00 -9.9043e-01 +4.0962e+00 -2.0245e+00
44 +5.541998735e+01 +5.541998735e+01 +3.679998735e+01 +3.679998735e+01 +1.5167e+00 +7.5319e-02 -1.7624e+00 +3.0553e+00 -1.5929e+00
57 +5.401798258e+01 +5.401798258e+01 +3.539798258e+01 +3.539798258e+01 +1.4573e+00 +4.3552e-01 -1.2549e+00 +2.6661e+00 -1.2150e+00
63 +3.426804231e+01 +3.426804231e+01 +1.564804231e+01 +1.564804231e+01 +9.3995e-01 +6.6742e-01 -7.6689e-01 +2.5125e+00 -1.3759e+00
101 +2.141460499e+01 +2.141460499e+01 +2.794604994e+00 +2.794604994e+00 +1.7022e+00 +4.3902e-01 +9.9177e-02 +2.5414e+00 -2.2125e+00
232 +2.129979346e+01 +2.129979346e+01 +2.679793458e+00 +2.679793458e+00 +1.9600e+00 +1.6079e+00 +4.9854e-01 +2.6498e+00 -2.3324e+00
244 +1.459672444e+01 +1.459672444e+01 -4.023275560e+00 -4.023275560e+00 +2.1491e+00 +1.7316e+00 +3.6725e-01 +2.6132e+00 -2.3518e+00
285 +1.237168291e+01 +1.237168291e+01 -6.248317089e+00 -6.248317089e+00 +2.1182e+00 +1.7190e+00 +3.7518e-01 +2.5516e+00 -2.3554e+00
294 +1.099875644e+01 +1.099875644e+01 -7.621243559e+00 -7.621243559e+00 +2.0651e+00 +1.9067e+00 +3.9361e-01 +2.5727e+00 -2.3232e+00
310 +9.592946823e+00 +9.592946823e+00 -9.027053177e+00 -9.027053177e+00 +2.0911e+00 +1.7749e+00 +3.7331e-01 +2.5307e+00 -2.2395e+00
322 +5.816398682e+00 +5.816398682e+00 -1.280360132e+01 -1.280360132e+01 +2.0558e+00 +1.8114e+00 +4.0581e-01 +2.4727e+00 -2.2735e+00
335 +4.089561211e+00 +4.089561211e+00 -1.453043879e+01 -1.453043879e+01 +2.0598e+00 +1.7887e+00 +3.9079e-01 +2.5500e+00 -2.2764e+00
342 +3.652181297e+00 +3.652181297e+00 -1.496781870e+01 -1.496781870e+01 +2.0702e+00 +1.7888e+00 +3.7640e-01 +2.5295e+00 -2.3065e+00
371 +2.920122110e+00 +2.920122110e+00 -1.569987789e+01 -1.569987789e+01 +2.0257e+00 +1.7250e+00 +3.9159e-01 +2.5496e+00 -2.2969e+00
385 +2.762626896e+00 +2.762626896e+00 -1.585737310e+01 -1.585737310e+01 +2.0546e+00 +1.7255e+00 +4.2931e-01 +2.5531e+00 -2.2740e+00
407 +2.638681364e+00 +2.638681364e+00 -1.598131864e+01 -1.598131864e+01 +2.0544e+00 +1.7610e+00 +4.2265e-01 +2.5089e+00 -2.3034e+00
420 +2.618232428e+00 +2.618232428e+00 -1.600176757e+01 -1.600176757e+01 +2.0509e+00 +1.7773e+00 +4.3057e-01 +2.5047e+00 -2.3041e+00
437 +2.510362081e+00 +2.510362081e+00 -1.610963792e+01 -1.610963792e+01 +2.0546e+00 +1.7444e+00 +4.3059e-01 +2.5307e+00 -2.2819e+00
438 +2.379363932e+00 +2.379363932e+00 -1.624063607e+01 -1.624063607e+01 +2.0472e+00 +1.7481e+00 +4.3327e-01 +2.5274e+00 -2.3074e+00
439 +2.175418150e+00 +2.175418150e+00 -1.644458185e+01 -1.644458185e+01 +2.0376e+00 +1.7430e+00 +4.2142e-01 +2.5214e+00 -2.2856e+00
464 +2.093879937e+00 +2.093879937e+00 -1.652612006e+01 -1.652612006e+01 +2.0337e+00 +1.7466e+00 +4.2674e-01 +2.5349e+00 -2.2855e+00
469 +2.079598248e+00 +2.079598248e+00 -1.654040175e+01 -1.654040175e+01 +2.0368e+00 +1.7464e+00 +4.2681e-01 +2.5419e+00 -2.2867e+00
475 +2.035437342e+00 +2.035437342e+00 -1.658456266e+01 -1.658456266e+01 +2.0384e+00 +1.7479e+00 +4.2608e-01 +2.5462e+00 -2.2963e+00
605 +1.992074567e+00 +1.992074567e+00 -1.662792543e+01 -1.662792543e+01 +2.0374e+00 +1.7458e+00 +4.2705e-01 +2.5364e+00 -2.2929e+00
% function evaluation | noise-free fitness - Fopt (2.764000000000e+01) | best noise-free fitness - Fopt | measured fitness | best measured fitness | x1 | x2...
1 +2.710928497e+02 +2.710928497e+02 +2.987328497e+02 +2.987328497e+02 +0.0000e+00 +0.0000e+00 +0.0000e+00 +0.0000e+00 +0.0000e+00
3 +2.238886749e+02 +2.238886749e+02 +2.515286749e+02 +2.515286749e+02 -4.5066e-01 +3.9302e-03 +1.2217e-01 +7.1434e-01 +6.9830e-01
4 +1.606203547e+02 +1.606203547e+02 +1.882603547e+02 +1.882603547e+02 -2.4621e-01 -2.4213e-01 -5.2960e-02 +2.7534e+00 -8.0124e-01
13 +1.424363700e+02 +1.424363700e+02 +1.700763700e+02 +1.700763700e+02 -1.8420e-01 -7.0285e-01 -1.1489e+00 +3.1670e+00 -1.3441e+00
15 +1.258861108e+02 +1.258861108e+02 +1.535261108e+02 +1.535261108e+02 -5.2211e-01 -8.8263e-01 -3.2134e-01 +1.0635e+00 +9.2230e-01
23 +1.218500359e+02 +1.218500359e+02 +1.494900359e+02 +1.494900359e+02 -5.7442e-01 -1.0477e+00 -5.0243e-01 +1.7598e+00 +1.3450e+00
33 +1.150752937e+02 +1.150752937e+02 +1.427152937e+02 +1.427152937e+02 +5.6992e-01 -1.2833e+00 +1.7423e-01 +1.3794e+00 +1.6191e+00
35 +9.898706711e+01 +9.898706711e+01 +1.266270671e+02 +1.266270671e+02 +1.4050e-01 -4.6228e-01 -1.5825e+00 +1.8807e+00 +1.8319e+00
43 +8.654503225e+01 +8.654503225e+01 +1.141850322e+02 +1.141850322e+02 +6.8334e-01 -1.1346e-01 -2.7704e+00 +2.5126e+00 +1.9074e+00
44 +8.064053800e+01 +8.064053800e+01 +1.082805380e+02 +1.082805380e+02 +4.9539e-01 -4.9932e-01 -1.2712e+00 +1.7398e+00 +3.2291e+00
47 +7.421117990e+01 +7.421117990e+01 +1.018511799e+02 +1.018511799e+02 +7.5612e-01 -1.0000e-02 -1.6252e+00 +2.8535e+00 +4.3953e-01
55 +6.309814556e+01 +6.309814556e+01 +9.073814556e+01 +9.073814556e+01 +1.4074e+00 +9.5249e-01 -2.3685e+00 +3.6772e+00 +7.7837e-01
58 +4.813996135e+01 +4.813996135e+01 +7.577996135e+01 +7.577996135e+01 +2.1682e+00 +3.5011e-02 -1.9708e+00 +3.5463e+00 +3.5070e-01
64 +4.706482157e+01 +4.706482157e+01 +7.470482157e+01 +7.470482157e+01 +1.6007e+00 +5.3311e-01 -2.3912e+00 +2.3912e+00 +1.5676e+00
72 +3.807181807e+01 +3.807181807e+01 +6.571181807e+01 +6.571181807e+01 +1.9248e+00 +1.6177e+00 -2.5218e+00 +1.8891e+00 +1.6927e+00
78 +2.749043244e+01 +2.749043244e+01 +5.513043244e+01 +5.513043244e+01 +1.1170e+00 -8.1889e-02 -3.5960e+00 +2.2718e+00 +9.8750e-01
150 +2.298616087e+01 +2.298616087e+01 +5.062616087e+01 +5.062616087e+01 +2.2389e+00 +8.8090e-01 -2.1350e+00 +1.9854e+00 +9.5349e-01
155 +1.918749468e+01 +1.918749468e+01 +4.682749468e+01 +4.682749468e+01 +1.9829e+00 +7.1474e-01 -2.0987e+00 +2.1724e+00 +8.8793e-01
289 +1.476698874e+01 +1.476698874e+01 +4.240698874e+01 +4.240698874e+01 +1.4211e+00 +6.2477e-01 -2.6600e+00 +2.2458e+00 +1.8333e+00
424 +1.438864386e+01 +1.438864386e+01 +4.202864386e+01 +4.202864386e+01 +1.4060e+00 +5.8247e-01 -2.6155e+00 +2.2293e+00 +1.8208e+00
457 +1.383397313e+01 +1.383397313e+01 +4.147397313e+01 +4.147397313e+01 +1.4132e+00 +5.4732e-01 -2.6753e+00 +2.2010e+00 +1.7746e+00
465 +1.244797128e+01 +1.244797128e+01 +4.008797128e+01 +4.008797128e+01 +1.4172e+00 +5.6731e-01 -2.6667e+00 +2.2289e+00 +1.7804e+00
466 +1.223996380e+01 +1.223996380e+01 +3.987996380e+01 +3.987996380e+01 +1.4295e+00 +5.4509e-01 -2.6703e+00 +2.2143e+00 +1.7662e+00
542 +1.198718954e+01 +1.198718954e+01 +3.962718954e+01 +3.962718954e+01 +1.4329e+00 +5.6640e-01 -2.6596e+00 +2.2301e+00 +1.7921e+00
563 +1.171788763e+01 +1.171788763e+01 +3.935788763e+01 +3.935788763e+01 +1.4371e+00 +5.5108e-01 -2.6487e+00 +2.2299e+00 +1.7729e+00
582 +1.146184059e+01 +1.146184059e+01 +3.910184059e+01 +3.910184059e+01 +1.4462e+00 +5.4387e-01 -2.6559e+00 +2.2197e+00 +1.7714e+00
620 +1.114246022e+01 +1.114246022e+01 +3.878246022e+01 +3.878246022e+01 +1.4585e+00 +5.3645e-01 -2.6663e+00 +2.2080e+00 +1.7582e+00
696 +1.091855752e+01 +1.091855752e+01 +3.855855752e+01 +3.855855752e+01 +1.4776e+00 +5.3350e-01 -2.6645e+00 +2.1959e+00 +1.7618e+00
736 +1.071411615e+01 +1.071411615e+01 +3.835411615e+01 +3.835411615e+01 +1.4885e+00 +5.2054e-01 -2.6703e+00 +2.1829e+00 +1.7522e+00
788 +1.046527814e+01 +1.046527814e+01 +3.810527814e+01 +3.810527814e+01 +1.5132e+00 +5.1273e-01 -2.6960e+00 +2.1666e+00 +1.7456e+00
820 +1.020319910e+01 +1.020319910e+01 +3.784319910e+01 +3.784319910e+01 +1.5454e+00 +4.9741e-01 -2.7227e+00 +2.1377e+00 +1.7315e+00
935 +9.988461498e+00 +9.988461498e+00 +3.762846150e+01 +3.762846150e+01 +1.5639e+00 +4.9422e-01 -2.7583e+00 +2.1209e+00 +1.7225e+00
% function evaluation | noise-free fitness - Fopt (-1.552000000000e+01) | best noise-free fitness - Fopt | measured fitness | best measured fitness | x1 | x2...
1 +1.885053434e+02 +1.885053434e+02 +1.729853434e+02 +1.729853434e+02 +0.0000e+00 +0.0000e+00 +0.0000e+00 +0.0000e+00 +0.0000e+00
9 +1.761921883e+02 +1.761921883e+02 +1.606721883e+02 +1.606721883e+02 -5.2081e-01 -5.7879e-01 +8.8843e-01 -2.5462e-01 -4.7373e-02
13 +1.642961957e+02 +1.642961957e+02 +1.487761957e+02 +1.487761957e+02 -9.2901e-01 -2.0293e-01 +2.6460e+00 +6.8132e-01 +1.0169e+00
16 +1.364671494e+02 +1.364671494e+02 +1.209471494e+02 +1.209471494e+02 +2.8888e-01 +6.7476e-02 +7.1145e-01 +1.5994e-01 -7.3038e-01
22 +1.230689976e+02 +1.230689976e+02 +1.075489976e+02 +1.075489976e+02 +5.0392e-01 -3.9923e-01 +7.5971e-01 -6.1121e-01 -8.3826e-01
24 +1.009506348e+02 +1.009506348e+02 +8.543063483e+01 +8.543063483e+01 -7.1242e-02 +7.1540e-01 +1.9226e+00 +2.4355e-01 -9.9777e-01
29 +9.203281120e+01 +9.203281120e+01 +7.651281120e+01 +7.651281120e+01 +8.3998e-01 +3.6615e-01 +2.1998e+00 +7.1934e-02 -1.1125e+00
37 +6.421053744e+01 +6.421053744e+01 +4.869053744e+01 +4.869053744e+01 +6.1795e-01 -3.6734e-01 +2.8461e+00 +5.0225e-01 -4.4132e-01
57 +4.688021746e+01 +4.688021746e+01 +3.136021746e+01 +3.136021746e+01 +9.7700e-01 -7.1833e-01 +4.5376e+00 +8.8370e-01 -1.5928e+00
86 +4.265750274e+01 +4.265750274e+01 +2.713750274e+01 +2.713750274e+01 +2.0857e+00 -9.3743e-01 +3.1522e+00 -2.7989e-02 -2.0263e+00
132 +3.494952557e+01 +3.494952557e+01 +1.942952557e+01 +1.942952557e+01 +1.8369e+00 -1.4310e+00 +3.0547e+00 +5.3844e-01 -1.7815e+00
177 +3.219141367e+01 +3.219141367e+01 +1.667141367e+01 +1.667141367e+01 +1.5393e+00 -1.4723e+00 +3.5281e+00 +2.0205e-01 -2.3306e+00
206 +3.018343284e+01 +3.018343284e+01 +1.466343284e+01 +1.466343284e+01 +1.5116e+00 -1.5479e+00 +3.9336e+00 +3.2531e-01 -2.4294e+00
259 +2.901212214e+01 +2.901212214e+01 +1.349212214e+01 +1.349212214e+01 +1.5440e+00 -1.7794e+00 +3.9077e+00 +2.5548e-01 -2.4848e+00
262 +2.627136588e+01 +2.627136588e+01 +1.075136588e+01 +1.075136588e+01 +1.5963e+00 -1.6576e+00 +3.9142e+00 +2.3899e-01 -2.4063e+00
273 +2.053944908e+01 +2.053944908e+01 +5.019449079e+00 +5.019449079e+00 +1.5404e+00 -1.6663e+00 +3.9773e+00 +2.6896e-01 -2.4105e+00
385 +2.030448405e+01 +2.030448405e+01 +4.784484054e+00 +4.784484054e+00 +1.5279e+00 -1.7037e+00 +3.9742e+00 +3.1986e-01 -2.3626e+00
405 +1.940200534e+01 +1.940200534e+01 +3.882005335e+00 +3.882005335e+00 +1.5377e+00 -1.7248e+00 +3.9737e+00 +3.1621e-01 -2.3744e+00
434 +1.897542014e+01 +1.897542014e+01 +3.455420143e+00 +3.455420143e+00 +1.4973e+00 -1.7744e+00 +3.9878e+00 +2.8402e-01 -2.3546e+00
505 +1.848734242e+01 +1.848734242e+01 +2.967342420e+00 +2.967342420e+00 +1.4969e+00 -1.7679e+00 +3.9840e+00 +2.7647e-01 -2.3700e+00
533 +1.815823321e+01 +1.815823321e+01 +2.638233207e+00 +2.638233207e+00 +1.5154e+00 -1.7414e+00 +3.9810e+00 +2.4651e-01 -2.3984e+00
% function evaluation | noise-free fitness - Fopt (1.000000000000e+03) | best noise-free fitness - Fopt | measured fitness | best measured fitness | x1 | x2...
1 +2.356124806e+02 +2.356124806e+02 +1.235612481e+03 +1.235612481e+03 +0.0000e+00 +0.0000e+00 +0.0000e+00 +0.0000e+00 +0.0000e+00
3 +2.293348848e+02 +2.293348848e+02 +1.229334885e+03 +1.229334885e+03 +5.0532e-01 -8.3071e-01 -1.5598e-01 +1.7434e+00 -2.9202e-01
4 +1.706027429e+02 +1.706027429e+02 +1.170602743e+03 +1.170602743e+03 -5.0906e-01 +7.8281e-02 -8.9183e-01 -3.9697e-01 -1.0362e-01
9 +1.525218704e+02 +1.525218704e+02 +1.152521870e+03 +1.152521870e+03 -1.8655e+00 +7.4337e-01 -6.4352e-01 +2.6928e-01 -1.4664e+00
12 +7.372752208e+01 +7.372752208e+01 +1.073727522e+03 +1.073727522e+03 -2.7427e+00 -1.6393e+00 -2.7657e+00 -1.1658e+00 -2.3326e+00
30 +6.172619124e+01 +6.172619124e+01 +1.061726191e+03 +1.061726191e+03 -2.8747e+00 -1.0198e+00 -2.6320e+00 -2.1948e+00 -2.1848e+00
31 +5.026204654e+01 +5.026204654e+01 +1.050262047e+03 +1.050262047e+03 -1.9045e+00 -2.7371e+00 -1.5496e+00 -2.1249e+00 -1.6530e+00
64 +4.325049969e+01 +4.325049969e+01 +1.043250500e+03 +1.043250500e+03 -2.4806e+00 -2.1625e+00 -2.5402e+00 -2.1697e+00 -4.6886e+00
82 +3.844262007e+01 +3.844262007e+01 +1.038442620e+03 +1.038442620e+03 -4.2538e+00 -2.2011e+00 -1.9358e+00 -2.2504e+00 -2.0827e+00
93 +2.998823231e+01 +2.998823231e+01 +1.029988232e+03 +1.029988232e+03 -2.6739e+00 -1.2484e+00 -2.2916e+00 -1.8466e+00 -2.4266e+00
185 +1.795264427e+01 +1.795264427e+01 +1.017952644e+03 +1.017952644e+03 -2.1765e+00 -2.5681e+00 -1.2816e+00 -2.4789e+00 -3.6258e+00
278 +1.703611330e+01 +1.703611330e+01 +1.017036113e+03 +1.017036113e+03 -2.7125e+00 -2.9844e+00 -2.5473e+00 -2.4882e+00 -4.1520e+00
400 +1.578844866e+01 +1.578844866e+01 +1.015788449e+03 +1.015788449e+03 -2.0249e+00 -2.6178e+00 -2.8159e+00 -2.8609e+00 -2.7305e+00
876 +1.425314402e+01 +1.425314402e+01 +1.014253144e+03 +1.014253144e+03 -1.9120e+00 -2.0140e+00 -2.8151e+00 -1.5147e+00 -3.4643e+00
893 +1.311625632e+01 +1.311625632e+01 +1.013116256e+03 +1.013116256e+03 -1.9433e+00 -1.9469e+00 -2.7806e+00 -1.5019e+00 -3.4795e+00
1000 +1.279060903e+01 +1.279060903e+01 +1.012790609e+03 +1.012790609e+03 -1.9035e+00 -1.9922e+00 -2.8009e+00 -1.4924e+00 -3.4752e+00
1015 +1.233254173e+01 +1.233254173e+01 +1.012332542e+03 +1.012332542e+03 -1.9117e+00 -1.9666e+00 -2.8036e+00 -1.4887e+00 -3.4834e+00
1018 +1.223148659e+01 +1.223148659e+01 +1.012231487e+03 +1.012231487e+03 -1.9148e+00 -1.9684e+00 -2.7847e+00 -1.4790e+00 -3.4888e+00
1069 +1.202077923e+01 +1.202077923e+01 +1.012020779e+03 +1.012020779e+03 -1.9114e+00 -1.9470e+00 -2.7863e+00 -1.4862e+00 -3.4975e+00
% function evaluation | noise-free fitness - Fopt (-3.030200000000e+02) | best noise-free fitness - Fopt | measured fitness | best measured fitness | x1 | x2...
1 +2.211345946e+02 +2.211345946e+02 -8.188540543e+01 -8.188540543e+01 +0.0000e+00 +0.0000e+00 +0.0000e+00 +0.0000e+00 +0.0000e+00
3 +1.598602467e+02 +1.598602467e+02 -1.431597533e+02 -1.431597533e+02 -6.8738e-01 +3.0113e-01 -1.3941e+00 -2.9348e-01 +1.4758e+00
22 +1.262321733e+02 +1.262321733e+02 -1.767878267e+02 -1.767878267e+02 -1.3085e+00 -7.4632e-01 +1.6301e-01 -1.1741e+00 +2.9971e+00
28 +1.241734636e+02 +1.241734636e+02 -1.788465364e+02 -1.788465364e+02 -1.2372e+00 -2.3782e+00 -1.5707e+00 -3.2695e+00 +3.9673e+00
32 +9.439390887e+01 +9.439390887e+01 -2.086260911e+02 -2.086260911e+02 -5.6980e-01 -1.6662e+00 +1.6807e+00 -5.1560e+00 +3.3059e+00
47 +7.496276897e+01 +7.496276897e+01 -2.280572310e+02 -2.280572310e+02 -1.7311e+00 -1.3430e+00 +1.1564e+00 -3.7147e+00 +4.0035e+00
48 +7.248288939e+01 +7.248288939e+01 -2.305371106e+02 -2.305371106e+02 -2.0848e+00 -2.1242e+00 +1.5008e+00 -3.1525e+00 +1.7748e+00
55 +5.722163773e+01 +5.722163773e+01 -2.457983623e+02 -2.457983623e+02 -3.2980e+00 -2.3684e+00 +4.9045e+00 -3.8270e+00 +3.6076e+00
80 +4.196771420e+01 +4.196771420e+01 -2.610522858e+02 -2.610522858e+02 -3.1860e+00 -2.3490e+00 +3.6020e+00 -4.7984e+00 +3.6491e+00
196 +3.782458441e+01 +3.782458441e+01 -2.651954156e+02 -2.651954156e+02 -4.1889e+00 -2.5224e+00 +3.9435e+00 -1.8577e+00 +2.8565e+00
203 +3.629925367e+01 +3.629925367e+01 -2.667207463e+02 -2.667207463e+02 -4.8146e+00 -2.2028e+00 +3.9603e+00 -2.2332e+00 +2.5372e+00
207 +3.433370577e+01 +3.433370577e+01 -2.686862942e+02 -2.686862942e+02 -3.4808e+00 -2.4605e+00 +3.4548e+00 -2.0418e+00 +2.8501e+00
208 +2.812108256e+01 +2.812108256e+01 -2.748989174e+02 -2.748989174e+02 -4.1897e+00 -2.9923e+00 +3.6795e+00 -8.7673e-01 +2.6926e+00
289 +1.908046858e+01 +1.908046858e+01 -2.839395314e+02 -2.839395314e+02 -3.6879e+00 -3.5226e-01 +2.7376e+00 -1.9884e+00 +3.6761e+00
475 +1.761234677e+01 +1.761234677e+01 -2.854076532e+02 -2.854076532e+02 -4.1617e+00 -1.8474e-01 +2.0409e+00 -1.9982e+00 +4.7683e+00
521 +1.526993328e+01 +1.526993328e+01 -2.877500667e+02 -2.877500667e+02 -4.1766e+00 -1.4768e-01 +2.0001e+00 -1.9044e+00 +4.7879e+00
528 +1.392339710e+01 +1.392339710e+01 -2.890966029e+02 -2.890966029e+02 -4.1604e+00 -1.3622e-01 +2.0276e+00 -1.8945e+00 +4.7534e+00
578 +1.368740630e+01 +1.368740630e+01 -2.893325937e+02 -2.893325937e+02 -4.1395e+00 -1.5550e-01 +2.0499e+00 -1.8639e+00 +4.7097e+00
586 +1.321322766e+01 +1.321322766e+01 -2.898067723e+02 -2.898067723e+02 -4.1412e+00 -1.7161e-01 +2.0405e+00 -1.8803e+00 +4.7099e+00
594 +1.288345883e+01 +1.288345883e+01 -2.901365412e+02 -2.901365412e+02 -4.1297e+00 -1.4992e-01 +2.0168e+00 -1.8888e+00 +4.6992e+00
595 +1.199681392e+01 +1.199681392e+01 -2.910231861e+02 -2.910231861e+02 -4.1347e+00 -1.8336e-01 +2.0311e+00 -1.8386e+00 +4.6816e+00
606 +1.109607131e+01 +1.109607131e+01 -2.919239287e+02 -2.919239287e+02 -4.1361e+00 -1.8663e-01 +2.0178e+00 -1.8188e+00 +4.6925e+00
625 +1.076697336e+01 +1.076697336e+01 -2.922530266e+02 -2.922530266e+02 -4.1142e+00 -1.9689e-01 +2.0097e+00 -1.8350e+00 +4.6988e+00
649 +1.035449123e+01 +1.035449123e+01 -2.926655088e+02 -2.926655088e+02 -4.1150e+00 -1.7696e-01 +1.9983e+00 -1.8184e+00 +4.6892e+00
693 +1.007078333e+01 +1.007078333e+01 -2.929492167e+02 -2.929492167e+02 -4.1055e+00 -1.6465e-01 +1.9784e+00 -1.8371e+00 +4.7122e+00
791 +9.997227165e+00 +9.997227165e+00 -2.930227728e+02 -2.930227728e+02 -4.1121e+00 -1.7651e-01 +1.9869e+00 -1.8249e+00 +4.6992e+00
% function evaluation | noise-free fitness - Fopt (4.731200000000e+02) | best noise-free fitness - Fopt | measured fitness | best measured fitness | x1 | x2...
1 +1.926884387e+02 +1.926884387e+02 +6.658084387e+02 +6.658084387e+02 +0.0000e+00 +0.0000e+00 +0.0000e+00 +0.0000e+00 +0.0000e+00
3 +1.521985006e+02 +1.521985006e+02 +6.253185006e+02 +6.253185006e+02 +3.5080e-01 -2.4802e+00 -2.8351e-01 -2.3101e-01 +1.0452e+00
8 +1.070228347e+02 +1.070228347e+02 +5.801428347e+02 +5.801428347e+02 +1.0481e+00 +8.4797e-01 -2.1436e-01 -1.1218e+00 -1.4526e+00
15 +8.804849235e+01 +8.804849235e+01 +5.611684924e+02 +5.611684924e+02 +1.6845e+00 -1.2395e-01 +8.1269e-01 -9.6380e-01 -1.1048e+00
21 +8.504493744e+01 +8.504493744e+01 +5.581649374e+02 +5.581649374e+02 +2.7320e+00 +1.6582e-01 +1.0646e-01 -1.4105e-01 -1.5933e+00
29 +7.459767437e+01 +7.459767437e+01 +5.477176744e+02 +5.477176744e+02 +2.6610e+00 +9.4868e-01 -3.5117e-01 -1.3896e+00 -2.1950e+00
31 +7.399941460e+01 +7.399941460e+01 +5.471194146e+02 +5.471194146e+02 +1.3083e+00 +1.5452e+00 +9.2467e-01 -1.4613e+00 -4.4023e-01
38 +6.332903046e+01 +6.332903046e+01 +5.364490305e+02 +5.364490305e+02 +1.1382e-01 +3.9620e-02 +1.4165e+00 -3.2990e+00 -4.4476e-01
57 +5.792689152e+01 +5.792689152e+01 +5.310468915e+02 +5.310468915e+02 +3.4847e+00 +8.1564e-01 +1.2007e+00 -2.3067e+00 -1.8118e+00
89 +5.579086885e+01 +5.579086885e+01 +5.289108689e+02 +5.289108689e+02 +3.1760e+00 -4.1198e-01 +2.4534e+00 -1.0458e+00 -1.4956e+00
93 +4.985616858e+01 +4.985616858e+01 +5.229761686e+02 +5.229761686e+02 +2.1332e+00 -3.3655e-01 +2.0412e+00 -2.0842e-01 -1.2625e+00
115 +3.487124892e+01 +3.487124892e+01 +5.079912489e+02 +5.079912489e+02 +2.2012e+00 -2.9452e-01 +1.6398e+00 -7.7287e-01 -9.5943e-01
211 +3.204779721e+01 +3.204779721e+01 +5.051677972e+02 +5.051677972e+02 +2.2451e+00 -7.0675e-01 +2.3716e+00 -6.9311e-01 -1.0558e+00
227 +2.202443386e+01 +2.202443386e+01 +4.951444339e+02 +4.951444339e+02 +2.0660e+00 -8.4391e-01 +2.0472e+00 -5.1246e-01 -7.7599e-01
364 +2.020418816e+01 +2.020418816e+01 +4.933241882e+02 +4.933241882e+02 +2.7247e+00 -6.5241e-01 +1.9154e+00 -5.8366e-01 -8.8548e-01
460 +1.943779225e+01 +1.943779225e+01 +4.925577922e+02 +4.925577922e+02 +2.7041e+00 -6.5017e-01 +1.9272e+00 -5.8536e-01 -8.6304e-01
641 +1.904695074e+01 +1.904695074e+01 +4.921669507e+02 +4.921669507e+02 +2.6917e+00 -6.4889e-01 +1.9384e+00 -6.0633e-01 -8.2827e-01
% function evaluation | noise-free fitness - Fopt (6.842100000000e+02) | best noise-free fitness - Fopt | measured fitness | best measured fitness | x1 | x2...
1 +1.229157813e+02 +1.229157813e+02 +8.071257813e+02 +8.071257813e+02 +0.0000e+00 +0.0000e+00 +0.0000e+00 +0.0000e+00 +0.0000e+00
8 +8.401193731e+01 +8.401193731e+01 +7.682219373e+02 +7.682219373e+02 +6.2410e-02 +2.2224e-01 -1.1458e+00 +5.8053e-01 +1.0280e+00
11 +5.453889615e+01 +5.453889615e+01 +7.387488961e+02 +7.387488961e+02 +5.5555e-01 -7.0455e-01 -2.2200e+00 -3.1247e-01 +1.4252e+00
26 +4.801876851e+01 +4.801876851e+01 +7.322287685e+02 +7.322287685e+02 +3.4811e-01 -3.4531e-01 -2.5305e+00 +2.4487e+00 -1.7036e-01
98 +4.104223147e+01 +4.104223147e+01 +7.252522315e+02 +7.252522315e+02 -2.0915e+00 -4.0890e-01 -3.3655e+00 +1.6943e+00 -3.0344e-01
103 +3.555540365e+01 +3.555540365e+01 +7.197654037e+02 +7.197654037e+02 -2.6320e+00 -9.1358e-01 -2.4543e+00 +8.9488e-01 +4.9824e-02
176 +2.160193108e+01 +2.160193108e+01 +7.058119311e+02 +7.058119311e+02 -1.2350e+00 +4.2683e-01 -3.2349e+00 +1.3888e+00 +8.1651e-01
849 +2.130129203e+01 +2.130129203e+01 +7.055112920e+02 +7.055112920e+02 -2.1068e+00 +5.1724e-01 -1.4864e+00 +2.1708e+00 +1.3205e+00
% function evaluation | noise-free fitness - Fopt (1.808000000000e+01) | best noise-free fitness - Fopt | measured fitness | best measured fitness | x1 | x2...
1 +1.012681463e+02 +1.012681463e+02 +1.193481463e+02 +1.193481463e+02 +0.0000e+00 +0.0000e+00 +0.0000e+00 +0.0000e+00 +0.0000e+00
3 +8.440011040e+01 +8.440011040e+01 +1.024801104e+02 +1.024801104e+02 -1.4678e+00 -5.1117e-01 +2.1912e+00 +1.8841e-01 -1.9497e-01
11 +6.307485712e+01 +6.307485712e+01 +8.115485712e+01 +8.115485712e+01 -1.5900e+00 +1.1699e+00 +1.6578e+00 +4.3201e-01 +2.9061e-01
29 +5.818571262e+01 +5.818571262e+01 +7.626571262e+01 +7.626571262e+01 -1.0934e+00 +1.9537e+00 +1.0125e+00 -1.0446e+00 +1.5740e+00
31 +5.700118548e+01 +5.700118548e+01 +7.508118548e+01 +7.508118548e+01 -6.2294e-01 +1.4759e+00 +2.3802e+00 -3.1170e-01 -1.7434e-01
38 +4.805946829e+01 +4.805946829e+01 +6.613946829e+01 +6.613946829e+01 -2.6210e-01 +1.3149e+00 +1.3993e+00 +2.8964e-01 -1.9599e-01
42 +4.705587985e+01 +4.705587985e+01 +6.513587985e+01 +6.513587985e+01 -2.2122e-01 +1.1627e+00 +1.4995e+00 -4.5600e-01 -2.1271e-01
53 +3.242326217e+01 +3.242326217e+01 +5.050326217e+01 +5.050326217e+01 -9.4160e-01 +7.9199e-01 +2.1510e+00 -1.4398e-01 -2.6655e-01
61 +2.432330181e+01 +2.432330181e+01 +4.240330181e+01 +4.240330181e+01 -1.4597e-01 +1.8035e-01 +2.4627e+00 +6.3227e-02 -1.0171e+00
115 +1.419409659e+01 +1.419409659e+01 +3.227409659e+01 +3.227409659e+01 +6.2383e-01 +8.7459e-01 +1.8994e+00 +1.8151e-01 -2.2603e+00
413 +1.403073725e+01 +1.403073725e+01 +3.211073725e+01 +3.211073725e+01 +9.0551e-01 +7.5866e-01 +2.0663e+00 +4.3675e-01 -1.8843e+00
444 +1.351499660e+01 +1.351499660e+01 +3.159499660e+01 +3.159499660e+01 +9.4062e-01 +7.9224e-01 +2.0452e+00 +4.1551e-01 -1.8674e+00
451 +1.283498402e+01 +1.283498402e+01 +3.091498402e+01 +3.091498402e+01 +9.1277e-01 +7.8509e-01 +2.0454e+00 +4.1265e-01 -1.8037e+00
453 +1.161843541e+01 +1.161843541e+01 +2.969843541e+01 +2.969843541e+01 +9.4114e-01 +7.8102e-01 +2.0294e+00 +3.6725e-01 -1.8158e+00
458 +1.142984065e+01 +1.142984065e+01 +2.950984065e+01 +2.950984065e+01 +9.3944e-01 +8.0023e-01 +2.0630e+00 +4.0410e-01 -1.7935e+00
471 +1.008088111e+01 +1.008088111e+01 +2.816088111e+01 +2.816088111e+01 +9.3295e-01 +7.9493e-01 +2.0761e+00 +3.8062e-01 -1.7550e+00
668 +9.973045672e+00 +9.973045672e+00 +2.805304567e+01 +2.805304567e+01 +9.4338e-01 +8.2263e-01 +2.0455e+00 +3.4458e-01 -1.7662e+00
723 +9.415166846e+00 +9.415166846e+00 +2.749516685e+01 +2.749516685e+01 +9.2121e-01 +8.0221e-01 +2.1112e+00 +3.7072e-01 -1.7281e+00
741 +9.209660411e+00 +9.209660411e+00 +2.728966041e+01 +2.728966041e+01 +9.2515e-01 +8.2741e-01 +2.1118e+00 +3.8410e-01 -1.7084e+00
742 +9.095811136e+00 +9.095811136e+00 +2.717581114e+01 +2.717581114e+01 +9.2400e-01 +8.3189e-01 +2.1198e+00 +3.7522e-01 -1.7036e+00
% function evaluation | noise-free fitness - Fopt (-1.537900000000e+02) | best noise-free fitness - Fopt | measured fitness | best measured fitness | x1 | x2...
1 +7.649054338e+01 +7.649054338e+01 -7.729945662e+01 -7.729945662e+01 +0.0000e+00 +0.0000e+00 +0.0000e+00 +0.0000e+00 +0.0000e+00
7 +6.657409178e+01 +6.657409178e+01 -8.721590822e+01 -8.721590822e+01 -7.1149e-01 +2.8589e-01 -8.4372e-02 +2.3410e-02 +2.3416e-01
9 +6.547937496e+01 +6.547937496e+01 -8.831062504e+01 -8.831062504e+01 -1.6858e-01 +1.3406e+00 +3.0734e-02 +1.2177e-01 -2.3689e-01
66 +6.351530305e+01 +6.351530305e+01 -9.027469695e+01 -9.027469695e+01 +3.6327e-01 -5.0701e-01 +5.6854e-01 -1.2978e+00 +8.2398e-01
73 +4.437359232e+01 +4.437359232e+01 -1.094164077e+02 -1.094164077e+02 -5.5709e-01 -4.1697e-01 +4.0691e-01 -2.5229e+00 -1.1204e+00
77 +3.718136979e+01 +3.718136979e+01 -1.166086302e+02 -1.166086302e+02 +3.0495e-01 +7.4200e-01 +1.2821e-01 -8.7234e-02 +1.0741e+00
125 +3.665647223e+01 +3.665647223e+01 -1.171335278e+02 -1.171335278e+02 +1.7541e+00 -1.7900e-01 +1.3645e+00 -3.9684e+00 -4.1228e-01
142 +3.609691962e+01 +3.609691962e+01 -1.176930804e+02 -1.176930804e+02 +1.2842e-01 +1.2021e-01 +9.4191e-01 -3.7821e+00 -1.1069e-01
149 +2.964023238e+01 +2.964023238e+01 -1.241497676e+02 -1.241497676e+02 +1.2266e+00 +8.6997e-01 +1.4193e+00 -3.3455e+00 +6.5978e-01
193 +2.611561203e+01 +2.611561203e+01 -1.276743880e+02 -1.276743880e+02 +1.6751e+00 +6.7949e-01 +1.4451e+00 -3.6999e+00 +7.4057e-02
267 +2.319346026e+01 +2.319346026e+01 -1.305965397e+02 -1.305965397e+02 +1.7397e+00 +6.8971e-01 +1.5245e+00 -3.6864e+00 +4.7159e-02
271 +1.884537131e+01 +1.884537131e+01 -1.349446287e+02 -1.349446287e+02 +1.7342e+00 +6.2150e-01 +1.4860e+00 -3.5720e+00 +9.6254e-02
304 +1.812131440e+01 +1.812131440e+01 -1.356686856e+02 -1.356686856e+02 +1.7542e+00 +5.9997e-01 +1.5704e+00 -3.5720e+00 +5.6643e-02
346 +1.760930221e+01 +1.760930221e+01 -1.361806978e+02 -1.361806978e+02 +1.7134e+00 +6.2364e-01 +1.5080e+00 -3.5446e+00 +4.7873e-02
357 +1.696770347e+01 +1.696770347e+01 -1.368222965e+02 -1.368222965e+02 +1.7224e+00 +6.0966e-01 +1.5100e+00 -3.5081e+00 +5.2761e-02
434 +1.655058128e+01 +1.655058128e+01 -1.372394187e+02 -1.372394187e+02 +1.7317e+00 +6.1311e-01 +1.5217e+00 -3.5200e+00 +7.4710e-02
536 +1.620735543e+01 +1.620735543e+01 -1.375826446e+02 -1.375826446e+02 +1.7519e+00 +6.2727e-01 +1.5338e+00 -3.5041e+00 +9.0044e-02
