% function evaluation | noise-free fitness - Fopt (1.000000000000e+03) | best noise-free fitness - Fopt | measured fitness | best measured fitness | x1 | x2...
1 +1.647212407e+03 +1.647212407e+03 +2.647212407e+03 +2.647212407e+03
12 +1.497245651e+03 +1.497245651e+03 +2.497245651e+03 +2.497245651e+03
26 +1.354176063e+03 +1.354176063e+03 +2.354176063e+03 +2.354176063e+03
86 +1.274503133e+03 +1.274503133e+03 +2.274503133e+03 +2.274503133e+03
95 +1.166897901e+03 +1.166897901e+03 +2.166897901e+03 +2.166897901e+03
102 +1.091872096e+03 +1.091872096e+03 +2.091872096e+03 +2.091872096e+03
123 +1.035700145e+03 +1.035700145e+03 +2.035700145e+03 +2.035700145e+03
145 +9.951338038e+02 +9.951338038e+02 +1.995133804e+03 +1.995133804e+03
154 +9.753522122e+02 +9.753522122e+02 +1.975352212e+03 +1.975352212e+03
182 +9.080333337e+02 +9.080333337e+02 +1.908033334e+03 +1.908033334e+03
191 +8.742545840e+02 +8.742545840e+02 +1.874254584e+03 +1.874254584e+03
285 +8.306029838e+02 +8.306029838e+02 +1.830602984e+03 +1.830602984e+03
315 +8.122108783e+02 +8.122108783e+02 +1.812210878e+03 +1.812210878e+03
403 +7.919477335e+02 +7.919477335e+02 +1.791947733e+03 +1.791947733e+03
418 +7.752550861e+02 +7.752550861e+02 +1.775255086e+03 +1.775255086e+03
708 +7.469874285e+02 +7.469874285e+02 +1.746987428e+03 +1.746987428e+03
808 +7.380373606e+02 +7.380373606e+02 +1.738037361e+03 +1.738037361e+03
838 +7.152825983e+02 +7.152825983e+02 +1.715282598e+03 +1.715282598e+03
847 +6.692113582e+02 +6.692113582e+02 +1.669211358e+03 +1.669211358e+03
859 +6.380447031e+02 +6.380447031e+02 +1.638044703e+03 +1.638044703e+03
862 +6.273865960e+02 +6.273865960e+02 +1.627386596e+03 +1.627386596e+03
900 +5.893165394e+02 +5.893165394e+02 +1.589316539e+03 +1.589316539e+03
902 +5.608428128e+02 +5.608428128e+02 +1.560842813e+03 +1.560842813e+03
985 +5.479802988e+02 +5.479802988e+02 +1.547980299e+03 +1.547980299e+03
992 +5.209212046e+02 +5.209212046e+02 +1.520921205e+03 +1.520921205e+03
995 +5.034925927e+02 +5.034925927e+02 +1.503492593e+03 +1.503492593e+03
996 +4.907943106e+02 +4.907943106e+02 +1.490794311e+03 +1.490794311e+03
1004 +4.684492831e+02 +4.684492831e+02 +1.468449283e+03 +1.468449283e+03
1047 +4.593172140e+02 +4.593172140e+02 +1.459317214e+03 +1.459317214e+03
1063 +4.184465733e+02 +4.184465733e+02 +1.418446573e+03 +1.418446573e+03
2544 +4.110136071e+02 +4.110136071e+02 +1.411013607e+03 +1.411013607e+03
2749 +3.996037464e+02 +3.996037464e+02 +1.399603746e+03 +1.399603746e+03
2762 +3.905336965e+02 +3.905336965e+02 +1.390533697e+03 +1.390533697e+03
2763 +3.789890831e+02 +3.789890831e+02 +1.378989083e+03 +1.378989083e+03
2807 +2.977484628e+02 +2.977484628e+02 +1.297748463e+03 +1.297748463e+03
3346 +2.845123879e+02 +2.845123879e+02 +1.284512388e+03 +1.284512388e+03
3368 +2.809058513e+02 +2.809058513e+02 +1.280905851e+03 +1.280905851e+03
3383 +2.579792579e+02 +2.579792579e+02 +1.257979258e+03 +1.257979258e+03
3440 +2.504783598e+02 +2.504783598e+02 +1.250478360e+03 +1.250478360e+03
3468 +2.437016173e+02 +2.437016173e+02 +1.243701617e+03 +1.243701617e+03
3562 +2.368660347e+02 +2.368660347e+02 +1.236866035e+03 +1.236866035e+03
3598 +2.280502527e+02 +2.280502527e+02 +1.228050253e+03 +1.228050253e+03
3616 +2.226727556e+02 +2.226727556e+02 +1.222672756e+03 +1.222672756e+03
3695 +2.147275103e+02 +2.147275103e+02 +1.214727510e+03 +1.214727510e+03
3707 +2.120460977e+02 +2.120460977e+02 +1.212046098e+03 +1.212046098e+03
3729 +2.075936536e+02 +2.075936536e+02 +1.207593654e+03 +1.207593654e+03
3738 +2.034995347e+02 +2.034995347e+02 +1.203499535e+03 +1.203499535e+03
3768 +1.974524725e+02 +1.974524725e+02 +1.197452473e+03 +1.197452473e+03
3871 +1.935838247e+02 +1.935838247e+02 +1.193583825e+03 +1.193583825e+03
3874 +1.839486942e+02 +1.839486942e+02 +1.183948694e+03 +1.183948694e+03
3916 +1.798328298e+02 +1.798328298e+02 +1.179832830e+03 +1.179832830e+03
3946 +1.740593371e+02 +1.740593371e+02 +1.174059337e+03 +1.174059337e+03
3967 +1.727085521e+02 +1.727085521e+02 +1.172708552e+03 +1.172708552e+03
4073 +1.692324296e+02 +1.692324296e+02 +1.169232430e+03 +1.169232430e+03
4151 +1.651914725e+02 +1.651914725e+02 +1.165191472e+03 +1.165191472e+03
4152 +1.602868342e+02 +1.602868342e+02 +1.160286834e+03 +1.160286834e+03
4227 +1.575573226e+02 +1.575573226e+02 +1.157557323e+03 +1.157557323e+03
4249 +1.533957493e+02 +1.533957493e+02 +1.153395749e+03 +1.153395749e+03
4262 +1.486939399e+02 +1.486939399e+02 +1.148693940e+03 +1.148693940e+03
4272 +1.472678378e+02 +1.472678378e+02 +1.147267838e+03 +1.147267838e+03
4326 +1.429255836e+02 +1.429255836e+02 +1.142925584e+03 +1.142925584e+03
4340 +1.400102564e+02 +1.400102564e+02 +1.140010256e+03 +1.140010256e+03
4442 +1.374426200e+02 +1.374426200e+02 +1.137442620e+03 +1.137442620e+03
4524 +1.346166277e+02 +1.346166277e+02 +1.134616628e+03 +1.134616628e+03
4676 +1.312982966e+02 +1.312982966e+02 +1.131298297e+03 +1.131298297e+03
4725 +1.287547001e+02 +1.287547001e+02 +1.128754700e+03 +1.128754700e+03
4745 +1.258403384e+02 +1.258403384e+02 +1.125840338e+03 +1.125840338e+03
4769 +1.225163792e+02 +1.225163792e+02 +1.122516379e+03 +1.122516379e+03
4824 +1.194538725e+02 +1.194538725e+02 +1.119453872e+03 +1.119453872e+03
5166 +1.174005483e+02 +1.174005483e+02 +1.117400548e+03 +1.117400548e+03
5508 +1.147883437e+02 +1.147883437e+02 +1.114788344e+03 +1.114788344e+03
6525 +1.121907473e+02 +1.121907473e+02 +1.112190747e+03 +1.112190747e+03
8621 +1.096285014e+02 +1.096285014e+02 +1.109628501e+03 +1.109628501e+03
% function evaluation | noise-free fitness - Fopt (7.003000000000e+01) | best noise-free fitness - Fopt | measured fitness | best measured fitness | x1 | x2...
1 +1.788306963e+03 +1.788306963e+03 +1.858336963e+03 +1.858336963e+03
4 +1.762775725e+03 +1.762775725e+03 +1.832805725e+03 +1.832805725e+03
8 +1.406876339e+03 +1.406876339e+03 +1.476906339e+03 +1.476906339e+03
24 +1.359202143e+03 +1.359202143e+03 +1.429232143e+03 +1.429232143e+03
37 +1.247787221e+03 +1.247787221e+03 +1.317817221e+03 +1.317817221e+03
53 +1.157454815e+03 +1.157454815e+03 +1.227484815e+03 +1.227484815e+03
59 +1.112303500e+03 +1.112303500e+03 +1.182333500e+03 +1.182333500e+03
66 +9.940036556e+02 +9.940036556e+02 +1.064033656e+03 +1.064033656e+03
112 +9.758254930e+02 +9.758254930e+02 +1.045855493e+03 +1.045855493e+03
130 +9.446521319e+02 +9.446521319e+02 +1.014682132e+03 +1.014682132e+03
135 +9.094760189e+02 +9.094760189e+02 +9.795060189e+02 +9.795060189e+02
136 +8.234717890e+02 +8.234717890e+02 +8.935017890e+02 +8.935017890e+02
143 +7.689435017e+02 +7.689435017e+02 +8.389735017e+02 +8.389735017e+02
476 +7.517993064e+02 +7.517993064e+02 +8.218293064e+02 +8.218293064e+02
482 +6.829492775e+02 +6.829492775e+02 +7.529792775e+02 +7.529792775e+02
671 +6.651151963e+02 +6.651151963e+02 +7.351451963e+02 +7.351451963e+02
718 +6.391654958e+02 +6.391654958e+02 +7.091954958e+02 +7.091954958e+02
906 +6.254925297e+02 +6.254925297e+02 +6.955225297e+02 +6.955225297e+02
992 +5.717576025e+02 +5.717576025e+02 +6.417876025e+02 +6.417876025e+02
1137 +5.346170090e+02 +5.346170090e+02 +6.046470090e+02 +6.046470090e+02
1660 +4.955930713e+02 +4.955930713e+02 +5.656230713e+02 +5.656230713e+02
2180 +4.893470063e+02 +4.893470063e+02 +5.593770063e+02 +5.593770063e+02
2185 +4.644958427e+02 +4.644958427e+02 +5.345258427e+02 +5.345258427e+02
2206 +4.523496316e+02 +4.523496316e+02 +5.223796316e+02 +5.223796316e+02
2223 +4.438529823e+02 +4.438529823e+02 +5.138829823e+02 +5.138829823e+02
2368 +4.313982748e+02 +4.313982748e+02 +5.014282748e+02 +5.014282748e+02
2512 +4.247196270e+02 +4.247196270e+02 +4.947496270e+02 +4.947496270e+02
2564 +4.159857274e+02 +4.159857274e+02 +4.860157274e+02 +4.860157274e+02
2599 +4.001357357e+02 +4.001357357e+02 +4.701657357e+02 +4.701657357e+02
2606 +3.920374603e+02 +3.920374603e+02 +4.620674603e+02 +4.620674603e+02
2679 +3.881603296e+02 +3.881603296e+02 +4.581903296e+02 +4.581903296e+02
2706 +3.730694808e+02 +3.730694808e+02 +4.430994808e+02 +4.430994808e+02
2721 +3.664517051e+02 +3.664517051e+02 +4.364817051e+02 +4.364817051e+02
2946 +3.593703651e+02 +3.593703651e+02 +4.294003651e+02 +4.294003651e+02
2996 +3.542656543e+02 +3.542656543e+02 +4.242956543e+02 +4.242956543e+02
3156 +3.464820154e+02 +3.464820154e+02 +4.165120154e+02 +4.165120154e+02
3197 +3.373944302e+02 +3.373944302e+02 +4.074244302e+02 +4.074244302e+02
3305 +3.309658782e+02 +3.309658782e+02 +4.009958782e+02 +4.009958782e+02
3488 +3.235526149e+02 +3.235526149e+02 +3.935826149e+02 +3.935826149e+02
3646 +3.161956007e+02 +3.161956007e+02 +3.862256007e+02 +3.862256007e+02
3752 +3.087996193e+02 +3.087996193e+02 +3.788296193e+02 +3.788296193e+02
4116 +3.015694527e+02 +3.015694527e+02 +3.715994527e+02 +3.715994527e+02
4494 +2.950200445e+02 +2.950200445e+02 +3.650500445e+02 +3.650500445e+02
% function evaluation | noise-free fitness - Fopt (-4.822000000000e+01) | best noise-free fitness - Fopt | measured fitness | best measured fitness | x1 | x2...
1 +1.224588598e+03 +1.224588598e+03 +1.176368598e+03 +1.176368598e+03
26 +1.194931279e+03 +1.194931279e+03 +1.146711279e+03 +1.146711279e+03
33 +1.155680098e+03 +1.155680098e+03 +1.107460098e+03 +1.107460098e+03
50 +1.120843168e+03 +1.120843168e+03 +1.072623168e+03 +1.072623168e+03
51 +1.087551860e+03 +1.087551860e+03 +1.039331860e+03 +1.039331860e+03
182 +9.647306240e+02 +9.647306240e+02 +9.165106240e+02 +9.165106240e+02
196 +8.990967430e+02 +8.990967430e+02 +8.508767430e+02 +8.508767430e+02
201 +8.612607962e+02 +8.612607962e+02 +8.130407962e+02 +8.130407962e+02
365 +8.326235265e+02 +8.326235265e+02 +7.844035265e+02 +7.844035265e+02
375 +8.231095737e+02 +8.231095737e+02 +7.748895737e+02 +7.748895737e+02
378 +7.905696108e+02 +7.905696108e+02 +7.423496108e+02 +7.423496108e+02
383 +7.549300063e+02 +7.549300063e+02 +7.067100063e+02 +7.067100063e+02
404 +7.041230623e+02 +7.041230623e+02 +6.559030623e+02 +6.559030623e+02
429 +6.887761480e+02 +6.887761480e+02 +6.405561480e+02 +6.405561480e+02
477 +6.601632080e+02 +6.601632080e+02 +6.119432080e+02 +6.119432080e+02
750 +6.399465346e+02 +6.399465346e+02 +5.917265346e+02 +5.917265346e+02
1037 +6.007240365e+02 +6.007240365e+02 +5.525040365e+02 +5.525040365e+02
1042 +5.874153186e+02 +5.874153186e+02 +5.391953186e+02 +5.391953186e+02
1134 +5.554507175e+02 +5.554507175e+02 +5.072307175e+02 +5.072307175e+02
1617 +5.372726869e+02 +5.372726869e+02 +4.890526869e+02 +4.890526869e+02
1852 +5.223447721e+02 +5.223447721e+02 +4.741247721e+02 +4.741247721e+02
2124 +5.099549801e+02 +5.099549801e+02 +4.617349801e+02 +4.617349801e+02
2226 +4.955047383e+02 +4.955047383e+02 +4.472847383e+02 +4.472847383e+02
2232 +4.761410477e+02 +4.761410477e+02 +4.279210477e+02 +4.279210477e+02
2445 +4.642846342e+02 +4.642846342e+02 +4.160646342e+02 +4.160646342e+02
2564 +4.401864394e+02 +4.401864394e+02 +3.919664394e+02 +3.919664394e+02
2590 +4.219702969e+02 +4.219702969e+02 +3.737502969e+02 +3.737502969e+02
2705 +4.168314296e+02 +4.168314296e+02 +3.686114296e+02 +3.686114296e+02
2730 +3.989370785e+02 +3.989370785e+02 +3.507170785e+02 +3.507170785e+02
2778 +3.775123155e+02 +3.775123155e+02 +3.292923155e+02 +3.292923155e+02
2972 +3.662714581e+02 +3.662714581e+02 +3.180514581e+02 +3.180514581e+02
2985 +3.586753323e+02 +3.586753323e+02 +3.104553323e+02 +3.104553323e+02
3000 +3.529884395e+02 +3.529884395e+02 +3.047684395e+02 +3.047684395e+02
3014 +3.441069281e+02 +3.441069281e+02 +2.958869281e+02 +2.958869281e+02
3037 +3.366554213e+02 +3.366554213e+02 +2.884354213e+02 +2.884354213e+02
3070 +3.302117744e+02 +3.302117744e+02 +2.819917744e+02 +2.819917744e+02
3105 +3.230766093e+02 +3.230766093e+02 +2.748566093e+02 +2.748566093e+02
3150 +3.154331286e+02 +3.154331286e+02 +2.672131286e+02 +2.672131286e+02
3164 +3.057423037e+02 +3.057423037e+02 +2.575223037e+02 +2.575223037e+02
3168 +3.015927722e+02 +3.015927722e+02 +2.533727722e+02 +2.533727722e+02
3235 +2.941304698e+02 +2.941304698e+02 +2.459104698e+02 +2.459104698e+02
3480 +2.859090466e+02 +2.859090466e+02 +2.376890466e+02 +2.376890466e+02
3608 +2.806073442e+02 +2.806073442e+02 +2.323873442e+02 +2.323873442e+02
3714 +2.750043157e+02 +2.750043157e+02 +2.267843157e+02 +2.267843157e+02
3760 +2.686855797e+02 +2.686855797e+02 +2.204655797e+02 +2.204655797e+02
4019 +2.627581233e+02 +2.627581233e+02 +2.145381233e+02 +2.145381233e+02
4235 +2.568169964e+02 +2.568169964e+02 +2.085969964e+02 +2.085969964e+02
4938 +2.511871309e+02 +2.511871309e+02 +2.029671309e+02 +2.029671309e+02
6691 +2.454652993e+02 +2.454652993e+02 +1.972452993e+02 +1.972452993e+02
% function evaluation | noise-free fitness - Fopt (2.547000000000e+01) | best noise-free fitness - Fopt | measured fitness | best measured fitness | x1 | x2...
1 +1.654844505e+03 +1.654844505e+03 +1.680314505e+03 +1.680314505e+03
16 +1.551074030e+03 +1.551074030e+03 +1.576544030e+03 +1.576544030e+03
27 +1.402083725e+03 +1.402083725e+03 +1.427553725e+03 +1.427553725e+03
40 +1.322486481e+03 +1.322486481e+03 +1.347956481e+03 +1.347956481e+03
46 +1.237172161e+03 +1.237172161e+03 +1.262642161e+03 +1.262642161e+03
53 +1.012661781e+03 +1.012661781e+03 +1.038131781e+03 +1.038131781e+03
66 +9.552592938e+02 +9.552592938e+02 +9.807292938e+02 +9.807292938e+02
72 +8.879963380e+02 +8.879963380e+02 +9.134663380e+02 +9.134663380e+02
107 +8.663053593e+02 +8.663053593e+02 +8.917753593e+02 +8.917753593e+02
123 +8.473123941e+02 +8.473123941e+02 +8.727823941e+02 +8.727823941e+02
130 +8.232650656e+02 +8.232650656e+02 +8.487350656e+02 +8.487350656e+02
136 +7.862994726e+02 +7.862994726e+02 +8.117694726e+02 +8.117694726e+02
441 +7.459383992e+02 +7.459383992e+02 +7.714083992e+02 +7.714083992e+02
462 +7.334763877e+02 +7.334763877e+02 +7.589463877e+02 +7.589463877e+02
483 +7.244002719e+02 +7.244002719e+02 +7.498702719e+02 +7.498702719e+02
526 +6.956326101e+02 +6.956326101e+02 +7.211026101e+02 +7.211026101e+02
528 +6.645921023e+02 +6.645921023e+02 +6.900621023e+02 +6.900621023e+02
541 +6.604316172e+02 +6.604316172e+02 +6.859016172e+02 +6.859016172e+02
559 +6.383555625e+02 +6.383555625e+02 +6.638255625e+02 +6.638255625e+02
1188 +6.041902685e+02 +6.041902685e+02 +6.296602685e+02 +6.296602685e+02
2134 +5.402371231e+02 +5.402371231e+02 +5.657071231e+02 +5.657071231e+02
2368 +5.364852041e+02 +5.364852041e+02 +5.619552041e+02 +5.619552041e+02
2413 +4.978793014e+02 +4.978793014e+02 +5.233493014e+02 +5.233493014e+02
2489 +4.894719201e+02 +4.894719201e+02 +5.149419201e+02 +5.149419201e+02
2601 +4.689279511e+02 +4.689279511e+02 +4.943979511e+02 +4.943979511e+02
2643 +4.659170495e+02 +4.659170495e+02 +4.913870495e+02 +4.913870495e+02
2665 +4.501682316e+02 +4.501682316e+02 +4.756382316e+02 +4.756382316e+02
2887 +4.424393241e+02 +4.424393241e+02 +4.679093241e+02 +4.679093241e+02
2894 +4.330631479e+02 +4.330631479e+02 +4.585331479e+02 +4.585331479e+02
2941 +4.242895910e+02 +4.242895910e+02 +4.497595910e+02 +4.497595910e+02
2959 +4.160491479e+02 +4.160491479e+02 +4.415191479e+02 +4.415191479e+02
3004 +4.015661633e+02 +4.015661633e+02 +4.270361633e+02 +4.270361633e+02
3021 +3.958481301e+02 +3.958481301e+02 +4.213181301e+02 +4.213181301e+02
3228 +3.883317743e+02 +3.883317743e+02 +4.138017743e+02 +4.138017743e+02
3294 +3.798231755e+02 +3.798231755e+02 +4.052931755e+02 +4.052931755e+02
3368 +3.700571744e+02 +3.700571744e+02 +3.955271744e+02 +3.955271744e+02
3414 +3.624603972e+02 +3.624603972e+02 +3.879303972e+02 +3.879303972e+02
3545 +3.505318793e+02 +3.505318793e+02 +3.760018793e+02 +3.760018793e+02
3583 +3.432462078e+02 +3.432462078e+02 +3.687162078e+02 +3.687162078e+02
3723 +3.383317282e+02 +3.383317282e+02 +3.638017282e+02 +3.638017282e+02
3807 +3.303329675e+02 +3.303329675e+02 +3.558029675e+02 +3.558029675e+02
3901 +3.228465698e+02 +3.228465698e+02 +3.483165698e+02 +3.483165698e+02
3958 +3.152955863e+02 +3.152955863e+02 +3.407655863e+02 +3.407655863e+02
4126 +3.088268475e+02 +3.088268475e+02 +3.342968475e+02 +3.342968475e+02
4255 +3.016384413e+02 +3.016384413e+02 +3.271084413e+02 +3.271084413e+02
4555 +2.951059820e+02 +2.951059820e+02 +3.205759820e+02 +3.205759820e+02
% function evaluation | noise-free fitness - Fopt (-1.008100000000e+02) | best noise-free fitness - Fopt | measured fitness | best measured fitness | x1 | x2...
1 +1.231981217e+03 +1.231981217e+03 +1.131171217e+03 +1.131171217e+03
11 +1.227959413e+03 +1.227959413e+03 +1.127149413e+03 +1.127149413e+03
19 +1.116488540e+03 +1.116488540e+03 +1.015678540e+03 +1.015678540e+03
32 +1.086788024e+03 +1.086788024e+03 +9.859780235e+02 +9.859780235e+02
153 +1.042310246e+03 +1.042310246e+03 +9.415002461e+02 +9.415002461e+02
154 +9.777935007e+02 +9.777935007e+02 +8.769835007e+02 +8.769835007e+02
162 +9.569697757e+02 +9.569697757e+02 +8.561597757e+02 +8.561597757e+02
176 +9.384635174e+02 +9.384635174e+02 +8.376535174e+02 +8.376535174e+02
183 +8.608797609e+02 +8.608797609e+02 +7.600697609e+02 +7.600697609e+02
194 +7.860123902e+02 +7.860123902e+02 +6.852023902e+02 +6.852023902e+02
228 +7.579099509e+02 +7.579099509e+02 +6.570999509e+02 +6.570999509e+02
246 +6.605120538e+02 +6.605120538e+02 +5.597020538e+02 +5.597020538e+02
280 +6.339721568e+02 +6.339721568e+02 +5.331621568e+02 +5.331621568e+02
401 +6.029586549e+02 +6.029586549e+02 +5.021486549e+02 +5.021486549e+02
673 +5.953979985e+02 +5.953979985e+02 +4.945879985e+02 +4.945879985e+02
674 +5.394497236e+02 +5.394497236e+02 +4.386397236e+02 +4.386397236e+02
1520 +5.295249328e+02 +5.295249328e+02 +4.287149328e+02 +4.287149328e+02
1523 +5.215786287e+02 +5.215786287e+02 +4.207686287e+02 +4.207686287e+02
2353 +4.969533303e+02 +4.969533303e+02 +3.961433303e+02 +3.961433303e+02
2366 +4.781394474e+02 +4.781394474e+02 +3.773294474e+02 +3.773294474e+02
3415 +4.606766494e+02 +4.606766494e+02 +3.598666494e+02 +3.598666494e+02
3538 +4.415541698e+02 +4.415541698e+02 +3.407441698e+02 +3.407441698e+02
3555 +4.350940232e+02 +4.350940232e+02 +3.342840232e+02 +3.342840232e+02
3960 +4.224059247e+02 +4.224059247e+02 +3.215959247e+02 +3.215959247e+02
3967 +4.151539194e+02 +4.151539194e+02 +3.143439194e+02 +3.143439194e+02
4012 +3.819982420e+02 +3.819982420e+02 +2.811882420e+02 +2.811882420e+02
4028 +3.748259551e+02 +3.748259551e+02 +2.740159551e+02 +2.740159551e+02
4037 +3.656264893e+02 +3.656264893e+02 +2.648164893e+02 +2.648164893e+02
4054 +3.580262463e+02 +3.580262463e+02 +2.572162463e+02 +2.572162463e+02
4113 +3.535026620e+02 +3.535026620e+02 +2.526926620e+02 +2.526926620e+02
4122 +3.464578941e+02 +3.464578941e+02 +2.456478941e+02 +2.456478941e+02
4168 +3.290033813e+02 +3.290033813e+02 +2.281933813e+02 +2.281933813e+02
4208 +3.173824314e+02 +3.173824314e+02 +2.165724314e+02 +2.165724314e+02
4260 +3.109712475e+02 +3.109712475e+02 +2.101612475e+02 +2.101612475e+02
4269 +3.074691639e+02 +3.074691639e+02 +2.066591639e+02 +2.066591639e+02
4272 +3.007862029e+02 +3.007862029e+02 +1.999762029e+02 +1.999762029e+02
4417 +2.932096161e+02 +2.932096161e+02 +1.923996161e+02 +1.923996161e+02
4508 +2.854327535e+02 +2.854327535e+02 +1.846227535e+02 +1.846227535e+02
4528 +2.774424566e+02 +2.774424566e+02 +1.766324566e+02 +1.766324566e+02
4539 +2.752670513e+02 +2.752670513e+02 +1.744570513e+02 +1.744570513e+02
4811 +2.671154260e+02 +2.671154260e+02 +1.663054260e+02 +1.663054260e+02
4882 +2.593937696e+02 +2.593937696e+02 +1.585837696e+02 +1.585837696e+02
5036 +2.552716680e+02 +2.552716680e+02 +1.544616680e+02 +1.544616680e+02
5179 +2.511183997e+02 +2.511183997e+02 +1.503083997e+02 +1.503083997e+02
5365 +2.450275250e+02 +2.450275250e+02 +1.442175250e+02 +1.442175250e+02
5581 +2.398197579e+02 +2.398197579e+02 +1.390097579e+02 +1.390097579e+02
7059 +2.344187559e+02 +2.344187559e+02 +1.336087559e+02 +1.336087559e+02
% function evaluation | noise-free fitness - Fopt (-2.184000000000e+01) | best noise-free fitness - Fopt | measured fitness | best measured fitness | x1 | x2...
1 +1.698680374e+03 +1.698680374e+03 +1.676840374e+03 +1.676840374e+03
2 +1.502762391e+03 +1.502762391e+03 +1.480922391e+03 +1.480922391e+03
3 +1.470852797e+03 +1.470852797e+03 +1.449012797e+03 +1.449012797e+03
12 +1.406782658e+03 +1.406782658e+03 +1.384942658e+03 +1.384942658e+03
29 +1.335016053e+03 +1.335016053e+03 +1.313176053e+03 +1.313176053e+03
34 +1.187330653e+03 +1.187330653e+03 +1.165490653e+03 +1.165490653e+03
60 +1.143191991e+03 +1.143191991e+03 +1.121351991e+03 +1.121351991e+03
100 +1.085431636e+03 +1.085431636e+03 +1.063591636e+03 +1.063591636e+03
103 +1.039328081e+03 +1.039328081e+03 +1.017488081e+03 +1.017488081e+03
192 +9.675800275e+02 +9.675800275e+02 +9.457400275e+02 +9.457400275e+02
208 +9.055622934e+02 +9.055622934e+02 +8.837222934e+02 +8.837222934e+02
228 +8.901571223e+02 +8.901571223e+02 +8.683171223e+02 +8.683171223e+02
247 +8.255959557e+02 +8.255959557e+02 +8.037559557e+02 +8.037559557e+02
336 +7.548876065e+02 +7.548876065e+02 +7.330476065e+02 +7.330476065e+02
552 +6.732231923e+02 +6.732231923e+02 +6.513831923e+02 +6.513831923e+02
1109 +5.970384972e+02 +5.970384972e+02 +5.751984972e+02 +5.751984972e+02
1150 +5.797743539e+02 +5.797743539e+02 +5.579343539e+02 +5.579343539e+02
1415 +5.230548889e+02 +5.230548889e+02 +5.012148889e+02 +5.012148889e+02
1515 +5.087042734e+02 +5.087042734e+02 +4.868642734e+02 +4.868642734e+02
2445 +4.859570510e+02 +4.859570510e+02 +4.641170510e+02 +4.641170510e+02
2494 +4.734925461e+02 +4.734925461e+02 +4.516525461e+02 +4.516525461e+02
2544 +4.589616222e+02 +4.589616222e+02 +4.371216222e+02 +4.371216222e+02
2558 +4.525259611e+02 +4.525259611e+02 +4.306859611e+02 +4.306859611e+02
2579 +4.421258878e+02 +4.421258878e+02 +4.202858878e+02 +4.202858878e+02
2632 +4.322948272e+02 +4.322948272e+02 +4.104548272e+02 +4.104548272e+02
2848 +4.115402799e+02 +4.115402799e+02 +3.897002799e+02 +3.897002799e+02
2866 +4.068643811e+02 +4.068643811e+02 +3.850243811e+02 +3.850243811e+02
2878 +3.900370291e+02 +3.900370291e+02 +3.681970291e+02 +3.681970291e+02
2899 +3.837477180e+02 +3.837477180e+02 +3.619077180e+02 +3.619077180e+02
2905 +3.731239042e+02 +3.731239042e+02 +3.512839042e+02 +3.512839042e+02
2913 +3.628432406e+02 +3.628432406e+02 +3.410032406e+02 +3.410032406e+02
2950 +3.535190361e+02 +3.535190361e+02 +3.316790361e+02 +3.316790361e+02
2957 +3.462044045e+02 +3.462044045e+02 +3.243644045e+02 +3.243644045e+02
2972 +3.381570670e+02 +3.381570670e+02 +3.163170670e+02 +3.163170670e+02
3190 +3.262450376e+02 +3.262450376e+02 +3.044050376e+02 +3.044050376e+02
3221 +3.214522279e+02 +3.214522279e+02 +2.996122279e+02 +2.996122279e+02
3224 +3.148765499e+02 +3.148765499e+02 +2.930365499e+02 +2.930365499e+02
3280 +3.064908210e+02 +3.064908210e+02 +2.846508210e+02 +2.846508210e+02
3401 +3.017385624e+02 +3.017385624e+02 +2.798985624e+02 +2.798985624e+02
3430 +2.944831028e+02 +2.944831028e+02 +2.726431028e+02 +2.726431028e+02
3478 +2.876989841e+02 +2.876989841e+02 +2.658589841e+02 +2.658589841e+02
3593 +2.810335696e+02 +2.810335696e+02 +2.591935696e+02 +2.591935696e+02
3669 +2.738362571e+02 +2.738362571e+02 +2.519962571e+02 +2.519962571e+02
3733 +2.667976985e+02 +2.667976985e+02 +2.449576985e+02 +2.449576985e+02
3840 +2.619952700e+02 +2.619952700e+02 +2.401552700e+02 +2.401552700e+02
3902 +2.564701371e+02 +2.564701371e+02 +2.346301371e+02 +2.346301371e+02
3972 +2.510258650e+02 +2.510258650e+02 +2.291858650e+02 +2.291858650e+02
4044 +2.449432949e+02 +2.449432949e+02 +2.231032949e+02 +2.231032949e+02
4097 +2.393548980e+02 +2.393548980e+02 +2.175148980e+02 +2.175148980e+02
4201 +2.337384160e+02 +2.337384160e+02 +2.118984160e+02 +2.118984160e+02
4285 +2.290780495e+02 +2.290780495e+02 +2.072380495e+02 +2.072380495e+02
4435 +2.237051147e+02 +2.237051147e+02 +2.018651147e+02 +2.018651147e+02
4599 +2.179263644e+02 +2.179263644e+02 +1.960863644e+02 +1.960863644e+02
5274 +2.137750571e+02 +2.137750571e+02 +1.919350571e+02 +1.919350571e+02
% function evaluation | noise-free fitness - Fopt (-1.862000000000e+01) | best noise-free fitness - Fopt | measured fitness | best measured fitness | x1 | x2...
1 +1.569183741e+03 +1.569183741e+03 +1.550563741e+03 +1.550563741e+03
22 +1.509844827e+03 +1.509844827e+03 +1.491224827e+03 +1.491224827e+03
43 +1.267234347e+03 +1.267234347e+03 +1.248614347e+03 +1.248614347e+03
63 +1.173986877e+03 +1.173986877e+03 +1.155366877e+03 +1.155366877e+03
93 +1.139174125e+03 +1.139174125e+03 +1.120554125e+03 +1.120554125e+03
99 +1.067294063e+03 +1.067294063e+03 +1.048674063e+03 +1.048674063e+03
106 +1.025163005e+03 +1.025163005e+03 +1.006543005e+03 +1.006543005e+03
120 +9.409601650e+02 +9.409601650e+02 +9.223401650e+02 +9.223401650e+02
294 +9.041312838e+02 +9.041312838e+02 +8.855112838e+02 +8.855112838e+02
299 +8.816010476e+02 +8.816010476e+02 +8.629810476e+02 +8.629810476e+02
372 +8.517774326e+02 +8.517774326e+02 +8.331574326e+02 +8.331574326e+02
392 +8.443324053e+02 +8.443324053e+02 +8.257124053e+02 +8.257124053e+02
420 +8.042745085e+02 +8.042745085e+02 +7.856545085e+02 +7.856545085e+02
753 +7.878949029e+02 +7.878949029e+02 +7.692749029e+02 +7.692749029e+02
756 +7.525399029e+02 +7.525399029e+02 +7.339199029e+02 +7.339199029e+02
767 +7.400645801e+02 +7.400645801e+02 +7.214445801e+02 +7.214445801e+02
771 +7.222918996e+02 +7.222918996e+02 +7.036718996e+02 +7.036718996e+02
772 +6.856637901e+02 +6.856637901e+02 +6.670437901e+02 +6.670437901e+02
806 +6.711898962e+02 +6.711898962e+02 +6.525698962e+02 +6.525698962e+02
1351 +6.375870714e+02 +6.375870714e+02 +6.189670714e+02 +6.189670714e+02
2085 +6.052962441e+02 +6.052962441e+02 +5.866762441e+02 +5.866762441e+02
2322 +5.851015046e+02 +5.851015046e+02 +5.664815046e+02 +5.664815046e+02
2344 +5.458607439e+02 +5.458607439e+02 +5.272407439e+02 +5.272407439e+02
2357 +5.226926443e+02 +5.226926443e+02 +5.040726443e+02 +5.040726443e+02
2809 +5.026259457e+02 +5.026259457e+02 +4.840059457e+02 +4.840059457e+02
2825 +4.978154389e+02 +4.978154389e+02 +4.791954389e+02 +4.791954389e+02
2871 +4.641481687e+02 +4.641481687e+02 +4.455281687e+02 +4.455281687e+02
2885 +4.516575823e+02 +4.516575823e+02 +4.330375823e+02 +4.330375823e+02
2942 +4.436903644e+02 +4.436903644e+02 +4.250703644e+02 +4.250703644e+02
2988 +4.353371201e+02 +4.353371201e+02 +4.167171201e+02 +4.167171201e+02
3054 +4.257684364e+02 +4.257684364e+02 +4.071484364e+02 +4.071484364e+02
3165 +4.157819915e+02 +4.157819915e+02 +3.971619915e+02 +3.971619915e+02
3195 +4.050429336e+02 +4.050429336e+02 +3.864229336e+02 +3.864229336e+02
3252 +3.952755874e+02 +3.952755874e+02 +3.766555874e+02 +3.766555874e+02
3267 +3.889545174e+02 +3.889545174e+02 +3.703345174e+02 +3.703345174e+02
3392 +3.800629038e+02 +3.800629038e+02 +3.614429038e+02 +3.614429038e+02
3590 +3.696083402e+02 +3.696083402e+02 +3.509883402e+02 +3.509883402e+02
3695 +3.627174109e+02 +3.627174109e+02 +3.440974109e+02 +3.440974109e+02
3984 +3.546710309e+02 +3.546710309e+02 +3.360510309e+02 +3.360510309e+02
% function evaluation | noise-free fitness - Fopt (2.764000000000e+01) | best noise-free fitness - Fopt | measured fitness | best measured fitness | x1 | x2...
1 +1.626746244e+03 +1.626746244e+03 +1.654386244e+03 +1.654386244e+03
11 +1.574764048e+03 +1.574764048e+03 +1.602404048e+03 +1.602404048e+03
14 +1.530948757e+03 +1.530948757e+03 +1.558588757e+03 +1.558588757e+03
19 +1.403962523e+03 +1.403962523e+03 +1.431602523e+03 +1.431602523e+03
42 +1.370680197e+03 +1.370680197e+03 +1.398320197e+03 +1.398320197e+03
53 +1.303866405e+03 +1.303866405e+03 +1.331506405e+03 +1.331506405e+03
65 +1.276034656e+03 +1.276034656e+03 +1.303674656e+03 +1.303674656e+03
71 +1.220012493e+03 +1.220012493e+03 +1.247652493e+03 +1.247652493e+03
76 +1.185777488e+03 +1.185777488e+03 +1.213417488e+03 +1.213417488e+03
108 +1.135821686e+03 +1.135821686e+03 +1.163461686e+03 +1.163461686e+03
111 +1.019768307e+03 +1.019768307e+03 +1.047408307e+03 +1.047408307e+03
121 +9.836538035e+02 +9.836538035e+02 +1.011293804e+03 +1.011293804e+03
195 +9.043595066e+02 +9.043595066e+02 +9.319995066e+02 +9.319995066e+02
307 +8.879065949e+02 +8.879065949e+02 +9.155465949e+02 +9.155465949e+02
314 +8.125678613e+02 +8.125678613e+02 +8.402078613e+02 +8.402078613e+02
395 +7.779197033e+02 +7.779197033e+02 +8.055597033e+02 +8.055597033e+02
403 +7.511845833e+02 +7.511845833e+02 +7.788245833e+02 +7.788245833e+02
421 +7.381987234e+02 +7.381987234e+02 +7.658387234e+02 +7.658387234e+02
441 +6.761402284e+02 +6.761402284e+02 +7.037802284e+02 +7.037802284e+02
839 +6.334886914e+02 +6.334886914e+02 +6.611286914e+02 +6.611286914e+02
930 +5.670715507e+02 +5.670715507e+02 +5.947115507e+02 +5.947115507e+02
1025 +5.577196425e+02 +5.577196425e+02 +5.853596425e+02 +5.853596425e+02
1305 +5.345974880e+02 +5.345974880e+02 +5.622374880e+02 +5.622374880e+02
1367 +4.992585858e+02 +4.992585858e+02 +5.268985858e+02 +5.268985858e+02
1947 +4.749134410e+02 +4.749134410e+02 +5.025534410e+02 +5.025534410e+02
2250 +4.618512038e+02 +4.618512038e+02 +4.894912038e+02 +4.894912038e+02
2412 +4.398750506e+02 +4.398750506e+02 +4.675150506e+02 +4.675150506e+02
2458 +4.317731787e+02 +4.317731787e+02 +4.594131787e+02 +4.594131787e+02
2469 +4.263237913e+02 +4.263237913e+02 +4.539637913e+02 +4.539637913e+02
2632 +4.150303251e+02 +4.150303251e+02 +4.426703251e+02 +4.426703251e+02
2762 +4.020565989e+02 +4.020565989e+02 +4.296965989e+02 +4.296965989e+02
2771 +3.949696185e+02 +3.949696185e+02 +4.226096185e+02 +4.226096185e+02
2796 +3.879183175e+02 +3.879183175e+02 +4.155583175e+02 +4.155583175e+02
2824 +3.376980442e+02 +3.376980442e+02 +3.653380442e+02 +3.653380442e+02
2833 +3.283503722e+02 +3.283503722e+02 +3.559903722e+02 +3.559903722e+02
2903 +3.216468129e+02 +3.216468129e+02 +3.492868129e+02 +3.492868129e+02
2972 +3.142408081e+02 +3.142408081e+02 +3.418808081e+02 +3.418808081e+02
2986 +2.962964834e+02 +2.962964834e+02 +3.239364834e+02 +3.239364834e+02
3000 +2.906722462e+02 +2.906722462e+02 +3.183122462e+02 +3.183122462e+02
3016 +2.832829440e+02 +2.832829440e+02 +3.109229440e+02 +3.109229440e+02
3028 +2.804151561e+02 +2.804151561e+02 +3.080551561e+02 +3.080551561e+02
3030 +2.707550045e+02 +2.707550045e+02 +2.983950045e+02 +2.983950045e+02
3068 +2.627306838e+02 +2.627306838e+02 +2.903706838e+02 +2.903706838e+02
3196 +2.561005348e+02 +2.561005348e+02 +2.837405348e+02 +2.837405348e+02
3224 +2.511735033e+02 +2.511735033e+02 +2.788135033e+02 +2.788135033e+02
3276 +2.453175007e+02 +2.453175007e+02 +2.729575007e+02 +2.729575007e+02
3374 +2.392389209e+02 +2.392389209e+02 +2.668789209e+02 +2.668789209e+02
3475 +2.342401859e+02 +2.342401859e+02 +2.618801859e+02 +2.618801859e+02
3545 +2.267142149e+02 +2.267142149e+02 +2.543542149e+02 +2.543542149e+02
3597 +2.220543486e+02 +2.220543486e+02 +2.496943486e+02 +2.496943486e+02
3685 +2.186079865e+02 +2.186079865e+02 +2.462479865e+02 +2.462479865e+02
3734 +2.135917535e+02 +2.135917535e+02 +2.412317535e+02 +2.412317535e+02
3957 +2.088880073e+02 +2.088880073e+02 +2.365280073e+02 +2.365280073e+02
4302 +2.040143854e+02 +2.040143854e+02 +2.316543854e+02 +2.316543854e+02
4942 +1.994876480e+02 +1.994876480e+02 +2.271276480e+02 +2.271276480e+02
% function evaluation | noise-free fitness - Fopt (-1.552000000000e+01) | best noise-free fitness - Fopt | measured fitness | best measured fitness | x1 | x2...
1 +1.276674020e+03 +1.276674020e+03 +1.261154020e+03 +1.261154020e+03
20 +1.209638268e+03 +1.209638268e+03 +1.194118268e+03 +1.194118268e+03
43 +1.173646898e+03 +1.173646898e+03 +1.158126898e+03 +1.158126898e+03
53 +1.136238436e+03 +1.136238436e+03 +1.120718436e+03 +1.120718436e+03
58 +1.096249627e+03 +1.096249627e+03 +1.080729627e+03 +1.080729627e+03
66 +1.059865968e+03 +1.059865968e+03 +1.044345968e+03 +1.044345968e+03
75 +1.039392538e+03 +1.039392538e+03 +1.023872538e+03 +1.023872538e+03
85 +9.508940335e+02 +9.508940335e+02 +9.353740335e+02 +9.353740335e+02
92 +9.155419909e+02 +9.155419909e+02 +9.000219909e+02 +9.000219909e+02
105 +8.832174073e+02 +8.832174073e+02 +8.676974073e+02 +8.676974073e+02
109 +8.572542836e+02 +8.572542836e+02 +8.417342836e+02 +8.417342836e+02
197 +7.949570525e+02 +7.949570525e+02 +7.794370525e+02 +7.794370525e+02
218 +7.057777086e+02 +7.057777086e+02 +6.902577086e+02 +6.902577086e+02
316 +6.760722726e+02 +6.760722726e+02 +6.605522726e+02 +6.605522726e+02
686 +6.191153781e+02 +6.191153781e+02 +6.035953781e+02 +6.035953781e+02
1122 +5.949811976e+02 +5.949811976e+02 +5.794611976e+02 +5.794611976e+02
1276 +5.867522880e+02 +5.867522880e+02 +5.712322880e+02 +5.712322880e+02
1318 +5.531739067e+02 +5.531739067e+02 +5.376539067e+02 +5.376539067e+02
1701 +4.919087947e+02 +4.919087947e+02 +4.763887947e+02 +4.763887947e+02
2015 +4.610777809e+02 +4.610777809e+02 +4.455577809e+02 +4.455577809e+02
2347 +4.529395878e+02 +4.529395878e+02 +4.374195878e+02 +4.374195878e+02
2428 +4.466295064e+02 +4.466295064e+02 +4.311095064e+02 +4.311095064e+02
2454 +4.107444457e+02 +4.107444457e+02 +3.952244457e+02 +3.952244457e+02
2619 +3.970116624e+02 +3.970116624e+02 +3.814916624e+02 +3.814916624e+02
2757 +3.781512651e+02 +3.781512651e+02 +3.626312651e+02 +3.626312651e+02
2968 +3.432922743e+02 +3.432922743e+02 +3.277722743e+02 +3.277722743e+02
3189 +3.364248925e+02 +3.364248925e+02 +3.209048925e+02 +3.209048925e+02
3200 +3.286853770e+02 +3.286853770e+02 +3.131653770e+02 +3.131653770e+02
3209 +3.180555553e+02 +3.180555553e+02 +3.025355553e+02 +3.025355553e+02
3212 +3.015104476e+02 +3.015104476e+02 +2.859904476e+02 +2.859904476e+02
3386 +2.937846726e+02 +2.937846726e+02 +2.782646726e+02 +2.782646726e+02
3401 +2.638891693e+02 +2.638891693e+02 +2.483691693e+02 +2.483691693e+02
3414 +2.551043811e+02 +2.551043811e+02 +2.395843811e+02 +2.395843811e+02
3676 +2.494395974e+02 +2.494395974e+02 +2.339195974e+02 +2.339195974e+02
3692 +2.427642362e+02 +2.427642362e+02 +2.272442362e+02 +2.272442362e+02
3729 +2.389053027e+02 +2.389053027e+02 +2.233853027e+02 +2.233853027e+02
3742 +2.315790553e+02 +2.315790553e+02 +2.160590553e+02 +2.160590553e+02
3744 +2.285382557e+02 +2.285382557e+02 +2.130182557e+02 +2.130182557e+02
3781 +2.209015379e+02 +2.209015379e+02 +2.053815379e+02 +2.053815379e+02
3794 +2.128880868e+02 +2.128880868e+02 +1.973680868e+02 +1.973680868e+02
3812 +2.042718509e+02 +2.042718509e+02 +1.887518509e+02 +1.887518509e+02
3822 +1.991648711e+02 +1.991648711e+02 +1.836448711e+02 +1.836448711e+02
3844 +1.931475558e+02 +1.931475558e+02 +1.776275558e+02 +1.776275558e+02
3852 +1.898538605e+02 +1.898538605e+02 +1.743338605e+02 +1.743338605e+02
3868 +1.837898969e+02 +1.837898969e+02 +1.682698969e+02 +1.682698969e+02
3882 +1.770145357e+02 +1.770145357e+02 +1.614945357e+02 +1.614945357e+02
4047 +1.736464745e+02 +1.736464745e+02 +1.581264745e+02 +1.581264745e+02
4083 +1.685230144e+02 +1.685230144e+02 +1.530030144e+02 +1.530030144e+02
4124 +1.658941363e+02 +1.658941363e+02 +1.503741363e+02 +1.503741363e+02
4145 +1.619499591e+02 +1.619499591e+02 +1.464299591e+02 +1.464299591e+02
4256 +1.577915388e+02 +1.577915388e+02 +1.422715388e+02 +1.422715388e+02
4362 +1.542438064e+02 +1.542438064e+02 +1.387238064e+02 +1.387238064e+02
4485 +1.513473081e+02 +1.513473081e+02 +1.358273081e+02 +1.358273081e+02
4765 +1.478368517e+02 +1.478368517e+02 +1.323168517e+02 +1.323168517e+02
5253 +1.445392393e+02 +1.445392393e+02 +1.290192393e+02 +1.290192393e+02
% function evaluation | noise-free fitness - Fopt (1.000000000000e+03) | best noise-free fitness - Fopt | measured fitness | best measured fitness | x1 | x2...
1 +1.883130681e+03 +1.883130681e+03 +2.883130681e+03 +2.883130681e+03
4 +1.816089962e+03 +1.816089962e+03 +2.816089962e+03 +2.816089962e+03
35 +1.537996780e+03 +1.537996780e+03 +2.537996780e+03 +2.537996780e+03
76 +1.362385775e+03 +1.362385775e+03 +2.362385775e+03 +2.362385775e+03
113 +1.330362912e+03 +1.330362912e+03 +2.330362912e+03 +2.330362912e+03
116 +1.257660096e+03 +1.257660096e+03 +2.257660096e+03 +2.257660096e+03
128 +1.221246798e+03 +1.221246798e+03 +2.221246798e+03 +2.221246798e+03
138 +1.175773888e+03 +1.175773888e+03 +2.175773888e+03 +2.175773888e+03
150 +1.146326347e+03 +1.146326347e+03 +2.146326347e+03 +2.146326347e+03
160 +1.117073520e+03 +1.117073520e+03 +2.117073520e+03 +2.117073520e+03
166 +1.082520862e+03 +1.082520862e+03 +2.082520862e+03 +2.082520862e+03
167 +1.061760085e+03 +1.061760085e+03 +2.061760085e+03 +2.061760085e+03
170 +9.954051315e+02 +9.954051315e+02 +1.995405131e+03 +1.995405131e+03
188 +9.395167537e+02 +9.395167537e+02 +1.939516754e+03 +1.939516754e+03
190 +9.310513842e+02 +9.310513842e+02 +1.931051384e+03 +1.931051384e+03
206 +8.932277778e+02 +8.932277778e+02 +1.893227778e+03 +1.893227778e+03
213 +8.112955410e+02 +8.112955410e+02 +1.811295541e+03 +1.811295541e+03
313 +7.569618978e+02 +7.569618978e+02 +1.756961898e+03 +1.756961898e+03
333 +6.780149796e+02 +6.780149796e+02 +1.678014980e+03 +1.678014980e+03
662 +6.725099894e+02 +6.725099894e+02 +1.672509989e+03 +1.672509989e+03
689 +6.566047033e+02 +6.566047033e+02 +1.656604703e+03 +1.656604703e+03
1075 +5.633323442e+02 +5.633323442e+02 +1.563332344e+03 +1.563332344e+03
1688 +5.555686655e+02 +5.555686655e+02 +1.555568665e+03 +1.555568665e+03
2111 +5.327586884e+02 +5.327586884e+02 +1.532758688e+03 +1.532758688e+03
2288 +5.232007150e+02 +5.232007150e+02 +1.523200715e+03 +1.523200715e+03
2337 +4.985571551e+02 +4.985571551e+02 +1.498557155e+03 +1.498557155e+03
2485 +4.745758252e+02 +4.745758252e+02 +1.474575825e+03 +1.474575825e+03
2640 +4.453419710e+02 +4.453419710e+02 +1.445341971e+03 +1.445341971e+03
2653 +4.242469727e+02 +4.242469727e+02 +1.424246973e+03 +1.424246973e+03
2749 +4.097693449e+02 +4.097693449e+02 +1.409769345e+03 +1.409769345e+03
2754 +4.064875469e+02 +4.064875469e+02 +1.406487547e+03 +1.406487547e+03
2787 +3.949577327e+02 +3.949577327e+02 +1.394957733e+03 +1.394957733e+03
2793 +3.865282978e+02 +3.865282978e+02 +1.386528298e+03 +1.386528298e+03
2832 +3.798068038e+02 +3.798068038e+02 +1.379806804e+03 +1.379806804e+03
2845 +3.629024576e+02 +3.629024576e+02 +1.362902458e+03 +1.362902458e+03
2908 +3.468804355e+02 +3.468804355e+02 +1.346880436e+03 +1.346880436e+03
2915 +3.451295549e+02 +3.451295549e+02 +1.345129555e+03 +1.345129555e+03
3031 +3.350959059e+02 +3.350959059e+02 +1.335095906e+03 +1.335095906e+03
3059 +3.293406175e+02 +3.293406175e+02 +1.329340618e+03 +1.329340618e+03
3062 +3.226574292e+02 +3.226574292e+02 +1.322657429e+03 +1.322657429e+03
3195 +3.088189086e+02 +3.088189086e+02 +1.308818909e+03 +1.308818909e+03
3239 +3.010785443e+02 +3.010785443e+02 +1.301078544e+03 +1.301078544e+03
3256 +2.930837602e+02 +2.930837602e+02 +1.293083760e+03 +1.293083760e+03
3342 +2.866663626e+02 +2.866663626e+02 +1.286666363e+03 +1.286666363e+03
3361 +2.786463333e+02 +2.786463333e+02 +1.278646333e+03 +1.278646333e+03
3384 +2.738393671e+02 +2.738393671e+02 +1.273839367e+03 +1.273839367e+03
3425 +2.679606313e+02 +2.679606313e+02 +1.267960631e+03 +1.267960631e+03
3497 +2.627864246e+02 +2.627864246e+02 +1.262786425e+03 +1.262786425e+03
3606 +2.562730225e+02 +2.562730225e+02 +1.256273023e+03 +1.256273023e+03
3660 +2.509490537e+02 +2.509490537e+02 +1.250949054e+03 +1.250949054e+03
3723 +2.454565544e+02 +2.454565544e+02 +1.245456554e+03 +1.245456554e+03
3853 +2.398744890e+02 +2.398744890e+02 +1.239874489e+03 +1.239874489e+03
4238 +2.340931626e+02 +2.340931626e+02 +1.234093163e+03 +1.234093163e+03
4976 +2.290556213e+02 +2.290556213e+02 +1.229055621e+03 +1.229055621e+03
% function evaluation | noise-free fitness - Fopt (-3.030200000000e+02) | best noise-free fitness - Fopt | measured fitness | best measured fitness | x1 | x2...
1 +1.691558186e+03 +1.691558186e+03 +1.388538186e+03 +1.388538186e+03
17 +1.407306784e+03 +1.407306784e+03 +1.104286784e+03 +1.104286784e+03
62 +1.186128389e+03 +1.186128389e+03 +8.831083894e+02 +8.831083894e+02
81 +1.140865151e+03 +1.140865151e+03 +8.378451512e+02 +8.378451512e+02
82 +1.097567407e+03 +1.097567407e+03 +7.945474073e+02 +7.945474073e+02
107 +1.049099086e+03 +1.049099086e+03 +7.460790862e+02 +7.460790862e+02
114 +1.014535743e+03 +1.014535743e+03 +7.115157431e+02 +7.115157431e+02
133 +9.118124696e+02 +9.118124696e+02 +6.087924696e+02 +6.087924696e+02
157 +8.851204085e+02 +8.851204085e+02 +5.821004085e+02 +5.821004085e+02
164 +8.052804528e+02 +8.052804528e+02 +5.022604528e+02 +5.022604528e+02
194 +7.527163120e+02 +7.527163120e+02 +4.496963120e+02 +4.496963120e+02
203 +7.377553665e+02 +7.377553665e+02 +4.347353665e+02 +4.347353665e+02
214 +6.807128042e+02 +6.807128042e+02 +3.776928042e+02 +3.776928042e+02
270 +6.332447754e+02 +6.332447754e+02 +3.302247754e+02 +3.302247754e+02
284 +5.793654838e+02 +5.793654838e+02 +2.763454838e+02 +2.763454838e+02
307 +5.498873709e+02 +5.498873709e+02 +2.468673709e+02 +2.468673709e+02
747 +5.468351038e+02 +5.468351038e+02 +2.438151038e+02 +2.438151038e+02
824 +5.323953724e+02 +5.323953724e+02 +2.293753724e+02 +2.293753724e+02
1547 +5.211511883e+02 +5.211511883e+02 +2.181311883e+02 +2.181311883e+02
2216 +4.698282773e+02 +4.698282773e+02 +1.668082773e+02 +1.668082773e+02
2531 +4.275778733e+02 +4.275778733e+02 +1.245578733e+02 +1.245578733e+02
4183 +4.254949382e+02 +4.254949382e+02 +1.224749382e+02 +1.224749382e+02
4193 +4.002321419e+02 +4.002321419e+02 +9.721214190e+01 +9.721214190e+01
4493 +3.820957887e+02 +3.820957887e+02 +7.907578866e+01 +7.907578866e+01
4567 +3.786480775e+02 +3.786480775e+02 +7.562807748e+01 +7.562807748e+01
4753 +3.443856255e+02 +3.443856255e+02 +4.136562552e+01 +4.136562552e+01
4795 +3.224743567e+02 +3.224743567e+02 +1.945435668e+01 +1.945435668e+01
4905 +3.144847430e+02 +3.144847430e+02 +1.146474304e+01 +1.146474304e+01
5006 +3.090007897e+02 +3.090007897e+02 +5.980789697e+00 +5.980789697e+00
5057 +2.983962543e+02 +2.983962543e+02 -4.623745689e+00 -4.623745689e+00
5067 +2.935481429e+02 +2.935481429e+02 -9.471857131e+00 -9.471857131e+00
5209 +2.864447782e+02 +2.864447782e+02 -1.657522179e+01 -1.657522179e+01
5273 +2.815274957e+02 +2.815274957e+02 -2.149250430e+01 -2.149250430e+01
5305 +2.751279334e+02 +2.751279334e+02 -2.789206661e+01 -2.789206661e+01
5442 +2.681136992e+02 +2.681136992e+02 -3.490630076e+01 -3.490630076e+01
5471 +2.615286604e+02 +2.615286604e+02 -4.149133962e+01 -4.149133962e+01
5550 +2.562377538e+02 +2.562377538e+02 -4.678224621e+01 -4.678224621e+01
5578 +2.508098685e+02 +2.508098685e+02 -5.221013153e+01 -5.221013153e+01
5744 +2.450620623e+02 +2.450620623e+02 -5.795793772e+01 -5.795793772e+01
5847 +2.392318953e+02 +2.392318953e+02 -6.378810468e+01 -6.378810468e+01
6083 +2.344111368e+02 +2.344111368e+02 -6.860886323e+01 -6.860886323e+01
6853 +2.290850846e+02 +2.290850846e+02 -7.393491538e+01 -7.393491538e+01
% function evaluation | noise-free fitness - Fopt (4.731200000000e+02) | best noise-free fitness - Fopt | measured fitness | best measured fitness | x1 | x2...
1 +2.339049920e+03 +2.339049920e+03 +2.812169920e+03 +2.812169920e+03
11 +2.057270545e+03 +2.057270545e+03 +2.530390545e+03 +2.530390545e+03
12 +1.928489806e+03 +1.928489806e+03 +2.401609806e+03 +2.401609806e+03
16 +1.804850870e+03 +1.804850870e+03 +2.277970870e+03 +2.277970870e+03
18 +1.246626116e+03 +1.246626116e+03 +1.719746116e+03 +1.719746116e+03
26 +1.156863079e+03 +1.156863079e+03 +1.629983079e+03 +1.629983079e+03
34 +1.034305299e+03 +1.034305299e+03 +1.507425299e+03 +1.507425299e+03
52 +9.972500604e+02 +9.972500604e+02 +1.470370060e+03 +1.470370060e+03
66 +9.737941890e+02 +9.737941890e+02 +1.446914189e+03 +1.446914189e+03
88 +9.440737868e+02 +9.440737868e+02 +1.417193787e+03 +1.417193787e+03
92 +9.037390127e+02 +9.037390127e+02 +1.376859013e+03 +1.376859013e+03
102 +8.400570593e+02 +8.400570593e+02 +1.313177059e+03 +1.313177059e+03
117 +8.311943283e+02 +8.311943283e+02 +1.304314328e+03 +1.304314328e+03
149 +7.639805289e+02 +7.639805289e+02 +1.237100529e+03 +1.237100529e+03
189 +7.035137330e+02 +7.035137330e+02 +1.176633733e+03 +1.176633733e+03
215 +6.568804316e+02 +6.568804316e+02 +1.130000432e+03 +1.130000432e+03
312 +6.049620637e+02 +6.049620637e+02 +1.078082064e+03 +1.078082064e+03
315 +5.918564362e+02 +5.918564362e+02 +1.064976436e+03 +1.064976436e+03
372 +5.856194480e+02 +5.856194480e+02 +1.058739448e+03 +1.058739448e+03
382 +5.730562310e+02 +5.730562310e+02 +1.046176231e+03 +1.046176231e+03
965 +5.568364299e+02 +5.568364299e+02 +1.029956430e+03 +1.029956430e+03
981 +5.455126505e+02 +5.455126505e+02 +1.018632650e+03 +1.018632650e+03
1112 +5.205086806e+02 +5.205086806e+02 +9.936286806e+02 +9.936286806e+02
1134 +5.090315829e+02 +5.090315829e+02 +9.821515829e+02 +9.821515829e+02
1136 +4.699662531e+02 +4.699662531e+02 +9.430862531e+02 +9.430862531e+02
1719 +4.593770501e+02 +4.593770501e+02 +9.324970501e+02 +9.324970501e+02
1832 +4.566073367e+02 +4.566073367e+02 +9.297273367e+02 +9.297273367e+02
2582 +4.155715589e+02 +4.155715589e+02 +8.886915589e+02 +8.886915589e+02
2882 +4.040255732e+02 +4.040255732e+02 +8.771455732e+02 +8.771455732e+02
3081 +3.862807221e+02 +3.862807221e+02 +8.594007221e+02 +8.594007221e+02
3090 +3.511164863e+02 +3.511164863e+02 +8.242364863e+02 +8.242364863e+02
3097 +3.375508753e+02 +3.375508753e+02 +8.106708753e+02 +8.106708753e+02
3377 +3.311103042e+02 +3.311103042e+02 +8.042303042e+02 +8.042303042e+02
3392 +3.187788721e+02 +3.187788721e+02 +7.918988721e+02 +7.918988721e+02
3412 +2.979245732e+02 +2.979245732e+02 +7.710445732e+02 +7.710445732e+02
3414 +2.827739584e+02 +2.827739584e+02 +7.558939584e+02 +7.558939584e+02
3424 +2.645430404e+02 +2.645430404e+02 +7.376630404e+02 +7.376630404e+02
3445 +2.581619342e+02 +2.581619342e+02 +7.312819342e+02 +7.312819342e+02
3600 +2.486500537e+02 +2.486500537e+02 +7.217700537e+02 +7.217700537e+02
3663 +2.328315416e+02 +2.328315416e+02 +7.059515416e+02 +7.059515416e+02
3705 +2.219428286e+02 +2.219428286e+02 +6.950628286e+02 +6.950628286e+02
3983 +2.164794386e+02 +2.164794386e+02 +6.895994386e+02 +6.895994386e+02
4011 +2.127085999e+02 +2.127085999e+02 +6.858285999e+02 +6.858285999e+02
4016 +2.083706974e+02 +2.083706974e+02 +6.814906974e+02 +6.814906974e+02
4226 +2.031112623e+02 +2.031112623e+02 +6.762312623e+02 +6.762312623e+02
4243 +1.990295771e+02 +1.990295771e+02 +6.721495771e+02 +6.721495771e+02
4286 +1.947692536e+02 +1.947692536e+02 +6.678892536e+02 +6.678892536e+02
4325 +1.892021971e+02 +1.892021971e+02 +6.623221971e+02 +6.623221971e+02
4358 +1.857787969e+02 +1.857787969e+02 +6.588987969e+02 +6.588987969e+02
4363 +1.810004319e+02 +1.810004319e+02 +6.541204319e+02 +6.541204319e+02
4393 +1.775507308e+02 +1.775507308e+02 +6.506707308e+02 +6.506707308e+02
4475 +1.725050826e+02 +1.725050826e+02 +6.456250826e+02 +6.456250826e+02
4499 +1.695818029e+02 +1.695818029e+02 +6.427018029e+02 +6.427018029e+02
4553 +1.648485686e+02 +1.648485686e+02 +6.379685686e+02 +6.379685686e+02
4783 +1.619939793e+02 +1.619939793e+02 +6.351139793e+02 +6.351139793e+02
5127 +1.582917817e+02 +1.582917817e+02 +6.314117817e+02 +6.314117817e+02
5688 +1.548646871e+02 +1.548646871e+02 +6.279846871e+02 +6.279846871e+02
6451 +1.512767363e+02 +1.512767363e+02 +6.243967363e+02 +6.243967363e+02
% function evaluation | noise-free fitness - Fopt (6.842100000000e+02) | best noise-free fitness - Fopt | measured fitness | best measured fitness | x1 | x2...
1 +1.428240181e+03 +1.428240181e+03 +2.112450181e+03 +2.112450181e+03
5 +1.392687325e+03 +1.392687325e+03 +2.076897325e+03 +2.076897325e+03
17 +1.348558687e+03 +1.348558687e+03 +2.032768687e+03 +2.032768687e+03
24 +1.096534352e+03 +1.096534352e+03 +1.780744352e+03 +1.780744352e+03
50 +1.084707056e+03 +1.084707056e+03 +1.768917056e+03 +1.768917056e+03
55 +1.061856112e+03 +1.061856112e+03 +1.746066112e+03 +1.746066112e+03
221 +9.325234946e+02 +9.325234946e+02 +1.616733495e+03 +1.616733495e+03
236 +8.516131767e+02 +8.516131767e+02 +1.535823177e+03 +1.535823177e+03
253 +8.310603787e+02 +8.310603787e+02 +1.515270379e+03 +1.515270379e+03
258 +8.125545319e+02 +8.125545319e+02 +1.496764532e+03 +1.496764532e+03
280 +6.758146698e+02 +6.758146698e+02 +1.360024670e+03 +1.360024670e+03
352 +6.059397662e+02 +6.059397662e+02 +1.290149766e+03 +1.290149766e+03
639 +5.636578615e+02 +5.636578615e+02 +1.247867862e+03 +1.247867862e+03
805 +5.480089282e+02 +5.480089282e+02 +1.232218928e+03 +1.232218928e+03
1048 +5.335966287e+02 +5.335966287e+02 +1.217806629e+03 +1.217806629e+03
1143 +5.218239825e+02 +5.218239825e+02 +1.206033983e+03 +1.206033983e+03
1151 +4.793261816e+02 +4.793261816e+02 +1.163536182e+03 +1.163536182e+03
1177 +4.726921674e+02 +4.726921674e+02 +1.156902167e+03 +1.156902167e+03
1244 +4.670348319e+02 +4.670348319e+02 +1.151244832e+03 +1.151244832e+03
1923 +4.469201381e+02 +4.469201381e+02 +1.131130138e+03 +1.131130138e+03
2974 +4.255207219e+02 +4.255207219e+02 +1.109730722e+03 +1.109730722e+03
3150 +4.147311141e+02 +4.147311141e+02 +1.098941114e+03 +1.098941114e+03
3409 +3.847787227e+02 +3.847787227e+02 +1.068988723e+03 +1.068988723e+03
3555 +3.752667683e+02 +3.752667683e+02 +1.059476768e+03 +1.059476768e+03
3562 +3.630384852e+02 +3.630384852e+02 +1.047248485e+03 +1.047248485e+03
3792 +3.421456099e+02 +3.421456099e+02 +1.026355610e+03 +1.026355610e+03
3879 +3.295385786e+02 +3.295385786e+02 +1.013748579e+03 +1.013748579e+03
4031 +3.193775297e+02 +3.193775297e+02 +1.003587530e+03 +1.003587530e+03
4042 +3.032898530e+02 +3.032898530e+02 +9.874998530e+02 +9.874998530e+02
4053 +2.887907616e+02 +2.887907616e+02 +9.730007616e+02 +9.730007616e+02
4066 +2.852142679e+02 +2.852142679e+02 +9.694242679e+02 +9.694242679e+02
4109 +2.799848130e+02 +2.799848130e+02 +9.641948130e+02 +9.641948130e+02
4157 +2.743740914e+02 +2.743740914e+02 +9.585840914e+02 +9.585840914e+02
4229 +2.630808888e+02 +2.630808888e+02 +9.472908888e+02 +9.472908888e+02
4237 +2.610441346e+02 +2.610441346e+02 +9.452541346e+02 +9.452541346e+02
4264 +2.536280539e+02 +2.536280539e+02 +9.378380539e+02 +9.378380539e+02
4302 +2.507399254e+02 +2.507399254e+02 +9.349499254e+02 +9.349499254e+02
4357 +2.416340133e+02 +2.416340133e+02 +9.258440133e+02 +9.258440133e+02
4450 +2.396919387e+02 +2.396919387e+02 +9.239019387e+02 +9.239019387e+02
4481 +2.334628658e+02 +2.334628658e+02 +9.176728658e+02 +9.176728658e+02
4511 +2.268777253e+02 +2.268777253e+02 +9.110877253e+02 +9.110877253e+02
4523 +2.230415209e+02 +2.230415209e+02 +9.072515209e+02 +9.072515209e+02
4562 +2.182989936e+02 +2.182989936e+02 +9.025089936e+02 +9.025089936e+02
4641 +2.130187188e+02 +2.130187188e+02 +8.972287188e+02 +8.972287188e+02
4719 +2.086790705e+02 +2.086790705e+02 +8.928890705e+02 +8.928890705e+02
4932 +2.039159195e+02 +2.039159195e+02 +8.881259195e+02 +8.881259195e+02
5068 +1.993093360e+02 +1.993093360e+02 +8.835193360e+02 +8.835193360e+02
5419 +1.949551424e+02 +1.949551424e+02 +8.791651424e+02 +8.791651424e+02
5912 +1.905365725e+02 +1.905365725e+02 +8.747465725e+02 +8.747465725e+02
8159 +1.862086267e+02 +1.862086267e+02 +8.704186267e+02 +8.704186267e+02
% function evaluation | noise-free fitness - Fopt (1.808000000000e+01) | best noise-free fitness - Fopt | measured fitness | best measured fitness | x1 | x2...
1 +1.309665531e+03 +1.309665531e+03 +1.327745531e+03 +1.327745531e+03
2 +1.285234965e+03 +1.285234965e+03 +1.303314965e+03 +1.303314965e+03
7 +1.232926069e+03 +1.232926069e+03 +1.251006069e+03 +1.251006069e+03
38 +1.193321711e+03 +1.193321711e+03 +1.211401711e+03 +1.211401711e+03
54 +1.172820902e+03 +1.172820902e+03 +1.190900902e+03 +1.190900902e+03
71 +1.062283681e+03 +1.062283681e+03 +1.080363681e+03 +1.080363681e+03
103 +9.231393986e+02 +9.231393986e+02 +9.412193986e+02 +9.412193986e+02
114 +8.310664789e+02 +8.310664789e+02 +8.491464789e+02 +8.491464789e+02
326 +8.020231344e+02 +8.020231344e+02 +8.201031344e+02 +8.201031344e+02
337 +7.922559527e+02 +7.922559527e+02 +8.103359527e+02 +8.103359527e+02
350 +7.094904401e+02 +7.094904401e+02 +7.275704401e+02 +7.275704401e+02
473 +6.966692317e+02 +6.966692317e+02 +7.147492317e+02 +7.147492317e+02
505 +6.757626879e+02 +6.757626879e+02 +6.938426879e+02 +6.938426879e+02
520 +6.486869935e+02 +6.486869935e+02 +6.667669935e+02 +6.667669935e+02
522 +6.309312782e+02 +6.309312782e+02 +6.490112782e+02 +6.490112782e+02
523 +6.051546636e+02 +6.051546636e+02 +6.232346636e+02 +6.232346636e+02
527 +5.940907578e+02 +5.940907578e+02 +6.121707578e+02 +6.121707578e+02
783 +5.718479234e+02 +5.718479234e+02 +5.899279234e+02 +5.899279234e+02
830 +5.462660245e+02 +5.462660245e+02 +5.643460245e+02 +5.643460245e+02
831 +5.279482748e+02 +5.279482748e+02 +5.460282748e+02 +5.460282748e+02
1915 +5.080701432e+02 +5.080701432e+02 +5.261501432e+02 +5.261501432e+02
2876 +4.978473581e+02 +4.978473581e+02 +5.159273581e+02 +5.159273581e+02
4337 +4.845956569e+02 +4.845956569e+02 +5.026756569e+02 +5.026756569e+02
4554 +4.206565148e+02 +4.206565148e+02 +4.387365148e+02 +4.387365148e+02
4626 +4.152432164e+02 +4.152432164e+02 +4.333232164e+02 +4.333232164e+02
4783 +3.989559247e+02 +3.989559247e+02 +4.170359247e+02 +4.170359247e+02
5001 +3.871532082e+02 +3.871532082e+02 +4.052332082e+02 +4.052332082e+02
5012 +3.791530894e+02 +3.791530894e+02 +3.972330894e+02 +3.972330894e+02
5040 +3.631552277e+02 +3.631552277e+02 +3.812352277e+02 +3.812352277e+02
5057 +3.578281369e+02 +3.578281369e+02 +3.759081369e+02 +3.759081369e+02
5078 +3.547703306e+02 +3.547703306e+02 +3.728503306e+02 +3.728503306e+02
5094 +3.463209918e+02 +3.463209918e+02 +3.644009918e+02 +3.644009918e+02
5163 +3.369581248e+02 +3.369581248e+02 +3.550381248e+02 +3.550381248e+02
5188 +3.168941267e+02 +3.168941267e+02 +3.349741267e+02 +3.349741267e+02
5197 +3.152859591e+02 +3.152859591e+02 +3.333659591e+02 +3.333659591e+02
5309 +2.970310141e+02 +2.970310141e+02 +3.151110141e+02 +3.151110141e+02
5345 +2.853356244e+02 +2.853356244e+02 +3.034156244e+02 +3.034156244e+02
5566 +2.817731691e+02 +2.817731691e+02 +2.998531691e+02 +2.998531691e+02
5612 +2.754028690e+02 +2.754028690e+02 +2.934828690e+02 +2.934828690e+02
5684 +2.628217920e+02 +2.628217920e+02 +2.809017920e+02 +2.809017920e+02
5705 +2.545267938e+02 +2.545267938e+02 +2.726067938e+02 +2.726067938e+02
5836 +2.496782161e+02 +2.496782161e+02 +2.677582161e+02 +2.677582161e+02
5894 +2.452319531e+02 +2.452319531e+02 +2.633119531e+02 +2.633119531e+02
5938 +2.398712841e+02 +2.398712841e+02 +2.579512841e+02 +2.579512841e+02
6035 +2.318016104e+02 +2.318016104e+02 +2.498816104e+02 +2.498816104e+02
6113 +2.289974781e+02 +2.289974781e+02 +2.470774781e+02 +2.470774781e+02
6187 +2.230837250e+02 +2.230837250e+02 +2.411637250e+02 +2.411637250e+02
6276 +2.181727035e+02 +2.181727035e+02 +2.362527035e+02 +2.362527035e+02
6363 +2.135015072e+02 +2.135015072e+02 +2.315815072e+02 +2.315815072e+02
6632 +2.086788627e+02 +2.086788627e+02 +2.267588627e+02 +2.267588627e+02
7242 +2.041150820e+02 +2.041150820e+02 +2.221950820e+02 +2.221950820e+02
% function evaluation | noise-free fitness - Fopt (-1.537900000000e+02) | best noise-free fitness - Fopt | measured fitness | best measured fitness | x1 | x2...
1 +1.989707786e+03 +1.989707786e+03 +1.835917786e+03 +1.835917786e+03
3 +1.942226877e+03 +1.942226877e+03 +1.788436877e+03 +1.788436877e+03
6 +1.900542941e+03 +1.900542941e+03 +1.746752941e+03 +1.746752941e+03
15 +1.814358010e+03 +1.814358010e+03 +1.660568010e+03 +1.660568010e+03
23 +1.725281539e+03 +1.725281539e+03 +1.571491539e+03 +1.571491539e+03
32 +1.498718276e+03 +1.498718276e+03 +1.344928276e+03 +1.344928276e+03
39 +1.291848247e+03 +1.291848247e+03 +1.138058247e+03 +1.138058247e+03
47 +1.220829302e+03 +1.220829302e+03 +1.067039302e+03 +1.067039302e+03
50 +1.110299147e+03 +1.110299147e+03 +9.565091466e+02 +9.565091466e+02
54 +9.981959294e+02 +9.981959294e+02 +8.444059294e+02 +8.444059294e+02
99 +9.462088331e+02 +9.462088331e+02 +7.924188331e+02 +7.924188331e+02
131 +9.199572974e+02 +9.199572974e+02 +7.661672974e+02 +7.661672974e+02
147 +8.394914681e+02 +8.394914681e+02 +6.857014681e+02 +6.857014681e+02
373 +8.058663345e+02 +8.058663345e+02 +6.520763345e+02 +6.520763345e+02
376 +7.744077737e+02 +7.744077737e+02 +6.206177737e+02 +6.206177737e+02
521 +7.456932529e+02 +7.456932529e+02 +5.919032529e+02 +5.919032529e+02
534 +6.687924988e+02 +6.687924988e+02 +5.150024988e+02 +5.150024988e+02
544 +6.449859574e+02 +6.449859574e+02 +4.911959574e+02 +4.911959574e+02
563 +6.180428034e+02 +6.180428034e+02 +4.642528034e+02 +4.642528034e+02
591 +6.054643724e+02 +6.054643724e+02 +4.516743724e+02 +4.516743724e+02
613 +5.999160208e+02 +5.999160208e+02 +4.461260208e+02 +4.461260208e+02
772 +5.807142023e+02 +5.807142023e+02 +4.269242023e+02 +4.269242023e+02
790 +5.318320741e+02 +5.318320741e+02 +3.780420741e+02 +3.780420741e+02
1559 +5.074372126e+02 +5.074372126e+02 +3.536472126e+02 +3.536472126e+02
1728 +4.854171189e+02 +4.854171189e+02 +3.316271189e+02 +3.316271189e+02
1750 +4.667239978e+02 +4.667239978e+02 +3.129339978e+02 +3.129339978e+02
1769 +4.451716670e+02 +4.451716670e+02 +2.913816670e+02 +2.913816670e+02
3019 +4.325986151e+02 +4.325986151e+02 +2.788086151e+02 +2.788086151e+02
3022 +4.246180668e+02 +4.246180668e+02 +2.708280668e+02 +2.708280668e+02
3023 +3.719224825e+02 +3.719224825e+02 +2.181324825e+02 +2.181324825e+02
3114 +3.657851047e+02 +3.657851047e+02 +2.119951047e+02 +2.119951047e+02
3116 +3.452115548e+02 +3.452115548e+02 +1.914215548e+02 +1.914215548e+02
3191 +3.378700050e+02 +3.378700050e+02 +1.840800050e+02 +1.840800050e+02
3257 +3.293959521e+02 +3.293959521e+02 +1.756059521e+02 +1.756059521e+02
3263 +3.100468863e+02 +3.100468863e+02 +1.562568863e+02 +1.562568863e+02
3275 +3.083856636e+02 +3.083856636e+02 +1.545956636e+02 +1.545956636e+02
3299 +2.965467692e+02 +2.965467692e+02 +1.427567692e+02 +1.427567692e+02
3362 +2.940861229e+02 +2.940861229e+02 +1.402961229e+02 +1.402961229e+02
3374 +2.831679389e+02 +2.831679389e+02 +1.293779389e+02 +1.293779389e+02
3384 +2.785884623e+02 +2.785884623e+02 +1.247984623e+02 +1.247984623e+02
3413 +2.696678216e+02 +2.696678216e+02 +1.158778216e+02 +1.158778216e+02
3479 +2.672805070e+02 +2.672805070e+02 +1.134905070e+02 +1.134905070e+02
3489 +2.610241291e+02 +2.610241291e+02 +1.072341291e+02 +1.072341291e+02
3553 +2.524852364e+02 +2.524852364e+02 +9.869523637e+01 +9.869523637e+01
3568 +2.506526782e+02 +2.506526782e+02 +9.686267815e+01 +9.686267815e+01
3617 +2.450871595e+02 +2.450871595e+02 +9.129715951e+01 +9.129715951e+01
3717 +2.391799918e+02 +2.391799918e+02 +8.538999183e+01 +8.538999183e+01
3754 +2.327239707e+02 +2.327239707e+02 +7.893397067e+01 +7.893397067e+01
3780 +2.274331798e+02 +2.274331798e+02 +7.364317977e+01 +7.364317977e+01
3808 +2.231130695e+02 +2.231130695e+02 +6.932306946e+01 +6.932306946e+01
3956 +2.187086432e+02 +2.187086432e+02 +6.491864319e+01 +6.491864319e+01
4072 +2.137903668e+02 +2.137903668e+02 +6.000036683e+01 +6.000036683e+01
4265 +2.086665012e+02 +2.086665012e+02 +5.487650121e+01 +5.487650121e+01
4504 +2.041142943e+02 +2.041142943e+02 +5.032429435e+01 +5.032429435e+01
4720 +1.994644073e+02 +1.994644073e+02 +4.567440731e+01 +4.567440731e+01
4934 +1.948134064e+02 +1.948134064e+02 +4.102340637e+01 +4.102340637e+01
