% function evaluation | noise-free fitness - Fopt (1.491500000000e+02) | best noise-free fitness - Fopt | measured fitness | best measured fitness | x1 | x2...
1 +6.626101642e+00 +6.626101642e+00 +1.557761016e+02 +1.557761016e+02 +0.0000e+00 +0.0000e+00
19 +3.076320513e+00 +3.076320513e+00 +1.522263205e+02 +1.522263205e+02 -1.7583e+00 -9.1832e-01
32 +2.346864901e+00 +2.346864901e+00 +1.514968649e+02 +1.514968649e+02 -1.5844e+00 -1.1000e+00
40 +1.757550129e+00 +1.757550129e+00 +1.509075501e+02 +1.509075501e+02 -1.3770e+00 -1.2571e+00
60 +7.815887029e-01 +7.815887029e-01 +1.499315887e+02 +1.499315887e+02 -5.7957e-01 -1.2158e+00
81 +5.673191354e-01 +5.673191354e-01 +1.497173191e+02 +1.497173191e+02 -6.6505e-01 -1.1744e+00
83 +4.409637067e-01 +4.409637067e-01 +1.495909637e+02 +1.495909637e+02 -5.7499e-01 -1.1815e+00
92 +2.328094184e-01 +2.328094184e-01 +1.493828094e+02 +1.493828094e+02 -3.3953e-01 -8.9760e-01
112 +1.479777746e-01 +1.479777746e-01 +1.492979778e+02 +1.492979778e+02 -3.0788e-01 -8.4131e-01
122 +1.196488400e-01 +1.196488400e-01 +1.492696488e+02 +1.492696488e+02 -2.9439e-01 -7.6698e-01
129 +7.100313874e-02 +7.100313874e-02 +1.492210031e+02 +1.492210031e+02 -2.7778e-01 -7.8107e-01
141 +6.052718520e-02 +6.052718520e-02 +1.492105272e+02 +1.492105272e+02 -2.5574e-01 -7.1741e-01
156 +5.008050460e-02 +5.008050460e-02 +1.492000805e+02 +1.492000805e+02 -2.2158e-01 -6.9085e-01
168 +4.026983401e-02 +4.026983401e-02 +1.491902698e+02 +1.491902698e+02 -2.2821e-01 -6.7671e-01
172 +3.884376322e-02 +3.884376322e-02 +1.491888438e+02 +1.491888438e+02 -2.3305e-01 -6.8638e-01
175 +3.128108073e-02 +3.128108073e-02 +1.491812811e+02 +1.491812811e+02 -2.3060e-01 -6.8857e-01
262 +2.991211967e-02 +2.991211967e-02 +1.491799121e+02 +1.491799121e+02 -2.2742e-01 -6.8399e-01
274 +2.861938700e-02 +2.861938700e-02 +1.491786194e+02 +1.491786194e+02 -2.2362e-01 -6.8087e-01
294 +2.643550742e-02 +2.643550742e-02 +1.491764355e+02 +1.491764355e+02 -2.1772e-01 -6.6990e-01
295 +2.512592397e-02 +2.512592397e-02 +1.491751259e+02 +1.491751259e+02 -2.1226e-01 -6.6240e-01
308 +2.396755486e-02 +2.396755486e-02 +1.491739676e+02 +1.491739676e+02 -2.0798e-01 -6.5051e-01
320 +2.185044318e-02 +2.185044318e-02 +1.491718504e+02 +1.491718504e+02 -2.0213e-01 -6.4469e-01
332 +2.095656536e-02 +2.095656536e-02 +1.491709566e+02 +1.491709566e+02 -1.9952e-01 -6.3974e-01
333 +1.933273806e-02 +1.933273806e-02 +1.491693327e+02 +1.491693327e+02 -1.9400e-01 -6.2831e-01
340 +1.903009947e-02 +1.903009947e-02 +1.491690301e+02 +1.491690301e+02 -1.9003e-01 -6.2519e-01
359 +1.802216916e-02 +1.802216916e-02 +1.491680222e+02 +1.491680222e+02 -1.8561e-01 -6.1780e-01
363 +1.628422227e-02 +1.628422227e-02 +1.491662842e+02 +1.491662842e+02 -1.7836e-01 -6.0530e-01
364 +1.591961836e-02 +1.591961836e-02 +1.491659196e+02 +1.491659196e+02 -1.8099e-01 -6.0754e-01
375 +1.214203223e-02 +1.214203223e-02 +1.491621420e+02 +1.491621420e+02 -1.6539e-01 -5.7895e-01
384 +1.103860777e-02 +1.103860777e-02 +1.491610386e+02 +1.491610386e+02 -1.5897e-01 -5.6593e-01
387 +8.283312063e-03 +8.283312063e-03 +1.491582833e+02 +1.491582833e+02 -1.4577e-01 -5.4285e-01
392 +7.851196489e-03 +7.851196489e-03 +1.491578512e+02 +1.491578512e+02 -1.4123e-01 -5.3335e-01
395 +7.579371626e-03 +7.579371626e-03 +1.491575794e+02 +1.491575794e+02 -1.4217e-01 -5.3679e-01
399 +2.032516613e-03 +2.032516613e-03 +1.491520325e+02 +1.491520325e+02 -9.8159e-02 -4.5624e-01
403 +1.769852389e-03 +1.769852389e-03 +1.491517699e+02 +1.491517699e+02 -9.7253e-02 -4.5326e-01
404 +1.592849797e-03 +1.592849797e-03 +1.491515928e+02 +1.491515928e+02 -8.2186e-02 -4.2698e-01
418 +1.480035022e-03 +1.480035022e-03 +1.491514800e+02 +1.491514800e+02 -8.8136e-02 -4.3758e-01
430 +1.352567113e-03 +1.352567113e-03 +1.491513526e+02 +1.491513526e+02 -9.1272e-02 -4.4236e-01
435 +4.121651407e-04 +4.121651407e-04 +1.491504122e+02 +1.491504122e+02 -7.3916e-02 -4.0867e-01
446 +3.581536694e-04 +3.581536694e-04 +1.491503582e+02 +1.491503582e+02 -5.1942e-02 -3.6614e-01
457 +3.502332818e-04 +3.502332818e-04 +1.491503502e+02 +1.491503502e+02 -6.0650e-02 -3.8346e-01
460 +1.369062124e-04 +1.369062124e-04 +1.491501369e+02 +1.491501369e+02 -5.2856e-02 -3.6725e-01
465 +7.425485930e-05 +7.425485930e-05 +1.491500743e+02 +1.491500743e+02 -6.3583e-02 -3.8730e-01
467 +3.403750441e-06 +3.403750441e-06 +1.491500034e+02 +1.491500034e+02 -5.5377e-02 -3.7097e-01
587 +4.161429672e-07 +4.161429672e-07 +1.491500004e+02 +1.491500004e+02 -5.4772e-02 -3.6999e-01
603 +1.788894224e-07 +1.788894224e-07 +1.491500002e+02 +1.491500002e+02 -5.5142e-02 -3.7073e-01
778 +1.687325266e-07 +1.687325266e-07 +1.491500002e+02 +1.491500002e+02 -5.4794e-02 -3.6998e-01
786 +1.448208309e-07 +1.448208309e-07 +1.491500001e+02 +1.491500001e+02 -5.4875e-02 -3.7017e-01
793 +9.721276228e-08 +9.721276228e-08 +1.491500001e+02 +1.491500001e+02 -5.4894e-02 -3.7020e-01
802 +6.230817462e-08 +6.230817462e-08 +1.491500001e+02 +1.491500001e+02 -5.4976e-02 -3.7036e-01
804 +5.193146535e-08 +5.193146535e-08 +1.491500001e+02 +1.491500001e+02 -5.4993e-02 -3.7040e-01
813 +1.199427402e-08 +1.199427402e-08 +1.491500000e+02 +1.491500000e+02 -5.5178e-02 -3.7077e-01
824 +1.110652192e-08 +1.110652192e-08 +1.491500000e+02 +1.491500000e+02 -5.5295e-02 -3.7099e-01
838 +3.029867912e-09 +3.029867912e-09 +1.491500000e+02 +1.491500000e+02 -5.5169e-02 -3.7074e-01
1435 +0.000000000e+00 +0.000000000e+00 +1.491500000e+02 +1.491500000e+02 -5.5200e-02 -3.7080e-01
% function evaluation | noise-free fitness - Fopt (-1.000000000000e+03) | best noise-free fitness - Fopt | measured fitness | best measured fitness | x1 | x2...
1 +2.246386374e+04 +2.246386374e+04 +2.146386374e+04 +2.146386374e+04 +0.0000e+00 +0.0000e+00
3 +1.256807706e+04 +1.256807706e+04 +1.156807706e+04 +1.156807706e+04 -3.9066e-01 +9.2316e-01
8 +4.234316555e+03 +4.234316555e+03 +3.234316555e+03 +3.234316555e+03 -1.4749e+00 -6.9655e-01
13 +2.007121756e+03 +2.007121756e+03 +1.007121756e+03 +1.007121756e+03 -5.3786e+00 -1.9542e+00
18 +5.487055146e+02 +5.487055146e+02 -4.512944854e+02 -4.512944854e+02 -2.4127e+00 -1.0473e-01
22 +2.496599598e+02 +2.496599598e+02 -7.503400402e+02 -7.503400402e+02 -3.7274e+00 -1.3864e+00
24 +1.745139894e+02 +1.745139894e+02 -8.254860106e+02 -8.254860106e+02 -2.6126e+00 +3.8238e-01
26 +1.948345655e+01 +1.948345655e+01 -9.805165434e+02 -9.805165434e+02 -2.8276e+00 +7.7689e-01
33 +5.729951004e+00 +5.729951004e+00 -9.942700490e+02 -9.942700490e+02 -4.3545e+00 +2.4692e-01
38 +1.885666367e+00 +1.885666367e+00 -9.981143336e+02 -9.981143336e+02 -3.5345e+00 +1.5607e-01
44 +4.421058534e-01 +4.421058534e-01 -9.995578941e+02 -9.995578941e+02 -3.4199e+00 +3.2609e-01
109 +3.549562187e-01 +3.549562187e-01 -9.996450438e+02 -9.996450438e+02 -3.4421e+00 +3.3676e-01
220 +3.329560430e-01 +3.329560430e-01 -9.996670440e+02 -9.996670440e+02 -3.4233e+00 +3.6181e-01
222 +2.989438696e-01 +2.989438696e-01 -9.997010561e+02 -9.997010561e+02 -3.3937e+00 +3.7949e-01
242 +2.407477589e-01 +2.407477589e-01 -9.997592522e+02 -9.997592522e+02 -3.2595e+00 +4.9643e-01
255 +1.518361312e-01 +1.518361312e-01 -9.998481639e+02 -9.998481639e+02 -3.1161e+00 +6.8421e-01
265 +8.364494373e-02 +8.364494373e-02 -9.999163551e+02 -9.999163551e+02 -3.0976e+00 +7.5464e-01
286 +8.080197798e-02 +8.080197798e-02 -9.999191980e+02 -9.999191980e+02 -3.1153e+00 +7.2344e-01
291 +4.810289035e-02 +4.810289035e-02 -9.999518971e+02 -9.999518971e+02 -3.0675e+00 +7.8636e-01
316 +3.735342581e-02 +3.735342581e-02 -9.999626466e+02 -9.999626466e+02 -2.9621e+00 +9.4621e-01
321 +2.941463116e-02 +2.941463116e-02 -9.999705854e+02 -9.999705854e+02 -2.9995e+00 +9.0488e-01
326 +9.750890084e-03 +9.750890084e-03 -9.999902491e+02 -9.999902491e+02 -2.9435e+00 +9.9254e-01
347 +2.567083266e-03 +2.567083266e-03 -9.999974329e+02 -9.999974329e+02 -2.8959e+00 +1.0818e+00
359 +1.536680020e-03 +1.536680020e-03 -9.999984633e+02 -9.999984633e+02 -2.8571e+00 +1.1627e+00
372 +1.267985625e-03 +1.267985625e-03 -9.999987320e+02 -9.999987320e+02 -2.8289e+00 +1.2187e+00
377 +1.249958952e-03 +1.249958952e-03 -9.999987500e+02 -9.999987500e+02 -2.8147e+00 +1.2459e+00
498 +5.557206392e-04 +5.557206392e-04 -9.999994443e+02 -9.999994443e+02 -2.8459e+00 +1.1835e+00
543 +3.923709511e-04 +3.923709511e-04 -9.999996076e+02 -9.999996076e+02 -2.8291e+00 +1.2146e+00
672 +3.596189617e-04 +3.596189617e-04 -9.999996404e+02 -9.999996404e+02 -2.8292e+00 +1.2149e+00
702 +1.308555047e-04 +1.308555047e-04 -9.999998691e+02 -9.999998691e+02 -2.8395e+00 +1.1933e+00
721 +6.421678017e-05 +6.421678017e-05 -9.999999358e+02 -9.999999358e+02 -2.8403e+00 +1.1924e+00
732 +1.481254526e-05 +1.481254526e-05 -9.999999852e+02 -9.999999852e+02 -2.8453e+00 +1.1826e+00
740 +1.335028082e-05 +1.335028082e-05 -9.999999866e+02 -9.999999866e+02 -2.8483e+00 +1.1767e+00
793 +1.246395971e-05 +1.246395971e-05 -9.999999875e+02 -9.999999875e+02 -2.8492e+00 +1.1750e+00
802 +4.401456636e-06 +4.401456636e-06 -9.999999956e+02 -9.999999956e+02 -2.8466e+00 +1.1796e+00
817 +3.752244425e-06 +3.752244425e-06 -9.999999962e+02 -9.999999962e+02 -2.8482e+00 +1.1765e+00
820 +7.584981176e-08 +7.584981176e-08 -9.999999999e+02 -9.999999999e+02 -2.8483e+00 +1.1764e+00
824 +5.725155461e-09 +5.725155461e-09 -1.000000000e+03 -1.000000000e+03 -2.8482e+00 +1.1767e+00
1779 +0.000000000e+00 +0.000000000e+00 -1.000000000e+03 -1.000000000e+03 -2.8482e+00 +1.1766e+00
% function evaluation | noise-free fitness - Fopt (9.862000000000e+01) | best noise-free fitness - Fopt | measured fitness | best measured fitness | x1 | x2...
1 +1.240686796e+02 +1.240686796e+02 +2.226886796e+02 +2.226886796e+02 +0.0000e+00 +0.0000e+00
10 +1.569357894e+01 +1.569357894e+01 +1.143135789e+02 +1.143135789e+02 -5.6979e-01 -2.2611e-01
15 +1.292559453e+01 +1.292559453e+01 +1.115455945e+02 +1.115455945e+02 -2.0262e-01 +6.6032e-02
26 +2.423778407e+00 +2.423778407e+00 +1.010437784e+02 +1.010437784e+02 -5.9213e-01 -5.2204e-01
29 +2.376680582e-01 +2.376680582e-01 +9.885766806e+01 +9.885766806e+01 -3.5203e-01 -5.4085e-02
110 +1.690869023e-01 +1.690869023e-01 +9.878908690e+01 +9.878908690e+01 -4.0211e-01 -1.8727e-01
125 +1.094850318e-01 +1.094850318e-01 +9.872948503e+01 +9.872948503e+01 -5.3193e-01 -5.4524e-01
132 +1.049561987e-01 +1.049561987e-01 +9.872495620e+01 +9.872495620e+01 -5.0976e-01 -4.5634e-01
149 +1.006803722e-01 +1.006803722e-01 +9.872068037e+01 +9.872068037e+01 -5.0644e-01 -4.7170e-01
158 +7.005464521e-02 +7.005464521e-02 +9.869005465e+01 +9.869005465e+01 -5.4569e-01 -5.6665e-01
162 +3.905583314e-02 +3.905583314e-02 +9.865905583e+01 +9.865905583e+01 -6.2055e-01 -7.5143e-01
167 +2.384791549e-02 +2.384791549e-02 +9.864384792e+01 +9.864384792e+01 -7.2134e-01 -9.6008e-01
178 +5.863895018e-03 +5.863895018e-03 +9.862586390e+01 +9.862586390e+01 -8.1928e-01 -1.1682e+00
205 +2.641145598e-03 +2.641145598e-03 +9.862264115e+01 +9.862264115e+01 -8.5250e-01 -1.2382e+00
212 +1.462752676e-03 +1.462752676e-03 +9.862146275e+01 +9.862146275e+01 -8.4210e-01 -1.2192e+00
240 +1.184717240e-03 +1.184717240e-03 +9.862118472e+01 +9.862118472e+01 -8.0932e-01 -1.1594e+00
249 +4.111903667e-05 +4.111903667e-05 +9.862004112e+01 +9.862004112e+01 -8.1034e-01 -1.1577e+00
530 +1.740000428e-05 +1.740000428e-05 +9.862001740e+01 +9.862001740e+01 -8.0210e-01 -1.1413e+00
543 +6.430782463e-06 +6.430782463e-06 +9.862000643e+01 +9.862000643e+01 -8.0365e-01 -1.1449e+00
546 +9.577099149e-07 +9.577099149e-07 +9.862000096e+01 +9.862000096e+01 -8.0593e-01 -1.1492e+00
566 +6.134117569e-07 +6.134117569e-07 +9.862000061e+01 +9.862000061e+01 -8.0447e-01 -1.1463e+00
577 +5.325144485e-07 +5.325144485e-07 +9.862000053e+01 +9.862000053e+01 -8.0564e-01 -1.1486e+00
595 +2.867066513e-07 +2.867066513e-07 +9.862000029e+01 +9.862000029e+01 -8.0574e-01 -1.1489e+00
612 +6.465475622e-08 +6.465475622e-08 +9.862000006e+01 +9.862000006e+01 -8.0538e-01 -1.1481e+00
744 +3.220313260e-08 +3.220313260e-08 +9.862000003e+01 +9.862000003e+01 -8.0505e-01 -1.1475e+00
755 +1.932392024e-08 +1.932392024e-08 +9.862000002e+01 +9.862000002e+01 -8.0508e-01 -1.1476e+00
800 +1.083327561e-08 +1.083327561e-08 +9.862000001e+01 +9.862000001e+01 -8.0510e-01 -1.1476e+00
803 +9.356369901e-09 +9.356369901e-09 +9.862000001e+01 +9.862000001e+01 -8.0511e-01 -1.1476e+00
1356 +0.000000000e+00 +0.000000000e+00 +9.862000000e+01 +9.862000000e+01 -8.0520e-01 -1.1478e+00
% function evaluation | noise-free fitness - Fopt (-4.715000000000e+01) | best noise-free fitness - Fopt | measured fitness | best measured fitness | x1 | x2...
1 +2.023435653e-01 +2.023435653e-01 -4.694765643e+01 -4.694765643e+01 +0.0000e+00 +0.0000e+00
17 +1.172811891e-01 +1.172811891e-01 -4.703271881e+01 -4.703271881e+01 -1.5099e-01 -3.8036e-01
844 +1.123645277e-01 +1.123645277e-01 -4.703763547e+01 -4.703763547e+01 -1.7547e-02 -8.8876e-02
848 +9.508474610e-02 +9.508474610e-02 -4.705491525e+01 -4.705491525e+01 -4.1365e-02 -1.4956e-01
851 +7.197101504e-02 +7.197101504e-02 -4.707802898e+01 -4.707802898e+01 -8.2096e-02 -2.5235e-01
854 +6.676353541e-02 +6.676353541e-02 -4.708323646e+01 -4.708323646e+01 -9.9897e-02 -2.9801e-01
855 +6.439158795e-02 +6.439158795e-02 -4.708560841e+01 -4.708560841e+01 -9.1893e-02 -2.7521e-01
868 +5.623012574e-02 +5.623012574e-02 -4.709376987e+01 -4.709376987e+01 -9.4298e-02 -2.7454e-01
876 +5.313143038e-02 +5.313143038e-02 -4.709686857e+01 -4.709686857e+01 -1.0010e-01 -2.8692e-01
880 +4.935247445e-02 +4.935247445e-02 -4.710064753e+01 -4.710064753e+01 -1.0899e-01 -3.0712e-01
882 +4.536022150e-02 +4.536022150e-02 -4.710463978e+01 -4.710463978e+01 -1.2460e-01 -3.4116e-01
884 +4.299894448e-02 +4.299894448e-02 -4.710700106e+01 -4.710700106e+01 -1.3075e-01 -3.5582e-01
892 +3.773810838e-02 +3.773810838e-02 -4.711226189e+01 -4.711226189e+01 -1.3671e-01 -3.7443e-01
904 +3.712901084e-02 +3.712901084e-02 -4.711287099e+01 -4.711287099e+01 -1.3805e-01 -3.7957e-01
906 +2.918512665e-02 +2.918512665e-02 -4.712081487e+01 -4.712081487e+01 -1.5977e-01 -4.2999e-01
909 +2.750734672e-02 +2.750734672e-02 -4.712249265e+01 -4.712249265e+01 -1.6672e-01 -4.4895e-01
916 +1.736113410e-02 +1.736113410e-02 -4.713263887e+01 -4.713263887e+01 -2.0362e-01 -5.3443e-01
928 +1.508569489e-02 +1.508569489e-02 -4.713491431e+01 -4.713491431e+01 -2.1014e-01 -5.4797e-01
935 +1.034951746e-02 +1.034951746e-02 -4.713965048e+01 -4.713965048e+01 -2.5549e-01 -6.5200e-01
943 +7.492409128e-03 +7.492409128e-03 -4.714250759e+01 -4.714250759e+01 -2.4502e-01 -6.2121e-01
948 +5.090824613e-03 +5.090824613e-03 -4.714490918e+01 -4.714490918e+01 -2.6542e-01 -6.6928e-01
949 +4.733311243e-03 +4.733311243e-03 -4.714526669e+01 -4.714526669e+01 -2.7862e-01 -6.9885e-01
954 +1.418498668e-03 +1.418498668e-03 -4.714858150e+01 -4.714858150e+01 -3.0490e-01 -7.5169e-01
974 +8.742192193e-04 +8.742192193e-04 -4.714912578e+01 -4.714912578e+01 -3.3131e-01 -8.0537e-01
982 +4.661310695e-04 +4.661310695e-04 -4.714953387e+01 -4.714953387e+01 -3.2869e-01 -7.9503e-01
983 +1.559383228e-04 +1.559383228e-04 -4.714984406e+01 -4.714984406e+01 -3.1820e-01 -7.7619e-01
1044 +1.051193766e-04 +1.051193766e-04 -4.714989488e+01 -4.714989488e+01 -3.4007e-01 -8.1945e-01
1087 +7.415428580e-05 +7.415428580e-05 -4.714992585e+01 -4.714992585e+01 -3.3127e-01 -8.0319e-01
1112 +1.529096282e-05 +1.529096282e-05 -4.714998471e+01 -4.714998471e+01 -3.3017e-01 -8.0053e-01
1147 +3.466132171e-06 +3.466132171e-06 -4.714999653e+01 -4.714999653e+01 -3.2877e-01 -7.9730e-01
1204 +2.400090963e-06 +2.400090963e-06 -4.714999760e+01 -4.714999760e+01 -3.2908e-01 -7.9793e-01
1264 +1.453183465e-06 +1.453183465e-06 -4.714999855e+01 -4.714999855e+01 -3.2967e-01 -7.9921e-01
1304 +1.039782717e-06 +1.039782717e-06 -4.714999896e+01 -4.714999896e+01 -3.3028e-01 -8.0046e-01
1318 +4.571191710e-07 +4.571191710e-07 -4.714999954e+01 -4.714999954e+01 -3.2994e-01 -7.9966e-01
1332 +1.993685075e-07 +1.993685075e-07 -4.714999980e+01 -4.714999980e+01 -3.3016e-01 -8.0012e-01
1348 +1.777114136e-07 +1.777114136e-07 -4.714999982e+01 -4.714999982e+01 -3.3020e-01 -8.0019e-01
1355 +1.462147168e-07 +1.462147168e-07 -4.714999985e+01 -4.714999985e+01 -3.3029e-01 -8.0035e-01
1375 +3.914176006e-08 +3.914176006e-08 -4.714999996e+01 -4.714999996e+01 -3.3043e-01 -8.0066e-01
1479 +2.668667065e-08 +2.668667065e-08 -4.714999997e+01 -4.714999997e+01 -3.3045e-01 -8.0069e-01
1487 +2.226203577e-08 +2.226203577e-08 -4.714999998e+01 -4.714999998e+01 -3.3046e-01 -8.0072e-01
1706 +2.103236341e-08 +2.103236341e-08 -4.714999998e+01 -4.714999998e+01 -3.3046e-01 -8.0071e-01
1712 +2.071111993e-08 +2.071111993e-08 -4.714999998e+01 -4.714999998e+01 -3.3046e-01 -8.0072e-01
1717 +1.931260130e-08 +1.931260130e-08 -4.714999998e+01 -4.714999998e+01 -3.3046e-01 -8.0072e-01
1748 +1.843599762e-08 +1.843599762e-08 -4.714999998e+01 -4.714999998e+01 -3.3046e-01 -8.0073e-01
1771 +1.810652606e-08 +1.810652606e-08 -4.714999998e+01 -4.714999998e+01 -3.3047e-01 -8.0073e-01
1785 +1.726135679e-08 +1.726135679e-08 -4.714999998e+01 -4.714999998e+01 -3.3047e-01 -8.0074e-01
1822 +1.684266238e-08 +1.684266238e-08 -4.714999998e+01 -4.714999998e+01 -3.3047e-01 -8.0074e-01
1839 +1.652268367e-08 +1.652268367e-08 -4.714999998e+01 -4.714999998e+01 -3.3047e-01 -8.0074e-01
1857 +1.604829691e-08 +1.604829691e-08 -4.714999998e+01 -4.714999998e+01 -3.3047e-01 -8.0075e-01
1862 +1.574793629e-08 +1.574793629e-08 -4.714999998e+01 -4.714999998e+01 -3.3048e-01 -8.0075e-01
1875 +1.539535788e-08 +1.539535788e-08 -4.714999998e+01 -4.714999998e+01 -3.3048e-01 -8.0075e-01
1888 +1.426474228e-08 +1.426474228e-08 -4.714999999e+01 -4.714999999e+01 -3.3048e-01 -8.0076e-01
1893 +1.308484343e-08 +1.308484343e-08 -4.714999999e+01 -4.714999999e+01 -3.3049e-01 -8.0077e-01
1902 +1.243044778e-08 +1.243044778e-08 -4.714999999e+01 -4.714999999e+01 -3.3049e-01 -8.0078e-01
1903 +1.140502803e-08 +1.140502803e-08 -4.714999999e+01 -4.714999999e+01 -3.3049e-01 -8.0079e-01
1916 +1.101546587e-08 +1.101546587e-08 -4.714999999e+01 -4.714999999e+01 -3.3050e-01 -8.0081e-01
1918 +9.085006525e-09 +9.085006525e-09 -4.714999999e+01 -4.714999999e+01 -3.3051e-01 -8.0081e-01
2261 +0.000000000e+00 +0.000000000e+00 -4.715000000e+01 -4.715000000e+01 -3.3060e-01 -8.0100e-01
% function evaluation | noise-free fitness - Fopt (3.752000000000e+01) | best noise-free fitness - Fopt | measured fitness | best measured fitness | x1 | x2...
1 +6.231518100e+01 +6.231518100e+01 +9.983518100e+01 +9.983518100e+01 +0.0000e+00 +0.0000e+00
2 +7.350126974e+00 +7.350126974e+00 +4.487012697e+01 +4.487012697e+01 -2.2107e-01 -4.2870e-02
64 +6.876758026e+00 +6.876758026e+00 +4.439675803e+01 +4.439675803e+01 -1.2425e-01 -3.4280e-01
86 +6.431250208e+00 +6.431250208e+00 +4.395125021e+01 +4.395125021e+01 -4.0875e-02 -6.0952e-01
103 +5.473074469e+00 +5.473074469e+00 +4.299307447e+01 +4.299307447e+01 +1.5054e-01 -1.1752e+00
131 +5.293928385e+00 +5.293928385e+00 +4.281392838e+01 +4.281392838e+01 +2.0035e-01 -1.2833e+00
140 +4.850649274e+00 +4.850649274e+00 +4.237064927e+01 +4.237064927e+01 +3.3003e-01 -1.5806e+00
148 +4.693719288e+00 +4.693719288e+00 +4.221371929e+01 +4.221371929e+01 +4.7224e-01 -1.8545e+00
158 +4.342886353e+00 +4.342886353e+00 +4.186288635e+01 +4.186288635e+01 +5.3307e-01 -1.9818e+00
162 +4.241585143e+00 +4.241585143e+00 +4.176158514e+01 +4.176158514e+01 +4.3286e-01 -1.8616e+00
192 +4.163469455e+00 +4.163469455e+00 +4.168346946e+01 +4.168346946e+01 +4.6150e-01 -1.9334e+00
218 +3.959133152e+00 +3.959133152e+00 +4.147913315e+01 +4.147913315e+01 +5.0143e-01 -1.9988e+00
224 +3.799519976e+00 +3.799519976e+00 +4.131951998e+01 +4.131951998e+01 +5.4254e-01 -2.0632e+00
256 +3.573079968e+00 +3.573079968e+00 +4.109307997e+01 +4.109307997e+01 +6.0019e-01 -2.1816e+00
264 +3.402633028e+00 +3.402633028e+00 +4.092263303e+01 +4.092263303e+01 +6.5564e-01 -2.2536e+00
270 +3.319227990e+00 +3.319227990e+00 +4.083922799e+01 +4.083922799e+01 +6.6939e-01 -2.3026e+00
298 +3.261535570e+00 +3.261535570e+00 +4.078153557e+01 +4.078153557e+01 +7.0019e-01 -2.3213e+00
301 +3.072981747e+00 +3.072981747e+00 +4.059298175e+01 +4.059298175e+01 +7.4321e-01 -2.4262e+00
316 +3.005868870e+00 +3.005868870e+00 +4.052586887e+01 +4.052586887e+01 +7.6661e-01 -2.4270e+00
323 +2.558878235e+00 +2.558878235e+00 +4.007887824e+01 +4.007887824e+01 +8.9379e-01 -2.6032e+00
334 +2.470684542e+00 +2.470684542e+00 +3.999068454e+01 +3.999068454e+01 +9.2964e-01 -2.6362e+00
346 +1.905223509e+00 +1.905223509e+00 +3.942522351e+01 +3.942522351e+01 +1.1107e+00 -2.8200e+00
355 +1.700823082e+00 +1.700823082e+00 +3.922082308e+01 +3.922082308e+01 +1.2056e+00 -2.9109e+00
438 +1.531188392e+00 +1.531188392e+00 +3.905118839e+01 +3.905118839e+01 +1.2696e+00 -2.9002e+00
453 +1.404214311e+00 +1.404214311e+00 +3.892421431e+01 +3.892421431e+01 +1.3096e+00 -2.9471e+00
459 +1.282612975e+00 +1.282612975e+00 +3.880261298e+01 +3.880261298e+01 +1.3575e+00 -2.9509e+00
463 +1.044233620e+00 +1.044233620e+00 +3.856423362e+01 +3.856423362e+01 +1.4681e+00 -2.9687e+00
469 +8.650465732e-01 +8.650465732e-01 +3.838504657e+01 +3.838504657e+01 +1.6086e+00 -2.9254e+00
513 +8.072144012e-01 +8.072144012e-01 +3.832721440e+01 +3.832721440e+01 +1.6944e+00 -2.8857e+00
537 +5.425013489e-01 +5.425013489e-01 +3.806250135e+01 +3.806250135e+01 +1.8334e+00 -2.8179e+00
550 +3.680398524e-01 +3.680398524e-01 +3.788803985e+01 +3.788803985e+01 +1.9205e+00 -2.8048e+00
555 +3.121214189e-01 +3.121214189e-01 +3.783212142e+01 +3.783212142e+01 +1.9687e+00 -2.7601e+00
570 +2.964804154e-01 +2.964804154e-01 +3.781648042e+01 +3.781648042e+01 +1.9941e+00 -2.7376e+00
576 +2.350211234e-01 +2.350211234e-01 +3.775502112e+01 +3.775502112e+01 +2.0066e+00 -2.7060e+00
585 +2.124324560e-01 +2.124324560e-01 +3.773243246e+01 +3.773243246e+01 +2.0894e+00 -2.6327e+00
590 +2.009105182e-01 +2.009105182e-01 +3.772091052e+01 +3.772091052e+01 +2.0418e+00 -2.6644e+00
594 +1.868001316e-01 +1.868001316e-01 +3.770680013e+01 +3.770680013e+01 +2.0590e+00 -2.6422e+00
595 +1.824467484e-01 +1.824467484e-01 +3.770244675e+01 +3.770244675e+01 +2.1002e+00 -2.6143e+00
596 +1.513240217e-01 +1.513240217e-01 +3.767132402e+01 +3.767132402e+01 +2.1046e+00 -2.5863e+00
601 +1.445243924e-01 +1.445243924e-01 +3.766452439e+01 +3.766452439e+01 +2.1135e+00 -2.5857e+00
616 +1.400972234e-01 +1.400972234e-01 +3.766009722e+01 +3.766009722e+01 +2.1220e+00 -2.5629e+00
621 +1.240754448e-01 +1.240754448e-01 +3.764407544e+01 +3.764407544e+01 +2.1399e+00 -2.5429e+00
624 +4.458362968e-02 +4.458362968e-02 +3.756458363e+01 +3.756458363e+01 +2.2892e+00 -2.3370e+00
633 +4.072915622e-02 +4.072915622e-02 +3.756072916e+01 +3.756072916e+01 +2.2894e+00 -2.3280e+00
651 +3.900573527e-02 +3.900573527e-02 +3.755900574e+01 +3.755900574e+01 +2.3114e+00 -2.3029e+00
657 +3.241239880e-02 +3.241239880e-02 +3.755241240e+01 +3.755241240e+01 +2.3880e+00 -2.1776e+00
659 +2.602855525e-02 +2.602855525e-02 +3.754602856e+01 +3.754602856e+01 +2.3287e+00 -2.2656e+00
662 +5.652184001e-03 +5.652184001e-03 +3.752565218e+01 +3.752565218e+01 +2.4633e+00 -2.0289e+00
725 +5.157160805e-03 +5.157160805e-03 +3.752515716e+01 +3.752515716e+01 +2.4343e+00 -2.0820e+00
763 +4.352496512e-03 +4.352496512e-03 +3.752435250e+01 +3.752435250e+01 +2.4356e+00 -2.0788e+00
773 +2.011192283e-03 +2.011192283e-03 +3.752201119e+01 +3.752201119e+01 +2.4454e+00 -2.0558e+00
805 +1.790546178e-03 +1.790546178e-03 +3.752179055e+01 +3.752179055e+01 +2.4477e+00 -2.0521e+00
812 +1.599926908e-03 +1.599926908e-03 +3.752159993e+01 +3.752159993e+01 +2.4527e+00 -2.0439e+00
834 +1.536400475e-03 +1.536400475e-03 +3.752153640e+01 +3.752153640e+01 +2.4519e+00 -2.0449e+00
840 +1.511965259e-03 +1.511965259e-03 +3.752151197e+01 +3.752151197e+01 +2.4514e+00 -2.0446e+00
861 +1.403780354e-03 +1.403780354e-03 +3.752140378e+01 +3.752140378e+01 +2.4539e+00 -2.0411e+00
865 +1.367156123e-03 +1.367156123e-03 +3.752136716e+01 +3.752136716e+01 +2.4543e+00 -2.0383e+00
868 +1.339602043e-03 +1.339602043e-03 +3.752133960e+01 +3.752133960e+01 +2.4540e+00 -2.0405e+00
915 +1.243934726e-03 +1.243934726e-03 +3.752124393e+01 +3.752124393e+01 +2.4548e+00 -2.0386e+00
949 +1.175796203e-03 +1.175796203e-03 +3.752117580e+01 +3.752117580e+01 +2.4557e+00 -2.0366e+00
959 +1.139973218e-03 +1.139973218e-03 +3.752113997e+01 +3.752113997e+01 +2.4576e+00 -2.0339e+00
978 +1.035253449e-03 +1.035253449e-03 +3.752103525e+01 +3.752103525e+01 +2.4580e+00 -2.0325e+00
986 +9.138673595e-04 +9.138673595e-04 +3.752091387e+01 +3.752091387e+01 +2.4599e+00 -2.0288e+00
999 +8.110651210e-04 +8.110651210e-04 +3.752081107e+01 +3.752081107e+01 +2.4619e+00 -2.0250e+00
1008 +5.701432423e-04 +5.701432423e-04 +3.752057014e+01 +3.752057014e+01 +2.4662e+00 -2.0164e+00
1017 +5.109290903e-04 +5.109290903e-04 +3.752051093e+01 +3.752051093e+01 +2.4674e+00 -2.0140e+00
1025 +3.646683746e-04 +3.646683746e-04 +3.752036467e+01 +3.752036467e+01 +2.4710e+00 -2.0070e+00
1031 +2.246978052e-04 +2.246978052e-04 +3.752022470e+01 +3.752022470e+01 +2.4752e+00 -1.9988e+00
1032 +1.717423222e-05 +1.717423222e-05 +3.752001717e+01 +3.752001717e+01 +2.4875e+00 -1.9740e+00
1078 +2.251209409e-06 +2.251209409e-06 +3.752000225e+01 +3.752000225e+01 +2.4892e+00 -1.9709e+00
1138 +8.793877768e-07 +8.793877768e-07 +3.752000088e+01 +3.752000088e+01 +2.4903e+00 -1.9687e+00
1168 +5.209512324e-07 +5.209512324e-07 +3.752000052e+01 +3.752000052e+01 +2.4894e+00 -1.9705e+00
1174 +5.711722650e-08 +5.711722650e-08 +3.752000006e+01 +3.752000006e+01 +2.4902e+00 -1.9688e+00
1475 +5.027163041e-08 +5.027163041e-08 +3.752000005e+01 +3.752000005e+01 +2.4901e+00 -1.9691e+00
1482 +3.030537954e-08 +3.030537954e-08 +3.752000003e+01 +3.752000003e+01 +2.4899e+00 -1.9694e+00
1491 +1.537079442e-08 +1.537079442e-08 +3.752000002e+01 +3.752000002e+01 +2.4901e+00 -1.9690e+00
1493 +3.327826903e-09 +3.327826903e-09 +3.752000000e+01 +3.752000000e+01 +2.4899e+00 -1.9693e+00
2141 +0.000000000e+00 +0.000000000e+00 +3.752000000e+01 +3.752000000e+01 +2.4900e+00 -1.9692e+00
% function evaluation | noise-free fitness - Fopt (8.834000000000e+01) | best noise-free fitness - Fopt | measured fitness | best measured fitness | x1 | x2...
1 +3.198005211e+02 +3.198005211e+02 +4.081405211e+02 +4.081405211e+02 +0.0000e+00 +0.0000e+00
2 +2.629179046e+02 +2.629179046e+02 +3.512579046e+02 +3.512579046e+02 +4.4168e-01 +1.5535e-01
5 +2.509480841e+02 +2.509480841e+02 +3.392880841e+02 +3.392880841e+02 +6.5630e-02 +1.7817e-01
13 +1.930397359e+01 +1.930397359e+01 +1.076439736e+02 +1.076439736e+02 +4.6070e-01 +2.2158e+00
27 +9.706469515e+00 +9.706469515e+00 +9.804646951e+01 +9.804646951e+01 -4.3636e-01 +1.9131e+00
32 +1.433979833e+00 +1.433979833e+00 +8.977397983e+01 +8.977397983e+01 +1.2021e+00 +2.7929e+00
44 +9.958866092e-01 +9.958866092e-01 +8.933588661e+01 +8.933588661e+01 +2.3791e-01 +1.7210e+00
99 +6.016342377e-01 +6.016342377e-01 +8.894163424e+01 +8.894163424e+01 +1.5122e+00 +3.2992e+00
112 +5.362610830e-01 +5.362610830e-01 +8.887626108e+01 +8.887626108e+01 +8.7037e-01 +2.2029e+00
115 +3.588397482e-01 +3.588397482e-01 +8.869883975e+01 +8.869883975e+01 +1.3629e+00 +3.0698e+00
134 +9.631655402e-02 +9.631655402e-02 +8.843631655e+01 +8.843631655e+01 +1.5414e+00 +3.4482e+00
156 +8.235858688e-03 +8.235858688e-03 +8.834823586e+01 +8.834823586e+01 +1.1894e+00 +2.6567e+00
402 +7.472484626e-03 +7.472484626e-03 +8.834747248e+01 +8.834747248e+01 +1.3062e+00 +2.8820e+00
451 +3.496741593e-03 +3.496741593e-03 +8.834349674e+01 +8.834349674e+01 +1.2442e+00 +2.7625e+00
452 +2.118933768e-04 +2.118933768e-04 +8.834021189e+01 +8.834021189e+01 +1.2255e+00 +2.7206e+00
523 +1.105751504e-04 +1.105751504e-04 +8.834011058e+01 +8.834011058e+01 +1.2215e+00 +2.7109e+00
524 +5.909825772e-05 +5.909825772e-05 +8.834005910e+01 +8.834005910e+01 +1.2336e+00 +2.7347e+00
531 +1.174576170e-07 +1.174576170e-07 +8.834000012e+01 +8.834000012e+01 +1.2309e+00 +2.7300e+00
798 +9.398952727e-08 +9.398952727e-08 +8.834000009e+01 +8.834000009e+01 +1.2314e+00 +2.7309e+00
803 +6.688205190e-08 +6.688205190e-08 +8.834000007e+01 +8.834000007e+01 +1.2315e+00 +2.7311e+00
807 +5.519723345e-09 +5.519723345e-09 +8.834000001e+01 +8.834000001e+01 +1.2313e+00 +2.7307e+00
1683 +0.000000000e+00 +0.000000000e+00 +8.834000000e+01 +8.834000000e+01 +1.2312e+00 +2.7306e+00
% function evaluation | noise-free fitness - Fopt (2.201700000000e+02) | best noise-free fitness - Fopt | measured fitness | best measured fitness | x1 | x2...
1 +3.500343312e+02 +3.500343312e+02 +5.702043312e+02 +5.702043312e+02 +0.0000e+00 +0.0000e+00
2 +5.317412112e-01 +5.317412112e-01 +2.207017412e+02 +2.207017412e+02 -6.7548e-01 -6.5403e-01
37 +1.846667027e-01 +1.846667027e-01 +2.203546667e+02 +2.203546667e+02 -9.0860e-01 -1.2050e+00
109 +1.467820765e-01 +1.467820765e-01 +2.203167821e+02 +2.203167821e+02 -1.2834e+00 -2.0038e+00
123 +1.318472570e-01 +1.318472570e-01 +2.203018473e+02 +2.203018473e+02 -1.1715e+00 -1.7942e+00
130 +1.181785876e-01 +1.181785876e-01 +2.202881786e+02 +2.202881786e+02 -1.4304e+00 -2.2992e+00
133 +8.648819502e-02 +8.648819502e-02 +2.202564882e+02 +2.202564882e+02 -1.3860e+00 -2.1911e+00
149 +7.234842169e-02 +7.234842169e-02 +2.202423484e+02 +2.202423484e+02 -1.1721e+00 -1.8049e+00
159 +5.050189415e-02 +5.050189415e-02 +2.202205019e+02 +2.202205019e+02 -1.0541e+00 -1.6034e+00
160 +4.600034994e-03 +4.600034994e-03 +2.201746000e+02 +2.201746000e+02 -1.1246e+00 -1.7297e+00
167 +4.444720499e-03 +4.444720499e-03 +2.201744447e+02 +2.201744447e+02 -1.1924e+00 -1.8777e+00
180 +2.180471772e-03 +2.180471772e-03 +2.201721805e+02 +2.201721805e+02 -1.2089e+00 -1.9020e+00
185 +6.189424618e-04 +6.189424618e-04 +2.201706189e+02 +2.201706189e+02 -1.1684e+00 -1.8220e+00
266 +1.807844652e-04 +1.807844652e-04 +2.201701808e+02 +2.201701808e+02 -1.1509e+00 -1.7896e+00
288 +3.180785842e-05 +3.180785842e-05 +2.201700318e+02 +2.201700318e+02 -1.1635e+00 -1.8141e+00
328 +7.503648447e-06 +7.503648447e-06 +2.201700075e+02 +2.201700075e+02 -1.1614e+00 -1.8104e+00
456 +7.127591658e-06 +7.127591658e-06 +2.201700071e+02 +2.201700071e+02 -1.1617e+00 -1.8109e+00
467 +6.008356792e-06 +6.008356792e-06 +2.201700060e+02 +2.201700060e+02 -1.1615e+00 -1.8107e+00
468 +5.310265635e-06 +5.310265635e-06 +2.201700053e+02 +2.201700053e+02 -1.1621e+00 -1.8119e+00
480 +4.156545970e-06 +4.156545970e-06 +2.201700042e+02 +2.201700042e+02 -1.1622e+00 -1.8120e+00
500 +4.044274846e-06 +4.044274846e-06 +2.201700040e+02 +2.201700040e+02 -1.1621e+00 -1.8117e+00
718 +3.967348874e-06 +3.967348874e-06 +2.201700040e+02 +2.201700040e+02 -1.1620e+00 -1.8116e+00
725 +3.848935933e-06 +3.848935933e-06 +2.201700038e+02 +2.201700038e+02 -1.1620e+00 -1.8117e+00
733 +3.770003985e-06 +3.770003985e-06 +2.201700038e+02 +2.201700038e+02 -1.1621e+00 -1.8118e+00
735 +3.698135686e-06 +3.698135686e-06 +2.201700037e+02 +2.201700037e+02 -1.1621e+00 -1.8118e+00
743 +3.552122564e-06 +3.552122564e-06 +2.201700036e+02 +2.201700036e+02 -1.1621e+00 -1.8118e+00
745 +3.248753785e-06 +3.248753785e-06 +2.201700032e+02 +2.201700032e+02 -1.1622e+00 -1.8120e+00
753 +2.937658223e-06 +2.937658223e-06 +2.201700029e+02 +2.201700029e+02 -1.1623e+00 -1.8122e+00
757 +2.758128517e-06 +2.758128517e-06 +2.201700028e+02 +2.201700028e+02 -1.1624e+00 -1.8123e+00
763 +2.392133183e-06 +2.392133183e-06 +2.201700024e+02 +2.201700024e+02 -1.1626e+00 -1.8128e+00
775 +2.269096058e-06 +2.269096058e-06 +2.201700023e+02 +2.201700023e+02 -1.1628e+00 -1.8131e+00
782 +2.174796180e-06 +2.174796180e-06 +2.201700022e+02 +2.201700022e+02 -1.1628e+00 -1.8131e+00
787 +2.117180969e-06 +2.117180969e-06 +2.201700021e+02 +2.201700021e+02 -1.1629e+00 -1.8133e+00
808 +1.666899067e-06 +1.666899067e-06 +2.201700017e+02 +2.201700017e+02 -1.1632e+00 -1.8138e+00
813 +1.392263044e-06 +1.392263044e-06 +2.201700014e+02 +2.201700014e+02 -1.1635e+00 -1.8146e+00
816 +1.354338025e-06 +1.354338025e-06 +2.201700014e+02 +2.201700014e+02 -1.1633e+00 -1.8141e+00
817 +8.994418863e-07 +8.994418863e-07 +2.201700009e+02 +2.201700009e+02 -1.1635e+00 -1.8146e+00
827 +6.425900665e-07 +6.425900665e-07 +2.201700006e+02 +2.201700006e+02 -1.1634e+00 -1.8144e+00
834 +1.300647625e-07 +1.300647625e-07 +2.201700001e+02 +2.201700001e+02 -1.1637e+00 -1.8149e+00
835 +9.717282978e-08 +9.717282978e-08 +2.201700001e+02 +2.201700001e+02 -1.1637e+00 -1.8150e+00
836 +7.021137094e-08 +7.021137094e-08 +2.201700001e+02 +2.201700001e+02 -1.1638e+00 -1.8151e+00
842 +4.287889510e-08 +4.287889510e-08 +2.201700000e+02 +2.201700000e+02 -1.1639e+00 -1.8154e+00
874 +1.859720555e-08 +1.859720555e-08 +2.201700000e+02 +2.201700000e+02 -1.1640e+00 -1.8155e+00
879 +1.148362117e-08 +1.148362117e-08 +2.201700000e+02 +2.201700000e+02 -1.1640e+00 -1.8157e+00
884 +2.668144816e-09 +2.668144816e-09 +2.201700000e+02 +2.201700000e+02 -1.1640e+00 -1.8155e+00
1458 +0.000000000e+00 +0.000000000e+00 +2.201700000e+02 +2.201700000e+02 -1.1640e+00 -1.8156e+00
% function evaluation | noise-free fitness - Fopt (3.707000000000e+01) | best noise-free fitness - Fopt | measured fitness | best measured fitness | x1 | x2...
1 +2.367515373e+01 +2.367515373e+01 +6.074515373e+01 +6.074515373e+01 +0.0000e+00 +0.0000e+00
2 +3.137902197e+00 +3.137902197e+00 +4.020790220e+01 +4.020790220e+01 +1.3987e-01 -1.8817e-01
50 +1.875680611e+00 +1.875680611e+00 +3.894568061e+01 +3.894568061e+01 +5.5632e-01 +1.4899e+00
59 +1.129263290e+00 +1.129263290e+00 +3.819926329e+01 +3.819926329e+01 +3.0858e-01 +6.3871e-01
156 +1.036535207e+00 +1.036535207e+00 +3.810653521e+01 +3.810653521e+01 +4.5091e-01 +1.1268e+00
176 +9.705363639e-01 +9.705363639e-01 +3.804053636e+01 +3.804053636e+01 +4.1930e-01 +1.0045e+00
235 +9.508212159e-01 +9.508212159e-01 +3.802082122e+01 +3.802082122e+01 +4.0873e-01 +9.6043e-01
238 +9.207333230e-01 +9.207333230e-01 +3.799073332e+01 +3.799073332e+01 +3.9212e-01 +9.0404e-01
273 +9.050501413e-01 +9.050501413e-01 +3.797505014e+01 +3.797505014e+01 +3.8548e-01 +8.7356e-01
384 +8.864312675e-01 +8.864312675e-01 +3.795643127e+01 +3.795643127e+01 +3.7563e-01 +8.3535e-01
434 +8.667773614e-01 +8.667773614e-01 +3.793677736e+01 +3.793677736e+01 +3.6384e-01 +7.9355e-01
444 +8.409174127e-01 +8.409174127e-01 +3.791091741e+01 +3.791091741e+01 +3.4592e-01 +7.2951e-01
456 +8.289527988e-01 +8.289527988e-01 +3.789895280e+01 +3.789895280e+01 +3.4221e-01 +6.9880e-01
462 +8.034264394e-01 +8.034264394e-01 +3.787342644e+01 +3.787342644e+01 +3.3017e-01 +6.5712e-01
473 +7.728109717e-01 +7.728109717e-01 +3.784281097e+01 +3.784281097e+01 +3.1128e-01 +5.8246e-01
482 +7.520556214e-01 +7.520556214e-01 +3.782205562e+01 +3.782205562e+01 +2.9687e-01 +5.2567e-01
487 +7.104136622e-01 +7.104136622e-01 +3.778041366e+01 +3.778041366e+01 +2.6714e-01 +4.1180e-01
492 +6.988455259e-01 +6.988455259e-01 +3.776884553e+01 +3.776884553e+01 +2.6975e-01 +4.3162e-01
494 +6.829130547e-01 +6.829130547e-01 +3.775291305e+01 +3.775291305e+01 +2.1154e-01 +1.9587e-01
522 +6.725743305e-01 +6.725743305e-01 +3.774257433e+01 +3.774257433e+01 +2.2768e-01 +2.6085e-01
543 +6.567065054e-01 +6.567065054e-01 +3.772670651e+01 +3.772670651e+01 +2.1089e-01 +1.9849e-01
552 +6.344118195e-01 +6.344118195e-01 +3.770441182e+01 +3.770441182e+01 +1.6220e-01 +1.8664e-02
568 +6.207021696e-01 +6.207021696e-01 +3.769070217e+01 +3.769070217e+01 +1.5285e-01 -1.3522e-02
572 +6.021852311e-01 +6.021852311e-01 +3.767218523e+01 +3.767218523e+01 +1.5966e-01 +1.4676e-02
578 +5.517174797e-01 +5.517174797e-01 +3.762171748e+01 +3.762171748e+01 +1.4443e-01 -3.1867e-02
582 +5.271541230e-01 +5.271541230e-01 +3.759715412e+01 +3.759715412e+01 +7.0508e-02 -2.9246e-01
585 +4.809357344e-01 +4.809357344e-01 +3.755093573e+01 +3.755093573e+01 +1.1982e-01 -1.0409e-01
597 +3.981435839e-01 +3.981435839e-01 +3.746814358e+01 +3.746814358e+01 +4.7922e-02 -3.4556e-01
611 +3.279098737e-01 +3.279098737e-01 +3.739790987e+01 +3.739790987e+01 -2.0126e-02 -5.2853e-01
615 +2.914436222e-01 +2.914436222e-01 +3.736144362e+01 +3.736144362e+01 -2.8313e-02 -5.6608e-01
625 +1.540300237e-01 +1.540300237e-01 +3.722403002e+01 +3.722403002e+01 -1.7622e-01 -1.0088e+00
631 +1.481783444e-01 +1.481783444e-01 +3.721817834e+01 +3.721817834e+01 -2.0705e-01 -1.0748e+00
646 +5.975395760e-02 +5.975395760e-02 +3.712975396e+01 +3.712975396e+01 -3.5338e-01 -1.4771e+00
665 +4.547797956e-02 +4.547797956e-02 +3.711547798e+01 +3.711547798e+01 -3.9612e-01 -1.5798e+00
673 +4.176754046e-02 +4.176754046e-02 +3.711176754e+01 +3.711176754e+01 -3.8455e-01 -1.5491e+00
681 +3.754693569e-02 +3.754693569e-02 +3.710754694e+01 +3.710754694e+01 -4.6624e-01 -1.7093e+00
694 +2.556395235e-03 +2.556395235e-03 +3.707255640e+01 +3.707255640e+01 -6.0961e-01 -2.0182e+00
760 +1.934100381e-03 +1.934100381e-03 +3.707193410e+01 +3.707193410e+01 -5.2200e-01 -1.8451e+00
787 +8.141993395e-04 +8.141993395e-04 +3.707081420e+01 +3.707081420e+01 -5.5641e-01 -1.9134e+00
788 +4.916842853e-04 +4.916842853e-04 +3.707049168e+01 +3.707049168e+01 -5.8657e-01 -1.9753e+00
799 +1.204016872e-04 +1.204016872e-04 +3.707012040e+01 +3.707012040e+01 -5.7460e-01 -1.9519e+00
809 +1.094100070e-04 +1.094100070e-04 +3.707010941e+01 +3.707010941e+01 -5.7577e-01 -1.9545e+00
891 +3.217845670e-05 +3.217845670e-05 +3.707003218e+01 +3.707003218e+01 -5.6331e-01 -1.9305e+00
895 +2.588597141e-06 +2.588597141e-06 +3.707000259e+01 +3.707000259e+01 -5.6453e-01 -1.9324e+00
1064 +2.346908836e-06 +2.346908836e-06 +3.707000235e+01 +3.707000235e+01 -5.6430e-01 -1.9320e+00
1108 +3.990879520e-07 +3.990879520e-07 +3.707000040e+01 +3.707000040e+01 -5.6518e-01 -1.9338e+00
1226 +3.842744363e-07 +3.842744363e-07 +3.707000038e+01 +3.707000038e+01 -5.6524e-01 -1.9338e+00
1229 +3.614671513e-07 +3.614671513e-07 +3.707000036e+01 +3.707000036e+01 -5.6521e-01 -1.9338e+00
1238 +3.486237077e-07 +3.486237077e-07 +3.707000035e+01 +3.707000035e+01 -5.6522e-01 -1.9338e+00
1240 +3.096145207e-07 +3.096145207e-07 +3.707000031e+01 +3.707000031e+01 -5.6524e-01 -1.9339e+00
1263 +2.266577894e-07 +2.266577894e-07 +3.707000023e+01 +3.707000023e+01 -5.6532e-01 -1.9340e+00
1288 +2.075648382e-07 +2.075648382e-07 +3.707000021e+01 +3.707000021e+01 -5.6534e-01 -1.9341e+00
1352 +1.974066848e-07 +1.974066848e-07 +3.707000020e+01 +3.707000020e+01 -5.6536e-01 -1.9341e+00
1385 +1.861793848e-07 +1.861793848e-07 +3.707000019e+01 +3.707000019e+01 -5.6537e-01 -1.9341e+00
1393 +1.804754248e-07 +1.804754248e-07 +3.707000018e+01 +3.707000018e+01 -5.6538e-01 -1.9342e+00
1405 +1.636755016e-07 +1.636755016e-07 +3.707000016e+01 +3.707000016e+01 -5.6540e-01 -1.9342e+00
1416 +1.528067770e-07 +1.528067770e-07 +3.707000015e+01 +3.707000015e+01 -5.6541e-01 -1.9342e+00
1422 +1.445258917e-07 +1.445258917e-07 +3.707000014e+01 +3.707000014e+01 -5.6542e-01 -1.9343e+00
1433 +1.390942401e-07 +1.390942401e-07 +3.707000014e+01 +3.707000014e+01 -5.6543e-01 -1.9343e+00
1439 +1.375509839e-07 +1.375509839e-07 +3.707000014e+01 +3.707000014e+01 -5.6543e-01 -1.9343e+00
1440 +1.253397741e-07 +1.253397741e-07 +3.707000013e+01 +3.707000013e+01 -5.6545e-01 -1.9343e+00
1443 +1.191460868e-07 +1.191460868e-07 +3.707000012e+01 +3.707000012e+01 -5.6546e-01 -1.9343e+00
1445 +1.050271194e-07 +1.050271194e-07 +3.707000011e+01 +3.707000011e+01 -5.6548e-01 -1.9344e+00
1447 +8.106673022e-08 +8.106673022e-08 +3.707000008e+01 +3.707000008e+01 -5.6552e-01 -1.9344e+00
1457 +6.093531368e-08 +6.093531368e-08 +3.707000006e+01 +3.707000006e+01 -5.6556e-01 -1.9345e+00
1463 +3.802966830e-08 +3.802966830e-08 +3.707000004e+01 +3.707000004e+01 -5.6569e-01 -1.9348e+00
1473 +2.783636432e-09 +2.783636432e-09 +3.707000000e+01 +3.707000000e+01 -5.6575e-01 -1.9349e+00
2372 +0.000000000e+00 +0.000000000e+00 +3.707000000e+01 +3.707000000e+01 -5.6580e-01 -1.9350e+00
% function evaluation | noise-free fitness - Fopt (-9.580000000000e+01) | best noise-free fitness - Fopt | measured fitness | best measured fitness | x1 | x2...
1 +1.639947338e+04 +1.639947338e+04 +1.630367338e+04 +1.630367338e+04 +0.0000e+00 +0.0000e+00
2 +3.371784795e+03 +3.371784795e+03 +3.275984795e+03 +3.275984795e+03 -1.4168e+00 -9.0430e-01
4 +3.049237921e+03 +3.049237921e+03 +2.953437921e+03 +2.953437921e+03 -1.0700e+00 +9.4415e-01
12 +1.059882858e+03 +1.059882858e+03 +9.640828579e+02 +9.640828579e+02 -1.1717e+00 +2.7283e+00
17 +5.110315891e+02 +5.110315891e+02 +4.152315891e+02 +4.152315891e+02 -1.6205e+00 +1.8362e+00
20 +4.925343029e+01 +4.925343029e+01 -4.654656971e+01 -4.654656971e+01 -2.9822e+00 +1.3834e-01
27 +5.377694466e+00 +5.377694466e+00 -9.042230553e+01 -9.042230553e+01 -3.2087e+00 +4.3570e-01
40 +1.346021572e+00 +1.346021572e+00 -9.445397843e+01 -9.445397843e+01 -2.9446e+00 +9.8557e-01
47 +5.643568496e-01 +5.643568496e-01 -9.523564315e+01 -9.523564315e+01 -2.8821e+00 +1.0161e+00
66 +3.383337779e-01 +3.383337779e-01 -9.546166622e+01 -9.546166622e+01 -3.0777e+00 +7.4549e-01
81 +3.046295380e-01 +3.046295380e-01 -9.549537046e+01 -9.549537046e+01 -2.8761e+00 +9.9915e-01
125 +6.914922794e-02 +6.914922794e-02 -9.573085077e+01 -9.573085077e+01 -2.7599e+00 +1.1179e+00
160 +3.286978683e-02 +3.286978683e-02 -9.576713021e+01 -9.576713021e+01 -2.6026e+00 +1.3588e+00
179 +1.055786354e-03 +1.055786354e-03 -9.579894421e+01 -9.579894421e+01 -2.4956e+00 +1.5796e+00
274 +1.237260093e-04 +1.237260093e-04 -9.579987627e+01 -9.579987627e+01 -2.5051e+00 +1.5583e+00
287 +1.675212332e-06 +1.675212332e-06 -9.579999832e+01 -9.579999832e+01 -2.4961e+00 +1.5752e+00
484 +1.489100185e-06 +1.489100185e-06 -9.579999851e+01 -9.579999851e+01 -2.4965e+00 +1.5747e+00
492 +1.031348660e-06 +1.031348660e-06 -9.579999897e+01 -9.579999897e+01 -2.4967e+00 +1.5742e+00
496 +3.982692647e-07 +3.982692647e-07 -9.579999960e+01 -9.579999960e+01 -2.4968e+00 +1.5739e+00
509 +3.287341883e-07 +3.287341883e-07 -9.579999967e+01 -9.579999967e+01 -2.4967e+00 +1.5743e+00
513 +2.697786954e-07 +2.697786954e-07 -9.579999973e+01 -9.579999973e+01 -2.4967e+00 +1.5741e+00
532 +9.041251303e-08 +9.041251303e-08 -9.579999991e+01 -9.579999991e+01 -2.4969e+00 +1.5738e+00
533 +6.506758155e-08 +6.506758155e-08 -9.579999993e+01 -9.579999993e+01 -2.4972e+00 +1.5731e+00
579 +2.668589616e-08 +2.668589616e-08 -9.579999997e+01 -9.579999997e+01 -2.4970e+00 +1.5735e+00
582 +2.093418061e-08 +2.093418061e-08 -9.579999998e+01 -9.579999998e+01 -2.4971e+00 +1.5735e+00
588 +1.805609884e-08 +1.805609884e-08 -9.579999998e+01 -9.579999998e+01 -2.4971e+00 +1.5734e+00
604 +1.001887995e-08 +1.001887995e-08 -9.579999999e+01 -9.579999999e+01 -2.4971e+00 +1.5733e+00
620 +5.741512155e-09 +5.741512155e-09 -9.579999999e+01 -9.579999999e+01 -2.4971e+00 +1.5734e+00
1030 +0.000000000e+00 +0.000000000e+00 -9.580000000e+01 -9.580000000e+01 -2.4972e+00 +1.5732e+00
% function evaluation | noise-free fitness - Fopt (5.860000000000e+01) | best noise-free fitness - Fopt | measured fitness | best measured fitness | x1 | x2...
1 +3.815932385e+03 +3.815932385e+03 +3.874532385e+03 +3.874532385e+03 +0.0000e+00 +0.0000e+00
2 +6.803864996e+02 +6.803864996e+02 +7.389864996e+02 +7.389864996e+02 -3.7792e-01 +1.7268e+00
11 +2.096985178e+00 +2.096985178e+00 +6.069698518e+01 +6.069698518e+01 -2.1873e+00 -3.9993e-01
25 +1.156641077e+00 +1.156641077e+00 +5.975664108e+01 +5.975664108e+01 -1.8951e+00 -8.6809e-02
81 +6.069893548e-01 +6.069893548e-01 +5.920698935e+01 +5.920698935e+01 -2.3493e+00 -6.7902e-01
136 +5.876958268e-01 +5.876958268e-01 +5.918769583e+01 +5.918769583e+01 -2.3523e+00 -6.2652e-01
144 +3.531325893e-01 +3.531325893e-01 +5.895313259e+01 +5.895313259e+01 -2.1047e+00 -4.8941e-01
161 +2.583395992e-01 +2.583395992e-01 +5.885833960e+01 +5.885833960e+01 -2.0184e+00 -3.8878e-01
169 +2.001468230e-01 +2.001468230e-01 +5.880014682e+01 +5.880014682e+01 -1.9073e+00 -2.4361e-01
191 +1.291754537e-01 +1.291754537e-01 +5.872917545e+01 +5.872917545e+01 -1.8787e+00 -1.9248e-01
209 +4.593962294e-02 +4.593962294e-02 +5.864593962e+01 +5.864593962e+01 -1.7000e+00 +1.5282e-01
247 +4.550295906e-02 +4.550295906e-02 +5.864550296e+01 +5.864550296e+01 -1.5049e+00 +5.5006e-01
282 +1.790862064e-02 +1.790862064e-02 +5.861790862e+01 +5.861790862e+01 -1.5261e+00 +4.7670e-01
295 +1.680168666e-02 +1.680168666e-02 +5.861680169e+01 +5.861680169e+01 -1.5368e+00 +4.5257e-01
301 +9.807747431e-03 +9.807747431e-03 +5.860980775e+01 +5.860980775e+01 -1.5284e+00 +4.8101e-01
303 +8.398058185e-03 +8.398058185e-03 +5.860839806e+01 +5.860839806e+01 -1.5385e+00 +4.5593e-01
343 +7.941421503e-03 +7.941421503e-03 +5.860794142e+01 +5.860794142e+01 -1.5388e+00 +4.5650e-01
365 +7.566963922e-03 +7.566963922e-03 +5.860756696e+01 +5.860756696e+01 -1.5405e+00 +4.5464e-01
424 +7.215781005e-03 +7.215781005e-03 +5.860721578e+01 +5.860721578e+01 -1.5437e+00 +4.4850e-01
447 +6.986503787e-03 +6.986503787e-03 +5.860698650e+01 +5.860698650e+01 -1.5448e+00 +4.4601e-01
453 +6.344731731e-03 +6.344731731e-03 +5.860634473e+01 +5.860634473e+01 -1.5476e+00 +4.3848e-01
466 +6.252195399e-03 +6.252195399e-03 +5.860625220e+01 +5.860625220e+01 -1.5498e+00 +4.3536e-01
472 +5.802564971e-03 +5.802564971e-03 +5.860580256e+01 +5.860580256e+01 -1.5528e+00 +4.2898e-01
483 +5.034072739e-03 +5.034072739e-03 +5.860503407e+01 +5.860503407e+01 -1.5565e+00 +4.1889e-01
510 +4.788468684e-03 +4.788468684e-03 +5.860478847e+01 +5.860478847e+01 -1.5603e+00 +4.1306e-01
512 +4.697581448e-03 +4.697581448e-03 +5.860469758e+01 +5.860469758e+01 -1.5614e+00 +4.1091e-01
527 +3.905382548e-03 +3.905382548e-03 +5.860390538e+01 +5.860390538e+01 -1.5651e+00 +4.0178e-01
533 +3.493036524e-03 +3.493036524e-03 +5.860349304e+01 +5.860349304e+01 -1.5688e+00 +3.9240e-01
534 +3.369670937e-03 +3.369670937e-03 +5.860336967e+01 +5.860336967e+01 -1.5697e+00 +3.9212e-01
542 +3.232765153e-03 +3.232765153e-03 +5.860323277e+01 +5.860323277e+01 -1.5712e+00 +3.8917e-01
545 +1.592282079e-03 +1.592282079e-03 +5.860159228e+01 +5.860159228e+01 -1.5956e+00 +3.3971e-01
554 +1.101143949e-03 +1.101143949e-03 +5.860110114e+01 +5.860110114e+01 -1.6223e+00 +2.8610e-01
556 +3.699371505e-04 +3.699371505e-04 +5.860036994e+01 +5.860036994e+01 -1.6116e+00 +3.0562e-01
562 +2.599362530e-04 +2.599362530e-04 +5.860025994e+01 +5.860025994e+01 -1.6112e+00 +3.0518e-01
564 +2.005788472e-04 +2.005788472e-04 +5.860020058e+01 +5.860020058e+01 -1.6144e+00 +2.9821e-01
570 +1.582884855e-04 +1.582884855e-04 +5.860015829e+01 +5.860015829e+01 -1.6218e+00 +2.8265e-01
571 +1.134529347e-04 +1.134529347e-04 +5.860011345e+01 +5.860011345e+01 -1.6166e+00 +2.9434e-01
603 +5.690092218e-05 +5.690092218e-05 +5.860005690e+01 +5.860005690e+01 -1.6211e+00 +2.8477e-01
612 +4.370515938e-06 +4.370515938e-06 +5.860000437e+01 +5.860000437e+01 -1.6252e+00 +2.7701e-01
636 +4.034687265e-06 +4.034687265e-06 +5.860000403e+01 +5.860000403e+01 -1.6252e+00 +2.7698e-01
664 +9.479923975e-07 +9.479923975e-07 +5.860000095e+01 +5.860000095e+01 -1.6264e+00 +2.7455e-01
913 +9.042674662e-07 +9.042674662e-07 +5.860000090e+01 +5.860000090e+01 -1.6263e+00 +2.7487e-01
924 +5.370902869e-07 +5.370902869e-07 +5.860000054e+01 +5.860000054e+01 -1.6268e+00 +2.7364e-01
928 +2.309844547e-07 +2.309844547e-07 +5.860000023e+01 +5.860000023e+01 -1.6267e+00 +2.7395e-01
933 +3.236909407e-08 +3.236909407e-08 +5.860000003e+01 +5.860000003e+01 -1.6270e+00 +2.7335e-01
967 +2.431355739e-08 +2.431355739e-08 +5.860000002e+01 +5.860000002e+01 -1.6270e+00 +2.7330e-01
994 +2.377765895e-08 +2.377765895e-08 +5.860000002e+01 +5.860000002e+01 -1.6271e+00 +2.7315e-01
1012 +2.199755755e-08 +2.199755755e-08 +5.860000002e+01 +5.860000002e+01 -1.6271e+00 +2.7329e-01
1019 +2.836003432e-09 +2.836003432e-09 +5.860000000e+01 +5.860000000e+01 -1.6273e+00 +2.7290e-01
1446 +0.000000000e+00 +0.000000000e+00 +5.860000000e+01 +5.860000000e+01 -1.6272e+00 +2.7300e-01
% function evaluation | noise-free fitness - Fopt (-1.826500000000e+02) | best noise-free fitness - Fopt | measured fitness | best measured fitness | x1 | x2...
1 +8.663039148e+03 +8.663039148e+03 +8.480389148e+03 +8.480389148e+03 +0.0000e+00 +0.0000e+00
3 +1.309879651e+03 +1.309879651e+03 +1.127229651e+03 +1.127229651e+03 -1.1551e+00 +6.7192e-01
6 +8.326739830e+02 +8.326739830e+02 +6.500239830e+02 +6.500239830e+02 -9.8983e-01 +1.9601e+00
13 +3.312878724e+01 +3.312878724e+01 -1.495212128e+02 -1.495212128e+02 -1.9258e+00 +3.0042e+00
21 +2.209728261e+01 +2.209728261e+01 -1.605527174e+02 -1.605527174e+02 -2.0579e+00 +1.7600e+00
26 +1.456695351e+00 +1.456695351e+00 -1.811933046e+02 -1.811933046e+02 -1.7487e+00 +2.6308e+00
29 +7.440117880e-01 +7.440117880e-01 -1.819059882e+02 -1.819059882e+02 -2.2948e+00 +1.8912e+00
30 +6.715461757e-01 +6.715461757e-01 -1.819784538e+02 -1.819784538e+02 -2.3452e+00 +1.9710e+00
128 +6.009218834e-01 +6.009218834e-01 -1.820490781e+02 -1.820490781e+02 -2.4771e+00 +1.8522e+00
175 +5.884190729e-01 +5.884190729e-01 -1.820615809e+02 -1.820615809e+02 -2.5120e+00 +1.8008e+00
200 +5.519002605e-01 +5.519002605e-01 -1.820980997e+02 -1.820980997e+02 -2.4910e+00 +1.8206e+00
204 +5.464000711e-01 +5.464000711e-01 -1.821035999e+02 -1.821035999e+02 -2.4811e+00 +1.8139e+00
206 +5.207289426e-01 +5.207289426e-01 -1.821292711e+02 -1.821292711e+02 -2.4463e+00 +1.8251e+00
224 +4.573043621e-01 +4.573043621e-01 -1.821926956e+02 -1.821926956e+02 -2.4048e+00 +1.8540e+00
237 +3.836585013e-01 +3.836585013e-01 -1.822663415e+02 -1.822663415e+02 -2.3617e+00 +1.8931e+00
246 +3.458364720e-01 +3.458364720e-01 -1.823041635e+02 -1.823041635e+02 -2.3345e+00 +1.9187e+00
253 +3.192948500e-01 +3.192948500e-01 -1.823307051e+02 -1.823307051e+02 -2.3037e+00 +1.9604e+00
255 +2.803011633e-01 +2.803011633e-01 -1.823696988e+02 -1.823696988e+02 -2.2676e+00 +1.9938e+00
260 +2.460099857e-01 +2.460099857e-01 -1.824039900e+02 -1.824039900e+02 -2.2332e+00 +2.0071e+00
263 +1.902866923e-01 +1.902866923e-01 -1.824597133e+02 -1.824597133e+02 -2.1846e+00 +2.0701e+00
326 +1.819690387e-01 +1.819690387e-01 -1.824680310e+02 -1.824680310e+02 -2.1314e+00 +2.1517e+00
352 +1.329293376e-01 +1.329293376e-01 -1.825170707e+02 -1.825170707e+02 -2.0233e+00 +2.3020e+00
367 +1.111816666e-01 +1.111816666e-01 -1.825388183e+02 -1.825388183e+02 -1.9941e+00 +2.2986e+00
375 +6.244180670e-02 +6.244180670e-02 -1.825875582e+02 -1.825875582e+02 -1.9551e+00 +2.3674e+00
385 +5.496304356e-02 +5.496304356e-02 -1.825950370e+02 -1.825950370e+02 -1.9827e+00 +2.3393e+00
397 +4.929312622e-02 +4.929312622e-02 -1.826007069e+02 -1.826007069e+02 -1.9646e+00 +2.3615e+00
403 +4.649014283e-02 +4.649014283e-02 -1.826035099e+02 -1.826035099e+02 -1.9614e+00 +2.3682e+00
421 +4.450879092e-02 +4.450879092e-02 -1.826054912e+02 -1.826054912e+02 -1.9483e+00 +2.3856e+00
462 +4.294244740e-02 +4.294244740e-02 -1.826070576e+02 -1.826070576e+02 -1.9556e+00 +2.3808e+00
488 +3.820503162e-02 +3.820503162e-02 -1.826117950e+02 -1.826117950e+02 -1.9411e+00 +2.4007e+00
521 +3.560783604e-02 +3.560783604e-02 -1.826143922e+02 -1.826143922e+02 -1.9370e+00 +2.4114e+00
525 +3.426573726e-02 +3.426573726e-02 -1.826157343e+02 -1.826157343e+02 -1.9334e+00 +2.4172e+00
532 +3.144836828e-02 +3.144836828e-02 -1.826185516e+02 -1.826185516e+02 -1.9251e+00 +2.4285e+00
548 +2.937934744e-02 +2.937934744e-02 -1.826206207e+02 -1.826206207e+02 -1.9188e+00 +2.4386e+00
552 +2.735209911e-02 +2.735209911e-02 -1.826226479e+02 -1.826226479e+02 -1.9134e+00 +2.4505e+00
565 +2.577004058e-02 +2.577004058e-02 -1.826242300e+02 -1.826242300e+02 -1.9050e+00 +2.4670e+00
572 +2.319713082e-02 +2.319713082e-02 -1.826268029e+02 -1.826268029e+02 -1.9003e+00 +2.4704e+00
573 +2.132935761e-02 +2.132935761e-02 -1.826286706e+02 -1.826286706e+02 -1.8913e+00 +2.4899e+00
583 +1.963359514e-02 +1.963359514e-02 -1.826303664e+02 -1.826303664e+02 -1.8794e+00 +2.5124e+00
601 +1.896271301e-02 +1.896271301e-02 -1.826310373e+02 -1.826310373e+02 -1.8830e+00 +2.4983e+00
613 +1.721964503e-02 +1.721964503e-02 -1.826327804e+02 -1.826327804e+02 -1.8794e+00 +2.5081e+00
619 +1.650486371e-02 +1.650486371e-02 -1.826334951e+02 -1.826334951e+02 -1.8767e+00 +2.5114e+00
671 +1.574306728e-02 +1.574306728e-02 -1.826342569e+02 -1.826342569e+02 -1.8725e+00 +2.5175e+00
678 +1.508292616e-02 +1.508292616e-02 -1.826349171e+02 -1.826349171e+02 -1.8710e+00 +2.5213e+00
681 +1.368589115e-02 +1.368589115e-02 -1.826363141e+02 -1.826363141e+02 -1.8642e+00 +2.5323e+00
687 +1.157234812e-02 +1.157234812e-02 -1.826384277e+02 -1.826384277e+02 -1.8554e+00 +2.5508e+00
698 +9.978814088e-03 +9.978814088e-03 -1.826400212e+02 -1.826400212e+02 -1.8470e+00 +2.5631e+00
704 +8.829532613e-03 +8.829532613e-03 -1.826411705e+02 -1.826411705e+02 -1.8424e+00 +2.5732e+00
707 +7.555721375e-03 +7.555721375e-03 -1.826424443e+02 -1.826424443e+02 -1.8338e+00 +2.5871e+00
715 +6.724564155e-03 +6.724564155e-03 -1.826432754e+02 -1.826432754e+02 -1.8007e+00 +2.6441e+00
717 +6.336433429e-03 +6.336433429e-03 -1.826436636e+02 -1.826436636e+02 -1.8268e+00 +2.6028e+00
720 +4.401258214e-03 +4.401258214e-03 -1.826455987e+02 -1.826455987e+02 -1.8147e+00 +2.6238e+00
722 +1.604028489e-03 +1.604028489e-03 -1.826483960e+02 -1.826483960e+02 -1.7635e+00 +2.7259e+00
753 +4.000853613e-04 +4.000853613e-04 -1.826495999e+02 -1.826495999e+02 -1.7314e+00 +2.7876e+00
757 +5.596103398e-05 +5.596103398e-05 -1.826499440e+02 -1.826499440e+02 -1.7501e+00 +2.7496e+00
816 +3.506899679e-05 +3.506899679e-05 -1.826499649e+02 -1.826499649e+02 -1.7448e+00 +2.7589e+00
833 +2.229459170e-05 +2.229459170e-05 -1.826499777e+02 -1.826499777e+02 -1.7495e+00 +2.7495e+00
834 +7.047609699e-06 +7.047609699e-06 -1.826499930e+02 -1.826499930e+02 -1.7511e+00 +2.7469e+00
971 +6.826311392e-07 +6.826311392e-07 -1.826499993e+02 -1.826499993e+02 -1.7477e+00 +2.7536e+00
1074 +5.090865329e-07 +5.090865329e-07 -1.826499995e+02 -1.826499995e+02 -1.7491e+00 +2.7508e+00
1095 +3.198508978e-07 +3.198508978e-07 -1.826499997e+02 -1.826499997e+02 -1.7490e+00 +2.7511e+00
1115 +2.613929269e-07 +2.613929269e-07 -1.826499997e+02 -1.826499997e+02 -1.7489e+00 +2.7513e+00
1132 +2.190122359e-07 +2.190122359e-07 -1.826499998e+02 -1.826499998e+02 -1.7488e+00 +2.7513e+00
1142 +1.840245147e-07 +1.840245147e-07 -1.826499998e+02 -1.826499998e+02 -1.7488e+00 +2.7513e+00
1167 +1.454235985e-07 +1.454235985e-07 -1.826499999e+02 -1.826499999e+02 -1.7488e+00 +2.7515e+00
1177 +7.026005733e-08 +7.026005733e-08 -1.826499999e+02 -1.826499999e+02 -1.7486e+00 +2.7517e+00
1312 +6.374574468e-08 +6.374574468e-08 -1.826499999e+02 -1.826499999e+02 -1.7486e+00 +2.7517e+00
1313 +6.235765682e-08 +6.235765682e-08 -1.826499999e+02 -1.826499999e+02 -1.7486e+00 +2.7517e+00
1325 +5.863890351e-08 +5.863890351e-08 -1.826499999e+02 -1.826499999e+02 -1.7486e+00 +2.7517e+00
1327 +4.824522648e-08 +4.824522648e-08 -1.826500000e+02 -1.826500000e+02 -1.7486e+00 +2.7518e+00
1336 +4.261661957e-08 +4.261661957e-08 -1.826500000e+02 -1.826500000e+02 -1.7486e+00 +2.7518e+00
1351 +4.027066325e-08 +4.027066325e-08 -1.826500000e+02 -1.826500000e+02 -1.7486e+00 +2.7519e+00
1355 +3.489236633e-08 +3.489236633e-08 -1.826500000e+02 -1.826500000e+02 -1.7486e+00 +2.7519e+00
1363 +2.214807182e-08 +2.214807182e-08 -1.826500000e+02 -1.826500000e+02 -1.7485e+00 +2.7519e+00
1377 +2.101748464e-08 +2.101748464e-08 -1.826500000e+02 -1.826500000e+02 -1.7485e+00 +2.7519e+00
1381 +9.922757727e-09 +9.922757727e-09 -1.826500000e+02 -1.826500000e+02 -1.7485e+00 +2.7520e+00
2198 +0.000000000e+00 +0.000000000e+00 -1.826500000e+02 -1.826500000e+02 -1.7484e+00 +2.7522e+00
% function evaluation | noise-free fitness - Fopt (3.274000000000e+01) | best noise-free fitness - Fopt | measured fitness | best measured fitness | x1 | x2...
1 +6.369993055e+02 +6.369993055e+02 +6.697393055e+02 +6.697393055e+02 +0.0000e+00 +0.0000e+00
4 +4.522342825e+02 +4.522342825e+02 +4.849742825e+02 +4.849742825e+02 -1.0697e-01 -4.8391e-01
10 +3.851121049e+01 +3.851121049e+01 +7.125121049e+01 +7.125121049e+01 +1.1887e+00 +5.9191e-01
17 +1.820295978e+00 +1.820295978e+00 +3.456029598e+01 +3.456029598e+01 +1.2394e+00 +2.5975e-01
27 +7.872714722e-01 +7.872714722e-01 +3.352727147e+01 +3.352727147e+01 +1.3080e+00 +3.3659e-01
49 +6.179611782e-01 +6.179611782e-01 +3.335796118e+01 +3.335796118e+01 +1.3093e+00 +3.6842e-01
166 +5.008019534e-01 +5.008019534e-01 +3.324080195e+01 +3.324080195e+01 +1.2340e+00 +1.4152e-01
382 +4.744439300e-01 +4.744439300e-01 +3.321444393e+01 +3.321444393e+01 +1.2284e+00 +1.1447e-01
396 +4.493278014e-01 +4.493278014e-01 +3.318932780e+01 +3.318932780e+01 +1.2116e+00 +4.5250e-02
401 +4.444634115e-01 +4.444634115e-01 +3.318446341e+01 +3.318446341e+01 +1.2075e+00 +4.2964e-02
405 +4.199174775e-01 +4.199174775e-01 +3.315991748e+01 +3.315991748e+01 +1.1855e+00 -2.6791e-02
417 +3.712005650e-01 +3.712005650e-01 +3.311120056e+01 +3.311120056e+01 +1.1528e+00 -1.4268e-01
423 +3.292830057e-01 +3.292830057e-01 +3.306928301e+01 +3.306928301e+01 +1.1059e+00 -3.0216e-01
436 +3.011140957e-01 +3.011140957e-01 +3.304111410e+01 +3.304111410e+01 +1.0888e+00 -3.3768e-01
438 +2.777787341e-01 +2.777787341e-01 +3.301777873e+01 +3.301777873e+01 +1.0706e+00 -3.9945e-01
443 +2.706918396e-01 +2.706918396e-01 +3.301069184e+01 +3.301069184e+01 +1.0095e+00 -6.0578e-01
444 +2.667988345e-01 +2.667988345e-01 +3.300679883e+01 +3.300679883e+01 +1.0503e+00 -4.7150e-01
446 +2.608895831e-01 +2.608895831e-01 +3.300088958e+01 +3.300088958e+01 +1.0544e+00 -4.4894e-01
447 +2.480711581e-01 +2.480711581e-01 +3.298807116e+01 +3.298807116e+01 +1.0328e+00 -5.0449e-01
452 +2.148432444e-01 +2.148432444e-01 +3.295484324e+01 +3.295484324e+01 +1.0037e+00 -5.9399e-01
463 +2.133602790e-01 +2.133602790e-01 +3.295336028e+01 +3.295336028e+01 +9.9674e-01 -6.1103e-01
466 +2.019721959e-01 +2.019721959e-01 +3.294197220e+01 +3.294197220e+01 +9.5853e-01 -7.4684e-01
471 +1.925985817e-01 +1.925985817e-01 +3.293259858e+01 +3.293259858e+01 +9.7092e-01 -7.0436e-01
477 +1.855242303e-01 +1.855242303e-01 +3.292552423e+01 +3.292552423e+01 +9.2559e-01 -8.4161e-01
483 +1.354266283e-01 +1.354266283e-01 +3.287542663e+01 +3.287542663e+01 +8.9138e-01 -9.2712e-01
487 +1.178326123e-01 +1.178326123e-01 +3.285783261e+01 +3.285783261e+01 +8.7269e-01 -9.7487e-01
489 +1.071641489e-01 +1.071641489e-01 +3.284716415e+01 +3.284716415e+01 +8.5537e-01 -1.0208e+00
492 +1.024993809e-01 +1.024993809e-01 +3.284249938e+01 +3.284249938e+01 +7.9933e-01 -1.1355e+00
493 +8.665633945e-02 +8.665633945e-02 +3.282665634e+01 +3.282665634e+01 +8.0177e-01 -1.1628e+00
495 +5.745665801e-02 +5.745665801e-02 +3.279745666e+01 +3.279745666e+01 +7.8265e-01 -1.1981e+00
523 +1.858088318e-02 +1.858088318e-02 +3.275858088e+01 +3.275858088e+01 +5.8720e-01 -1.6554e+00
531 +1.546634848e-02 +1.546634848e-02 +3.275546635e+01 +3.275546635e+01 +5.7420e-01 -1.6815e+00
535 +3.328550988e-03 +3.328550988e-03 +3.274332855e+01 +3.274332855e+01 +4.8845e-01 -1.8372e+00
622 +2.409549085e-03 +2.409549085e-03 +3.274240955e+01 +3.274240955e+01 +5.7161e-01 -1.6708e+00
637 +1.487195752e-03 +1.487195752e-03 +3.274148720e+01 +3.274148720e+01 +5.7194e-01 -1.6767e+00
815 +1.416711346e-03 +1.416711346e-03 +3.274141671e+01 +3.274141671e+01 +5.8119e-01 -1.6552e+00
873 +1.404575595e-03 +1.404575595e-03 +3.274140458e+01 +3.274140458e+01 +5.8092e-01 -1.6559e+00
890 +1.349141497e-03 +1.349141497e-03 +3.274134914e+01 +3.274134914e+01 +5.8015e-01 -1.6568e+00
907 +1.346868096e-03 +1.346868096e-03 +3.274134687e+01 +3.274134687e+01 +5.8024e-01 -1.6568e+00
927 +1.303808481e-03 +1.303808481e-03 +3.274130381e+01 +3.274130381e+01 +5.7965e-01 -1.6584e+00
945 +1.247922352e-03 +1.247922352e-03 +3.274124792e+01 +3.274124792e+01 +5.7876e-01 -1.6604e+00
957 +1.206939576e-03 +1.206939576e-03 +3.274120694e+01 +3.274120694e+01 +5.7833e-01 -1.6610e+00
963 +1.187519565e-03 +1.187519565e-03 +3.274118752e+01 +3.274118752e+01 +5.7806e-01 -1.6615e+00
972 +1.140569080e-03 +1.140569080e-03 +3.274114057e+01 +3.274114057e+01 +5.7728e-01 -1.6634e+00
986 +1.120501726e-03 +1.120501726e-03 +3.274112050e+01 +3.274112050e+01 +5.7705e-01 -1.6637e+00
997 +1.056449350e-03 +1.056449350e-03 +3.274105645e+01 +3.274105645e+01 +5.7600e-01 -1.6655e+00
1002 +1.010349842e-03 +1.010349842e-03 +3.274101035e+01 +3.274101035e+01 +5.7538e-01 -1.6670e+00
1018 +9.214709164e-04 +9.214709164e-04 +3.274092147e+01 +3.274092147e+01 +5.7387e-01 -1.6704e+00
1025 +9.060324157e-04 +9.060324157e-04 +3.274090603e+01 +3.274090603e+01 +5.7370e-01 -1.6705e+00
1027 +8.371671074e-04 +8.371671074e-04 +3.274083717e+01 +3.274083717e+01 +5.7230e-01 -1.6737e+00
1031 +7.812052595e-04 +7.812052595e-04 +3.274078121e+01 +3.274078121e+01 +5.7132e-01 -1.6758e+00
1032 +7.101980873e-04 +7.101980873e-04 +3.274071020e+01 +3.274071020e+01 +5.7020e-01 -1.6778e+00
1034 +6.960581067e-04 +6.960581067e-04 +3.274069606e+01 +3.274069606e+01 +5.6846e-01 -1.6821e+00
1036 +6.066900516e-04 +6.066900516e-04 +3.274060669e+01 +3.274060669e+01 +5.6775e-01 -1.6832e+00
1042 +3.917794823e-04 +3.917794823e-04 +3.274039178e+01 +3.274039178e+01 +5.6251e-01 -1.6940e+00
1055 +2.353369240e-04 +2.353369240e-04 +3.274023534e+01 +3.274023534e+01 +5.5788e-01 -1.7034e+00
1062 +1.086990335e-04 +1.086990335e-04 +3.274010870e+01 +3.274010870e+01 +5.4889e-01 -1.7219e+00
1076 +7.875582353e-05 +7.875582353e-05 +3.274007876e+01 +3.274007876e+01 +5.4214e-01 -1.7354e+00
1082 +2.274394095e-05 +2.274394095e-05 +3.274002274e+01 +3.274002274e+01 +5.4398e-01 -1.7313e+00
1147 +1.028359985e-05 +1.028359985e-05 +3.274001028e+01 +3.274001028e+01 +5.4625e-01 -1.7265e+00
1154 +5.506368325e-06 +5.506368325e-06 +3.274000551e+01 +3.274000551e+01 +5.4533e-01 -1.7283e+00
1157 +5.293192686e-06 +5.293192686e-06 +3.274000529e+01 +3.274000529e+01 +5.4583e-01 -1.7271e+00
1159 +9.108917993e-07 +9.108917993e-07 +3.274000091e+01 +3.274000091e+01 +5.4428e-01 -1.7303e+00
1164 +2.744463430e-07 +2.744463430e-07 +3.274000027e+01 +3.274000027e+01 +5.4343e-01 -1.7320e+00
1181 +1.332361421e-08 +1.332361421e-08 +3.274000001e+01 +3.274000001e+01 +5.4360e-01 -1.7316e+00
1217 +5.614140264e-10 +5.614140264e-10 +3.274000000e+01 +3.274000000e+01 +5.4360e-01 -1.7316e+00
2187 +0.000000000e+00 +0.000000000e+00 +3.274000000e+01 +3.274000000e+01 +5.4360e-01 -1.7316e+00
% function evaluation | noise-free fitness - Fopt (-3.761100000000e+02) | best noise-free fitness - Fopt | measured fitness | best measured fitness | x1 | x2...
1 +1.337327959e+04 +1.337327959e+04 +1.299716959e+04 +1.299716959e+04 +0.0000e+00 +0.0000e+00
2 +3.924940047e+03 +3.924940047e+03 +3.548830047e+03 +3.548830047e+03 -9.3258e-01 +2.2175e-01
8 +2.840178060e+03 +2.840178060e+03 +2.464068060e+03 +2.464068060e+03 -9.8229e-01 +9.3565e-01
12 +1.487779391e+02 +1.487779391e+02 -2.273320609e+02 -2.273320609e+02 -2.2463e+00 +1.0650e+00
15 +4.703944042e+01 +4.703944042e+01 -3.290705596e+02 -3.290705596e+02 -2.4840e+00 +2.5787e+00
17 +1.320321159e+00 +1.320321159e+00 -3.747896788e+02 -3.747896788e+02 -3.1583e+00 +1.4601e+00
132 +8.815270703e-01 +8.815270703e-01 -3.752284729e+02 -3.752284729e+02 -3.0902e+00 +1.3811e+00
141 +1.535204745e-01 +1.535204745e-01 -3.759564795e+02 -3.759564795e+02 -2.5496e+00 +1.8205e+00
239 +6.601649326e-02 +6.601649326e-02 -3.760439835e+02 -3.760439835e+02 -1.9347e+00 +2.9730e+00
243 +5.493302436e-02 +5.493302436e-02 -3.760550670e+02 -3.760550670e+02 -1.9539e+00 +2.9203e+00
249 +4.921713651e-02 +4.921713651e-02 -3.760607829e+02 -3.760607829e+02 -2.0322e+00 +2.7497e+00
261 +1.754250879e-02 +1.754250879e-02 -3.760924575e+02 -3.760924575e+02 -2.2209e+00 +2.3205e+00
314 +1.468564579e-02 +1.468564579e-02 -3.760953144e+02 -3.760953144e+02 -2.2033e+00 +2.3556e+00
363 +2.506246054e-03 +2.506246054e-03 -3.761074938e+02 -3.761074938e+02 -2.2195e+00 +2.3398e+00
412 +1.833530062e-03 +1.833530062e-03 -3.761081665e+02 -3.761081665e+02 -2.2004e+00 +2.3774e+00
415 +1.150654177e-03 +1.150654177e-03 -3.761088493e+02 -3.761088493e+02 -2.2128e+00 +2.3514e+00
423 +2.414471788e-04 +2.414471788e-04 -3.761097586e+02 -3.761097586e+02 -2.2037e+00 +2.3667e+00
495 +1.517539227e-04 +1.517539227e-04 -3.761098482e+02 -3.761098482e+02 -2.1996e+00 +2.3744e+00
502 +5.995667942e-05 +5.995667942e-05 -3.761099400e+02 -3.761099400e+02 -2.1954e+00 +2.3830e+00
512 +1.503789400e-05 +1.503789400e-05 -3.761099850e+02 -3.761099850e+02 -2.1921e+00 +2.3899e+00
750 +1.461734877e-05 +1.461734877e-05 -3.761099854e+02 -3.761099854e+02 -2.1920e+00 +2.3900e+00
768 +1.361849763e-05 +1.361849763e-05 -3.761099864e+02 -3.761099864e+02 -2.1916e+00 +2.3906e+00
771 +1.124169142e-05 +1.124169142e-05 -3.761099888e+02 -3.761099888e+02 -2.1916e+00 +2.3909e+00
772 +1.015827195e-05 +1.015827195e-05 -3.761099898e+02 -3.761099898e+02 -2.1913e+00 +2.3914e+00
823 +9.884244605e-06 +9.884244605e-06 -3.761099901e+02 -3.761099901e+02 -2.1913e+00 +2.3914e+00
898 +9.639387315e-06 +9.639387315e-06 -3.761099904e+02 -3.761099904e+02 -2.1913e+00 +2.3914e+00
926 +9.501539466e-06 +9.501539466e-06 -3.761099905e+02 -3.761099905e+02 -2.1913e+00 +2.3915e+00
937 +9.289862021e-06 +9.289862021e-06 -3.761099907e+02 -3.761099907e+02 -2.1912e+00 +2.3915e+00
945 +9.112841042e-06 +9.112841042e-06 -3.761099909e+02 -3.761099909e+02 -2.1912e+00 +2.3916e+00
976 +8.849119354e-06 +8.849119354e-06 -3.761099912e+02 -3.761099912e+02 -2.1911e+00 +2.3917e+00
994 +8.573392961e-06 +8.573392961e-06 -3.761099914e+02 -3.761099914e+02 -2.1911e+00 +2.3918e+00
1002 +8.409861323e-06 +8.409861323e-06 -3.761099916e+02 -3.761099916e+02 -2.1911e+00 +2.3918e+00
1016 +8.159817412e-06 +8.159817412e-06 -3.761099918e+02 -3.761099918e+02 -2.1910e+00 +2.3920e+00
1032 +7.933902680e-06 +7.933902680e-06 -3.761099921e+02 -3.761099921e+02 -2.1910e+00 +2.3920e+00
1058 +7.736562679e-06 +7.736562679e-06 -3.761099923e+02 -3.761099923e+02 -2.1910e+00 +2.3921e+00
1068 +7.574971505e-06 +7.574971505e-06 -3.761099924e+02 -3.761099924e+02 -2.1909e+00 +2.3922e+00
1077 +7.388334438e-06 +7.388334438e-06 -3.761099926e+02 -3.761099926e+02 -2.1909e+00 +2.3923e+00
1080 +7.099332436e-06 +7.099332436e-06 -3.761099929e+02 -3.761099929e+02 -2.1908e+00 +2.3925e+00
1082 +6.351806178e-06 +6.351806178e-06 -3.761099936e+02 -3.761099936e+02 -2.1905e+00 +2.3930e+00
1093 +5.852946060e-06 +5.852946060e-06 -3.761099941e+02 -3.761099941e+02 -2.1905e+00 +2.3931e+00
1097 +5.195547715e-06 +5.195547715e-06 -3.761099948e+02 -3.761099948e+02 -2.1904e+00 +2.3932e+00
1102 +4.470807767e-06 +4.470807767e-06 -3.761099955e+02 -3.761099955e+02 -2.1903e+00 +2.3935e+00
1104 +3.015086804e-06 +3.015086804e-06 -3.761099970e+02 -3.761099970e+02 -2.1899e+00 +2.3942e+00
1117 +1.794719765e-06 +1.794719765e-06 -3.761099982e+02 -3.761099982e+02 -2.1895e+00 +2.3949e+00
1120 +1.038198889e-06 +1.038198889e-06 -3.761099990e+02 -3.761099990e+02 -2.1891e+00 +2.3957e+00
1122 +9.917275179e-07 +9.917275179e-07 -3.761099990e+02 -3.761099990e+02 -2.1891e+00 +2.3958e+00
1124 +7.037957630e-07 +7.037957630e-07 -3.761099993e+02 -3.761099993e+02 -2.1888e+00 +2.3964e+00
1127 +2.748394081e-07 +2.748394081e-07 -3.761099997e+02 -3.761099997e+02 -2.1884e+00 +2.3972e+00
1132 +5.052913821e-08 +5.052913821e-08 -3.761099999e+02 -3.761099999e+02 -2.1883e+00 +2.3974e+00
1144 +3.658237802e-08 +3.658237802e-08 -3.761100000e+02 -3.761100000e+02 -2.1880e+00 +2.3979e+00
1167 +2.912736363e-08 +2.912736363e-08 -3.761100000e+02 -3.761100000e+02 -2.1880e+00 +2.3979e+00
1183 +1.173032160e-08 +1.173032160e-08 -3.761100000e+02 -3.761100000e+02 -2.1882e+00 +2.3976e+00
1185 +6.977870726e-09 +6.977870726e-09 -3.761100000e+02 -3.761100000e+02 -2.1882e+00 +2.3977e+00
1614 +0.000000000e+00 +0.000000000e+00 -3.761100000e+02 -3.761100000e+02 -2.1882e+00 +2.3976e+00
% function evaluation | noise-free fitness - Fopt (-1.000000000000e+03) | best noise-free fitness - Fopt | measured fitness | best measured fitness | x1 | x2...
1 +1.445917154e+02 +1.445917154e+02 -8.554082846e+02 -8.554082846e+02 +0.0000e+00 +0.0000e+00
7 +8.195345519e+01 +8.195345519e+01 -9.180465448e+02 -9.180465448e+02 +6.2489e-02 +3.0508e-01
20 +6.814231481e-01 +6.814231481e-01 -9.993185769e+02 -9.993185769e+02 +6.5415e-01 +1.7376e+00
72 +3.353612880e-01 +3.353612880e-01 -9.996646387e+02 -9.996646387e+02 +6.1644e-01 +1.6572e+00
108 +2.487898748e-02 +2.487898748e-02 -9.999751210e+02 -9.999751210e+02 +9.2942e-01 +2.0970e+00
147 +2.301424218e-03 +2.301424218e-03 -9.999976986e+02 -9.999976986e+02 +9.4099e-01 +2.1309e+00
232 +1.479442403e-03 +1.479442403e-03 -9.999985206e+02 -9.999985206e+02 +1.0020e+00 +2.2536e+00
238 +5.469512746e-04 +5.469512746e-04 -9.999994530e+02 -9.999994530e+02 +9.9319e-01 +2.2394e+00
442 +4.893134345e-04 +4.893134345e-04 -9.999995107e+02 -9.999995107e+02 +9.9521e-01 +2.2421e+00
458 +2.881704313e-04 +2.881704313e-04 -9.999997118e+02 -9.999997118e+02 +9.8930e-01 +2.2297e+00
462 +1.169983855e-04 +1.169983855e-04 -9.999998830e+02 -9.999998830e+02 +9.8398e-01 +2.2196e+00
472 +8.972757769e-06 +8.972757769e-06 -9.999999910e+02 -9.999999910e+02 +9.7583e-01 +2.2029e+00
497 +2.803645089e-06 +2.803645089e-06 -9.999999972e+02 -9.999999972e+02 +9.7469e-01 +2.2007e+00
515 +1.876606348e-06 +1.876606348e-06 -9.999999981e+02 -9.999999981e+02 +9.7185e-01 +2.1951e+00
545 +1.138112111e-06 +1.138112111e-06 -9.999999989e+02 -9.999999989e+02 +9.7326e-01 +2.1978e+00
591 +3.135306770e-07 +3.135306770e-07 -9.999999997e+02 -9.999999997e+02 +9.7293e-01 +2.1973e+00
609 +3.962782102e-08 +3.962782102e-08 -1.000000000e+03 -1.000000000e+03 +9.7301e-01 +2.1974e+00
739 +2.651393061e-08 +2.651393061e-08 -1.000000000e+03 -1.000000000e+03 +9.7304e-01 +2.1975e+00
752 +2.072874850e-08 +2.072874850e-08 -1.000000000e+03 -1.000000000e+03 +9.7307e-01 +2.1975e+00
753 +1.170542419e-08 +1.170542419e-08 -1.000000000e+03 -1.000000000e+03 +9.7309e-01 +2.1976e+00
770 +3.597278919e-09 +3.597278919e-09 -1.000000000e+03 -1.000000000e+03 +9.7315e-01 +2.1977e+00
1263 +0.000000000e+00 +0.000000000e+00 -1.000000000e+03 -1.000000000e+03 +9.7320e-01 +2.1978e+00
% function evaluation | noise-free fitness - Fopt (-1.720700000000e+02) | best noise-free fitness - Fopt | measured fitness | best measured fitness | x1 | x2...
1 +2.063854416e+02 +2.063854416e+02 +3.431544163e+01 +3.431544163e+01 +0.0000e+00 +0.0000e+00
4 +1.537637076e+01 +1.537637076e+01 -1.566936292e+02 -1.566936292e+02 +1.2030e+00 -4.0262e-01
10 +3.687525411e+00 +3.687525411e+00 -1.683824746e+02 -1.683824746e+02 +1.5142e+00 -1.0310e+00
38 +2.302812612e+00 +2.302812612e+00 -1.697671874e+02 -1.697671874e+02 +9.9402e-01 -6.0598e-01
45 +1.153220636e+00 +1.153220636e+00 -1.709167794e+02 -1.709167794e+02 +1.4723e+00 -8.3786e-01
53 +1.046632264e+00 +1.046632264e+00 -1.710233677e+02 -1.710233677e+02 +1.7998e+00 -7.0945e-01
65 +3.836387111e-01 +3.836387111e-01 -1.716863613e+02 -1.716863613e+02 +1.8970e+00 -7.0882e-01
131 +3.632581634e-01 +3.632581634e-01 -1.717067418e+02 -1.717067418e+02 +1.9129e+00 -7.1270e-01
150 +3.457260049e-01 +3.457260049e-01 -1.717242740e+02 -1.717242740e+02 +1.9459e+00 -6.9360e-01
154 +2.856528431e-01 +2.856528431e-01 -1.717843472e+02 -1.717843472e+02 +1.9837e+00 -6.5188e-01
162 +2.639463749e-01 +2.639463749e-01 -1.718060536e+02 -1.718060536e+02 +2.0104e+00 -6.2862e-01
186 +2.132430727e-01 +2.132430727e-01 -1.718567569e+02 -1.718567569e+02 +2.0498e+00 -5.7914e-01
203 +1.821970187e-01 +1.821970187e-01 -1.718878030e+02 -1.718878030e+02 +2.1213e+00 -5.1120e-01
212 +1.787050309e-01 +1.787050309e-01 -1.718912950e+02 -1.718912950e+02 +2.1432e+00 -4.8731e-01
214 +1.508326241e-01 +1.508326241e-01 -1.719191674e+02 -1.719191674e+02 +2.1222e+00 -4.9360e-01
240 +9.560359596e-02 +9.560359596e-02 -1.719743964e+02 -1.719743964e+02 +2.2042e+00 -3.8107e-01
268 +6.748712762e-02 +6.748712762e-02 -1.720025129e+02 -1.720025129e+02 +2.2728e+00 -2.7497e-01
271 +3.657527745e-02 +3.657527745e-02 -1.720334247e+02 -1.720334247e+02 +2.3307e+00 -2.0051e-01
287 +2.664879859e-02 +2.664879859e-02 -1.720433512e+02 -1.720433512e+02 +2.3659e+00 -1.2725e-01
313 +2.160176428e-02 +2.160176428e-02 -1.720483982e+02 -1.720483982e+02 +2.3666e+00 -1.3068e-01
323 +1.865500129e-02 +1.865500129e-02 -1.720513450e+02 -1.720513450e+02 +2.3764e+00 -1.1419e-01
344 +1.626721866e-02 +1.626721866e-02 -1.720537328e+02 -1.720537328e+02 +2.3873e+00 -1.0116e-01
359 +1.456561479e-02 +1.456561479e-02 -1.720554344e+02 -1.720554344e+02 +2.3900e+00 -9.3936e-02
361 +1.327551497e-02 +1.327551497e-02 -1.720567245e+02 -1.720567245e+02 +2.4011e+00 -6.9706e-02
393 +1.087276089e-02 +1.087276089e-02 -1.720591272e+02 -1.720591272e+02 +2.4061e+00 -6.4620e-02
407 +1.062013804e-02 +1.062013804e-02 -1.720593799e+02 -1.720593799e+02 +2.4074e+00 -6.1833e-02
412 +9.685119779e-03 +9.685119779e-03 -1.720603149e+02 -1.720603149e+02 +2.4122e+00 -5.4211e-02
415 +9.309151733e-03 +9.309151733e-03 -1.720606908e+02 -1.720606908e+02 +2.4197e+00 -4.3249e-02
425 +8.065824380e-03 +8.065824380e-03 -1.720619342e+02 -1.720619342e+02 +2.4250e+00 -3.3116e-02
432 +7.362424972e-03 +7.362424972e-03 -1.720626376e+02 -1.720626376e+02 +2.4404e+00 -6.8557e-03
437 +6.766455231e-03 +6.766455231e-03 -1.720632335e+02 -1.720632335e+02 +2.4349e+00 -1.5324e-02
440 +5.690370379e-03 +5.690370379e-03 -1.720643096e+02 -1.720643096e+02 +2.4354e+00 -1.1991e-02
442 +3.639410024e-03 +3.639410024e-03 -1.720663606e+02 -1.720663606e+02 +2.4510e+00 +1.6928e-02
448 +3.111686608e-03 +3.111686608e-03 -1.720668883e+02 -1.720668883e+02 +2.4668e+00 +4.4418e-02
452 +2.083185351e-03 +2.083185351e-03 -1.720679168e+02 -1.720679168e+02 +2.4699e+00 +5.5883e-02
455 +2.028619275e-03 +2.028619275e-03 -1.720679714e+02 -1.720679714e+02 +2.5039e+00 +1.1578e-01
456 +1.073055568e-03 +1.073055568e-03 -1.720689269e+02 -1.720689269e+02 +2.4836e+00 +7.8499e-02
465 +7.692525097e-05 +7.692525097e-05 -1.720699231e+02 -1.720699231e+02 +2.5057e+00 +1.2463e-01
551 +4.580195980e-05 +4.580195980e-05 -1.720699542e+02 -1.720699542e+02 +2.5058e+00 +1.2451e-01
559 +4.022958933e-05 +4.022958933e-05 -1.720699598e+02 -1.720699598e+02 +2.5163e+00 +1.4523e-01
563 +5.687405064e-06 +5.687405064e-06 -1.720699943e+02 -1.720699943e+02 +2.5115e+00 +1.3570e-01
619 +7.509949285e-07 +7.509949285e-07 -1.720699992e+02 -1.720699992e+02 +2.5112e+00 +1.3485e-01
696 +4.332550532e-07 +4.332550532e-07 -1.720699996e+02 -1.720699996e+02 +2.5110e+00 +1.3429e-01
705 +2.329145730e-07 +2.329145730e-07 -1.720699998e+02 -1.720699998e+02 +2.5109e+00 +1.3415e-01
722 +2.201618940e-07 +2.201618940e-07 -1.720699998e+02 -1.720699998e+02 +2.5108e+00 +1.3398e-01
732 +1.237412732e-07 +1.237412732e-07 -1.720699999e+02 -1.720699999e+02 +2.5101e+00 +1.3251e-01
769 +1.193657795e-07 +1.193657795e-07 -1.720699999e+02 -1.720699999e+02 +2.5105e+00 +1.3343e-01
772 +1.038979178e-07 +1.038979178e-07 -1.720699999e+02 -1.720699999e+02 +2.5101e+00 +1.3256e-01
773 +9.510088717e-08 +9.510088717e-08 -1.720699999e+02 -1.720699999e+02 +2.5105e+00 +1.3352e-01
778 +1.058651833e-08 +1.058651833e-08 -1.720700000e+02 -1.720700000e+02 +2.5105e+00 +1.3331e-01
839 +1.033006924e-08 +1.033006924e-08 -1.720700000e+02 -1.720700000e+02 +2.5105e+00 +1.3337e-01
845 +7.273115443e-09 +7.273115443e-09 -1.720700000e+02 -1.720700000e+02 +2.5105e+00 +1.3337e-01
1573 +0.000000000e+00 +0.000000000e+00 -1.720700000e+02 -1.720700000e+02 +2.5104e+00 +1.3320e-01
