% function evaluation | noise-free fitness - Fopt (9.294000000000e+01) | best noise-free fitness - Fopt | measured fitness | best measured fitness | x1 | x2...
1 +1.311513987e+01 +1.311513987e+01 +1.060551399e+02 +1.060551399e+02 +0.0000e+00 +0.0000e+00 +0.0000e+00 +0.0000e+00 +0.0000e+00
4 +9.929196501e+00 +9.929196501e+00 +1.028691965e+02 +1.028691965e+02 -4.9500e-01 +3.5953e-01 -1.6998e-01 -4.9859e-01 -5.0011e-01
32 +8.469226507e+00 +8.469226507e+00 +1.014092265e+02 +1.014092265e+02 +5.5880e-01 -2.3832e-01 -1.6434e-01 +8.3743e-01 -6.3708e-02
55 +7.129212596e+00 +7.129212596e+00 +1.000692126e+02 +1.000692126e+02 +9.3657e-01 -4.7359e-01 +3.6418e-01 +1.0638e+00 -6.1716e-02
123 +6.728775250e+00 +6.728775250e+00 +9.966877525e+01 +9.966877525e+01 +5.5574e-01 +1.3915e+00 -2.6584e-01 +1.4520e+00 -1.8874e-01
126 +5.730306449e+00 +5.730306449e+00 +9.867030645e+01 +9.867030645e+01 +5.5982e-01 +1.0323e+00 +2.0386e-01 +1.2619e+00 -3.2834e-01
129 +4.291023073e+00 +4.291023073e+00 +9.723102307e+01 +9.723102307e+01 +3.3991e-01 +8.8075e-01 -1.1084e-01 +7.3782e-01 -3.4902e-01
168 +3.877283534e+00 +3.877283534e+00 +9.681728353e+01 +9.681728353e+01 -6.4709e-02 +4.3224e-01 +1.5101e-01 +7.1249e-01 +3.6933e-01
174 +3.331186330e+00 +3.331186330e+00 +9.627118633e+01 +9.627118633e+01 -3.8239e-02 +8.0946e-01 +1.3606e-01 +9.9127e-01 +4.8399e-01
182 +2.972227065e+00 +2.972227065e+00 +9.591222707e+01 +9.591222707e+01 -1.0960e-01 +3.1792e-01 +1.0415e-01 +1.3334e+00 +6.7076e-01
183 +1.833652432e+00 +1.833652432e+00 +9.477365243e+01 +9.477365243e+01 +2.1278e-01 +8.1953e-01 -1.4376e-01 +1.2916e+00 +6.0720e-01
% function evaluation | noise-free fitness - Fopt (3.535000000000e+01) | best noise-free fitness - Fopt | measured fitness | best measured fitness | x1 | x2...
1 +4.644548928e+02 +4.644548928e+02 +4.998048928e+02 +4.998048928e+02 +0.0000e+00 +0.0000e+00 +0.0000e+00 +0.0000e+00 +0.0000e+00
2 +1.967236983e+02 +1.967236983e+02 +2.320736983e+02 +2.320736983e+02 -1.8690e-01 +1.1078e+00 +1.0903e+00 +3.4520e-01 -1.4878e+00
5 +1.823059513e+02 +1.823059513e+02 +2.176559513e+02 +2.176559513e+02 +1.1159e+00 +1.4983e+00 +2.5730e-01 +4.1617e-02 -2.3460e+00
15 +1.729465853e+02 +1.729465853e+02 +2.082965853e+02 +2.082965853e+02 +8.9076e-01 +2.1438e+00 +4.3034e-04 +1.6142e+00 -1.7531e+00
16 +5.574241910e+01 +5.574241910e+01 +9.109241910e+01 +9.109241910e+01 +2.6960e+00 +1.8121e+00 +1.4829e+00 +1.7037e+00 -9.6500e-01
26 +1.422926123e+01 +1.422926123e+01 +4.957926123e+01 +4.957926123e+01 +1.5846e+00 +4.5699e-01 +3.9173e+00 +1.5303e+00 -2.3264e+00
54 +8.077676988e+00 +8.077676988e+00 +4.342767699e+01 +4.342767699e+01 +4.1609e-01 +1.6778e+00 +3.9675e+00 +5.6287e-01 -2.3832e+00
80 +4.856532818e+00 +4.856532818e+00 +4.020653282e+01 +4.020653282e+01 +7.3752e-01 +1.9140e+00 +4.4340e+00 +1.4527e+00 -2.3720e+00
82 +4.017116413e+00 +4.017116413e+00 +3.936711641e+01 +3.936711641e+01 +1.1853e+00 +1.4344e+00 +4.0070e+00 +1.2485e+00 -1.8254e+00
83 +3.251416574e+00 +3.251416574e+00 +3.860141657e+01 +3.860141657e+01 +1.3390e+00 +9.7324e-01 +4.3926e+00 +2.0790e+00 -1.8018e+00
119 +9.099578740e-01 +9.099578740e-01 +3.625995787e+01 +3.625995787e+01 +1.5273e+00 +1.7883e+00 +3.7548e+00 +1.9225e+00 -1.7895e+00
125 +5.436198135e-01 +5.436198135e-01 +3.589361981e+01 +3.589361981e+01 +1.9208e+00 +1.6352e+00 +3.7775e+00 +1.4049e+00 -1.8165e+00
150 +3.521195968e-01 +3.521195968e-01 +3.570211960e+01 +3.570211960e+01 +1.5732e+00 +1.5689e+00 +3.8670e+00 +1.4721e+00 -1.8066e+00
178 +3.191626742e-01 +3.191626742e-01 +3.566916267e+01 +3.566916267e+01 +1.5642e+00 +1.5500e+00 +3.8346e+00 +1.4377e+00 -1.9630e+00
189 +2.732957911e-01 +2.732957911e-01 +3.562329579e+01 +3.562329579e+01 +1.5943e+00 +1.5565e+00 +3.9371e+00 +1.5838e+00 -1.9916e+00
198 +2.427820783e-01 +2.427820783e-01 +3.559278208e+01 +3.559278208e+01 +1.6261e+00 +1.6890e+00 +3.9446e+00 +1.4421e+00 -2.0383e+00
208 +1.124919261e-01 +1.124919261e-01 +3.546249193e+01 +3.546249193e+01 +1.5196e+00 +1.6735e+00 +3.8854e+00 +1.4546e+00 -2.0002e+00
239 +5.822022853e-02 +5.822022853e-02 +3.540822023e+01 +3.540822023e+01 +1.6316e+00 +1.6802e+00 +3.8428e+00 +1.4314e+00 -1.9652e+00
254 +5.147354697e-02 +5.147354697e-02 +3.540147355e+01 +3.540147355e+01 +1.6982e+00 +1.5409e+00 +3.8969e+00 +1.4790e+00 -1.9091e+00
268 +3.052903472e-02 +3.052903472e-02 +3.538052903e+01 +3.538052903e+01 +1.6745e+00 +1.6385e+00 +3.8799e+00 +1.4520e+00 -1.8986e+00
279 +2.469591895e-02 +2.469591895e-02 +3.537469592e+01 +3.537469592e+01 +1.7056e+00 +1.6228e+00 +3.9470e+00 +1.4735e+00 -1.9048e+00
287 +2.296698125e-02 +2.296698125e-02 +3.537296698e+01 +3.537296698e+01 +1.6898e+00 +1.6369e+00 +3.9122e+00 +1.4668e+00 -1.9147e+00
312 +1.835452600e-02 +1.835452600e-02 +3.536835453e+01 +3.536835453e+01 +1.5965e+00 +1.7326e+00 +3.8517e+00 +1.5135e+00 -1.9071e+00
334 +1.757048332e-02 +1.757048332e-02 +3.536757048e+01 +3.536757048e+01 +1.6132e+00 +1.7319e+00 +3.8976e+00 +1.5114e+00 -1.9339e+00
643 +1.374097948e-02 +1.374097948e-02 +3.536374098e+01 +3.536374098e+01 +1.6389e+00 +1.6701e+00 +3.8813e+00 +1.5190e+00 -1.9025e+00
649 +9.953710724e-03 +9.953710724e-03 +3.535995371e+01 +3.535995371e+01 +1.6521e+00 +1.6901e+00 +3.8869e+00 +1.5244e+00 -1.9031e+00
% function evaluation | noise-free fitness - Fopt (3.820000000000e+00) | best noise-free fitness - Fopt | measured fitness | best measured fitness | x1 | x2...
1 +7.329981111e+02 +7.329981111e+02 +7.368181111e+02 +7.368181111e+02 +0.0000e+00 +0.0000e+00 +0.0000e+00 +0.0000e+00 +0.0000e+00
2 +4.377029770e+02 +4.377029770e+02 +4.415229770e+02 +4.415229770e+02 +7.3073e-01 +7.4130e-01 -2.8174e-01 -1.5941e+00 +2.9296e-01
3 +2.501544268e+02 +2.501544268e+02 +2.539744268e+02 +2.539744268e+02 +7.2011e-01 +9.7134e-01 +1.4576e+00 -3.0415e-01 +6.5762e-01
7 +1.994501163e+02 +1.994501163e+02 +2.032701163e+02 +2.032701163e+02 +2.5738e+00 +1.1024e+00 +1.2538e-01 +4.1186e-01 +1.8091e-01
12 +1.571615358e+02 +1.571615358e+02 +1.609815358e+02 +1.609815358e+02 +2.7647e+00 +2.6303e+00 -1.6520e-01 +1.5943e+00 +6.5157e-01
13 +7.680742383e+01 +7.680742383e+01 +8.062742383e+01 +8.062742383e+01 +4.3203e+00 +1.5856e+00 -5.4139e-01 +6.7721e-02 -1.3382e+00
19 +5.256061388e+01 +5.256061388e+01 +5.638061388e+01 +5.638061388e+01 +4.3319e+00 +8.3629e-01 +1.3031e-01 -5.4261e-01 -7.7793e-02
26 +1.495437476e+01 +1.495437476e+01 +1.877437476e+01 +1.877437476e+01 +4.7847e+00 +2.2554e+00 +4.3440e-02 -1.9355e+00 +2.0978e-01
43 +5.576835956e+00 +5.576835956e+00 +9.396835956e+00 +9.396835956e+00 +3.9775e+00 +3.6621e+00 -3.8009e-01 -2.5621e+00 -3.6371e-01
42736 +5.463407138e+00 +5.463407138e+00 +9.283407138e+00 +9.283407138e+00 +3.3829e+00 +2.9743e+00 +7.2648e-01 -1.8543e+00 -6.1043e-01
42896 +5.362873706e+00 +5.362873706e+00 +9.182873706e+00 +9.182873706e+00 +3.3370e+00 +2.9741e+00 +6.9271e-01 -1.7538e+00 -6.7319e-01
% function evaluation | noise-free fitness - Fopt (2.175000000000e+01) | best noise-free fitness - Fopt | measured fitness | best measured fitness | x1 | x2...
1 +1.551430652e+02 +1.551430652e+02 +1.768930652e+02 +1.768930652e+02 +0.0000e+00 +0.0000e+00 +0.0000e+00 +0.0000e+00 +0.0000e+00
5 +1.190674897e+02 +1.190674897e+02 +1.408174897e+02 +1.408174897e+02 +1.9877e-01 +1.0029e+00 +3.0290e-01 -3.1340e-01 -1.4441e+00
13 +1.059560601e+02 +1.059560601e+02 +1.277060601e+02 +1.277060601e+02 +6.5166e-02 +6.8199e-03 +5.3178e-01 +4.4147e-01 -1.8489e+00
15 +9.059930566e+01 +9.059930566e+01 +1.123493057e+02 +1.123493057e+02 +6.4330e-01 +2.5367e+00 +3.3080e-01 +1.5903e-01 -1.7412e+00
20 +8.307586619e+01 +8.307586619e+01 +1.048258662e+02 +1.048258662e+02 +9.6728e-01 +1.2446e+00 +5.5359e-01 -1.3334e-01 -1.8315e+00
21 +7.385433827e+01 +7.385433827e+01 +9.560433827e+01 +9.560433827e+01 +1.3961e+00 +2.9561e-01 -1.1330e+00 +9.8508e-01 -2.0378e+00
22 +3.178906524e+01 +3.178906524e+01 +5.353906524e+01 +5.353906524e+01 +1.7509e+00 +8.2539e-01 -4.5271e-01 +1.4884e+00 -3.1021e+00
38 +2.144582948e+01 +2.144582948e+01 +4.319582948e+01 +4.319582948e+01 +3.2172e+00 +7.9848e-01 -5.2517e-01 +1.5044e+00 -2.9773e+00
42 +1.041774776e+01 +1.041774776e+01 +3.216774776e+01 +3.216774776e+01 +4.9436e+00 +8.5039e-01 -1.5345e+00 +2.8723e+00 -2.3504e+00
56 +7.273996373e+00 +7.273996373e+00 +2.902399637e+01 +2.902399637e+01 +3.6482e+00 +1.4736e+00 -7.8522e-01 +2.8980e+00 -3.0737e+00
66 +3.957911284e+00 +3.957911284e+00 +2.570791128e+01 +2.570791128e+01 +3.3150e+00 +1.0036e+00 -9.1348e-01 +4.2416e+00 -2.0136e+00
73 +2.258812448e+00 +2.258812448e+00 +2.400881245e+01 +2.400881245e+01 +3.7578e+00 +1.3886e+00 -8.0038e-01 +2.9867e+00 -2.0273e+00
111 +1.361704834e+00 +1.361704834e+00 +2.311170483e+01 +2.311170483e+01 +3.9549e+00 +1.3289e+00 -1.1895e+00 +2.5436e+00 -1.8829e+00
138 +1.210472156e+00 +1.210472156e+00 +2.296047216e+01 +2.296047216e+01 +3.6412e+00 +1.1839e+00 -1.0814e+00 +2.5805e+00 -2.1557e+00
175 +9.088505949e-01 +9.088505949e-01 +2.265885059e+01 +2.265885059e+01 +3.4375e+00 +1.1421e+00 -8.0729e-01 +3.0044e+00 -2.0613e+00
422 +8.594890442e-01 +8.594890442e-01 +2.260948904e+01 +2.260948904e+01 +4.0260e+00 +1.2882e+00 -9.7401e-01 +2.2317e+00 -1.7311e+00
424 +8.438082226e-01 +8.438082226e-01 +2.259380822e+01 +2.259380822e+01 +3.9921e+00 +1.3095e+00 -9.6107e-01 +2.2009e+00 -1.7043e+00
441 +7.418045668e-01 +7.418045668e-01 +2.249180457e+01 +2.249180457e+01 +4.0066e+00 +1.2870e+00 -1.0126e+00 +2.2215e+00 -1.7188e+00
447 +5.341335359e-01 +5.341335359e-01 +2.228413354e+01 +2.228413354e+01 +4.0217e+00 +1.2460e+00 -1.0590e+00 +2.3500e+00 -1.7856e+00
469 +4.726330995e-01 +4.726330995e-01 +2.222263310e+01 +2.222263310e+01 +4.0749e+00 +1.2913e+00 -1.1220e+00 +2.4124e+00 -1.7888e+00
476 +4.601660806e-01 +4.601660806e-01 +2.221016608e+01 +2.221016608e+01 +4.0704e+00 +1.3027e+00 -1.1142e+00 +2.3684e+00 -1.8370e+00
534 +4.193685413e-01 +4.193685413e-01 +2.216936854e+01 +2.216936854e+01 +4.2208e+00 +1.2833e+00 -1.2245e+00 +2.3432e+00 -1.8047e+00
601 +4.143451595e-01 +4.143451595e-01 +2.216434516e+01 +2.216434516e+01 +4.1888e+00 +1.2957e+00 -1.1615e+00 +2.3981e+00 -1.7850e+00
612 +3.952013976e-01 +3.952013976e-01 +2.214520140e+01 +2.214520140e+01 +4.1705e+00 +1.2471e+00 -1.1485e+00 +2.3560e+00 -1.7315e+00
625 +3.318877826e-01 +3.318877826e-01 +2.208188778e+01 +2.208188778e+01 +4.1834e+00 +1.2309e+00 -1.1841e+00 +2.3355e+00 -1.7215e+00
% function evaluation | noise-free fitness - Fopt (6.479000000000e+01) | best noise-free fitness - Fopt | measured fitness | best measured fitness | x1 | x2...
1 +3.268637627e+01 +3.268637627e+01 +9.747637627e+01 +9.747637627e+01 +0.0000e+00 +0.0000e+00 +0.0000e+00 +0.0000e+00 +0.0000e+00
4 +1.624160121e+01 +1.624160121e+01 +8.103160121e+01 +8.103160121e+01 +9.9923e-01 -1.1334e+00 -7.1338e-01 +8.8684e-01 +6.2681e-02
11 +1.228756098e+01 +1.228756098e+01 +7.707756098e+01 +7.707756098e+01 -3.6095e-01 -9.2359e-01 +1.6897e-01 +9.1129e-01 -8.1879e-02
17 +5.671120796e+00 +5.671120796e+00 +7.046112080e+01 +7.046112080e+01 -6.0391e-01 -1.1425e+00 +2.0147e-02 +1.0446e+00 -2.2720e-01
68 +4.151222116e+00 +4.151222116e+00 +6.894122212e+01 +6.894122212e+01 -1.4544e+00 -1.4412e+00 +6.1455e-01 +1.6984e+00 -1.5842e+00
167 +3.971919849e+00 +3.971919849e+00 +6.876191985e+01 +6.876191985e+01 -7.2126e-01 -1.3483e+00 -5.4626e-01 +1.8397e+00 -7.4797e-01
171 +3.063967759e+00 +3.063967759e+00 +6.785396776e+01 +6.785396776e+01 -1.3065e+00 -1.4797e+00 -2.4729e-01 +1.6386e+00 -8.8260e-01
180 +2.239019576e+00 +2.239019576e+00 +6.702901958e+01 +6.702901958e+01 -1.5426e+00 -1.7095e+00 -1.4192e-01 +1.3679e+00 +2.8651e-01
193 +2.091445886e-01 +2.091445886e-01 +6.499914459e+01 +6.499914459e+01 -1.4179e+00 -1.7324e+00 -1.2528e-01 +1.4037e+00 -3.7260e-01
274 +1.319837849e-01 +1.319837849e-01 +6.492198378e+01 +6.492198378e+01 -2.1369e+00 -2.4289e+00 -1.9962e-01 +1.2992e+00 -9.3259e-02
291 +5.203027913e-02 +5.203027913e-02 +6.484203028e+01 +6.484203028e+01 -1.8952e+00 -2.1045e+00 -1.0328e-01 +1.4502e+00 -3.4214e-01
327 +3.366723306e-02 +3.366723306e-02 +6.482366723e+01 +6.482366723e+01 -1.9763e+00 -2.1895e+00 -1.3466e-01 +1.3871e+00 -2.1590e-01
349 +3.024677333e-02 +3.024677333e-02 +6.482024677e+01 +6.482024677e+01 -2.0076e+00 -2.2003e+00 -6.6253e-02 +1.3736e+00 -3.3672e-01
350 +2.755953282e-02 +2.755953282e-02 +6.481755953e+01 +6.481755953e+01 -2.0148e+00 -2.2189e+00 -8.9470e-02 +1.3852e+00 -2.4117e-01
388 +2.236530133e-02 +2.236530133e-02 +6.481236530e+01 +6.481236530e+01 -1.9787e+00 -2.1928e+00 -1.6170e-01 +1.3348e+00 -2.1138e-01
412 +2.927436071e-08 +2.927436071e-08 +6.479000003e+01 +6.479000003e+01 -1.8444e+00 -2.1320e+00 -1.0087e-01 +1.3916e+00 -2.7766e-01
526 +1.319584442e-08 +1.319584442e-08 +6.479000001e+01 +6.479000001e+01 -1.8562e+00 -2.0880e+00 -1.0392e-01 +1.3713e+00 -2.5136e-01
534 +2.817003519e-09 +2.817003519e-09 +6.479000000e+01 +6.479000000e+01 -1.8491e+00 -2.1066e+00 -1.0453e-01 +1.3682e+00 -2.5963e-01
2575 +0.000000000e+00 +0.000000000e+00 +6.479000000e+01 +6.479000000e+01 -1.8633e+00 -2.0882e+00 -1.1238e-01 +1.3785e+00 -2.5897e-01
% function evaluation | noise-free fitness - Fopt (1.861100000000e+02) | best noise-free fitness - Fopt | measured fitness | best measured fitness | x1 | x2...
1 +1.470916729e+02 +1.470916729e+02 +3.332016729e+02 +3.332016729e+02 +0.0000e+00 +0.0000e+00 +0.0000e+00 +0.0000e+00 +0.0000e+00
2 +7.592987657e+01 +7.592987657e+01 +2.620398766e+02 +2.620398766e+02 -3.6382e-01 -1.5325e+00 -1.4476e+00 +1.2816e+00 -9.4674e-02
11 +7.510960348e+01 +7.510960348e+01 +2.612196035e+02 +2.612196035e+02 -1.6165e+00 -1.5052e+00 -4.5273e-01 +4.3814e-01 -1.0017e-01
15 +5.116876328e+01 +5.116876328e+01 +2.372787633e+02 +2.372787633e+02 -2.8213e+00 -2.4415e+00 -5.4544e-01 +1.8479e+00 +1.5082e-01
21 +4.603702905e+01 +4.603702905e+01 +2.321470290e+02 +2.321470290e+02 -2.4835e+00 -3.1024e+00 -1.1173e+00 +5.8264e-01 +5.7447e-01
25 +4.133696221e+01 +4.133696221e+01 +2.274469622e+02 +2.274469622e+02 -1.9510e+00 -1.9409e+00 -6.5814e-01 +7.4967e-01 +8.1331e-01
29 +3.118287822e+01 +3.118287822e+01 +2.172928782e+02 +2.172928782e+02 -1.8292e+00 -3.3130e+00 +7.6400e-01 +1.1029e+00 +1.5840e-01
35 +2.883378034e+01 +2.883378034e+01 +2.149437803e+02 +2.149437803e+02 -1.1337e+00 -4.7521e+00 +6.8128e-01 +1.1704e+00 +2.7854e-01
36 +2.478808749e+01 +2.478808749e+01 +2.108980875e+02 +2.108980875e+02 -1.7459e+00 -3.6078e+00 +1.4309e+00 +7.8778e-01 +5.3533e-01
40 +2.332035326e+01 +2.332035326e+01 +2.094303533e+02 +2.094303533e+02 -3.1782e-01 -2.2635e+00 +1.4179e+00 +2.9153e-01 +4.8857e-01
44 +1.562488359e+01 +1.562488359e+01 +2.017348836e+02 +2.017348836e+02 -3.9090e-01 -1.4114e+00 +2.2407e+00 +9.9353e-01 +7.1613e-01
51 +1.270318594e+01 +1.270318594e+01 +1.988131859e+02 +1.988131859e+02 +7.4301e-02 -3.9015e+00 +2.8305e+00 -4.5902e-01 +1.3057e+00
56 +1.089269792e+01 +1.089269792e+01 +1.970026979e+02 +1.970026979e+02 -1.2236e+00 -3.1793e+00 +1.6955e+00 -6.8895e-01 +8.8113e-01
71 +9.312930871e+00 +9.312930871e+00 +1.954229309e+02 +1.954229309e+02 -3.2601e+00 -2.8245e+00 +1.6931e+00 -6.5408e-01 +1.1216e+00
76 +2.539081238e+00 +2.539081238e+00 +1.886490812e+02 +1.886490812e+02 -2.9849e+00 -2.0688e+00 +2.9761e+00 -1.5553e+00 +1.3693e+00
99 +1.951242830e+00 +1.951242830e+00 +1.880612428e+02 +1.880612428e+02 -1.5166e+00 -1.8162e+00 +3.3424e+00 -1.0712e+00 +1.3699e+00
159 +1.183841672e+00 +1.183841672e+00 +1.872938417e+02 +1.872938417e+02 -2.0638e+00 -2.4375e+00 +3.2482e+00 -1.7327e+00 +1.4597e+00
169 +8.970536143e-01 +8.970536143e-01 +1.870070536e+02 +1.870070536e+02 -2.0937e+00 -2.6905e+00 +3.5451e+00 -1.9122e+00 +1.4474e+00
228 +3.352857772e-01 +3.352857772e-01 +1.864452858e+02 +1.864452858e+02 -2.2930e+00 -3.3314e+00 +3.4951e+00 -2.3361e+00 +1.4375e+00
% function evaluation | noise-free fitness - Fopt (-1.060600000000e+02) | best noise-free fitness - Fopt | measured fitness | best measured fitness | x1 | x2...
1 +1.192279608e+02 +1.192279608e+02 +1.316796083e+01 +1.316796083e+01 +0.0000e+00 +0.0000e+00 +0.0000e+00 +0.0000e+00 +0.0000e+00
5 +3.838528304e+01 +3.838528304e+01 -6.767471696e+01 -6.767471696e+01 -9.0252e-01 +5.3675e-03 -8.3564e-01 -4.3897e-01 +2.0396e+00
16 +1.936400945e+01 +1.936400945e+01 -8.669599055e+01 -8.669599055e+01 +4.5490e-01 -2.2434e-01 -1.8996e+00 -9.0313e-01 +8.2035e-01
36 +1.824814100e+01 +1.824814100e+01 -8.781185900e+01 -8.781185900e+01 +1.4239e+00 +5.1566e-02 -3.1255e+00 -1.1105e+00 +6.5000e-02
38 +1.349400504e+01 +1.349400504e+01 -9.256599496e+01 -9.256599496e+01 +8.2579e-01 +1.7081e-01 -1.3922e+00 -1.4395e+00 +6.8830e-01
42 +1.323931554e+01 +1.323931554e+01 -9.282068446e+01 -9.282068446e+01 +1.1370e+00 +4.9613e-01 -2.2231e+00 -1.5358e+00 +1.7269e-01
53 +7.006938811e+00 +7.006938811e+00 -9.905306119e+01 -9.905306119e+01 +1.2898e+00 +1.4645e+00 -2.7800e+00 -2.1164e+00 +7.3906e-01
61 +4.216078872e+00 +4.216078872e+00 -1.018439211e+02 -1.018439211e+02 +8.2028e-01 +9.1865e-01 -2.5493e+00 -2.0333e+00 +1.4087e-01
74 +2.067576614e+00 +2.067576614e+00 -1.039924234e+02 -1.039924234e+02 +1.1478e+00 +1.0200e+00 -3.5310e+00 -2.9472e+00 -1.5682e+00
100 +1.842495541e+00 +1.842495541e+00 -1.042175045e+02 -1.042175045e+02 +8.1795e-01 +1.3733e+00 -3.3761e+00 -3.4087e+00 -1.7861e+00
113 +8.855560420e-01 +8.855560420e-01 -1.051744440e+02 -1.051744440e+02 +1.0542e+00 +1.2464e+00 -3.4457e+00 -3.1151e+00 -1.0405e+00
127 +5.340776135e-01 +5.340776135e-01 -1.055259224e+02 -1.055259224e+02 +9.3377e-01 +1.2681e+00 -3.4071e+00 -2.9513e+00 -9.8495e-01
147 +4.218782602e-01 +4.218782602e-01 -1.056381217e+02 -1.056381217e+02 +1.3383e+00 +1.0287e+00 -3.1932e+00 -2.9350e+00 -8.8009e-01
164 +3.538850348e-01 +3.538850348e-01 -1.057061150e+02 -1.057061150e+02 +1.3751e+00 +9.7873e-01 -3.3029e+00 -3.0321e+00 -1.0648e+00
171 +2.620307828e-01 +2.620307828e-01 -1.057979692e+02 -1.057979692e+02 +1.1820e+00 +1.2157e+00 -3.4963e+00 -2.7685e+00 -1.0432e+00
249 +2.101217295e-01 +2.101217295e-01 -1.058498783e+02 -1.058498783e+02 +1.2040e+00 +1.0111e+00 -3.4896e+00 -3.0081e+00 -1.2318e+00
369 +1.373005571e-01 +1.373005571e-01 -1.059226994e+02 -1.059226994e+02 +9.9485e-01 +1.3819e+00 -3.6804e+00 -2.9371e+00 -1.2770e+00
381 +1.222866338e-01 +1.222866338e-01 -1.059377134e+02 -1.059377134e+02 +1.0059e+00 +1.2504e+00 -3.4342e+00 -2.9469e+00 -1.1141e+00
428 +5.237967925e-02 +5.237967925e-02 -1.060076203e+02 -1.060076203e+02 +1.0395e+00 +1.3081e+00 -3.6179e+00 -3.0072e+00 -1.2828e+00
463 +3.363604608e-02 +3.363604608e-02 -1.060263640e+02 -1.060263640e+02 +1.0316e+00 +1.2508e+00 -3.5637e+00 -3.0746e+00 -1.2830e+00
489 +2.587144431e-02 +2.587144431e-02 -1.060341286e+02 -1.060341286e+02 +1.0277e+00 +1.3437e+00 -3.5951e+00 -3.0813e+00 -1.3108e+00
506 +1.840320657e-02 +1.840320657e-02 -1.060415968e+02 -1.060415968e+02 +1.0389e+00 +1.3307e+00 -3.6023e+00 -3.0201e+00 -1.2499e+00
544 +1.274791367e-02 +1.274791367e-02 -1.060472521e+02 -1.060472521e+02 +1.0504e+00 +1.3332e+00 -3.6131e+00 -3.0025e+00 -1.2902e+00
578 +9.985807738e-03 +9.985807738e-03 -1.060500142e+02 -1.060500142e+02 +1.0648e+00 +1.3278e+00 -3.6011e+00 -3.0517e+00 -1.2984e+00
% function evaluation | noise-free fitness - Fopt (-1.957000000000e+01) | best noise-free fitness - Fopt | measured fitness | best measured fitness | x1 | x2...
1 +2.102434408e+03 +2.102434408e+03 +2.082864408e+03 +2.082864408e+03 +0.0000e+00 +0.0000e+00 +0.0000e+00 +0.0000e+00 +0.0000e+00
3 +1.258676072e+03 +1.258676072e+03 +1.239106072e+03 +1.239106072e+03 +1.6689e+00 -6.1605e-01 -9.4607e-01 +2.5876e-01 +3.7329e-01
13 +8.693470896e+02 +8.693470896e+02 +8.497770896e+02 +8.497770896e+02 +1.2651e+00 -1.0200e-01 -1.5796e+00 +1.8845e+00 +4.4876e-01
15 +7.176042649e+02 +7.176042649e+02 +6.980342649e+02 +6.980342649e+02 +3.5446e+00 +1.0053e+00 -1.1509e+00 -3.8560e-01 +1.0313e+00
24 +4.308973713e+02 +4.308973713e+02 +4.113273713e+02 +4.113273713e+02 +4.0947e+00 +3.3362e+00 -1.2526e+00 +9.4667e-02 +1.7346e+00
26 +3.686308187e+02 +3.686308187e+02 +3.490608187e+02 +3.490608187e+02 +2.8867e+00 +2.6998e+00 -2.5651e+00 -1.2393e+00 +1.2043e+00
29 +2.839025236e+02 +2.839025236e+02 +2.643325236e+02 +2.643325236e+02 +4.5516e+00 +1.5088e+00 -2.0987e+00 +1.3833e-01 +1.2603e+00
33 +2.605794013e+02 +2.605794013e+02 +2.410094013e+02 +2.410094013e+02 +6.8888e+00 +1.6622e+00 -2.5373e+00 -3.9108e-01 +1.2410e+00
35 +1.716433725e+02 +1.716433725e+02 +1.520733725e+02 +1.520733725e+02 +3.4407e+00 +6.5037e-01 -2.9852e+00 +7.8003e-01 +1.2868e+00
40 +1.421581650e+02 +1.421581650e+02 +1.225881650e+02 +1.225881650e+02 +7.0540e+00 +1.5967e+00 -2.3465e+00 -1.6754e+00 +2.9449e+00
42 +7.575544068e+01 +7.575544068e+01 +5.618544068e+01 +5.618544068e+01 +6.3224e+00 +2.2295e+00 -2.5545e+00 -6.4595e-01 +3.1848e+00
56 +5.084608104e+01 +5.084608104e+01 +3.127608104e+01 +3.127608104e+01 +6.8219e+00 +3.4058e+00 -1.9001e+00 +9.4666e-01 +3.7210e+00
57 +3.886331012e+01 +3.886331012e+01 +1.929331012e+01 +1.929331012e+01 +4.7786e+00 +6.1305e-01 -3.0844e+00 +6.2787e-01 +3.1036e+00
66 +2.137920590e+01 +2.137920590e+01 +1.809205900e+00 +1.809205900e+00 +4.8080e+00 +4.9127e-01 -3.8747e+00 -1.4227e-01 +3.4753e+00
71 +1.261467269e+01 +1.261467269e+01 -6.955327309e+00 -6.955327309e+00 +5.4830e+00 +2.0695e-01 -2.7887e+00 +2.1472e+00 +3.8092e+00
105 +1.147392263e+01 +1.147392263e+01 -8.096077369e+00 -8.096077369e+00 +4.7023e+00 +1.5480e+00 -2.9628e+00 +3.0970e+00 +3.1965e+00
237 +1.089265709e+01 +1.089265709e+01 -8.677342914e+00 -8.677342914e+00 +3.1049e+00 +3.3520e+00 -3.1544e+00 +3.9440e+00 +3.7688e+00
242 +7.986004840e+00 +7.986004840e+00 -1.158399516e+01 -1.158399516e+01 +3.1426e+00 +2.9365e+00 -3.0689e+00 +3.7474e+00 +3.6456e+00
247 +7.762774572e+00 +7.762774572e+00 -1.180722543e+01 -1.180722543e+01 +3.6306e+00 +3.0284e+00 -3.0466e+00 +3.7495e+00 +4.1607e+00
258 +6.763305690e+00 +6.763305690e+00 -1.280669431e+01 -1.280669431e+01 +3.3849e+00 +3.3967e+00 -3.0804e+00 +3.3244e+00 +4.2037e+00
273 +6.543357373e+00 +6.543357373e+00 -1.302664263e+01 -1.302664263e+01 +3.0592e+00 +3.2045e+00 -3.0778e+00 +3.6772e+00 +3.8136e+00
297 +6.396392607e+00 +6.396392607e+00 -1.317360739e+01 -1.317360739e+01 +3.1506e+00 +3.2903e+00 -3.1562e+00 +3.6551e+00 +3.6226e+00
306 +5.995303964e+00 +5.995303964e+00 -1.357469604e+01 -1.357469604e+01 +3.2443e+00 +3.0412e+00 -3.1288e+00 +3.5857e+00 +3.7950e+00
312 +5.562764105e+00 +5.562764105e+00 -1.400723590e+01 -1.400723590e+01 +3.1719e+00 +2.7470e+00 -3.2030e+00 +3.5169e+00 +3.8851e+00
321 +5.044225035e+00 +5.044225035e+00 -1.452577497e+01 -1.452577497e+01 +3.0674e+00 +2.7528e+00 -3.1824e+00 +3.8031e+00 +3.9083e+00
351 +4.958225824e+00 +4.958225824e+00 -1.461177418e+01 -1.461177418e+01 +3.0442e+00 +2.5852e+00 -3.3618e+00 +3.2855e+00 +3.9170e+00
376 +4.644771273e+00 +4.644771273e+00 -1.492522873e+01 -1.492522873e+01 +3.1049e+00 +2.8963e+00 -3.2939e+00 +3.4172e+00 +3.4255e+00
387 +4.014092442e+00 +4.014092442e+00 -1.555590756e+01 -1.555590756e+01 +3.1160e+00 +2.6085e+00 -3.2957e+00 +3.5228e+00 +3.6233e+00
390 +3.845467809e+00 +3.845467809e+00 -1.572453219e+01 -1.572453219e+01 +3.1108e+00 +2.9069e+00 -3.4153e+00 +3.3441e+00 +3.5251e+00
404 +2.609151386e+00 +2.609151386e+00 -1.696084861e+01 -1.696084861e+01 +3.6251e+00 +2.5488e+00 -3.2158e+00 +3.1662e+00 +3.5844e+00
408 +2.529327054e+00 +2.529327054e+00 -1.704067295e+01 -1.704067295e+01 +3.5495e+00 +2.7003e+00 -3.4247e+00 +2.8430e+00 +3.7392e+00
412 +1.852621396e+00 +1.852621396e+00 -1.771737860e+01 -1.771737860e+01 +3.7030e+00 +2.2939e+00 -3.4751e+00 +2.4783e+00 +3.7170e+00
% function evaluation | noise-free fitness - Fopt (3.818200000000e+02) | best noise-free fitness - Fopt | measured fitness | best measured fitness | x1 | x2...
1 +9.199837192e+02 +9.199837192e+02 +1.301803719e+03 +1.301803719e+03 +0.0000e+00 +0.0000e+00 +0.0000e+00 +0.0000e+00 +0.0000e+00
2 +4.477211681e+02 +4.477211681e+02 +8.295411681e+02 +8.295411681e+02 +1.2391e-02 -2.1941e-01 +8.0805e-01 -1.6345e+00 -2.5645e-01
10 +3.141716503e+02 +3.141716503e+02 +6.959916503e+02 +6.959916503e+02 +3.7855e-01 +1.3250e+00 +2.8214e-01 -3.8167e-01 -1.9854e+00
13 +1.782937065e+02 +1.782937065e+02 +5.601137065e+02 +5.601137065e+02 +5.3423e-01 +1.0151e+00 -1.1044e+00 -1.1186e+00 -4.5803e+00
14 +1.615583356e+02 +1.615583356e+02 +5.433783356e+02 +5.433783356e+02 +2.4353e-01 +1.8969e+00 -5.5790e-02 -6.6805e-01 -3.5123e+00
22 +4.441024740e+01 +4.441024740e+01 +4.262302474e+02 +4.262302474e+02 +4.2313e-01 +3.4434e+00 -2.2874e-02 -1.9664e+00 -2.9414e+00
32 +3.582168476e+01 +3.582168476e+01 +4.176416848e+02 +4.176416848e+02 +9.3629e-02 +4.4758e+00 -1.5631e+00 -1.3422e+00 -3.7582e+00
71 +3.539512511e+01 +3.539512511e+01 +4.172151251e+02 +4.172151251e+02 +9.7359e-01 +3.6849e+00 -2.2491e+00 -1.7194e-01 -5.2867e+00
75 +2.953772798e+01 +2.953772798e+01 +4.113577280e+02 +4.113577280e+02 +6.5500e-01 +4.0819e+00 -2.7776e+00 -6.0119e-01 -6.0114e+00
77 +1.987001350e+01 +1.987001350e+01 +4.016900135e+02 +4.016900135e+02 +2.0511e+00 +3.5498e+00 -3.5274e+00 -3.9630e-01 -6.5041e+00
78 +1.181784846e+01 +1.181784846e+01 +3.936378485e+02 +3.936378485e+02 +2.4509e+00 +5.0499e+00 -2.5260e+00 +2.1937e-01 -5.8684e+00
82 +9.097582334e+00 +9.097582334e+00 +3.909175823e+02 +3.909175823e+02 +2.7902e+00 +4.3360e+00 -2.9891e+00 -2.8125e-01 -5.8370e+00
124 +4.067690484e+00 +4.067690484e+00 +3.858876905e+02 +3.858876905e+02 +1.6761e+00 +4.2064e+00 -2.3583e+00 -1.7424e+00 -4.5210e+00
154 +3.876812576e+00 +3.876812576e+00 +3.856968126e+02 +3.856968126e+02 +2.1097e+00 +3.8406e+00 -2.3379e+00 -1.6444e+00 -4.5030e+00
172 +3.292575546e+00 +3.292575546e+00 +3.851125755e+02 +3.851125755e+02 +1.7632e+00 +3.8936e+00 -2.9099e+00 -1.9556e+00 -5.0170e+00
181 +2.760852721e+00 +2.760852721e+00 +3.845808527e+02 +3.845808527e+02 +1.5752e+00 +3.6872e+00 -2.7103e+00 -1.7611e+00 -4.5612e+00
184 +1.220777078e+00 +1.220777078e+00 +3.830407771e+02 +3.830407771e+02 +1.9284e+00 +3.8294e+00 -2.8202e+00 -1.6570e+00 -4.9686e+00
207 +9.746040355e-01 +9.746040355e-01 +3.827946040e+02 +3.827946040e+02 +2.0096e+00 +3.5168e+00 -2.8350e+00 -1.9236e+00 -4.8789e+00
208 +9.200302562e-01 +9.200302562e-01 +3.827400303e+02 +3.827400303e+02 +2.1035e+00 +3.5746e+00 -3.0556e+00 -1.7867e+00 -5.0978e+00
350 +9.104579503e-01 +9.104579503e-01 +3.827304580e+02 +3.827304580e+02 +2.0139e+00 +3.5612e+00 -3.1580e+00 -1.9534e+00 -4.9053e+00
19453 +7.867676467e-01 +7.867676467e-01 +3.826067676e+02 +3.826067676e+02 +1.8258e+00 +3.4516e+00 -2.9492e+00 -2.0384e+00 -4.9923e+00
% function evaluation | noise-free fitness - Fopt (8.130000000000e+00) | best noise-free fitness - Fopt | measured fitness | best measured fitness | x1 | x2...
1 +5.594277904e+01 +5.594277904e+01 +6.407277904e+01 +6.407277904e+01 +0.0000e+00 +0.0000e+00 +0.0000e+00 +0.0000e+00 +0.0000e+00
5 +5.376137529e+01 +5.376137529e+01 +6.189137529e+01 +6.189137529e+01 +2.8585e-01 -1.0166e-01 +1.1440e+00 +6.3689e-01 -3.2196e-01
11 +4.657340973e+01 +4.657340973e+01 +5.470340973e+01 +5.470340973e+01 +1.4379e+00 +5.5185e-04 +3.7493e-01 -2.6587e-01 +4.2714e-01
37 +4.104227536e+01 +4.104227536e+01 +4.917227536e+01 +4.917227536e+01 +2.5394e+00 +9.7163e-01 +1.5872e+00 +4.6565e-01 -7.3615e-01
40 +1.678811437e+01 +1.678811437e+01 +2.491811437e+01 +2.491811437e+01 +2.3061e+00 -4.6127e-01 +1.9180e+00 -6.7770e-01 -2.0198e+00
53 +1.313194159e+01 +1.313194159e+01 +2.126194159e+01 +2.126194159e+01 +3.0269e+00 -6.9559e-01 +1.8979e+00 -3.1436e+00 -1.3520e+00
67 +1.116394247e+01 +1.116394247e+01 +1.929394247e+01 +1.929394247e+01 +2.1209e+00 -1.4987e+00 +2.0707e+00 -3.4837e+00 -9.3617e-01
68 +5.009747469e+00 +5.009747469e+00 +1.313974747e+01 +1.313974747e+01 +3.6208e+00 -1.6699e+00 +3.5390e+00 -4.4359e+00 -2.3580e+00
116 +4.141820861e+00 +4.141820861e+00 +1.227182086e+01 +1.227182086e+01 +3.8892e+00 -9.2616e-01 +2.8204e+00 -3.8871e+00 -9.2969e-01
181 +8.740817452e-01 +8.740817452e-01 +9.004081745e+00 +9.004081745e+00 +3.7176e+00 -1.1963e+00 +3.0923e+00 -4.0431e+00 -1.6762e+00
219 +3.365453511e-01 +3.365453511e-01 +8.466545351e+00 +8.466545351e+00 +3.3156e+00 -1.1718e+00 +3.0293e+00 -4.0963e+00 -1.5220e+00
270 +3.036519037e-01 +3.036519037e-01 +8.433651904e+00 +8.433651904e+00 +3.3418e+00 -1.1452e+00 +3.0415e+00 -4.1705e+00 -1.4758e+00
320 +2.852226504e-01 +2.852226504e-01 +8.415222650e+00 +8.415222650e+00 +3.4130e+00 -1.0992e+00 +3.1468e+00 -4.1563e+00 -1.4512e+00
324 +2.747419797e-01 +2.747419797e-01 +8.404741980e+00 +8.404741980e+00 +3.5163e+00 -1.1427e+00 +3.2110e+00 -4.1741e+00 -1.4954e+00
326 +2.608076352e-01 +2.608076352e-01 +8.390807635e+00 +8.390807635e+00 +3.5048e+00 -1.1404e+00 +3.3167e+00 -4.1303e+00 -1.5476e+00
379 +2.341711033e-01 +2.341711033e-01 +8.364171103e+00 +8.364171103e+00 +3.6390e+00 -9.7548e-01 +3.2917e+00 -4.1148e+00 -1.5152e+00
% function evaluation | noise-free fitness - Fopt (8.687000000000e+01) | best noise-free fitness - Fopt | measured fitness | best measured fitness | x1 | x2...
1 +5.800909014e+02 +5.800909014e+02 +6.669609014e+02 +6.669609014e+02 +0.0000e+00 +0.0000e+00 +0.0000e+00 +0.0000e+00 +0.0000e+00
3 +2.046953804e+02 +2.046953804e+02 +2.915653804e+02 +2.915653804e+02 +3.1537e-01 +1.9067e+00 -7.1755e-01 +8.5292e-03 +1.4672e+00
12 +1.759088742e+02 +1.759088742e+02 +2.627788742e+02 +2.627788742e+02 +1.3062e+00 +2.3304e+00 -1.4291e+00 -7.8212e-01 +1.2322e+00
17 +8.777154187e+01 +8.777154187e+01 +1.746415419e+02 +1.746415419e+02 +7.8491e-01 +3.7530e+00 -7.1090e-01 +4.2487e-02 +2.0687e+00
20 +7.044119427e+01 +7.044119427e+01 +1.573111943e+02 +1.573111943e+02 +4.9346e-01 +2.8557e+00 -1.3462e+00 +1.6876e+00 +1.8839e+00
23 +3.881543481e+01 +3.881543481e+01 +1.256854348e+02 +1.256854348e+02 +5.0978e-01 +3.3023e+00 -2.8847e+00 +1.4088e+00 +6.1621e-01
32 +1.059061496e+01 +1.059061496e+01 +9.746061496e+01 +9.746061496e+01 -1.1610e-01 +3.7018e+00 -3.1167e+00 +1.1388e+00 +1.6529e+00
89 +8.746508835e+00 +8.746508835e+00 +9.561650884e+01 +9.561650884e+01 -2.2516e+00 +4.0003e+00 -3.5777e+00 +3.8488e-01 +1.1913e+00
93 +7.956019113e+00 +7.956019113e+00 +9.482601911e+01 +9.482601911e+01 -3.3070e+00 +3.6569e+00 -3.4151e+00 +1.3866e+00 +1.5658e+00
106 +6.910571765e+00 +6.910571765e+00 +9.378057177e+01 +9.378057177e+01 -2.3475e+00 +3.3783e+00 -3.9249e+00 +6.1048e-01 +1.9496e+00
122 +1.151876671e+00 +1.151876671e+00 +8.802187667e+01 +8.802187667e+01 -2.6436e+00 +3.1819e+00 -3.9038e+00 +4.9756e-01 +1.4266e+00
134 +7.041262930e-01 +7.041262930e-01 +8.757412629e+01 +8.757412629e+01 -2.1510e+00 +2.8929e+00 -3.7082e+00 +9.9898e-01 +1.1436e+00
245 +5.647213380e-01 +5.647213380e-01 +8.743472134e+01 +8.743472134e+01 -2.5180e+00 +2.8435e+00 -3.9650e+00 +6.4562e-01 +1.4500e+00
275 +1.558022803e-01 +1.558022803e-01 +8.702580228e+01 +8.702580228e+01 -2.2671e+00 +3.1994e+00 -3.7091e+00 +7.4143e-01 +1.3861e+00
298 +1.495395265e-01 +1.495395265e-01 +8.701953953e+01 +8.701953953e+01 -2.4969e+00 +3.0506e+00 -3.6821e+00 +1.0513e+00 +1.2056e+00
316 +1.397484225e-01 +1.397484225e-01 +8.700974842e+01 +8.700974842e+01 -2.6317e+00 +3.2477e+00 -3.5224e+00 +1.1409e+00 +1.1785e+00
409 +1.248220267e-01 +1.248220267e-01 +8.699482203e+01 +8.699482203e+01 -2.5243e+00 +3.3171e+00 -3.5210e+00 +1.2476e+00 +1.1119e+00
427 +9.108404261e-02 +9.108404261e-02 +8.696108404e+01 +8.696108404e+01 -2.4483e+00 +3.4095e+00 -3.5099e+00 +1.1347e+00 +1.1422e+00
449 +5.076003840e-02 +5.076003840e-02 +8.692076004e+01 +8.692076004e+01 -2.3978e+00 +3.3990e+00 -3.5175e+00 +1.0702e+00 +1.1758e+00
467 +3.089268679e-02 +3.089268679e-02 +8.690089269e+01 +8.690089269e+01 -2.4857e+00 +3.3012e+00 -3.4890e+00 +1.1290e+00 +1.1594e+00
470 +2.452014788e-02 +2.452014788e-02 +8.689452015e+01 +8.689452015e+01 -2.5497e+00 +3.3158e+00 -3.5102e+00 +1.1546e+00 +1.1499e+00
480 +2.177161189e-02 +2.177161189e-02 +8.689177161e+01 +8.689177161e+01 -2.4342e+00 +3.3164e+00 -3.4896e+00 +1.1303e+00 +1.1711e+00
524 +1.861441422e-02 +1.861441422e-02 +8.688861441e+01 +8.688861441e+01 -2.5132e+00 +3.3067e+00 -3.5070e+00 +1.0891e+00 +1.1897e+00
571 +1.624235227e-02 +1.624235227e-02 +8.688624235e+01 +8.688624235e+01 -2.4308e+00 +3.3186e+00 -3.5456e+00 +1.0457e+00 +1.2219e+00
579 +1.428714501e-02 +1.428714501e-02 +8.688428715e+01 +8.688428715e+01 -2.4160e+00 +3.3484e+00 -3.5180e+00 +1.0537e+00 +1.2117e+00
% function evaluation | noise-free fitness - Fopt (-5.791000000000e+01) | best noise-free fitness - Fopt | measured fitness | best measured fitness | x1 | x2...
1 +4.717214552e+02 +4.717214552e+02 +4.138114552e+02 +4.138114552e+02 +0.0000e+00 +0.0000e+00 +0.0000e+00 +0.0000e+00 +0.0000e+00
7 +1.251553556e+02 +1.251553556e+02 +6.724535555e+01 +6.724535555e+01 +7.0975e-01 -2.2684e+00 +1.7622e+00 +1.1344e+00 +1.1139e+00
14 +4.265509782e+01 +4.265509782e+01 -1.525490218e+01 -1.525490218e+01 +3.2231e+00 -3.0856e+00 +9.8709e-01 +8.7974e-01 +1.2345e+00
17 +3.013345203e+01 +3.013345203e+01 -2.777654797e+01 -2.777654797e+01 +7.7460e-01 -2.2809e+00 +3.0272e+00 +3.2672e+00 +3.0927e+00
44 +1.699712783e+01 +1.699712783e+01 -4.091287217e+01 -4.091287217e+01 +3.0768e+00 -6.7753e-01 -1.0700e-01 +2.9044e+00 +1.2111e+00
46 +7.363478138e+00 +7.363478138e+00 -5.054652186e+01 -5.054652186e+01 +2.6960e+00 -1.6340e+00 -9.2651e-01 +2.2337e+00 +9.7559e-01
127 +3.132815433e+00 +3.132815433e+00 -5.477718457e+01 -5.477718457e+01 +4.2691e+00 -1.3645e+00 -1.0183e+00 +1.4535e+00 +2.0150e+00
178 +2.700791830e+00 +2.700791830e+00 -5.520920817e+01 -5.520920817e+01 +4.2068e+00 -1.1965e+00 +3.9628e-01 +1.6145e+00 +3.0847e+00
200 +1.755962499e+00 +1.755962499e+00 -5.615403750e+01 -5.615403750e+01 +4.3952e+00 -5.3929e-01 -2.9040e-01 +1.8389e+00 +3.6460e+00
% function evaluation | noise-free fitness - Fopt (1.027500000000e+02) | best noise-free fitness - Fopt | measured fitness | best measured fitness | x1 | x2...
1 +6.666561188e+02 +6.666561188e+02 +7.694061188e+02 +7.694061188e+02 +0.0000e+00 +0.0000e+00 +0.0000e+00 +0.0000e+00 +0.0000e+00
4 +4.372752798e+02 +4.372752798e+02 +5.400252798e+02 +5.400252798e+02 +1.6318e+00 -1.1215e+00 -1.0179e+00 -5.9246e-01 -6.5220e-01
5 +3.410494313e+02 +3.410494313e+02 +4.437994313e+02 +4.437994313e+02 +6.8746e-01 +1.0283e-01 +1.6963e-01 -1.3043e+00 -2.0277e-01
15 +2.871341677e+02 +2.871341677e+02 +3.898841677e+02 +3.898841677e+02 +1.2625e+00 +3.9791e-01 +1.2789e+00 -1.5014e+00 -1.0176e+00
16 +2.740405107e+02 +2.740405107e+02 +3.767905107e+02 +3.767905107e+02 +1.8304e+00 +8.5700e-01 -4.5666e-01 -1.6704e+00 +6.9263e-01
17 +1.877616541e+02 +1.877616541e+02 +2.905116541e+02 +2.905116541e+02 +3.9929e-01 -1.1625e+00 +2.1034e+00 -1.0956e+00 +6.2895e-01
18 +1.678769943e+02 +1.678769943e+02 +2.706269943e+02 +2.706269943e+02 +9.1583e-01 +1.3583e+00 +1.2579e+00 -2.7716e+00 +2.0121e-01
25 +8.781583114e+01 +8.781583114e+01 +1.905658311e+02 +1.905658311e+02 +1.5318e+00 +5.3603e-01 +2.2983e+00 -3.3351e+00 +1.8529e+00
35 +5.545215109e+01 +5.545215109e+01 +1.582021511e+02 +1.582021511e+02 +1.0510e+00 +6.7178e-01 +2.1537e+00 -3.2375e+00 +2.7888e+00
43 +2.436751451e+01 +2.436751451e+01 +1.271175145e+02 +1.271175145e+02 +5.7652e-01 -1.4890e+00 +4.2848e+00 -3.2072e+00 +5.2756e+00
60 +1.648371039e+01 +1.648371039e+01 +1.192337104e+02 +1.192337104e+02 -1.8667e-01 -2.1459e+00 +3.2516e+00 -3.1608e+00 +3.4139e+00
75 +1.476072417e+01 +1.476072417e+01 +1.175107242e+02 +1.175107242e+02 +9.4109e-01 -5.2420e-01 +3.4336e+00 -2.5251e+00 +5.3169e+00
86 +1.392804871e+01 +1.392804871e+01 +1.166780487e+02 +1.166780487e+02 +9.7676e-01 -2.1435e+00 +2.5669e+00 -1.7816e+00 +6.5366e+00
88 +1.260854413e+01 +1.260854413e+01 +1.153585441e+02 +1.153585441e+02 +1.0729e-01 -2.4237e+00 +4.2301e+00 -1.6838e+00 +5.5279e+00
166 +1.107102414e+01 +1.107102414e+01 +1.138210241e+02 +1.138210241e+02 -1.5000e+00 -3.1473e+00 +5.5435e+00 -2.2517e+00 +3.1311e+00
196 +5.975975469e+00 +5.975975469e+00 +1.087259755e+02 +1.087259755e+02 -1.1264e+00 -3.4954e+00 +5.4212e+00 -2.3361e+00 +2.7001e+00
199 +3.090063057e+00 +3.090063057e+00 +1.058400631e+02 +1.058400631e+02 -1.1069e+00 -2.9167e+00 +5.0833e+00 -2.4738e+00 +2.6104e+00
297 +1.759891793e+00 +1.759891793e+00 +1.045098918e+02 +1.045098918e+02 -9.7552e-01 -3.1087e+00 +3.3790e+00 -2.6582e+00 +3.1408e+00
324 +1.683253733e+00 +1.683253733e+00 +1.044332537e+02 +1.044332537e+02 -9.2429e-01 -2.9946e+00 +3.8841e+00 -2.4825e+00 +3.2483e+00
% function evaluation | noise-free fitness - Fopt (-1.175400000000e+02) | best noise-free fitness - Fopt | measured fitness | best measured fitness | x1 | x2...
1 +8.740913956e+01 +8.740913956e+01 -3.013086044e+01 -3.013086044e+01 +0.0000e+00 +0.0000e+00 +0.0000e+00 +0.0000e+00 +0.0000e+00
4 +4.587481882e+01 +4.587481882e+01 -7.166518118e+01 -7.166518118e+01 +9.5740e-01 -1.2523e+00 -1.4324e+00 +1.2375e+00 +1.1273e+00
14 +3.999042050e+01 +3.999042050e+01 -7.754957950e+01 -7.754957950e+01 +6.5942e-01 +8.0212e-01 -9.9377e-01 +7.9728e-01 +2.1896e+00
17 +1.728248531e+01 +1.728248531e+01 -1.002575147e+02 -1.002575147e+02 +8.0572e-01 +7.6082e-01 -2.6680e-01 -4.8248e-01 +1.1272e+00
35 +1.598912021e+01 +1.598912021e+01 -1.015508798e+02 -1.015508798e+02 +1.8174e+00 -2.0885e-01 +1.4632e-01 -5.7418e-01 +1.6537e+00
44 +1.240247738e+01 +1.240247738e+01 -1.051375226e+02 -1.051375226e+02 +1.8237e+00 +3.3692e-02 -2.2666e-01 +1.4463e-02 +1.1619e+00
48 +9.914061817e+00 +9.914061817e+00 -1.076259382e+02 -1.076259382e+02 +1.5634e+00 -5.4469e-02 +2.3491e-02 -6.4312e-01 +1.2347e+00
51 +9.032484286e+00 +9.032484286e+00 -1.085075157e+02 -1.085075157e+02 +1.5230e+00 -1.2133e+00 +1.0049e-01 -4.2994e-01 +1.3879e+00
67 +5.796362166e+00 +5.796362166e+00 -1.117436378e+02 -1.117436378e+02 +7.5419e-01 -4.3949e-01 -2.2702e-02 -1.0768e+00 +1.5631e+00
136 +4.654660775e+00 +4.654660775e+00 -1.128853392e+02 -1.128853392e+02 +7.4423e-01 -1.6778e-01 +5.6051e-01 -1.5061e+00 +1.2853e+00
145 +4.227108065e+00 +4.227108065e+00 -1.133128919e+02 -1.133128919e+02 +6.6020e-01 +2.2270e-02 +3.3648e-01 -1.6028e+00 +1.1249e+00
160 +2.919769592e+00 +2.919769592e+00 -1.146202304e+02 -1.146202304e+02 +5.5297e-01 +2.7542e-01 +3.1355e-01 -1.8155e+00 +1.1621e+00
163 +2.618731154e+00 +2.618731154e+00 -1.149212688e+02 -1.149212688e+02 +4.4271e-01 +2.6737e-01 +1.9771e-01 -1.8415e+00 +9.3513e-01
178 +2.521565798e+00 +2.521565798e+00 -1.150184342e+02 -1.150184342e+02 +2.9343e-01 +5.2376e-01 +7.0053e-02 -2.0290e+00 +7.8409e-01
185 +2.083355742e+00 +2.083355742e+00 -1.154566443e+02 -1.154566443e+02 +3.0486e-01 +1.3092e-01 +4.5658e-02 -1.9759e+00 +9.2558e-01
188 +1.127106174e+00 +1.127106174e+00 -1.164128938e+02 -1.164128938e+02 +2.0067e-01 +3.1320e-01 +1.3105e-02 -2.2154e+00 +7.2974e-01
243 +9.618718753e-01 +9.618718753e-01 -1.165781281e+02 -1.165781281e+02 +2.0019e-02 +4.6122e-01 +8.1765e-02 -2.3539e+00 +8.3939e-01
295 +8.484473523e-01 +8.484473523e-01 -1.166915526e+02 -1.166915526e+02 +1.2716e-01 +5.4114e-01 -3.1251e-01 -2.1013e+00 +8.5428e-01
310 +8.101657812e-01 +8.101657812e-01 -1.167298342e+02 -1.167298342e+02 +1.6079e-02 +5.9373e-01 -2.3398e-01 -2.2457e+00 +7.8158e-01
394 +7.728280968e-01 +7.728280968e-01 -1.167671719e+02 -1.167671719e+02 +6.3304e-02 +5.5845e-01 -2.8812e-01 -2.1818e+00 +7.6760e-01
526 +7.397890785e-01 +7.397890785e-01 -1.168002109e+02 -1.168002109e+02 +6.5825e-02 +5.6706e-01 -3.0442e-01 -2.1792e+00 +7.3356e-01
% function evaluation | noise-free fitness - Fopt (-4.974800000000e+02) | best noise-free fitness - Fopt | measured fitness | best measured fitness | x1 | x2...
1 +8.556652904e+02 +8.556652904e+02 +3.581852904e+02 +3.581852904e+02 +0.0000e+00 +0.0000e+00 +0.0000e+00 +0.0000e+00 +0.0000e+00
6 +5.902914407e+02 +5.902914407e+02 +9.281144072e+01 +9.281144072e+01 -9.4288e-01 -1.0885e+00 -6.8357e-01 +1.5474e+00 +1.8236e+00
12 +5.736135596e+02 +5.736135596e+02 +7.613355958e+01 +7.613355958e+01 -4.5267e-01 -1.4615e+00 -1.1089e+00 +8.6606e-01 +2.8561e-01
14 +4.614016084e+02 +4.614016084e+02 -3.607839157e+01 -3.607839157e+01 +2.2732e-01 -1.6284e+00 -1.0338e+00 -6.2154e-01 -3.7709e-01
25 +3.840006582e+02 +3.840006582e+02 -1.134793418e+02 -1.134793418e+02 -1.5172e+00 -2.9150e+00 +2.1977e-02 +3.2358e-01 -1.0813e+00
27 +1.546853560e+02 +1.546853560e+02 -3.427946440e+02 -3.427946440e+02 -5.1642e-01 -1.9289e+00 -5.9044e-01 -1.5010e+00 +1.4968e+00
32 +1.352663793e+02 +1.352663793e+02 -3.622136207e+02 -3.622136207e+02 -1.0080e+00 -1.6825e+00 -2.2458e-01 -2.6480e+00 +9.8622e-01
34 +5.403417289e+01 +5.403417289e+01 -4.434458271e+02 -4.434458271e+02 -1.5487e+00 -1.7551e+00 -2.2933e-01 -3.2968e+00 +2.2902e+00
41 +3.778097934e+01 +3.778097934e+01 -4.596990207e+02 -4.596990207e+02 -1.0828e+00 -3.2293e+00 -1.4163e+00 -1.4195e+00 +3.1206e+00
44 +2.915567588e+01 +2.915567588e+01 -4.683243241e+02 -4.683243241e+02 -2.5288e+00 -3.9957e+00 -1.6712e+00 -1.6593e+00 +3.7179e+00
46 +2.225689599e+01 +2.225689599e+01 -4.752231040e+02 -4.752231040e+02 -9.4706e-01 -3.4884e+00 -6.0272e-02 -2.3516e+00 +4.2289e+00
72 +1.818192150e+01 +1.818192150e+01 -4.792980785e+02 -4.792980785e+02 -8.1495e-01 -3.7949e+00 +2.6129e-01 -1.7403e+00 +2.9872e+00
76 +9.537086859e+00 +9.537086859e+00 -4.879429131e+02 -4.879429131e+02 -8.5944e-01 -5.1922e+00 +4.6284e-01 -1.4007e+00 +2.6284e+00
86 +6.913405084e+00 +6.913405084e+00 -4.905665949e+02 -4.905665949e+02 -3.5043e-01 -4.5875e+00 +4.0241e-01 -2.4106e+00 +2.7389e+00
153 +6.230904669e+00 +6.230904669e+00 -4.912490953e+02 -4.912490953e+02 -5.3026e-01 -4.8674e+00 +5.0824e-01 -1.9007e+00 +2.1672e+00
169 +4.948956891e+00 +4.948956891e+00 -4.925310431e+02 -4.925310431e+02 -9.6062e-01 -4.5673e+00 +7.5296e-01 -2.1596e+00 +2.4751e+00
188 +4.400400800e+00 +4.400400800e+00 -4.930795992e+02 -4.930795992e+02 -1.1187e+00 -4.4785e+00 +5.0915e-01 -2.8943e+00 +1.8460e+00
200 +3.575524581e+00 +3.575524581e+00 -4.939044754e+02 -4.939044754e+02 -1.7291e+00 -3.9973e+00 +5.9591e-02 -3.0781e+00 +1.2292e+00
210 +3.167900210e+00 +3.167900210e+00 -4.943120998e+02 -4.943120998e+02 -1.9380e+00 -4.1471e+00 +2.1746e-01 -3.2840e+00 +1.4056e+00
227 +8.539218941e-01 +8.539218941e-01 -4.966260781e+02 -4.966260781e+02 -3.4316e+00 -3.6564e+00 -2.8061e-01 -3.4416e+00 +5.9493e-01
