% function evaluation | noise-free fitness - Fopt (9.294000000000e+01) | best noise-free fitness - Fopt | measured fitness | best measured fitness | x1 | x2...
1 +1.445170813e+03 +1.445170813e+03 +1.538110813e+03 +1.538110813e+03
2 +9.365060373e+02 +9.365060373e+02 +1.029446037e+03 +1.029446037e+03
12 +6.561275748e+02 +6.561275748e+02 +7.490675748e+02 +7.490675748e+02
33 +6.024485274e+02 +6.024485274e+02 +6.953885274e+02 +6.953885274e+02
91 +4.876180117e+02 +4.876180117e+02 +5.805580117e+02 +5.805580117e+02
95 +3.963620249e+02 +3.963620249e+02 +4.893020249e+02 +4.893020249e+02
375 +3.490086411e+02 +3.490086411e+02 +4.419486411e+02 +4.419486411e+02
393 +3.341029839e+02 +3.341029839e+02 +4.270429839e+02 +4.270429839e+02
414 +3.292849107e+02 +3.292849107e+02 +4.222249107e+02 +4.222249107e+02
422 +2.530341057e+02 +2.530341057e+02 +3.459741057e+02 +3.459741057e+02
434 +2.399922699e+02 +2.399922699e+02 +3.329322699e+02 +3.329322699e+02
449 +2.251119444e+02 +2.251119444e+02 +3.180519444e+02 +3.180519444e+02
451 +2.232771738e+02 +2.232771738e+02 +3.162171738e+02 +3.162171738e+02
459 +2.113395318e+02 +2.113395318e+02 +3.042795318e+02 +3.042795318e+02
470 +2.020690558e+02 +2.020690558e+02 +2.950090558e+02 +2.950090558e+02
492 +1.946159321e+02 +1.946159321e+02 +2.875559321e+02 +2.875559321e+02
509 +1.728460410e+02 +1.728460410e+02 +2.657860410e+02 +2.657860410e+02
642 +1.627643467e+02 +1.627643467e+02 +2.557043467e+02 +2.557043467e+02
656 +1.614629422e+02 +1.614629422e+02 +2.544029422e+02 +2.544029422e+02
662 +1.574993685e+02 +1.574993685e+02 +2.504393685e+02 +2.504393685e+02
671 +1.533223242e+02 +1.533223242e+02 +2.462623242e+02 +2.462623242e+02
752 +1.480057455e+02 +1.480057455e+02 +2.409457455e+02 +2.409457455e+02
761 +1.443595931e+02 +1.443595931e+02 +2.372995931e+02 +2.372995931e+02
765 +1.322641568e+02 +1.322641568e+02 +2.252041568e+02 +2.252041568e+02
775 +1.317136580e+02 +1.317136580e+02 +2.246536580e+02 +2.246536580e+02
820 +1.278643013e+02 +1.278643013e+02 +2.208043013e+02 +2.208043013e+02
841 +1.239745757e+02 +1.239745757e+02 +2.169145757e+02 +2.169145757e+02
851 +1.215113280e+02 +1.215113280e+02 +2.144513280e+02 +2.144513280e+02
878 +1.176587733e+02 +1.176587733e+02 +2.105987733e+02 +2.105987733e+02
893 +1.101284452e+02 +1.101284452e+02 +2.030684452e+02 +2.030684452e+02
902 +1.053705977e+02 +1.053705977e+02 +1.983105977e+02 +1.983105977e+02
1035 +1.018015875e+02 +1.018015875e+02 +1.947415875e+02 +1.947415875e+02
1052 +9.997688857e+01 +9.997688857e+01 +1.929168886e+02 +1.929168886e+02
1137 +9.734678580e+01 +9.734678580e+01 +1.902867858e+02 +1.902867858e+02
1153 +9.202014848e+01 +9.202014848e+01 +1.849601485e+02 +1.849601485e+02
1165 +8.991188944e+01 +8.991188944e+01 +1.828518894e+02 +1.828518894e+02
1293 +8.882662144e+01 +8.882662144e+01 +1.817666214e+02 +1.817666214e+02
1390 +8.695909574e+01 +8.695909574e+01 +1.798990957e+02 +1.798990957e+02
1492 +8.470243469e+01 +8.470243469e+01 +1.776424347e+02 +1.776424347e+02
1542 +8.285770258e+01 +8.285770258e+01 +1.757977026e+02 +1.757977026e+02
1599 +8.109589059e+01 +8.109589059e+01 +1.740358906e+02 +1.740358906e+02
1657 +7.934877183e+01 +7.934877183e+01 +1.722887718e+02 +1.722887718e+02
1723 +7.681001476e+01 +7.681001476e+01 +1.697500148e+02 +1.697500148e+02
1902 +7.548378115e+01 +7.548378115e+01 +1.684237812e+02 +1.684237812e+02
1985 +6.959884768e+01 +6.959884768e+01 +1.625388477e+02 +1.625388477e+02
2177 +6.878805737e+01 +6.878805737e+01 +1.617280574e+02 +1.617280574e+02
% function evaluation | noise-free fitness - Fopt (3.535000000000e+01) | best noise-free fitness - Fopt | measured fitness | best measured fitness | x1 | x2...
1 +2.071631794e+03 +2.071631794e+03 +2.106981794e+03 +2.106981794e+03
3 +1.866028932e+03 +1.866028932e+03 +1.901378932e+03 +1.901378932e+03
6 +1.785019288e+03 +1.785019288e+03 +1.820369288e+03 +1.820369288e+03
18 +1.683753185e+03 +1.683753185e+03 +1.719103185e+03 +1.719103185e+03
23 +1.200407941e+03 +1.200407941e+03 +1.235757941e+03 +1.235757941e+03
141 +1.165058977e+03 +1.165058977e+03 +1.200408977e+03 +1.200408977e+03
145 +9.801823155e+02 +9.801823155e+02 +1.015532316e+03 +1.015532316e+03
154 +8.291369494e+02 +8.291369494e+02 +8.644869494e+02 +8.644869494e+02
221 +8.050730540e+02 +8.050730540e+02 +8.404230540e+02 +8.404230540e+02
225 +6.882838427e+02 +6.882838427e+02 +7.236338427e+02 +7.236338427e+02
270 +6.041178505e+02 +6.041178505e+02 +6.394678505e+02 +6.394678505e+02
279 +5.084081884e+02 +5.084081884e+02 +5.437581884e+02 +5.437581884e+02
317 +4.726566282e+02 +4.726566282e+02 +5.080066282e+02 +5.080066282e+02
344 +4.574258417e+02 +4.574258417e+02 +4.927758417e+02 +4.927758417e+02
364 +4.345759906e+02 +4.345759906e+02 +4.699259906e+02 +4.699259906e+02
371 +4.218741940e+02 +4.218741940e+02 +4.572241940e+02 +4.572241940e+02
426 +3.754966889e+02 +3.754966889e+02 +4.108466889e+02 +4.108466889e+02
435 +2.668233582e+02 +2.668233582e+02 +3.021733582e+02 +3.021733582e+02
447 +2.603980627e+02 +2.603980627e+02 +2.957480627e+02 +2.957480627e+02
515 +2.569854801e+02 +2.569854801e+02 +2.923354801e+02 +2.923354801e+02
568 +2.456043587e+02 +2.456043587e+02 +2.809543587e+02 +2.809543587e+02
578 +2.216022910e+02 +2.216022910e+02 +2.569522910e+02 +2.569522910e+02
705 +2.063941463e+02 +2.063941463e+02 +2.417441463e+02 +2.417441463e+02
716 +2.036203998e+02 +2.036203998e+02 +2.389703998e+02 +2.389703998e+02
751 +1.991079672e+02 +1.991079672e+02 +2.344579672e+02 +2.344579672e+02
759 +1.901602386e+02 +1.901602386e+02 +2.255102386e+02 +2.255102386e+02
762 +1.839588912e+02 +1.839588912e+02 +2.193088912e+02 +2.193088912e+02
767 +1.774876547e+02 +1.774876547e+02 +2.128376547e+02 +2.128376547e+02
970 +1.609007486e+02 +1.609007486e+02 +1.962507486e+02 +1.962507486e+02
980 +1.535661129e+02 +1.535661129e+02 +1.889161129e+02 +1.889161129e+02
1001 +1.438842642e+02 +1.438842642e+02 +1.792342642e+02 +1.792342642e+02
1017 +1.406163409e+02 +1.406163409e+02 +1.759663409e+02 +1.759663409e+02
1036 +1.287892215e+02 +1.287892215e+02 +1.641392215e+02 +1.641392215e+02
1058 +1.241432212e+02 +1.241432212e+02 +1.594932212e+02 +1.594932212e+02
1210 +1.219224064e+02 +1.219224064e+02 +1.572724064e+02 +1.572724064e+02
1227 +1.136521510e+02 +1.136521510e+02 +1.490021510e+02 +1.490021510e+02
1253 +1.108430649e+02 +1.108430649e+02 +1.461930649e+02 +1.461930649e+02
1300 +1.070666340e+02 +1.070666340e+02 +1.424166340e+02 +1.424166340e+02
1369 +1.032170015e+02 +1.032170015e+02 +1.385670015e+02 +1.385670015e+02
1432 +9.280489117e+01 +9.280489117e+01 +1.281548912e+02 +1.281548912e+02
1445 +9.015577233e+01 +9.015577233e+01 +1.255057723e+02 +1.255057723e+02
1452 +8.776295554e+01 +8.776295554e+01 +1.231129555e+02 +1.231129555e+02
1459 +8.586064861e+01 +8.586064861e+01 +1.212106486e+02 +1.212106486e+02
1520 +8.389370771e+01 +8.389370771e+01 +1.192437077e+02 +1.192437077e+02
1555 +8.183626273e+01 +8.183626273e+01 +1.171862627e+02 +1.171862627e+02
1564 +8.089988797e+01 +8.089988797e+01 +1.162498880e+02 +1.162498880e+02
1578 +7.802242578e+01 +7.802242578e+01 +1.133724258e+02 +1.133724258e+02
1588 +7.705886188e+01 +7.705886188e+01 +1.124088619e+02 +1.124088619e+02
1604 +7.518844309e+01 +7.518844309e+01 +1.105384431e+02 +1.105384431e+02
1628 +7.365110669e+01 +7.365110669e+01 +1.090011067e+02 +1.090011067e+02
1694 +7.110723229e+01 +7.110723229e+01 +1.064572323e+02 +1.064572323e+02
1709 +6.867291639e+01 +6.867291639e+01 +1.040229164e+02 +1.040229164e+02
1907 +6.731615667e+01 +6.731615667e+01 +1.026661567e+02 +1.026661567e+02
2229 +6.428272165e+01 +6.428272165e+01 +9.963272165e+01 +9.963272165e+01
2356 +6.306458126e+01 +6.306458126e+01 +9.841458126e+01 +9.841458126e+01
2477 +6.158516787e+01 +6.158516787e+01 +9.693516787e+01 +9.693516787e+01
2682 +6.004293293e+01 +6.004293293e+01 +9.539293293e+01 +9.539293293e+01
2803 +5.725917967e+01 +5.725917967e+01 +9.260917967e+01 +9.260917967e+01
2943 +5.621651014e+01 +5.621651014e+01 +9.156651014e+01 +9.156651014e+01
3070 +5.485052333e+01 +5.485052333e+01 +9.020052333e+01 +9.020052333e+01
3349 +5.367591874e+01 +5.367591874e+01 +8.902591874e+01 +8.902591874e+01
% function evaluation | noise-free fitness - Fopt (3.820000000000e+00) | best noise-free fitness - Fopt | measured fitness | best measured fitness | x1 | x2...
1 +1.397016808e+03 +1.397016808e+03 +1.400836808e+03 +1.400836808e+03
6 +1.323004932e+03 +1.323004932e+03 +1.326824932e+03 +1.326824932e+03
12 +1.060517627e+03 +1.060517627e+03 +1.064337627e+03 +1.064337627e+03
27 +9.875786272e+02 +9.875786272e+02 +9.913986272e+02 +9.913986272e+02
46 +9.624189216e+02 +9.624189216e+02 +9.662389216e+02 +9.662389216e+02
59 +9.109849607e+02 +9.109849607e+02 +9.148049607e+02 +9.148049607e+02
61 +7.970544930e+02 +7.970544930e+02 +8.008744930e+02 +8.008744930e+02
66 +7.099030188e+02 +7.099030188e+02 +7.137230188e+02 +7.137230188e+02
85 +6.919653160e+02 +6.919653160e+02 +6.957853160e+02 +6.957853160e+02
96 +6.203141924e+02 +6.203141924e+02 +6.241341924e+02 +6.241341924e+02
111 +6.119787016e+02 +6.119787016e+02 +6.157987016e+02 +6.157987016e+02
129 +4.874696658e+02 +4.874696658e+02 +4.912896658e+02 +4.912896658e+02
144 +4.774201886e+02 +4.774201886e+02 +4.812401886e+02 +4.812401886e+02
174 +4.667826848e+02 +4.667826848e+02 +4.706026848e+02 +4.706026848e+02
184 +4.251717332e+02 +4.251717332e+02 +4.289917332e+02 +4.289917332e+02
193 +3.976876041e+02 +3.976876041e+02 +4.015076041e+02 +4.015076041e+02
213 +3.672084786e+02 +3.672084786e+02 +3.710284786e+02 +3.710284786e+02
242 +3.328063306e+02 +3.328063306e+02 +3.366263306e+02 +3.366263306e+02
267 +2.649343303e+02 +2.649343303e+02 +2.687543303e+02 +2.687543303e+02
318 +2.536071576e+02 +2.536071576e+02 +2.574271576e+02 +2.574271576e+02
360 +2.428320332e+02 +2.428320332e+02 +2.466520332e+02 +2.466520332e+02
363 +2.234271993e+02 +2.234271993e+02 +2.272471993e+02 +2.272471993e+02
463 +2.041474273e+02 +2.041474273e+02 +2.079674273e+02 +2.079674273e+02
480 +1.876824499e+02 +1.876824499e+02 +1.915024499e+02 +1.915024499e+02
513 +1.788397688e+02 +1.788397688e+02 +1.826597688e+02 +1.826597688e+02
525 +1.658734374e+02 +1.658734374e+02 +1.696934374e+02 +1.696934374e+02
614 +1.583205239e+02 +1.583205239e+02 +1.621405239e+02 +1.621405239e+02
619 +1.460428009e+02 +1.460428009e+02 +1.498628009e+02 +1.498628009e+02
626 +1.383318366e+02 +1.383318366e+02 +1.421518366e+02 +1.421518366e+02
636 +1.295964219e+02 +1.295964219e+02 +1.334164219e+02 +1.334164219e+02
791 +1.285883428e+02 +1.285883428e+02 +1.324083428e+02 +1.324083428e+02
799 +1.251949708e+02 +1.251949708e+02 +1.290149708e+02 +1.290149708e+02
863 +1.223385309e+02 +1.223385309e+02 +1.261585309e+02 +1.261585309e+02
866 +1.057873752e+02 +1.057873752e+02 +1.096073752e+02 +1.096073752e+02
940 +1.029054434e+02 +1.029054434e+02 +1.067254434e+02 +1.067254434e+02
1057 +1.003772551e+02 +1.003772551e+02 +1.041972551e+02 +1.041972551e+02
1087 +9.718490369e+01 +9.718490369e+01 +1.010049037e+02 +1.010049037e+02
1113 +9.517694347e+01 +9.517694347e+01 +9.899694347e+01 +9.899694347e+01
1145 +9.254652131e+01 +9.254652131e+01 +9.636652131e+01 +9.636652131e+01
1163 +9.113259239e+01 +9.113259239e+01 +9.495259239e+01 +9.495259239e+01
1176 +8.240302777e+01 +8.240302777e+01 +8.622302777e+01 +8.622302777e+01
1272 +8.106221846e+01 +8.106221846e+01 +8.488221846e+01 +8.488221846e+01
1284 +7.814276844e+01 +7.814276844e+01 +8.196276844e+01 +8.196276844e+01
1314 +7.677823168e+01 +7.677823168e+01 +8.059823168e+01 +8.059823168e+01
1320 +7.376030717e+01 +7.376030717e+01 +7.758030717e+01 +7.758030717e+01
1386 +7.142972739e+01 +7.142972739e+01 +7.524972739e+01 +7.524972739e+01
1484 +7.037253080e+01 +7.037253080e+01 +7.419253080e+01 +7.419253080e+01
2176 +6.907274093e+01 +6.907274093e+01 +7.289274093e+01 +7.289274093e+01
2177 +6.693635033e+01 +6.693635033e+01 +7.075635033e+01 +7.075635033e+01
2183 +6.582913264e+01 +6.582913264e+01 +6.964913264e+01 +6.964913264e+01
2218 +6.432003662e+01 +6.432003662e+01 +6.814003662e+01 +6.814003662e+01
2274 +6.298772752e+01 +6.298772752e+01 +6.680772752e+01 +6.680772752e+01
2569 +6.155531976e+01 +6.155531976e+01 +6.537531976e+01 +6.537531976e+01
2652 +6.015600965e+01 +6.015600965e+01 +6.397600965e+01 +6.397600965e+01
2658 +5.673730131e+01 +5.673730131e+01 +6.055730131e+01 +6.055730131e+01
3102 +5.603295138e+01 +5.603295138e+01 +5.985295138e+01 +5.985295138e+01
3634 +5.493525853e+01 +5.493525853e+01 +5.875525853e+01 +5.875525853e+01
% function evaluation | noise-free fitness - Fopt (2.175000000000e+01) | best noise-free fitness - Fopt | measured fitness | best measured fitness | x1 | x2...
1 +1.746062931e+03 +1.746062931e+03 +1.767812931e+03 +1.767812931e+03
9 +1.172452520e+03 +1.172452520e+03 +1.194202520e+03 +1.194202520e+03
28 +9.488786576e+02 +9.488786576e+02 +9.706286576e+02 +9.706286576e+02
45 +8.461098982e+02 +8.461098982e+02 +8.678598982e+02 +8.678598982e+02
59 +8.159523965e+02 +8.159523965e+02 +8.377023965e+02 +8.377023965e+02
64 +6.520887436e+02 +6.520887436e+02 +6.738387436e+02 +6.738387436e+02
72 +6.325723518e+02 +6.325723518e+02 +6.543223518e+02 +6.543223518e+02
79 +6.140657582e+02 +6.140657582e+02 +6.358157582e+02 +6.358157582e+02
82 +5.533690013e+02 +5.533690013e+02 +5.751190013e+02 +5.751190013e+02
102 +5.371227333e+02 +5.371227333e+02 +5.588727333e+02 +5.588727333e+02
146 +5.254740650e+02 +5.254740650e+02 +5.472240650e+02 +5.472240650e+02
180 +4.540339999e+02 +4.540339999e+02 +4.757839999e+02 +4.757839999e+02
248 +4.356935610e+02 +4.356935610e+02 +4.574435610e+02 +4.574435610e+02
405 +4.094175855e+02 +4.094175855e+02 +4.311675855e+02 +4.311675855e+02
412 +4.012636405e+02 +4.012636405e+02 +4.230136405e+02 +4.230136405e+02
419 +3.880713315e+02 +3.880713315e+02 +4.098213315e+02 +4.098213315e+02
425 +3.697382854e+02 +3.697382854e+02 +3.914882854e+02 +3.914882854e+02
433 +3.492808169e+02 +3.492808169e+02 +3.710308169e+02 +3.710308169e+02
455 +3.451754740e+02 +3.451754740e+02 +3.669254740e+02 +3.669254740e+02
488 +3.243391373e+02 +3.243391373e+02 +3.460891373e+02 +3.460891373e+02
511 +3.166716309e+02 +3.166716309e+02 +3.384216309e+02 +3.384216309e+02
521 +2.962551823e+02 +2.962551823e+02 +3.180051823e+02 +3.180051823e+02
540 +2.822865461e+02 +2.822865461e+02 +3.040365461e+02 +3.040365461e+02
555 +2.743493174e+02 +2.743493174e+02 +2.960993174e+02 +2.960993174e+02
562 +2.625302164e+02 +2.625302164e+02 +2.842802164e+02 +2.842802164e+02
567 +2.527600111e+02 +2.527600111e+02 +2.745100111e+02 +2.745100111e+02
585 +2.332649548e+02 +2.332649548e+02 +2.550149548e+02 +2.550149548e+02
607 +2.188505810e+02 +2.188505810e+02 +2.406005810e+02 +2.406005810e+02
642 +2.046585144e+02 +2.046585144e+02 +2.264085144e+02 +2.264085144e+02
685 +2.031564639e+02 +2.031564639e+02 +2.249064639e+02 +2.249064639e+02
690 +1.935576028e+02 +1.935576028e+02 +2.153076028e+02 +2.153076028e+02
692 +1.883671567e+02 +1.883671567e+02 +2.101171567e+02 +2.101171567e+02
803 +1.782688780e+02 +1.782688780e+02 +2.000188780e+02 +2.000188780e+02
823 +1.670417739e+02 +1.670417739e+02 +1.887917739e+02 +1.887917739e+02
839 +1.508306314e+02 +1.508306314e+02 +1.725806314e+02 +1.725806314e+02
963 +1.465183856e+02 +1.465183856e+02 +1.682683856e+02 +1.682683856e+02
1022 +1.424740128e+02 +1.424740128e+02 +1.642240128e+02 +1.642240128e+02
1077 +1.387826069e+02 +1.387826069e+02 +1.605326069e+02 +1.605326069e+02
1091 +1.326986936e+02 +1.326986936e+02 +1.544486936e+02 +1.544486936e+02
1173 +1.308243806e+02 +1.308243806e+02 +1.525743806e+02 +1.525743806e+02
1208 +1.282144274e+02 +1.282144274e+02 +1.499644274e+02 +1.499644274e+02
1236 +1.248819166e+02 +1.248819166e+02 +1.466319166e+02 +1.466319166e+02
1249 +1.229496394e+02 +1.229496394e+02 +1.446996394e+02 +1.446996394e+02
1426 +1.156282229e+02 +1.156282229e+02 +1.373782229e+02 +1.373782229e+02
1440 +1.143618008e+02 +1.143618008e+02 +1.361118008e+02 +1.361118008e+02
1461 +1.090131354e+02 +1.090131354e+02 +1.307631354e+02 +1.307631354e+02
1548 +1.063942148e+02 +1.063942148e+02 +1.281442148e+02 +1.281442148e+02
1571 +1.046029509e+02 +1.046029509e+02 +1.263529509e+02 +1.263529509e+02
1572 +9.672721059e+01 +9.672721059e+01 +1.184772106e+02 +1.184772106e+02
1649 +9.137758230e+01 +9.137758230e+01 +1.131275823e+02 +1.131275823e+02
1662 +9.038950691e+01 +9.038950691e+01 +1.121395069e+02 +1.121395069e+02
1689 +8.863201817e+01 +8.863201817e+01 +1.103820182e+02 +1.103820182e+02
1706 +8.357591548e+01 +8.357591548e+01 +1.053259155e+02 +1.053259155e+02
1808 +7.734368310e+01 +7.734368310e+01 +9.909368310e+01 +9.909368310e+01
1897 +7.440467211e+01 +7.440467211e+01 +9.615467211e+01 +9.615467211e+01
1905 +7.128379879e+01 +7.128379879e+01 +9.303379879e+01 +9.303379879e+01
1906 +7.062634002e+01 +7.062634002e+01 +9.237634002e+01 +9.237634002e+01
2039 +6.917803076e+01 +6.917803076e+01 +9.092803076e+01 +9.092803076e+01
2046 +6.736437791e+01 +6.736437791e+01 +8.911437791e+01 +8.911437791e+01
2047 +6.363261727e+01 +6.363261727e+01 +8.538261727e+01 +8.538261727e+01
2066 +6.287843196e+01 +6.287843196e+01 +8.462843196e+01 +8.462843196e+01
2146 +5.981512335e+01 +5.981512335e+01 +8.156512335e+01 +8.156512335e+01
2263 +5.848334836e+01 +5.848334836e+01 +8.023334836e+01 +8.023334836e+01
2356 +5.700161269e+01 +5.700161269e+01 +7.875161269e+01 +7.875161269e+01
2411 +5.524266876e+01 +5.524266876e+01 +7.699266876e+01 +7.699266876e+01
2468 +5.478901194e+01 +5.478901194e+01 +7.653901194e+01 +7.653901194e+01
2729 +5.303468273e+01 +5.303468273e+01 +7.478468273e+01 +7.478468273e+01
2739 +5.173206528e+01 +5.173206528e+01 +7.348206528e+01 +7.348206528e+01
2934 +5.125588118e+01 +5.125588118e+01 +7.300588118e+01 +7.300588118e+01
3326 +4.983130935e+01 +4.983130935e+01 +7.158130935e+01 +7.158130935e+01
3446 +4.896529164e+01 +4.896529164e+01 +7.071529164e+01 +7.071529164e+01
3990 +4.779456155e+01 +4.779456155e+01 +6.954456155e+01 +6.954456155e+01
3997 +4.650964809e+01 +4.650964809e+01 +6.825964809e+01 +6.825964809e+01
4929 +4.450922030e+01 +4.450922030e+01 +6.625922030e+01 +6.625922030e+01
5119 +4.364964514e+01 +4.364964514e+01 +6.539964514e+01 +6.539964514e+01
% function evaluation | noise-free fitness - Fopt (6.479000000000e+01) | best noise-free fitness - Fopt | measured fitness | best measured fitness | x1 | x2...
1 +2.323444095e+03 +2.323444095e+03 +2.388234095e+03 +2.388234095e+03
13 +2.289078493e+03 +2.289078493e+03 +2.353868493e+03 +2.353868493e+03
15 +2.233142554e+03 +2.233142554e+03 +2.297932554e+03 +2.297932554e+03
23 +2.158490796e+03 +2.158490796e+03 +2.223280796e+03 +2.223280796e+03
26 +2.052054701e+03 +2.052054701e+03 +2.116844701e+03 +2.116844701e+03
29 +1.754519252e+03 +1.754519252e+03 +1.819309252e+03 +1.819309252e+03
35 +1.642691334e+03 +1.642691334e+03 +1.707481334e+03 +1.707481334e+03
36 +1.369831884e+03 +1.369831884e+03 +1.434621884e+03 +1.434621884e+03
39 +1.200258414e+03 +1.200258414e+03 +1.265048414e+03 +1.265048414e+03
45 +1.110976592e+03 +1.110976592e+03 +1.175766592e+03 +1.175766592e+03
47 +1.074507959e+03 +1.074507959e+03 +1.139297959e+03 +1.139297959e+03
50 +1.059103675e+03 +1.059103675e+03 +1.123893675e+03 +1.123893675e+03
55 +1.025642334e+03 +1.025642334e+03 +1.090432334e+03 +1.090432334e+03
59 +9.146403575e+02 +9.146403575e+02 +9.794303575e+02 +9.794303575e+02
72 +7.006515796e+02 +7.006515796e+02 +7.654415796e+02 +7.654415796e+02
102 +5.573209868e+02 +5.573209868e+02 +6.221109868e+02 +6.221109868e+02
118 +5.387072108e+02 +5.387072108e+02 +6.034972108e+02 +6.034972108e+02
147 +5.287194334e+02 +5.287194334e+02 +5.935094334e+02 +5.935094334e+02
176 +4.888499037e+02 +4.888499037e+02 +5.536399037e+02 +5.536399037e+02
191 +4.725105002e+02 +4.725105002e+02 +5.373005002e+02 +5.373005002e+02
220 +3.921190084e+02 +3.921190084e+02 +4.569090084e+02 +4.569090084e+02
271 +3.813960829e+02 +3.813960829e+02 +4.461860829e+02 +4.461860829e+02
326 +3.344654098e+02 +3.344654098e+02 +3.992554098e+02 +3.992554098e+02
338 +3.007591467e+02 +3.007591467e+02 +3.655491467e+02 +3.655491467e+02
342 +2.701899751e+02 +2.701899751e+02 +3.349799751e+02 +3.349799751e+02
416 +2.617801343e+02 +2.617801343e+02 +3.265701343e+02 +3.265701343e+02
426 +2.437845398e+02 +2.437845398e+02 +3.085745398e+02 +3.085745398e+02
427 +1.973500158e+02 +1.973500158e+02 +2.621400158e+02 +2.621400158e+02
434 +1.725308742e+02 +1.725308742e+02 +2.373208742e+02 +2.373208742e+02
879 +1.679103402e+02 +1.679103402e+02 +2.327003402e+02 +2.327003402e+02
880 +1.605595588e+02 +1.605595588e+02 +2.253495588e+02 +2.253495588e+02
904 +1.583592236e+02 +1.583592236e+02 +2.231492236e+02 +2.231492236e+02
911 +1.543359513e+02 +1.543359513e+02 +2.191259513e+02 +2.191259513e+02
930 +1.433635160e+02 +1.433635160e+02 +2.081535160e+02 +2.081535160e+02
938 +1.411145770e+02 +1.411145770e+02 +2.059045770e+02 +2.059045770e+02
998 +1.346947228e+02 +1.346947228e+02 +1.994847228e+02 +1.994847228e+02
1033 +1.149144847e+02 +1.149144847e+02 +1.797044847e+02 +1.797044847e+02
1191 +1.065961978e+02 +1.065961978e+02 +1.713861978e+02 +1.713861978e+02
1282 +1.045925404e+02 +1.045925404e+02 +1.693825404e+02 +1.693825404e+02
1296 +9.045579419e+01 +9.045579419e+01 +1.552457942e+02 +1.552457942e+02
1333 +8.852045458e+01 +8.852045458e+01 +1.533104546e+02 +1.533104546e+02
1350 +8.369687362e+01 +8.369687362e+01 +1.484868736e+02 +1.484868736e+02
1351 +8.041497258e+01 +8.041497258e+01 +1.452049726e+02 +1.452049726e+02
1352 +7.736582207e+01 +7.736582207e+01 +1.421558221e+02 +1.421558221e+02
1385 +6.803268562e+01 +6.803268562e+01 +1.328226856e+02 +1.328226856e+02
1404 +6.747087106e+01 +6.747087106e+01 +1.322608711e+02 +1.322608711e+02
1420 +5.946025628e+01 +5.946025628e+01 +1.242502563e+02 +1.242502563e+02
1633 +5.678059268e+01 +5.678059268e+01 +1.215705927e+02 +1.215705927e+02
1848 +5.295782766e+01 +5.295782766e+01 +1.177478277e+02 +1.177478277e+02
1859 +5.009721986e+01 +5.009721986e+01 +1.148872199e+02 +1.148872199e+02
1896 +4.744986042e+01 +4.744986042e+01 +1.122398604e+02 +1.122398604e+02
1971 +4.668226653e+01 +4.668226653e+01 +1.114722665e+02 +1.114722665e+02
1984 +4.300829452e+01 +4.300829452e+01 +1.077982945e+02 +1.077982945e+02
2038 +3.937052805e+01 +3.937052805e+01 +1.041605280e+02 +1.041605280e+02
2350 +3.693882167e+01 +3.693882167e+01 +1.017288217e+02 +1.017288217e+02
2386 +3.620479146e+01 +3.620479146e+01 +1.009947915e+02 +1.009947915e+02
2412 +3.396083143e+01 +3.396083143e+01 +9.875083143e+01 +9.875083143e+01
2440 +3.361772817e+01 +3.361772817e+01 +9.840772817e+01 +9.840772817e+01
2467 +3.211023718e+01 +3.211023718e+01 +9.690023718e+01 +9.690023718e+01
2475 +3.076727125e+01 +3.076727125e+01 +9.555727125e+01 +9.555727125e+01
2532 +2.908170789e+01 +2.908170789e+01 +9.387170789e+01 +9.387170789e+01
2555 +2.844193412e+01 +2.844193412e+01 +9.323193412e+01 +9.323193412e+01
2570 +2.757588763e+01 +2.757588763e+01 +9.236588763e+01 +9.236588763e+01
2589 +2.735833839e+01 +2.735833839e+01 +9.214833839e+01 +9.214833839e+01
3142 +2.686266122e+01 +2.686266122e+01 +9.165266122e+01 +9.165266122e+01
3162 +2.629625495e+01 +2.629625495e+01 +9.108625495e+01 +9.108625495e+01
3268 +2.547670288e+01 +2.547670288e+01 +9.026670288e+01 +9.026670288e+01
3539 +2.503340471e+01 +2.503340471e+01 +8.982340471e+01 +8.982340471e+01
3614 +2.405086589e+01 +2.405086589e+01 +8.884086589e+01 +8.884086589e+01
3672 +2.396209875e+01 +2.396209875e+01 +8.875209875e+01 +8.875209875e+01
5766 +2.343521609e+01 +2.343521609e+01 +8.822521609e+01 +8.822521609e+01
% function evaluation | noise-free fitness - Fopt (1.861100000000e+02) | best noise-free fitness - Fopt | measured fitness | best measured fitness | x1 | x2...
1 +8.647159470e+02 +8.647159470e+02 +1.050825947e+03 +1.050825947e+03
3 +6.431469915e+02 +6.431469915e+02 +8.292569915e+02 +8.292569915e+02
32 +6.246505852e+02 +6.246505852e+02 +8.107605852e+02 +8.107605852e+02
40 +4.963557199e+02 +4.963557199e+02 +6.824657199e+02 +6.824657199e+02
114 +4.092644198e+02 +4.092644198e+02 +5.953744198e+02 +5.953744198e+02
256 +3.864878432e+02 +3.864878432e+02 +5.725978432e+02 +5.725978432e+02
295 +3.584975796e+02 +3.584975796e+02 +5.446075796e+02 +5.446075796e+02
344 +3.255450481e+02 +3.255450481e+02 +5.116550481e+02 +5.116550481e+02
352 +3.225049575e+02 +3.225049575e+02 +5.086149575e+02 +5.086149575e+02
357 +3.033492222e+02 +3.033492222e+02 +4.894592222e+02 +4.894592222e+02
373 +2.976650628e+02 +2.976650628e+02 +4.837750628e+02 +4.837750628e+02
424 +2.937209725e+02 +2.937209725e+02 +4.798309725e+02 +4.798309725e+02
435 +2.512575098e+02 +2.512575098e+02 +4.373675098e+02 +4.373675098e+02
473 +2.106892170e+02 +2.106892170e+02 +3.967992170e+02 +3.967992170e+02
483 +2.041862903e+02 +2.041862903e+02 +3.902962903e+02 +3.902962903e+02
495 +1.949335638e+02 +1.949335638e+02 +3.810435638e+02 +3.810435638e+02
578 +1.832874904e+02 +1.832874904e+02 +3.693974904e+02 +3.693974904e+02
579 +1.699457314e+02 +1.699457314e+02 +3.560557314e+02 +3.560557314e+02
683 +1.539619328e+02 +1.539619328e+02 +3.400719328e+02 +3.400719328e+02
707 +1.477090084e+02 +1.477090084e+02 +3.338190084e+02 +3.338190084e+02
711 +1.411482589e+02 +1.411482589e+02 +3.272582589e+02 +3.272582589e+02
736 +1.337790392e+02 +1.337790392e+02 +3.198890392e+02 +3.198890392e+02
751 +1.258985367e+02 +1.258985367e+02 +3.120085367e+02 +3.120085367e+02
849 +1.201053452e+02 +1.201053452e+02 +3.062153452e+02 +3.062153452e+02
905 +1.159723814e+02 +1.159723814e+02 +3.020823814e+02 +3.020823814e+02
1015 +1.146652283e+02 +1.146652283e+02 +3.007752283e+02 +3.007752283e+02
1043 +1.038249415e+02 +1.038249415e+02 +2.899349415e+02 +2.899349415e+02
1046 +1.017337061e+02 +1.017337061e+02 +2.878437061e+02 +2.878437061e+02
1063 +9.756773385e+01 +9.756773385e+01 +2.836777339e+02 +2.836777339e+02
1068 +9.259838515e+01 +9.259838515e+01 +2.787083851e+02 +2.787083851e+02
1167 +8.742917136e+01 +8.742917136e+01 +2.735391714e+02 +2.735391714e+02
1228 +8.119511019e+01 +8.119511019e+01 +2.673051102e+02 +2.673051102e+02
1583 +7.554660860e+01 +7.554660860e+01 +2.616566086e+02 +2.616566086e+02
1624 +7.275547523e+01 +7.275547523e+01 +2.588654752e+02 +2.588654752e+02
1628 +6.994609693e+01 +6.994609693e+01 +2.560560969e+02 +2.560560969e+02
1634 +6.867914497e+01 +6.867914497e+01 +2.547891450e+02 +2.547891450e+02
1641 +6.733150144e+01 +6.733150144e+01 +2.534415014e+02 +2.534415014e+02
1666 +6.418668153e+01 +6.418668153e+01 +2.502966815e+02 +2.502966815e+02
1696 +5.903106887e+01 +5.903106887e+01 +2.451410689e+02 +2.451410689e+02
1770 +5.635390864e+01 +5.635390864e+01 +2.424639086e+02 +2.424639086e+02
1927 +5.381777695e+01 +5.381777695e+01 +2.399277770e+02 +2.399277770e+02
2229 +5.237269989e+01 +5.237269989e+01 +2.384826999e+02 +2.384826999e+02
2419 +5.028733345e+01 +5.028733345e+01 +2.363973335e+02 +2.363973335e+02
2432 +4.986603739e+01 +4.986603739e+01 +2.359760374e+02 +2.359760374e+02
2433 +4.833034114e+01 +4.833034114e+01 +2.344403411e+02 +2.344403411e+02
2465 +4.667597785e+01 +4.667597785e+01 +2.327859778e+02 +2.327859778e+02
2590 +4.570639278e+01 +4.570639278e+01 +2.318163928e+02 +2.318163928e+02
2882 +4.407433125e+01 +4.407433125e+01 +2.301843313e+02 +2.301843313e+02
2906 +4.363488806e+01 +4.363488806e+01 +2.297448881e+02 +2.297448881e+02
3063 +4.250547676e+01 +4.250547676e+01 +2.286154768e+02 +2.286154768e+02
3156 +4.162776855e+01 +4.162776855e+01 +2.277377686e+02 +2.277377686e+02
3191 +4.027656655e+01 +4.027656655e+01 +2.263865665e+02 +2.263865665e+02
% function evaluation | noise-free fitness - Fopt (-1.060600000000e+02) | best noise-free fitness - Fopt | measured fitness | best measured fitness | x1 | x2...
1 +2.076494898e+03 +2.076494898e+03 +1.970434898e+03 +1.970434898e+03
2 +1.641510835e+03 +1.641510835e+03 +1.535450835e+03 +1.535450835e+03
12 +1.097607301e+03 +1.097607301e+03 +9.915473013e+02 +9.915473013e+02
22 +1.096432267e+03 +1.096432267e+03 +9.903722672e+02 +9.903722672e+02
42 +1.045539444e+03 +1.045539444e+03 +9.394794443e+02 +9.394794443e+02
68 +7.867352817e+02 +7.867352817e+02 +6.806752817e+02 +6.806752817e+02
110 +7.717772585e+02 +7.717772585e+02 +6.657172585e+02 +6.657172585e+02
119 +7.123948920e+02 +7.123948920e+02 +6.063348920e+02 +6.063348920e+02
134 +5.209549070e+02 +5.209549070e+02 +4.148949070e+02 +4.148949070e+02
147 +4.553588086e+02 +4.553588086e+02 +3.492988086e+02 +3.492988086e+02
161 +3.586288732e+02 +3.586288732e+02 +2.525688732e+02 +2.525688732e+02
177 +2.939544791e+02 +2.939544791e+02 +1.878944791e+02 +1.878944791e+02
234 +2.374902920e+02 +2.374902920e+02 +1.314302920e+02 +1.314302920e+02
497 +2.034338878e+02 +2.034338878e+02 +9.737388784e+01 +9.737388784e+01
509 +1.959263633e+02 +1.959263633e+02 +8.986636330e+01 +8.986636330e+01
533 +1.675867281e+02 +1.675867281e+02 +6.152672806e+01 +6.152672806e+01
641 +1.637699506e+02 +1.637699506e+02 +5.770995058e+01 +5.770995058e+01
713 +1.614633348e+02 +1.614633348e+02 +5.540333483e+01 +5.540333483e+01
725 +1.575412554e+02 +1.575412554e+02 +5.148125539e+01 +5.148125539e+01
735 +1.463237963e+02 +1.463237963e+02 +4.026379625e+01 +4.026379625e+01
748 +1.430983860e+02 +1.430983860e+02 +3.703838596e+01 +3.703838596e+01
751 +1.370683363e+02 +1.370683363e+02 +3.100833628e+01 +3.100833628e+01
861 +1.230109581e+02 +1.230109581e+02 +1.695095811e+01 +1.695095811e+01
1040 +1.190527319e+02 +1.190527319e+02 +1.299273192e+01 +1.299273192e+01
1051 +1.077888592e+02 +1.077888592e+02 +1.728859200e+00 +1.728859200e+00
1061 +1.019092006e+02 +1.019092006e+02 -4.150799400e+00 -4.150799400e+00
1105 +9.628066470e+01 +9.628066470e+01 -9.779335301e+00 -9.779335301e+00
1241 +8.397595976e+01 +8.397595976e+01 -2.208404024e+01 -2.208404024e+01
1343 +7.802256485e+01 +7.802256485e+01 -2.803743515e+01 -2.803743515e+01
1355 +6.149214490e+01 +6.149214490e+01 -4.456785510e+01 -4.456785510e+01
1461 +4.602950836e+01 +4.602950836e+01 -6.003049164e+01 -6.003049164e+01
1606 +4.456124901e+01 +4.456124901e+01 -6.149875099e+01 -6.149875099e+01
1615 +4.168595769e+01 +4.168595769e+01 -6.437404231e+01 -6.437404231e+01
1617 +3.556945619e+01 +3.556945619e+01 -7.049054381e+01 -7.049054381e+01
1629 +3.124191057e+01 +3.124191057e+01 -7.481808943e+01 -7.481808943e+01
1671 +3.011408117e+01 +3.011408117e+01 -7.594591883e+01 -7.594591883e+01
1722 +2.797390099e+01 +2.797390099e+01 -7.808609901e+01 -7.808609901e+01
1763 +2.512387567e+01 +2.512387567e+01 -8.093612433e+01 -8.093612433e+01
1766 +2.378934706e+01 +2.378934706e+01 -8.227065294e+01 -8.227065294e+01
2378 +2.209140230e+01 +2.209140230e+01 -8.396859770e+01 -8.396859770e+01
2382 +2.091228846e+01 +2.091228846e+01 -8.514771154e+01 -8.514771154e+01
2388 +2.047357026e+01 +2.047357026e+01 -8.558642974e+01 -8.558642974e+01
2410 +2.012114214e+01 +2.012114214e+01 -8.593885786e+01 -8.593885786e+01
2642 +1.897912082e+01 +1.897912082e+01 -8.708087918e+01 -8.708087918e+01
3056 +1.850815288e+01 +1.850815288e+01 -8.755184712e+01 -8.755184712e+01
3284 +1.795224862e+01 +1.795224862e+01 -8.810775138e+01 -8.810775138e+01
3288 +1.754808294e+01 +1.754808294e+01 -8.851191706e+01 -8.851191706e+01
3346 +1.648539393e+01 +1.648539393e+01 -8.957460607e+01 -8.957460607e+01
3376 +1.596118612e+01 +1.596118612e+01 -9.009881388e+01 -9.009881388e+01
3394 +1.550978081e+01 +1.550978081e+01 -9.055021919e+01 -9.055021919e+01
3404 +1.515285476e+01 +1.515285476e+01 -9.090714524e+01 -9.090714524e+01
3479 +1.510486465e+01 +1.510486465e+01 -9.095513535e+01 -9.095513535e+01
3484 +1.465408148e+01 +1.465408148e+01 -9.140591852e+01 -9.140591852e+01
3493 +1.383516353e+01 +1.383516353e+01 -9.222483647e+01 -9.222483647e+01
3519 +1.345542944e+01 +1.345542944e+01 -9.260457056e+01 -9.260457056e+01
3539 +1.264010953e+01 +1.264010953e+01 -9.341989047e+01 -9.341989047e+01
3542 +1.255801326e+01 +1.255801326e+01 -9.350198674e+01 -9.350198674e+01
3659 +1.213928272e+01 +1.213928272e+01 -9.392071728e+01 -9.392071728e+01
3674 +1.193550821e+01 +1.193550821e+01 -9.412449179e+01 -9.412449179e+01
3685 +1.155977750e+01 +1.155977750e+01 -9.450022250e+01 -9.450022250e+01
3830 +1.119848077e+01 +1.119848077e+01 -9.486151923e+01 -9.486151923e+01
3838 +1.051742075e+01 +1.051742075e+01 -9.554257925e+01 -9.554257925e+01
3962 +1.004504631e+01 +1.004504631e+01 -9.601495369e+01 -9.601495369e+01
4072 +9.981941507e+00 +9.981941507e+00 -9.607805849e+01 -9.607805849e+01
4078 +9.769502172e+00 +9.769502172e+00 -9.629049783e+01 -9.629049783e+01
4163 +9.389422020e+00 +9.389422020e+00 -9.667057798e+01 -9.667057798e+01
4183 +9.191417262e+00 +9.191417262e+00 -9.686858274e+01 -9.686858274e+01
4208 +9.114440554e+00 +9.114440554e+00 -9.694555945e+01 -9.694555945e+01
4214 +8.779427677e+00 +8.779427677e+00 -9.728057232e+01 -9.728057232e+01
4235 +8.624731713e+00 +8.624731713e+00 -9.743526829e+01 -9.743526829e+01
4563 +8.370765438e+00 +8.370765438e+00 -9.768923456e+01 -9.768923456e+01
4579 +8.312466239e+00 +8.312466239e+00 -9.774753376e+01 -9.774753376e+01
4599 +8.119424576e+00 +8.119424576e+00 -9.794057542e+01 -9.794057542e+01
4680 +7.847190902e+00 +7.847190902e+00 -9.821280910e+01 -9.821280910e+01
4745 +7.753352309e+00 +7.753352309e+00 -9.830664769e+01 -9.830664769e+01
4863 +7.576721605e+00 +7.576721605e+00 -9.848327840e+01 -9.848327840e+01
5683 +7.392604070e+00 +7.392604070e+00 -9.866739593e+01 -9.866739593e+01
% function evaluation | noise-free fitness - Fopt (-1.957000000000e+01) | best noise-free fitness - Fopt | measured fitness | best measured fitness | x1 | x2...
1 +9.101963358e+02 +9.101963358e+02 +8.906263358e+02 +8.906263358e+02
17 +8.247123040e+02 +8.247123040e+02 +8.051423040e+02 +8.051423040e+02
18 +7.851690775e+02 +7.851690775e+02 +7.655990775e+02 +7.655990775e+02
23 +7.545809162e+02 +7.545809162e+02 +7.350109162e+02 +7.350109162e+02
29 +7.350744892e+02 +7.350744892e+02 +7.155044892e+02 +7.155044892e+02
32 +7.244047482e+02 +7.244047482e+02 +7.048347482e+02 +7.048347482e+02
59 +6.544771170e+02 +6.544771170e+02 +6.349071170e+02 +6.349071170e+02
66 +6.205929616e+02 +6.205929616e+02 +6.010229616e+02 +6.010229616e+02
71 +5.931135093e+02 +5.931135093e+02 +5.735435093e+02 +5.735435093e+02
152 +5.769708479e+02 +5.769708479e+02 +5.574008479e+02 +5.574008479e+02
164 +5.736445930e+02 +5.736445930e+02 +5.540745930e+02 +5.540745930e+02
173 +5.527595776e+02 +5.527595776e+02 +5.331895776e+02 +5.331895776e+02
236 +5.446862726e+02 +5.446862726e+02 +5.251162726e+02 +5.251162726e+02
308 +4.667766174e+02 +4.667766174e+02 +4.472066174e+02 +4.472066174e+02
353 +4.057286880e+02 +4.057286880e+02 +3.861586880e+02 +3.861586880e+02
373 +3.779582348e+02 +3.779582348e+02 +3.583882348e+02 +3.583882348e+02
387 +3.449805690e+02 +3.449805690e+02 +3.254105690e+02 +3.254105690e+02
552 +3.245433094e+02 +3.245433094e+02 +3.049733094e+02 +3.049733094e+02
564 +2.611452297e+02 +2.611452297e+02 +2.415752297e+02 +2.415752297e+02
593 +2.533921546e+02 +2.533921546e+02 +2.338221546e+02 +2.338221546e+02
646 +2.385033375e+02 +2.385033375e+02 +2.189333375e+02 +2.189333375e+02
774 +2.279073530e+02 +2.279073530e+02 +2.083373530e+02 +2.083373530e+02
832 +2.166435649e+02 +2.166435649e+02 +1.970735649e+02 +1.970735649e+02
852 +2.115581749e+02 +2.115581749e+02 +1.919881749e+02 +1.919881749e+02
864 +1.839414410e+02 +1.839414410e+02 +1.643714410e+02 +1.643714410e+02
880 +1.603757183e+02 +1.603757183e+02 +1.408057183e+02 +1.408057183e+02
887 +1.575718591e+02 +1.575718591e+02 +1.380018591e+02 +1.380018591e+02
934 +1.437787207e+02 +1.437787207e+02 +1.242087207e+02 +1.242087207e+02
960 +1.360192137e+02 +1.360192137e+02 +1.164492137e+02 +1.164492137e+02
972 +1.246787275e+02 +1.246787275e+02 +1.051087275e+02 +1.051087275e+02
974 +1.132390670e+02 +1.132390670e+02 +9.366906698e+01 +9.366906698e+01
1183 +1.070013466e+02 +1.070013466e+02 +8.743134660e+01 +8.743134660e+01
1212 +1.033652870e+02 +1.033652870e+02 +8.379528695e+01 +8.379528695e+01
1223 +9.510573453e+01 +9.510573453e+01 +7.553573453e+01 +7.553573453e+01
1279 +9.207967981e+01 +9.207967981e+01 +7.250967981e+01 +7.250967981e+01
1369 +8.631549761e+01 +8.631549761e+01 +6.674549761e+01 +6.674549761e+01
1407 +8.236447597e+01 +8.236447597e+01 +6.279447597e+01 +6.279447597e+01
1412 +7.865371403e+01 +7.865371403e+01 +5.908371403e+01 +5.908371403e+01
1426 +7.705199560e+01 +7.705199560e+01 +5.748199560e+01 +5.748199560e+01
1441 +7.521701950e+01 +7.521701950e+01 +5.564701950e+01 +5.564701950e+01
1485 +7.371643806e+01 +7.371643806e+01 +5.414643806e+01 +5.414643806e+01
1493 +7.229689998e+01 +7.229689998e+01 +5.272689998e+01 +5.272689998e+01
1494 +7.020568309e+01 +7.020568309e+01 +5.063568309e+01 +5.063568309e+01
1526 +6.180022089e+01 +6.180022089e+01 +4.223022089e+01 +4.223022089e+01
1698 +5.884101689e+01 +5.884101689e+01 +3.927101689e+01 +3.927101689e+01
1727 +5.627229590e+01 +5.627229590e+01 +3.670229590e+01 +3.670229590e+01
1769 +5.588256457e+01 +5.588256457e+01 +3.631256457e+01 +3.631256457e+01
1802 +5.351239351e+01 +5.351239351e+01 +3.394239351e+01 +3.394239351e+01
1882 +5.233448985e+01 +5.233448985e+01 +3.276448985e+01 +3.276448985e+01
1919 +4.945958844e+01 +4.945958844e+01 +2.988958844e+01 +2.988958844e+01
1961 +4.820320397e+01 +4.820320397e+01 +2.863320397e+01 +2.863320397e+01
1971 +4.517321082e+01 +4.517321082e+01 +2.560321082e+01 +2.560321082e+01
2055 +4.384903352e+01 +4.384903352e+01 +2.427903352e+01 +2.427903352e+01
2057 +4.297333130e+01 +4.297333130e+01 +2.340333130e+01 +2.340333130e+01
2069 +4.169829590e+01 +4.169829590e+01 +2.212829590e+01 +2.212829590e+01
2086 +4.137421008e+01 +4.137421008e+01 +2.180421008e+01 +2.180421008e+01
2227 +3.947599085e+01 +3.947599085e+01 +1.990599085e+01 +1.990599085e+01
2247 +3.883110033e+01 +3.883110033e+01 +1.926110033e+01 +1.926110033e+01
2274 +3.742841832e+01 +3.742841832e+01 +1.785841832e+01 +1.785841832e+01
2313 +3.689875146e+01 +3.689875146e+01 +1.732875146e+01 +1.732875146e+01
% function evaluation | noise-free fitness - Fopt (3.818200000000e+02) | best noise-free fitness - Fopt | measured fitness | best measured fitness | x1 | x2...
1 +1.808126803e+03 +1.808126803e+03 +2.189946803e+03 +2.189946803e+03
7 +1.651024380e+03 +1.651024380e+03 +2.032844380e+03 +2.032844380e+03
11 +1.517544000e+03 +1.517544000e+03 +1.899364000e+03 +1.899364000e+03
12 +1.408194256e+03 +1.408194256e+03 +1.790014256e+03 +1.790014256e+03
30 +1.300220014e+03 +1.300220014e+03 +1.682040014e+03 +1.682040014e+03
33 +1.267828223e+03 +1.267828223e+03 +1.649648223e+03 +1.649648223e+03
38 +1.249970540e+03 +1.249970540e+03 +1.631790540e+03 +1.631790540e+03
70 +1.156887629e+03 +1.156887629e+03 +1.538707629e+03 +1.538707629e+03
75 +1.116130968e+03 +1.116130968e+03 +1.497950968e+03 +1.497950968e+03
77 +1.036021931e+03 +1.036021931e+03 +1.417841931e+03 +1.417841931e+03
85 +9.836659753e+02 +9.836659753e+02 +1.365485975e+03 +1.365485975e+03
93 +9.115723796e+02 +9.115723796e+02 +1.293392380e+03 +1.293392380e+03
98 +7.457806038e+02 +7.457806038e+02 +1.127600604e+03 +1.127600604e+03
102 +7.122009871e+02 +7.122009871e+02 +1.094020987e+03 +1.094020987e+03
123 +6.279257396e+02 +6.279257396e+02 +1.009745740e+03 +1.009745740e+03
136 +5.048729050e+02 +5.048729050e+02 +8.866929050e+02 +8.866929050e+02
143 +4.881699260e+02 +4.881699260e+02 +8.699899260e+02 +8.699899260e+02
164 +4.666810756e+02 +4.666810756e+02 +8.485010756e+02 +8.485010756e+02
172 +4.031028589e+02 +4.031028589e+02 +7.849228589e+02 +7.849228589e+02
181 +3.594592619e+02 +3.594592619e+02 +7.412792619e+02 +7.412792619e+02
283 +3.278326552e+02 +3.278326552e+02 +7.096526552e+02 +7.096526552e+02
297 +2.998402923e+02 +2.998402923e+02 +6.816602923e+02 +6.816602923e+02
301 +2.843425630e+02 +2.843425630e+02 +6.661625630e+02 +6.661625630e+02
314 +2.716631418e+02 +2.716631418e+02 +6.534831418e+02 +6.534831418e+02
322 +2.487528348e+02 +2.487528348e+02 +6.305728348e+02 +6.305728348e+02
458 +2.364991369e+02 +2.364991369e+02 +6.183191369e+02 +6.183191369e+02
493 +2.246859135e+02 +2.246859135e+02 +6.065059135e+02 +6.065059135e+02
542 +2.217758268e+02 +2.217758268e+02 +6.035958268e+02 +6.035958268e+02
565 +2.151135900e+02 +2.151135900e+02 +5.969335900e+02 +5.969335900e+02
573 +1.950600231e+02 +1.950600231e+02 +5.768800231e+02 +5.768800231e+02
781 +1.828449456e+02 +1.828449456e+02 +5.646649456e+02 +5.646649456e+02
870 +1.751256923e+02 +1.751256923e+02 +5.569456923e+02 +5.569456923e+02
881 +1.691196574e+02 +1.691196574e+02 +5.509396574e+02 +5.509396574e+02
897 +1.605547419e+02 +1.605547419e+02 +5.423747419e+02 +5.423747419e+02
934 +1.565617704e+02 +1.565617704e+02 +5.383817704e+02 +5.383817704e+02
944 +1.540702355e+02 +1.540702355e+02 +5.358902355e+02 +5.358902355e+02
948 +1.500672247e+02 +1.500672247e+02 +5.318872247e+02 +5.318872247e+02
969 +1.407522621e+02 +1.407522621e+02 +5.225722621e+02 +5.225722621e+02
1150 +1.366104642e+02 +1.366104642e+02 +5.184304642e+02 +5.184304642e+02
1220 +1.335576533e+02 +1.335576533e+02 +5.153776533e+02 +5.153776533e+02
1245 +1.305669381e+02 +1.305669381e+02 +5.123869381e+02 +5.123869381e+02
1293 +1.283977941e+02 +1.283977941e+02 +5.102177941e+02 +5.102177941e+02
1310 +1.257012244e+02 +1.257012244e+02 +5.075212244e+02 +5.075212244e+02
1322 +1.216810693e+02 +1.216810693e+02 +5.035010693e+02 +5.035010693e+02
1340 +1.201371541e+02 +1.201371541e+02 +5.019571541e+02 +5.019571541e+02
1347 +1.151276938e+02 +1.151276938e+02 +4.969476938e+02 +4.969476938e+02
1383 +1.144073673e+02 +1.144073673e+02 +4.962273673e+02 +4.962273673e+02
1430 +1.058752122e+02 +1.058752122e+02 +4.876952122e+02 +4.876952122e+02
1530 +1.042331922e+02 +1.042331922e+02 +4.860531922e+02 +4.860531922e+02
1557 +1.019077650e+02 +1.019077650e+02 +4.837277650e+02 +4.837277650e+02
1665 +9.973787217e+01 +9.973787217e+01 +4.815578722e+02 +4.815578722e+02
1722 +9.762149391e+01 +9.762149391e+01 +4.794414939e+02 +4.794414939e+02
1751 +9.246299177e+01 +9.246299177e+01 +4.742829918e+02 +4.742829918e+02
1760 +8.932579268e+01 +8.932579268e+01 +4.711457927e+02 +4.711457927e+02
1906 +8.858072360e+01 +8.858072360e+01 +4.704007236e+02 +4.704007236e+02
2167 +8.571586826e+01 +8.571586826e+01 +4.675358683e+02 +4.675358683e+02
2183 +8.480527384e+01 +8.480527384e+01 +4.666252738e+02 +4.666252738e+02
2184 +8.193210672e+01 +8.193210672e+01 +4.637521067e+02 +4.637521067e+02
2188 +8.048668970e+01 +8.048668970e+01 +4.623066897e+02 +4.623066897e+02
2512 +7.918530482e+01 +7.918530482e+01 +4.610053048e+02 +4.610053048e+02
3859 +7.746627064e+01 +7.746627064e+01 +4.592862706e+02 +4.592862706e+02
% function evaluation | noise-free fitness - Fopt (8.130000000000e+00) | best noise-free fitness - Fopt | measured fitness | best measured fitness | x1 | x2...
1 +2.138952377e+03 +2.138952377e+03 +2.147082377e+03 +2.147082377e+03
8 +1.591270462e+03 +1.591270462e+03 +1.599400462e+03 +1.599400462e+03
16 +1.568750590e+03 +1.568750590e+03 +1.576880590e+03 +1.576880590e+03
20 +1.512616235e+03 +1.512616235e+03 +1.520746235e+03 +1.520746235e+03
30 +1.216099758e+03 +1.216099758e+03 +1.224229758e+03 +1.224229758e+03
34 +9.431657588e+02 +9.431657588e+02 +9.512957588e+02 +9.512957588e+02
44 +9.202302712e+02 +9.202302712e+02 +9.283602712e+02 +9.283602712e+02
89 +8.494858091e+02 +8.494858091e+02 +8.576158091e+02 +8.576158091e+02
95 +8.029068574e+02 +8.029068574e+02 +8.110368574e+02 +8.110368574e+02
102 +7.030565226e+02 +7.030565226e+02 +7.111865226e+02 +7.111865226e+02
124 +6.882404964e+02 +6.882404964e+02 +6.963704964e+02 +6.963704964e+02
131 +6.709553782e+02 +6.709553782e+02 +6.790853782e+02 +6.790853782e+02
159 +6.253592148e+02 +6.253592148e+02 +6.334892148e+02 +6.334892148e+02
164 +5.198520679e+02 +5.198520679e+02 +5.279820679e+02 +5.279820679e+02
207 +4.881068242e+02 +4.881068242e+02 +4.962368242e+02 +4.962368242e+02
398 +4.650405588e+02 +4.650405588e+02 +4.731705588e+02 +4.731705588e+02
462 +4.212295339e+02 +4.212295339e+02 +4.293595339e+02 +4.293595339e+02
471 +3.607093081e+02 +3.607093081e+02 +3.688393081e+02 +3.688393081e+02
482 +3.506717023e+02 +3.506717023e+02 +3.588017023e+02 +3.588017023e+02
635 +3.435480988e+02 +3.435480988e+02 +3.516780988e+02 +3.516780988e+02
649 +3.200179898e+02 +3.200179898e+02 +3.281479898e+02 +3.281479898e+02
681 +2.798094216e+02 +2.798094216e+02 +2.879394216e+02 +2.879394216e+02
718 +2.638893080e+02 +2.638893080e+02 +2.720193080e+02 +2.720193080e+02
735 +2.316797965e+02 +2.316797965e+02 +2.398097965e+02 +2.398097965e+02
742 +2.275491783e+02 +2.275491783e+02 +2.356791783e+02 +2.356791783e+02
839 +1.979038463e+02 +1.979038463e+02 +2.060338463e+02 +2.060338463e+02
844 +1.865671877e+02 +1.865671877e+02 +1.946971877e+02 +1.946971877e+02
866 +1.829143571e+02 +1.829143571e+02 +1.910443571e+02 +1.910443571e+02
882 +1.700848405e+02 +1.700848405e+02 +1.782148405e+02 +1.782148405e+02
955 +1.609899063e+02 +1.609899063e+02 +1.691199063e+02 +1.691199063e+02
968 +1.557186212e+02 +1.557186212e+02 +1.638486212e+02 +1.638486212e+02
975 +1.357579183e+02 +1.357579183e+02 +1.438879183e+02 +1.438879183e+02
985 +1.295974272e+02 +1.295974272e+02 +1.377274272e+02 +1.377274272e+02
1035 +1.286523758e+02 +1.286523758e+02 +1.367823758e+02 +1.367823758e+02
1062 +1.144767123e+02 +1.144767123e+02 +1.226067123e+02 +1.226067123e+02
1075 +1.010059217e+02 +1.010059217e+02 +1.091359217e+02 +1.091359217e+02
1104 +9.826204948e+01 +9.826204948e+01 +1.063920495e+02 +1.063920495e+02
1130 +8.428633049e+01 +8.428633049e+01 +9.241633049e+01 +9.241633049e+01
1144 +8.214337750e+01 +8.214337750e+01 +9.027337750e+01 +9.027337750e+01
1156 +7.758860698e+01 +7.758860698e+01 +8.571860698e+01 +8.571860698e+01
1354 +7.488143430e+01 +7.488143430e+01 +8.301143430e+01 +8.301143430e+01
1373 +7.148216913e+01 +7.148216913e+01 +7.961216913e+01 +7.961216913e+01
1375 +6.531873567e+01 +6.531873567e+01 +7.344873567e+01 +7.344873567e+01
1481 +6.333999307e+01 +6.333999307e+01 +7.146999307e+01 +7.146999307e+01
1482 +5.882571696e+01 +5.882571696e+01 +6.695571696e+01 +6.695571696e+01
1493 +5.233408373e+01 +5.233408373e+01 +6.046408373e+01 +6.046408373e+01
1510 +5.014660448e+01 +5.014660448e+01 +5.827660448e+01 +5.827660448e+01
1598 +4.900312149e+01 +4.900312149e+01 +5.713312149e+01 +5.713312149e+01
1723 +4.873489916e+01 +4.873489916e+01 +5.686489916e+01 +5.686489916e+01
1828 +4.783933104e+01 +4.783933104e+01 +5.596933104e+01 +5.596933104e+01
1863 +4.615585198e+01 +4.615585198e+01 +5.428585198e+01 +5.428585198e+01
1876 +4.461083220e+01 +4.461083220e+01 +5.274083220e+01 +5.274083220e+01
1915 +4.322197819e+01 +4.322197819e+01 +5.135197819e+01 +5.135197819e+01
2318 +4.264170161e+01 +4.264170161e+01 +5.077170161e+01 +5.077170161e+01
2608 +4.062556870e+01 +4.062556870e+01 +4.875556870e+01 +4.875556870e+01
2615 +3.966979232e+01 +3.966979232e+01 +4.779979232e+01 +4.779979232e+01
2728 +3.868739864e+01 +3.868739864e+01 +4.681739864e+01 +4.681739864e+01
3082 +3.790879009e+01 +3.790879009e+01 +4.603879009e+01 +4.603879009e+01
3184 +3.674123612e+01 +3.674123612e+01 +4.487123612e+01 +4.487123612e+01
4516 +3.608502804e+01 +3.608502804e+01 +4.421502804e+01 +4.421502804e+01
5043 +3.547738689e+01 +3.547738689e+01 +4.360738689e+01 +4.360738689e+01
5681 +3.302303972e+01 +3.302303972e+01 +4.115303972e+01 +4.115303972e+01
5912 +3.228178780e+01 +3.228178780e+01 +4.041178780e+01 +4.041178780e+01
6234 +3.141930162e+01 +3.141930162e+01 +3.954930162e+01 +3.954930162e+01
% function evaluation | noise-free fitness - Fopt (8.687000000000e+01) | best noise-free fitness - Fopt | measured fitness | best measured fitness | x1 | x2...
1 +2.914014565e+03 +2.914014565e+03 +3.000884565e+03 +3.000884565e+03
2 +2.195467666e+03 +2.195467666e+03 +2.282337666e+03 +2.282337666e+03
15 +2.066174155e+03 +2.066174155e+03 +2.153044155e+03 +2.153044155e+03
31 +1.948460942e+03 +1.948460942e+03 +2.035330942e+03 +2.035330942e+03
39 +1.879317743e+03 +1.879317743e+03 +1.966187743e+03 +1.966187743e+03
53 +1.547047220e+03 +1.547047220e+03 +1.633917220e+03 +1.633917220e+03
61 +1.402814149e+03 +1.402814149e+03 +1.489684149e+03 +1.489684149e+03
64 +1.319165073e+03 +1.319165073e+03 +1.406035073e+03 +1.406035073e+03
69 +1.311169229e+03 +1.311169229e+03 +1.398039229e+03 +1.398039229e+03
72 +1.258791700e+03 +1.258791700e+03 +1.345661700e+03 +1.345661700e+03
81 +1.213461842e+03 +1.213461842e+03 +1.300331842e+03 +1.300331842e+03
82 +1.160290896e+03 +1.160290896e+03 +1.247160896e+03 +1.247160896e+03
83 +1.033450277e+03 +1.033450277e+03 +1.120320277e+03 +1.120320277e+03
97 +9.982504903e+02 +9.982504903e+02 +1.085120490e+03 +1.085120490e+03
108 +9.414364613e+02 +9.414364613e+02 +1.028306461e+03 +1.028306461e+03
111 +9.038420723e+02 +9.038420723e+02 +9.907120723e+02 +9.907120723e+02
112 +8.685177282e+02 +8.685177282e+02 +9.553877282e+02 +9.553877282e+02
120 +7.012064226e+02 +7.012064226e+02 +7.880764226e+02 +7.880764226e+02
156 +6.401942756e+02 +6.401942756e+02 +7.270642756e+02 +7.270642756e+02
174 +6.232254065e+02 +6.232254065e+02 +7.100954065e+02 +7.100954065e+02
218 +5.935801667e+02 +5.935801667e+02 +6.804501667e+02 +6.804501667e+02
227 +5.595667010e+02 +5.595667010e+02 +6.464367010e+02 +6.464367010e+02
235 +5.285898897e+02 +5.285898897e+02 +6.154598897e+02 +6.154598897e+02
237 +4.905288555e+02 +4.905288555e+02 +5.773988555e+02 +5.773988555e+02
251 +4.745393046e+02 +4.745393046e+02 +5.614093046e+02 +5.614093046e+02
262 +4.214716020e+02 +4.214716020e+02 +5.083416020e+02 +5.083416020e+02
277 +4.159182705e+02 +4.159182705e+02 +5.027882705e+02 +5.027882705e+02
282 +3.923715169e+02 +3.923715169e+02 +4.792415169e+02 +4.792415169e+02
481 +3.865581022e+02 +3.865581022e+02 +4.734281022e+02 +4.734281022e+02
508 +3.581712833e+02 +3.581712833e+02 +4.450412833e+02 +4.450412833e+02
537 +3.258608830e+02 +3.258608830e+02 +4.127308830e+02 +4.127308830e+02
555 +3.093241672e+02 +3.093241672e+02 +3.961941672e+02 +3.961941672e+02
601 +3.036053785e+02 +3.036053785e+02 +3.904753785e+02 +3.904753785e+02
608 +2.881225352e+02 +2.881225352e+02 +3.749925352e+02 +3.749925352e+02
628 +2.767142824e+02 +2.767142824e+02 +3.635842824e+02 +3.635842824e+02
673 +2.740027222e+02 +2.740027222e+02 +3.608727222e+02 +3.608727222e+02
679 +2.466314151e+02 +2.466314151e+02 +3.335014151e+02 +3.335014151e+02
682 +2.267493133e+02 +2.267493133e+02 +3.136193133e+02 +3.136193133e+02
697 +2.132425023e+02 +2.132425023e+02 +3.001125023e+02 +3.001125023e+02
703 +2.071819873e+02 +2.071819873e+02 +2.940519873e+02 +2.940519873e+02
718 +1.828539062e+02 +1.828539062e+02 +2.697239062e+02 +2.697239062e+02
734 +1.780018180e+02 +1.780018180e+02 +2.648718180e+02 +2.648718180e+02
739 +1.388307789e+02 +1.388307789e+02 +2.257007789e+02 +2.257007789e+02
753 +1.361812952e+02 +1.361812952e+02 +2.230512952e+02 +2.230512952e+02
771 +1.192544136e+02 +1.192544136e+02 +2.061244136e+02 +2.061244136e+02
776 +1.171148561e+02 +1.171148561e+02 +2.039848561e+02 +2.039848561e+02
975 +1.041648146e+02 +1.041648146e+02 +1.910348146e+02 +1.910348146e+02
993 +9.459155725e+01 +9.459155725e+01 +1.814615573e+02 +1.814615573e+02
1005 +8.829843641e+01 +8.829843641e+01 +1.751684364e+02 +1.751684364e+02
1016 +8.688907188e+01 +8.688907188e+01 +1.737590719e+02 +1.737590719e+02
1086 +8.241094062e+01 +8.241094062e+01 +1.692809406e+02 +1.692809406e+02
1152 +7.114330192e+01 +7.114330192e+01 +1.580133019e+02 +1.580133019e+02
1402 +7.002050999e+01 +7.002050999e+01 +1.568905100e+02 +1.568905100e+02
1409 +6.479776135e+01 +6.479776135e+01 +1.516677613e+02 +1.516677613e+02
1420 +6.417867887e+01 +6.417867887e+01 +1.510486789e+02 +1.510486789e+02
1427 +6.039579436e+01 +6.039579436e+01 +1.472657944e+02 +1.472657944e+02
1589 +5.999687857e+01 +5.999687857e+01 +1.468668786e+02 +1.468668786e+02
1599 +5.530524222e+01 +5.530524222e+01 +1.421752422e+02 +1.421752422e+02
1604 +5.465870527e+01 +5.465870527e+01 +1.415287053e+02 +1.415287053e+02
1623 +5.166513473e+01 +5.166513473e+01 +1.385351347e+02 +1.385351347e+02
1658 +5.102849622e+01 +5.102849622e+01 +1.378984962e+02 +1.378984962e+02
1680 +4.955253669e+01 +4.955253669e+01 +1.364225367e+02 +1.364225367e+02
1884 +4.855125318e+01 +4.855125318e+01 +1.354212532e+02 +1.354212532e+02
1926 +4.703453029e+01 +4.703453029e+01 +1.339045303e+02 +1.339045303e+02
1992 +4.562272937e+01 +4.562272937e+01 +1.324927294e+02 +1.324927294e+02
2038 +4.463660747e+01 +4.463660747e+01 +1.315066075e+02 +1.315066075e+02
2170 +4.198419148e+01 +4.198419148e+01 +1.288541915e+02 +1.288541915e+02
2201 +3.980865689e+01 +3.980865689e+01 +1.266786569e+02 +1.266786569e+02
2255 +3.769393037e+01 +3.769393037e+01 +1.245639304e+02 +1.245639304e+02
2330 +3.657001697e+01 +3.657001697e+01 +1.234400170e+02 +1.234400170e+02
2357 +3.584294064e+01 +3.584294064e+01 +1.227129406e+02 +1.227129406e+02
2412 +3.545762928e+01 +3.545762928e+01 +1.223276293e+02 +1.223276293e+02
2628 +3.466983875e+01 +3.466983875e+01 +1.215398387e+02 +1.215398387e+02
3296 +3.351529404e+01 +3.351529404e+01 +1.203852940e+02 +1.203852940e+02
3324 +3.291961013e+01 +3.291961013e+01 +1.197896101e+02 +1.197896101e+02
3622 +3.231515309e+01 +3.231515309e+01 +1.191851531e+02 +1.191851531e+02
% function evaluation | noise-free fitness - Fopt (-5.791000000000e+01) | best noise-free fitness - Fopt | measured fitness | best measured fitness | x1 | x2...
1 +1.894329579e+03 +1.894329579e+03 +1.836419579e+03 +1.836419579e+03
2 +1.732722748e+03 +1.732722748e+03 +1.674812748e+03 +1.674812748e+03
23 +1.466739417e+03 +1.466739417e+03 +1.408829417e+03 +1.408829417e+03
41 +1.439303767e+03 +1.439303767e+03 +1.381393767e+03 +1.381393767e+03
42 +1.409604351e+03 +1.409604351e+03 +1.351694351e+03 +1.351694351e+03
47 +1.039728956e+03 +1.039728956e+03 +9.818189564e+02 +9.818189564e+02
59 +8.376451049e+02 +8.376451049e+02 +7.797351049e+02 +7.797351049e+02
84 +6.532612210e+02 +6.532612210e+02 +5.953512210e+02 +5.953512210e+02
151 +6.108077314e+02 +6.108077314e+02 +5.528977314e+02 +5.528977314e+02
163 +5.990087925e+02 +5.990087925e+02 +5.410987925e+02 +5.410987925e+02
167 +5.652164410e+02 +5.652164410e+02 +5.073064410e+02 +5.073064410e+02
198 +5.159771928e+02 +5.159771928e+02 +4.580671928e+02 +4.580671928e+02
210 +4.347033707e+02 +4.347033707e+02 +3.767933707e+02 +3.767933707e+02
321 +4.169196619e+02 +4.169196619e+02 +3.590096619e+02 +3.590096619e+02
322 +4.132596325e+02 +4.132596325e+02 +3.553496325e+02 +3.553496325e+02
336 +3.908927278e+02 +3.908927278e+02 +3.329827278e+02 +3.329827278e+02
399 +3.806222260e+02 +3.806222260e+02 +3.227122260e+02 +3.227122260e+02
408 +3.756232131e+02 +3.756232131e+02 +3.177132131e+02 +3.177132131e+02
422 +3.663434901e+02 +3.663434901e+02 +3.084334901e+02 +3.084334901e+02
444 +3.620437529e+02 +3.620437529e+02 +3.041337529e+02 +3.041337529e+02
453 +3.460147060e+02 +3.460147060e+02 +2.881047060e+02 +2.881047060e+02
462 +3.181663191e+02 +3.181663191e+02 +2.602563191e+02 +2.602563191e+02
523 +3.154467727e+02 +3.154467727e+02 +2.575367727e+02 +2.575367727e+02
543 +3.055601751e+02 +3.055601751e+02 +2.476501751e+02 +2.476501751e+02
545 +2.766540048e+02 +2.766540048e+02 +2.187440048e+02 +2.187440048e+02
557 +2.744195679e+02 +2.744195679e+02 +2.165095679e+02 +2.165095679e+02
633 +2.685496807e+02 +2.685496807e+02 +2.106396807e+02 +2.106396807e+02
644 +2.625840826e+02 +2.625840826e+02 +2.046740826e+02 +2.046740826e+02
658 +2.500991389e+02 +2.500991389e+02 +1.921891389e+02 +1.921891389e+02
733 +2.130978030e+02 +2.130978030e+02 +1.551878030e+02 +1.551878030e+02
747 +1.928811480e+02 +1.928811480e+02 +1.349711480e+02 +1.349711480e+02
761 +1.892670771e+02 +1.892670771e+02 +1.313570771e+02 +1.313570771e+02
772 +1.854894748e+02 +1.854894748e+02 +1.275794748e+02 +1.275794748e+02
786 +1.812265195e+02 +1.812265195e+02 +1.233165195e+02 +1.233165195e+02
837 +1.723300548e+02 +1.723300548e+02 +1.144200548e+02 +1.144200548e+02
901 +1.656059244e+02 +1.656059244e+02 +1.076959244e+02 +1.076959244e+02
932 +1.598895438e+02 +1.598895438e+02 +1.019795438e+02 +1.019795438e+02
1065 +1.462409278e+02 +1.462409278e+02 +8.833092779e+01 +8.833092779e+01
1074 +1.330047138e+02 +1.330047138e+02 +7.509471376e+01 +7.509471376e+01
1088 +1.305545924e+02 +1.305545924e+02 +7.264459239e+01 +7.264459239e+01
1095 +1.264309098e+02 +1.264309098e+02 +6.852090979e+01 +6.852090979e+01
1109 +1.216336063e+02 +1.216336063e+02 +6.372360627e+01 +6.372360627e+01
1121 +1.160799659e+02 +1.160799659e+02 +5.816996595e+01 +5.816996595e+01
1136 +1.093508207e+02 +1.093508207e+02 +5.144082068e+01 +5.144082068e+01
1337 +1.035728504e+02 +1.035728504e+02 +4.566285045e+01 +4.566285045e+01
1379 +1.022721686e+02 +1.022721686e+02 +4.436216861e+01 +4.436216861e+01
1419 +9.985079698e+01 +9.985079698e+01 +4.194079698e+01 +4.194079698e+01
1451 +9.755881268e+01 +9.755881268e+01 +3.964881268e+01 +3.964881268e+01
1670 +9.402506638e+01 +9.402506638e+01 +3.611506638e+01 +3.611506638e+01
1672 +9.211952067e+01 +9.211952067e+01 +3.420952067e+01 +3.420952067e+01
1683 +8.621871858e+01 +8.621871858e+01 +2.830871858e+01 +2.830871858e+01
1700 +8.303770159e+01 +8.303770159e+01 +2.512770159e+01 +2.512770159e+01
1923 +7.963878664e+01 +7.963878664e+01 +2.172878664e+01 +2.172878664e+01
1925 +7.683500694e+01 +7.683500694e+01 +1.892500694e+01 +1.892500694e+01
1957 +7.449512329e+01 +7.449512329e+01 +1.658512329e+01 +1.658512329e+01
1969 +7.292951900e+01 +7.292951900e+01 +1.501951900e+01 +1.501951900e+01
1972 +6.917014473e+01 +6.917014473e+01 +1.126014473e+01 +1.126014473e+01
1999 +6.688820130e+01 +6.688820130e+01 +8.978201303e+00 +8.978201303e+00
2006 +6.533210566e+01 +6.533210566e+01 +7.422105664e+00 +7.422105664e+00
2221 +6.452450509e+01 +6.452450509e+01 +6.614505086e+00 +6.614505086e+00
3209 +6.308797887e+01 +6.308797887e+01 +5.177978871e+00 +5.177978871e+00
3395 +5.992729640e+01 +5.992729640e+01 +2.017296400e+00 +2.017296400e+00
% function evaluation | noise-free fitness - Fopt (1.027500000000e+02) | best noise-free fitness - Fopt | measured fitness | best measured fitness | x1 | x2...
1 +2.304236070e+03 +2.304236070e+03 +2.406986070e+03 +2.406986070e+03
4 +2.114785077e+03 +2.114785077e+03 +2.217535077e+03 +2.217535077e+03
21 +1.515799426e+03 +1.515799426e+03 +1.618549426e+03 +1.618549426e+03
41 +1.215532802e+03 +1.215532802e+03 +1.318282802e+03 +1.318282802e+03
44 +1.183391210e+03 +1.183391210e+03 +1.286141210e+03 +1.286141210e+03
46 +1.012188310e+03 +1.012188310e+03 +1.114938310e+03 +1.114938310e+03
63 +8.564703368e+02 +8.564703368e+02 +9.592203368e+02 +9.592203368e+02
64 +8.272550036e+02 +8.272550036e+02 +9.300050036e+02 +9.300050036e+02
70 +7.814996294e+02 +7.814996294e+02 +8.842496294e+02 +8.842496294e+02
79 +7.199146133e+02 +7.199146133e+02 +8.226646133e+02 +8.226646133e+02
175 +6.779778690e+02 +6.779778690e+02 +7.807278690e+02 +7.807278690e+02
196 +4.456362879e+02 +4.456362879e+02 +5.483862879e+02 +5.483862879e+02
202 +3.856431725e+02 +3.856431725e+02 +4.883931725e+02 +4.883931725e+02
499 +3.583793577e+02 +3.583793577e+02 +4.611293577e+02 +4.611293577e+02
503 +3.520374162e+02 +3.520374162e+02 +4.547874162e+02 +4.547874162e+02
516 +3.128172328e+02 +3.128172328e+02 +4.155672328e+02 +4.155672328e+02
540 +3.045880742e+02 +3.045880742e+02 +4.073380742e+02 +4.073380742e+02
545 +2.883248422e+02 +2.883248422e+02 +3.910748422e+02 +3.910748422e+02
557 +2.342083115e+02 +2.342083115e+02 +3.369583115e+02 +3.369583115e+02
747 +2.266680808e+02 +2.266680808e+02 +3.294180808e+02 +3.294180808e+02
755 +2.155829289e+02 +2.155829289e+02 +3.183329289e+02 +3.183329289e+02
766 +1.827247626e+02 +1.827247626e+02 +2.854747626e+02 +2.854747626e+02
839 +1.669406179e+02 +1.669406179e+02 +2.696906179e+02 +2.696906179e+02
845 +1.657523308e+02 +1.657523308e+02 +2.685023308e+02 +2.685023308e+02
896 +1.611973852e+02 +1.611973852e+02 +2.639473852e+02 +2.639473852e+02
899 +1.405022476e+02 +1.405022476e+02 +2.432522476e+02 +2.432522476e+02
924 +1.297185772e+02 +1.297185772e+02 +2.324685772e+02 +2.324685772e+02
959 +1.257170177e+02 +1.257170177e+02 +2.284670177e+02 +2.284670177e+02
962 +1.099903341e+02 +1.099903341e+02 +2.127403341e+02 +2.127403341e+02
982 +1.081599352e+02 +1.081599352e+02 +2.109099352e+02 +2.109099352e+02
983 +9.680203463e+01 +9.680203463e+01 +1.995520346e+02 +1.995520346e+02
1014 +9.484070254e+01 +9.484070254e+01 +1.975907025e+02 +1.975907025e+02
1148 +9.259394144e+01 +9.259394144e+01 +1.953439414e+02 +1.953439414e+02
1153 +8.590892520e+01 +8.590892520e+01 +1.886589252e+02 +1.886589252e+02
1167 +7.641365985e+01 +7.641365985e+01 +1.791636598e+02 +1.791636598e+02
1170 +7.114028862e+01 +7.114028862e+01 +1.738902886e+02 +1.738902886e+02
1174 +6.862268600e+01 +6.862268600e+01 +1.713726860e+02 +1.713726860e+02
1264 +6.615432188e+01 +6.615432188e+01 +1.689043219e+02 +1.689043219e+02
1281 +6.285163014e+01 +6.285163014e+01 +1.656016301e+02 +1.656016301e+02
1296 +5.893939314e+01 +5.893939314e+01 +1.616893931e+02 +1.616893931e+02
1481 +5.774098724e+01 +5.774098724e+01 +1.604909872e+02 +1.604909872e+02
1498 +5.580587776e+01 +5.580587776e+01 +1.585558778e+02 +1.585558778e+02
1702 +4.892400904e+01 +4.892400904e+01 +1.516740090e+02 +1.516740090e+02
1713 +4.734019820e+01 +4.734019820e+01 +1.500901982e+02 +1.500901982e+02
1934 +4.674254933e+01 +4.674254933e+01 +1.494925493e+02 +1.494925493e+02
1969 +4.570534104e+01 +4.570534104e+01 +1.484553410e+02 +1.484553410e+02
2005 +4.419624083e+01 +4.419624083e+01 +1.469462408e+02 +1.469462408e+02
2151 +4.354589009e+01 +4.354589009e+01 +1.462958901e+02 +1.462958901e+02
2191 +4.255448807e+01 +4.255448807e+01 +1.453044881e+02 +1.453044881e+02
2251 +4.126029969e+01 +4.126029969e+01 +1.440102997e+02 +1.440102997e+02
2282 +4.056278631e+01 +4.056278631e+01 +1.433127863e+02 +1.433127863e+02
2672 +3.980276469e+01 +3.980276469e+01 +1.425527647e+02 +1.425527647e+02
% function evaluation | noise-free fitness - Fopt (-1.175400000000e+02) | best noise-free fitness - Fopt | measured fitness | best measured fitness | x1 | x2...
1 +3.045268410e+03 +3.045268410e+03 +2.927728410e+03 +2.927728410e+03
4 +2.794949303e+03 +2.794949303e+03 +2.677409303e+03 +2.677409303e+03
6 +2.752986697e+03 +2.752986697e+03 +2.635446697e+03 +2.635446697e+03
8 +2.470922794e+03 +2.470922794e+03 +2.353382794e+03 +2.353382794e+03
9 +2.418787267e+03 +2.418787267e+03 +2.301247267e+03 +2.301247267e+03
13 +2.391962261e+03 +2.391962261e+03 +2.274422261e+03 +2.274422261e+03
20 +2.084405997e+03 +2.084405997e+03 +1.966865997e+03 +1.966865997e+03
42 +1.964291278e+03 +1.964291278e+03 +1.846751278e+03 +1.846751278e+03
45 +1.552984561e+03 +1.552984561e+03 +1.435444561e+03 +1.435444561e+03
54 +1.458954595e+03 +1.458954595e+03 +1.341414595e+03 +1.341414595e+03
55 +1.428383514e+03 +1.428383514e+03 +1.310843514e+03 +1.310843514e+03
67 +1.327950624e+03 +1.327950624e+03 +1.210410624e+03 +1.210410624e+03
98 +1.277110190e+03 +1.277110190e+03 +1.159570190e+03 +1.159570190e+03
99 +1.235977809e+03 +1.235977809e+03 +1.118437809e+03 +1.118437809e+03
106 +1.191945908e+03 +1.191945908e+03 +1.074405908e+03 +1.074405908e+03
112 +1.140989397e+03 +1.140989397e+03 +1.023449397e+03 +1.023449397e+03
114 +9.867022376e+02 +9.867022376e+02 +8.691622376e+02 +8.691622376e+02
115 +9.446763084e+02 +9.446763084e+02 +8.271363084e+02 +8.271363084e+02
116 +8.540690216e+02 +8.540690216e+02 +7.365290216e+02 +7.365290216e+02
123 +8.016831882e+02 +8.016831882e+02 +6.841431882e+02 +6.841431882e+02
127 +7.652241701e+02 +7.652241701e+02 +6.476841701e+02 +6.476841701e+02
136 +6.631309826e+02 +6.631309826e+02 +5.455909826e+02 +5.455909826e+02
148 +5.937110088e+02 +5.937110088e+02 +4.761710088e+02 +4.761710088e+02
202 +5.676324560e+02 +5.676324560e+02 +4.500924560e+02 +4.500924560e+02
215 +5.585059119e+02 +5.585059119e+02 +4.409659119e+02 +4.409659119e+02
231 +5.367505127e+02 +5.367505127e+02 +4.192105127e+02 +4.192105127e+02
262 +4.706653917e+02 +4.706653917e+02 +3.531253917e+02 +3.531253917e+02
272 +4.193759345e+02 +4.193759345e+02 +3.018359345e+02 +3.018359345e+02
288 +3.955022023e+02 +3.955022023e+02 +2.779622023e+02 +2.779622023e+02
289 +3.827588697e+02 +3.827588697e+02 +2.652188697e+02 +2.652188697e+02
352 +3.381472921e+02 +3.381472921e+02 +2.206072921e+02 +2.206072921e+02
366 +3.145528516e+02 +3.145528516e+02 +1.970128516e+02 +1.970128516e+02
392 +3.048278841e+02 +3.048278841e+02 +1.872878841e+02 +1.872878841e+02
415 +2.965594722e+02 +2.965594722e+02 +1.790194722e+02 +1.790194722e+02
431 +2.921998016e+02 +2.921998016e+02 +1.746598016e+02 +1.746598016e+02
440 +2.808400858e+02 +2.808400858e+02 +1.633000858e+02 +1.633000858e+02
448 +2.627568610e+02 +2.627568610e+02 +1.452168610e+02 +1.452168610e+02
458 +2.538866362e+02 +2.538866362e+02 +1.363466362e+02 +1.363466362e+02
463 +2.461325123e+02 +2.461325123e+02 +1.285925123e+02 +1.285925123e+02
477 +2.419432246e+02 +2.419432246e+02 +1.244032246e+02 +1.244032246e+02
491 +2.292962238e+02 +2.292962238e+02 +1.117562238e+02 +1.117562238e+02
495 +2.087671442e+02 +2.087671442e+02 +9.122714421e+01 +9.122714421e+01
510 +1.986407218e+02 +1.986407218e+02 +8.110072178e+01 +8.110072178e+01
687 +1.926326017e+02 +1.926326017e+02 +7.509260167e+01 +7.509260167e+01
706 +1.832222062e+02 +1.832222062e+02 +6.568220617e+01 +6.568220617e+01
714 +1.629153136e+02 +1.629153136e+02 +4.537531363e+01 +4.537531363e+01
783 +1.474523848e+02 +1.474523848e+02 +2.991238485e+01 +2.991238485e+01
795 +1.442067661e+02 +1.442067661e+02 +2.666676612e+01 +2.666676612e+01
827 +1.379522373e+02 +1.379522373e+02 +2.041223726e+01 +2.041223726e+01
842 +1.315194138e+02 +1.315194138e+02 +1.397941381e+01 +1.397941381e+01
849 +1.246024833e+02 +1.246024833e+02 +7.062483347e+00 +7.062483347e+00
854 +1.180986434e+02 +1.180986434e+02 +5.586434395e-01 +5.586434395e-01
893 +1.152608527e+02 +1.152608527e+02 -2.279147346e+00 -2.279147346e+00
913 +1.102615668e+02 +1.102615668e+02 -7.278433215e+00 -7.278433215e+00
932 +1.027783078e+02 +1.027783078e+02 -1.476169217e+01 -1.476169217e+01
945 +9.787932387e+01 +9.787932387e+01 -1.966067613e+01 -1.966067613e+01
1049 +8.647898865e+01 +8.647898865e+01 -3.106101135e+01 -3.106101135e+01
1097 +8.422818130e+01 +8.422818130e+01 -3.331181870e+01 -3.331181870e+01
1118 +8.124928783e+01 +8.124928783e+01 -3.629071217e+01 -3.629071217e+01
1138 +7.609189849e+01 +7.609189849e+01 -4.144810151e+01 -4.144810151e+01
1434 +7.472496644e+01 +7.472496644e+01 -4.281503356e+01 -4.281503356e+01
1499 +7.234671972e+01 +7.234671972e+01 -4.519328028e+01 -4.519328028e+01
1509 +6.990365735e+01 +6.990365735e+01 -4.763634265e+01 -4.763634265e+01
1542 +6.907229693e+01 +6.907229693e+01 -4.846770307e+01 -4.846770307e+01
1547 +6.391041447e+01 +6.391041447e+01 -5.362958553e+01 -5.362958553e+01
1602 +5.869719273e+01 +5.869719273e+01 -5.884280727e+01 -5.884280727e+01
1644 +5.639438832e+01 +5.639438832e+01 -6.114561168e+01 -6.114561168e+01
1686 +5.564510022e+01 +5.564510022e+01 -6.189489978e+01 -6.189489978e+01
1801 +5.457320867e+01 +5.457320867e+01 -6.296679133e+01 -6.296679133e+01
1822 +4.927249596e+01 +4.927249596e+01 -6.826750404e+01 -6.826750404e+01
1843 +4.746910140e+01 +4.746910140e+01 -7.007089860e+01 -7.007089860e+01
1861 +4.609576816e+01 +4.609576816e+01 -7.144423184e+01 -7.144423184e+01
1888 +4.444201964e+01 +4.444201964e+01 -7.309798036e+01 -7.309798036e+01
2638 +4.345069995e+01 +4.345069995e+01 -7.408930005e+01 -7.408930005e+01
2666 +4.254119339e+01 +4.254119339e+01 -7.499880661e+01 -7.499880661e+01
2698 +4.154114860e+01 +4.154114860e+01 -7.599885140e+01 -7.599885140e+01
2833 +4.032251395e+01 +4.032251395e+01 -7.721748605e+01 -7.721748605e+01
2907 +3.932108821e+01 +3.932108821e+01 -7.821891179e+01 -7.821891179e+01
2927 +3.879138834e+01 +3.879138834e+01 -7.874861166e+01 -7.874861166e+01
2990 +3.789402045e+01 +3.789402045e+01 -7.964597955e+01 -7.964597955e+01
3243 +3.694125735e+01 +3.694125735e+01 -8.059874265e+01 -8.059874265e+01
4268 +3.628013611e+01 +3.628013611e+01 -8.125986389e+01 -8.125986389e+01
% function evaluation | noise-free fitness - Fopt (-4.974800000000e+02) | best noise-free fitness - Fopt | measured fitness | best measured fitness | x1 | x2...
1 +1.680550628e+03 +1.680550628e+03 +1.183070628e+03 +1.183070628e+03
3 +1.614915561e+03 +1.614915561e+03 +1.117435561e+03 +1.117435561e+03
5 +1.408558848e+03 +1.408558848e+03 +9.110788476e+02 +9.110788476e+02
10 +1.281514389e+03 +1.281514389e+03 +7.840343895e+02 +7.840343895e+02
12 +1.251188257e+03 +1.251188257e+03 +7.537082573e+02 +7.537082573e+02
15 +1.123745075e+03 +1.123745075e+03 +6.262650746e+02 +6.262650746e+02
23 +1.076642515e+03 +1.076642515e+03 +5.791625155e+02 +5.791625155e+02
29 +9.133021000e+02 +9.133021000e+02 +4.158221000e+02 +4.158221000e+02
36 +7.635143795e+02 +7.635143795e+02 +2.660343795e+02 +2.660343795e+02
66 +6.114918971e+02 +6.114918971e+02 +1.140118971e+02 +1.140118971e+02
88 +5.537939661e+02 +5.537939661e+02 +5.631396613e+01 +5.631396613e+01
349 +5.229130275e+02 +5.229130275e+02 +2.543302746e+01 +2.543302746e+01
376 +4.489838447e+02 +4.489838447e+02 -4.849615528e+01 -4.849615528e+01
398 +4.312202548e+02 +4.312202548e+02 -6.625974515e+01 -6.625974515e+01
404 +4.236479441e+02 +4.236479441e+02 -7.383205589e+01 -7.383205589e+01
445 +3.874223398e+02 +3.874223398e+02 -1.100576602e+02 -1.100576602e+02
471 +3.592489250e+02 +3.592489250e+02 -1.382310750e+02 -1.382310750e+02
482 +3.134706355e+02 +3.134706355e+02 -1.840093645e+02 -1.840093645e+02
504 +2.892098896e+02 +2.892098896e+02 -2.082701104e+02 -2.082701104e+02
712 +2.537534994e+02 +2.537534994e+02 -2.437265006e+02 -2.437265006e+02
725 +2.306919861e+02 +2.306919861e+02 -2.667880139e+02 -2.667880139e+02
802 +2.262126642e+02 +2.262126642e+02 -2.712673358e+02 -2.712673358e+02
803 +2.171088539e+02 +2.171088539e+02 -2.803711461e+02 -2.803711461e+02
840 +1.919609011e+02 +1.919609011e+02 -3.055190989e+02 -3.055190989e+02
845 +1.903363627e+02 +1.903363627e+02 -3.071436373e+02 -3.071436373e+02
905 +1.844104585e+02 +1.844104585e+02 -3.130695415e+02 -3.130695415e+02
914 +1.812022836e+02 +1.812022836e+02 -3.162777164e+02 -3.162777164e+02
928 +1.662627381e+02 +1.662627381e+02 -3.312172619e+02 -3.312172619e+02
930 +1.646955348e+02 +1.646955348e+02 -3.327844652e+02 -3.327844652e+02
996 +1.601530033e+02 +1.601530033e+02 -3.373269967e+02 -3.373269967e+02
1108 +1.560440179e+02 +1.560440179e+02 -3.414359821e+02 -3.414359821e+02
1113 +1.541727248e+02 +1.541727248e+02 -3.433072752e+02 -3.433072752e+02
1115 +1.463729141e+02 +1.463729141e+02 -3.511070859e+02 -3.511070859e+02
1150 +1.419164579e+02 +1.419164579e+02 -3.555635421e+02 -3.555635421e+02
1155 +1.387276203e+02 +1.387276203e+02 -3.587523797e+02 -3.587523797e+02
1185 +1.374112594e+02 +1.374112594e+02 -3.600687406e+02 -3.600687406e+02
1223 +1.333604898e+02 +1.333604898e+02 -3.641195102e+02 -3.641195102e+02
1232 +1.298803864e+02 +1.298803864e+02 -3.675996136e+02 -3.675996136e+02
1256 +1.262681051e+02 +1.262681051e+02 -3.712118949e+02 -3.712118949e+02
1278 +1.220219241e+02 +1.220219241e+02 -3.754580759e+02 -3.754580759e+02
1306 +1.192886994e+02 +1.192886994e+02 -3.781913006e+02 -3.781913006e+02
1352 +1.152156695e+02 +1.152156695e+02 -3.822643305e+02 -3.822643305e+02
1372 +1.148088734e+02 +1.148088734e+02 -3.826711266e+02 -3.826711266e+02
1390 +1.112672218e+02 +1.112672218e+02 -3.862127782e+02 -3.862127782e+02
1530 +1.051298529e+02 +1.051298529e+02 -3.923501471e+02 -3.923501471e+02
1538 +1.011434497e+02 +1.011434497e+02 -3.963365503e+02 -3.963365503e+02
1653 +9.617926151e+01 +9.617926151e+01 -4.013007385e+02 -4.013007385e+02
1715 +9.130183767e+01 +9.130183767e+01 -4.061781623e+02 -4.061781623e+02
1728 +8.923465008e+01 +8.923465008e+01 -4.082453499e+02 -4.082453499e+02
1732 +8.813318189e+01 +8.813318189e+01 -4.093468181e+02 -4.093468181e+02
2040 +8.700610347e+01 +8.700610347e+01 -4.104738965e+02 -4.104738965e+02
2260 +8.410715784e+01 +8.410715784e+01 -4.133728422e+02 -4.133728422e+02
2295 +8.296324281e+01 +8.296324281e+01 -4.145167572e+02 -4.145167572e+02
2352 +8.127778966e+01 +8.127778966e+01 -4.162022103e+02 -4.162022103e+02
2588 +7.914695262e+01 +7.914695262e+01 -4.183330474e+02 -4.183330474e+02
2752 +7.730936457e+01 +7.730936457e+01 -4.201706354e+02 -4.201706354e+02
140566 +7.580947574e+01 +7.580947574e+01 -4.216705243e+02 -4.216705243e+02
