% function evaluation | noise-free fitness - Fopt (9.294000000000e+01) | best noise-free fitness - Fopt | measured fitness | best measured fitness | x1 | x2...
1 +7.446256321e+02 +7.446256321e+02 +8.375656321e+02 +8.375656321e+02 +0.0000e+00 +0.0000e+00 +0.0000e+00 +0.0000e+00 +0.0000e+00 +0.0000e+00 +0.0000e+00 +0.0000e+00 +0.0000e+00 +0.0000e+00
3 +4.784872508e+02 +4.784872508e+02 +5.714272508e+02 +5.714272508e+02 +5.5136e-01 +1.9888e+00 +1.7429e+00 +1.6593e+00 +6.0281e-01 -1.2415e+00 -2.8735e-01 -1.9625e+00 +9.0567e-01 -1.0106e+00
9 +4.533321729e+02 +4.533321729e+02 +5.462721729e+02 +5.462721729e+02 +1.1268e+00 +7.4570e-01 +1.5121e+00 +7.3868e-01 +2.2248e-01 +6.3984e-01 -7.2069e-01 +8.0230e-01 -1.0709e-01 -2.2990e-01
15 +3.727754174e+02 +3.727754174e+02 +4.657154174e+02 +4.657154174e+02 +4.2148e-01 -5.7409e-01 +3.8586e-01 +3.0584e-01 +2.2025e-01 +1.9962e+00 +6.0123e-01 +3.8737e-01 +1.2608e+00 -1.7667e-01
21 +3.486051643e+02 +3.486051643e+02 +4.415451643e+02 +4.415451643e+02 +1.2926e+00 -6.9628e-01 +1.2582e+00 +9.8497e-01 +1.3688e+00 +6.1326e-01 +1.0986e-01 +6.9353e-01 -1.1898e+00 -1.0172e+00
22 +3.292965127e+02 +3.292965127e+02 +4.222365127e+02 +4.222365127e+02 +1.8777e+00 -2.1621e+00 +2.2669e+00 +1.3072e+00 +2.7167e+00 +7.6361e-01 +2.1854e-01 +1.4761e+00 -1.0868e+00 -1.9505e+00
26 +2.560345749e+02 +2.560345749e+02 +3.489745749e+02 +3.489745749e+02 +9.4753e-01 +5.4982e-01 +1.0276e+00 +1.7726e+00 +1.1872e+00 +7.0181e-01 +1.5120e-01 +2.0945e-01 -8.7308e-01 -1.8007e+00
34 +9.012874127e+01 +9.012874127e+01 +1.830687413e+02 +1.830687413e+02 +1.9803e+00 +2.4190e-01 +1.0224e-01 +3.5812e+00 +1.0451e+00 +7.7914e-01 -2.5677e+00 -3.4602e-01 -6.0414e-01 -2.6845e+00
54 +7.753476827e+01 +7.753476827e+01 +1.704747683e+02 +1.704747683e+02 +2.1139e+00 +4.6492e-01 +7.8475e-02 +3.6345e+00 +1.3032e+00 +3.3263e-01 -9.5866e-01 -2.6287e-01 -4.2389e-01 -2.7022e+00
57 +6.513907448e+01 +6.513907448e+01 +1.580790745e+02 +1.580790745e+02 +2.7048e+00 -1.9936e+00 -7.8622e-01 +5.6946e+00 +6.5714e-01 +6.2310e-01 -6.1816e-01 +4.5264e-01 -2.3521e-02 -3.0600e+00
144 +5.146642945e+01 +5.146642945e+01 +1.444064295e+02 +1.444064295e+02 +3.7841e+00 +1.6873e-01 -1.0659e+00 +5.9291e+00 +2.4376e+00 -7.9007e-01 +1.2835e+00 +5.3821e-01 +1.3136e+00 -1.1409e+00
166 +3.694040838e+01 +3.694040838e+01 +1.298804084e+02 +1.298804084e+02 +3.0562e+00 -1.7366e-01 -7.8406e-01 +5.9837e+00 +2.3445e+00 -3.8021e-01 -1.3014e+00 +8.8024e-01 +5.6795e-01 -4.1470e-01
204 +3.596650883e+01 +3.596650883e+01 +1.289065088e+02 +1.289065088e+02 +9.3859e-01 -3.6916e-01 -1.4167e-01 +5.6844e+00 +2.8461e+00 +1.2748e+00 +5.2976e-01 -8.6226e-01 +2.4677e+00 +2.3518e+00
210 +3.468194395e+01 +3.468194395e+01 +1.276219439e+02 +1.276219439e+02 +1.1403e+00 -4.1892e-01 -3.8413e-01 +5.6732e+00 +3.4131e+00 +1.3188e+00 +6.4046e-01 -4.9760e-01 +2.2708e+00 +2.1367e+00
212 +2.923176768e+01 +2.923176768e+01 +1.221717677e+02 +1.221717677e+02 +1.4601e+00 +3.6242e-02 -2.8828e-01 +5.5004e+00 +3.3131e+00 +1.2181e+00 +6.9457e-01 -2.1592e-01 +2.3562e+00 +2.1068e+00
229 +2.780128565e+01 +2.780128565e+01 +1.207412857e+02 +1.207412857e+02 +9.6899e-01 -8.4813e-01 -7.6972e-01 +4.5896e+00 +3.8981e+00 +1.7062e+00 +1.8464e+00 -7.8049e-01 +2.5629e+00 +1.9160e+00
233 +2.163427262e+01 +2.163427262e+01 +1.145742726e+02 +1.145742726e+02 +5.1438e-01 -5.5595e-01 +4.5165e-01 +3.5271e+00 +4.0748e+00 +1.4419e+00 +2.1941e+00 -1.1806e+00 +2.3313e+00 +1.2981e+00
247 +1.954397474e+01 +1.954397474e+01 +1.124839747e+02 +1.124839747e+02 -3.1229e-01 +1.9420e-01 +1.9798e+00 +3.1742e+00 +4.5877e+00 +1.9662e+00 +1.9894e+00 -5.6354e-01 +2.8865e+00 +2.4379e+00
254 +1.934110799e+01 +1.934110799e+01 +1.122811080e+02 +1.122811080e+02 +5.0281e-01 +1.3560e+00 +1.9732e+00 +4.0696e+00 +3.8804e+00 +1.4127e+00 +1.6853e+00 -2.4905e-01 +3.2008e+00 +2.8815e+00
274 +1.500955988e+01 +1.500955988e+01 +1.079495599e+02 +1.079495599e+02 +6.7113e-01 +1.7916e+00 +1.2642e+00 +3.2511e+00 +4.4263e+00 +1.5083e+00 +2.0950e+00 -4.5956e-01 +3.5451e+00 +1.1860e+00
511 +1.453663007e+01 +1.453663007e+01 +1.074766301e+02 +1.074766301e+02 +2.0881e+00 -5.6377e-01 +1.2822e-01 +4.0850e+00 +3.7196e+00 +1.1725e+00 +1.6603e+00 -7.6469e-01 +1.0604e+00 -3.4568e-01
514 +1.370037822e+01 +1.370037822e+01 +1.066403782e+02 +1.066403782e+02 +1.9967e+00 -4.1447e-01 -2.1759e-01 +4.2296e+00 +3.8671e+00 +1.2446e+00 +1.5417e+00 -6.4169e-01 +8.2580e-01 -1.8733e-01
522 +1.216744414e+01 +1.216744414e+01 +1.051074441e+02 +1.051074441e+02 +2.1139e+00 -1.6080e-01 -2.4631e-01 +4.4105e+00 +3.8006e+00 +1.1306e+00 +1.3875e+00 -6.9603e-01 +1.1388e+00 -1.7854e-01
533 +1.084763832e+01 +1.084763832e+01 +1.037876383e+02 +1.037876383e+02 +2.2532e+00 -2.0508e-01 -3.3048e-01 +4.3538e+00 +3.6077e+00 +1.0639e+00 +1.2473e+00 -9.1704e-01 +8.8525e-01 +6.4105e-03
540 +1.013199859e+01 +1.013199859e+01 +1.030719986e+02 +1.030719986e+02 +2.1118e+00 -4.0139e-02 -1.5578e-01 +4.3614e+00 +3.7856e+00 +1.0776e+00 +1.5565e+00 -7.6667e-01 +1.4066e+00 -2.3055e-01
608 +9.688570382e+00 +9.688570382e+00 +1.026285704e+02 +1.026285704e+02 +2.3761e+00 +2.6058e-01 -2.6608e-02 +3.8562e+00 +3.7415e+00 +1.3607e+00 +1.8915e+00 -1.0482e+00 +1.4570e+00 -2.1815e-01
623 +9.153070142e+00 +9.153070142e+00 +1.020930701e+02 +1.020930701e+02 +2.5638e+00 +4.7661e-01 -4.1571e-01 +3.9683e+00 +3.5981e+00 +1.1914e+00 +1.7190e+00 -8.9512e-01 +1.5334e+00 +1.8163e-01
690 +8.685208972e+00 +8.685208972e+00 +1.016252090e+02 +1.016252090e+02 +2.4904e+00 +6.5083e-01 -8.2900e-01 +4.0793e+00 +3.4468e+00 +1.3611e+00 +1.4851e+00 -8.5580e-01 +1.4877e+00 +4.9584e-01
708 +7.998122141e+00 +7.998122141e+00 +1.009381221e+02 +1.009381221e+02 +2.4463e+00 +8.1974e-01 -9.1981e-01 +3.8845e+00 +3.3708e+00 +1.2920e+00 +1.4444e+00 -7.3990e-01 +1.7163e+00 +5.4904e-01
737 +7.342644740e+00 +7.342644740e+00 +1.002826447e+02 +1.002826447e+02 +2.2543e+00 +8.0917e-01 -6.6359e-01 +3.9342e+00 +3.3668e+00 +1.4294e+00 +1.6792e+00 -9.3477e-01 +1.6909e+00 +6.7151e-01
768 +6.688390027e+00 +6.688390027e+00 +9.962839003e+01 +9.962839003e+01 +2.1589e+00 +5.3509e-01 -6.5174e-01 +3.8243e+00 +3.3838e+00 +1.8003e+00 +1.8028e+00 -1.1500e+00 +2.0488e+00 +7.8759e-01
783 +6.434332855e+00 +6.434332855e+00 +9.937433285e+01 +9.937433285e+01 +2.2577e+00 +6.3692e-01 -6.7483e-01 +3.5851e+00 +3.6124e+00 +1.8310e+00 +1.9492e+00 -9.8803e-01 +2.2466e+00 +1.0566e+00
821 +6.193464109e+00 +6.193464109e+00 +9.913346411e+01 +9.913346411e+01 +2.1458e+00 +6.0083e-01 -6.5471e-01 +3.6810e+00 +3.4978e+00 +1.9365e+00 +1.9888e+00 -9.3686e-01 +2.0920e+00 +9.8973e-01
830 +6.133832959e+00 +6.133832959e+00 +9.907383296e+01 +9.907383296e+01 +2.0993e+00 +5.2588e-01 -6.7312e-01 +3.6645e+00 +3.5634e+00 +1.9836e+00 +2.1657e+00 -8.8983e-01 +2.1070e+00 +9.7351e-01
986 +6.007916474e+00 +6.007916474e+00 +9.894791647e+01 +9.894791647e+01 +1.6168e+00 +4.5958e-01 -6.5888e-01 +3.7073e+00 +3.3286e+00 +2.1921e+00 +2.0065e+00 -1.2287e+00 +2.2011e+00 +1.6444e+00
995 +3.607712503e+00 +3.607712503e+00 +9.654771250e+01 +9.654771250e+01 +1.5222e+00 +3.9114e-01 -4.9072e-01 +3.7250e+00 +3.3286e+00 +2.2034e+00 +1.9086e+00 -1.3288e+00 +2.2445e+00 +1.4770e+00
1002 +3.528808697e+00 +3.528808697e+00 +9.646880870e+01 +9.646880870e+01 +1.4625e+00 +4.1017e-01 -5.3097e-01 +3.6652e+00 +3.3114e+00 +2.2295e+00 +1.8122e+00 -1.3262e+00 +2.2092e+00 +1.4220e+00
1005 +3.447607732e+00 +3.447607732e+00 +9.638760773e+01 +9.638760773e+01 +1.5689e+00 +3.9402e-01 -4.8809e-01 +3.6972e+00 +3.3124e+00 +2.2562e+00 +1.8234e+00 -1.3189e+00 +2.1598e+00 +1.5493e+00
% function evaluation | noise-free fitness - Fopt (3.535000000000e+01) | best noise-free fitness - Fopt | measured fitness | best measured fitness | x1 | x2...
1 +3.817950521e+02 +3.817950521e+02 +4.171450521e+02 +4.171450521e+02 +0.0000e+00 +0.0000e+00 +0.0000e+00 +0.0000e+00 +0.0000e+00 +0.0000e+00 +0.0000e+00 +0.0000e+00 +0.0000e+00 +0.0000e+00
2 +2.937989354e+02 +2.937989354e+02 +3.291489354e+02 +3.291489354e+02 +2.0315e-01 -7.1099e-01 -1.0998e+00 +7.7906e-01 -6.1148e-01 +5.4547e-01 -7.1200e-01 +5.0259e-01 +7.2905e-01 -1.8458e+00
10 +2.249108441e+02 +2.249108441e+02 +2.602608441e+02 +2.602608441e+02 +1.9161e-01 +9.1441e-01 +7.7866e-02 +1.0448e+00 -2.7491e-01 -1.5262e-01 -1.1657e+00 -3.6499e-01 +6.2899e-01 -7.2049e-01
16 +1.149267749e+02 +1.149267749e+02 +1.502767749e+02 +1.502767749e+02 -4.9017e-01 +2.2335e+00 -2.4633e-01 +2.0327e+00 -6.2652e-01 -1.9057e+00 -1.3314e-01 +2.4989e-01 +9.1172e-01 +1.5195e-01
28 +6.034622831e+01 +6.034622831e+01 +9.569622831e+01 +9.569622831e+01 +8.4550e-01 +2.4791e+00 +6.2141e-01 +1.5657e+00 -2.5592e+00 -1.9539e+00 +2.7666e-01 +6.3330e-01 +9.3897e-01 +7.2549e-01
32 +5.298605391e+01 +5.298605391e+01 +8.833605391e+01 +8.833605391e+01 +1.1195e+00 +2.1304e+00 +3.4574e+00 +2.3569e+00 -2.5813e+00 -2.0952e+00 -4.6755e-01 +2.7873e-01 +1.3478e+00 +8.5384e-01
36 +1.907936134e+01 +1.907936134e+01 +5.442936134e+01 +5.442936134e+01 +7.1674e-01 +2.3227e+00 +1.8059e+00 +2.4871e+00 -3.2506e+00 -1.1962e+00 +1.1326e-01 +1.3280e+00 +1.1340e+00 +1.3746e-01
88 +1.268885598e+01 +1.268885598e+01 +4.803885598e+01 +4.803885598e+01 +6.3421e-01 +1.9553e+00 +1.2700e+00 +3.1591e+00 -2.3930e+00 -8.4926e-01 +8.9337e-01 +1.0888e+00 +2.8124e-01 -5.6598e-01
171 +8.432412189e+00 +8.432412189e+00 +4.378241219e+01 +4.378241219e+01 +8.2323e-01 +1.5416e+00 +3.0768e+00 +2.0346e+00 -3.4946e+00 -1.2755e+00 +2.2579e+00 +1.3236e+00 +6.8416e-01 -1.4216e+00
205 +6.953946570e+00 +6.953946570e+00 +4.230394657e+01 +4.230394657e+01 +1.3659e+00 +1.2367e+00 +4.1162e+00 +1.6105e+00 -2.4773e+00 -1.5294e+00 +2.8385e+00 +1.0521e+00 -8.1994e-02 -1.4933e+00
213 +5.729332513e+00 +5.729332513e+00 +4.107933251e+01 +4.107933251e+01 +1.0797e+00 +1.2275e+00 +3.9626e+00 +1.6682e+00 -2.5619e+00 -1.9530e+00 +2.4740e+00 +7.2435e-01 -3.7813e-01 -1.5870e+00
260 +5.317253436e+00 +5.317253436e+00 +4.066725344e+01 +4.066725344e+01 +1.0745e+00 +7.6621e-01 +4.0499e+00 +1.3992e+00 -2.2931e+00 -2.3027e+00 +2.5913e+00 +9.5287e-01 -2.3301e-01 -1.2626e+00
273 +4.078803787e+00 +4.078803787e+00 +3.942880379e+01 +3.942880379e+01 +9.0845e-01 +6.6218e-01 +4.6528e+00 +1.4145e+00 -2.1501e+00 -2.4651e+00 +2.6045e+00 +8.6424e-01 -7.8326e-02 -1.1781e+00
288 +3.643119347e+00 +3.643119347e+00 +3.899311935e+01 +3.899311935e+01 +9.8763e-01 +5.7983e-01 +4.5654e+00 +1.4464e+00 -2.2027e+00 -2.4905e+00 +2.5366e+00 +7.8517e-01 -3.4143e-02 -1.3351e+00
294 +3.567688134e+00 +3.567688134e+00 +3.891768813e+01 +3.891768813e+01 +8.7222e-01 +7.0074e-01 +4.3938e+00 +1.3500e+00 -2.1279e+00 -2.4572e+00 +2.3283e+00 +8.3550e-01 +3.6381e-02 -1.1413e+00
315 +3.133301362e+00 +3.133301362e+00 +3.848330136e+01 +3.848330136e+01 +1.0635e+00 +9.0096e-01 +4.7946e+00 +1.0511e+00 -2.1473e+00 -2.7044e+00 +2.3439e+00 +7.5781e-01 +6.2930e-02 -1.2679e+00
428 +3.058160329e+00 +3.058160329e+00 +3.840816033e+01 +3.840816033e+01 +1.0770e+00 +7.9076e-01 +4.6026e+00 +1.0904e+00 -2.1904e+00 -2.4748e+00 +2.5401e+00 +8.5484e-01 +1.1986e-01 -1.3866e+00
434 +2.955892641e+00 +2.955892641e+00 +3.830589264e+01 +3.830589264e+01 +1.1330e+00 +7.6433e-01 +4.6697e+00 +1.0223e+00 -2.1307e+00 -2.5007e+00 +2.4918e+00 +8.1168e-01 +1.9315e-01 -1.3907e+00
450 +2.814904291e+00 +2.814904291e+00 +3.816490429e+01 +3.816490429e+01 +1.0971e+00 +8.1472e-01 +4.6312e+00 +1.0594e+00 -2.1109e+00 -2.5653e+00 +2.4658e+00 +7.9379e-01 +2.3461e-01 -1.3872e+00
453 +2.671055600e+00 +2.671055600e+00 +3.802105560e+01 +3.802105560e+01 +1.1354e+00 +7.5167e-01 +4.6879e+00 +1.1077e+00 -2.1067e+00 -2.6687e+00 +2.4461e+00 +7.4737e-01 +3.1234e-01 -1.3529e+00
466 +2.485635369e+00 +2.485635369e+00 +3.783563537e+01 +3.783563537e+01 +1.1315e+00 +7.7998e-01 +4.7397e+00 +1.1401e+00 -2.0880e+00 -2.6993e+00 +2.4306e+00 +7.3227e-01 +2.5663e-01 -1.3178e+00
480 +2.413818547e+00 +2.413818547e+00 +3.776381855e+01 +3.776381855e+01 +1.1255e+00 +8.0404e-01 +4.6558e+00 +1.1302e+00 -2.0945e+00 -2.7035e+00 +2.4111e+00 +7.0266e-01 +3.4742e-01 -1.3174e+00
483 +2.396926694e+00 +2.396926694e+00 +3.774692669e+01 +3.774692669e+01 +1.1464e+00 +7.8739e-01 +4.6376e+00 +1.1395e+00 -2.0840e+00 -2.7136e+00 +2.3850e+00 +6.5149e-01 +2.9423e-01 -1.3066e+00
487 +1.988330620e+00 +1.988330620e+00 +3.733833062e+01 +3.733833062e+01 +1.2118e+00 +7.8319e-01 +4.6218e+00 +1.2221e+00 -2.1762e+00 -2.7396e+00 +2.3783e+00 +6.2201e-01 +4.3171e-01 -1.3285e+00
505 +1.634624227e+00 +1.634624227e+00 +3.698462423e+01 +3.698462423e+01 +1.1733e+00 +6.1588e-01 +4.6714e+00 +1.2779e+00 -2.2554e+00 -2.6599e+00 +2.3787e+00 +5.7538e-01 +5.4878e-01 -1.3522e+00
521 +1.550638282e+00 +1.550638282e+00 +3.690063828e+01 +3.690063828e+01 +1.1674e+00 +7.0787e-01 +4.6896e+00 +1.2714e+00 -2.2553e+00 -2.6293e+00 +2.3966e+00 +5.9718e-01 +5.0837e-01 -1.4133e+00
526 +1.424977750e+00 +1.424977750e+00 +3.677497775e+01 +3.677497775e+01 +1.1705e+00 +6.7331e-01 +4.6521e+00 +1.2274e+00 -2.2785e+00 -2.6365e+00 +2.4000e+00 +5.4288e-01 +5.4171e-01 -1.3992e+00
533 +1.411343687e+00 +1.411343687e+00 +3.676134369e+01 +3.676134369e+01 +1.1590e+00 +7.3065e-01 +4.6728e+00 +1.2423e+00 -2.2890e+00 -2.5513e+00 +2.3764e+00 +5.7390e-01 +5.8241e-01 -1.3263e+00
633 +1.373518328e+00 +1.373518328e+00 +3.672351833e+01 +3.672351833e+01 +1.2153e+00 +7.9839e-01 +4.6581e+00 +1.1428e+00 -2.1727e+00 -2.4865e+00 +2.4753e+00 +5.7305e-01 +6.5954e-01 -1.3416e+00
730 +1.320564058e+00 +1.320564058e+00 +3.667056406e+01 +3.667056406e+01 +1.2688e+00 +7.7974e-01 +4.8161e+00 +1.2374e+00 -2.0824e+00 -2.5957e+00 +2.4854e+00 +4.1248e-01 +6.5649e-01 -1.2420e+00
756 +1.293534926e+00 +1.293534926e+00 +3.664353493e+01 +3.664353493e+01 +1.3133e+00 +7.8931e-01 +4.8287e+00 +1.2262e+00 -2.1646e+00 -2.5892e+00 +2.5311e+00 +4.2158e-01 +6.8285e-01 -1.2401e+00
793 +1.192759730e+00 +1.192759730e+00 +3.654275973e+01 +3.654275973e+01 +1.3265e+00 +8.2377e-01 +4.7486e+00 +1.1856e+00 -2.2120e+00 -2.5714e+00 +2.5517e+00 +3.7474e-01 +7.3259e-01 -1.3050e+00
808 +1.172412493e+00 +1.172412493e+00 +3.652241249e+01 +3.652241249e+01 +1.3281e+00 +8.0752e-01 +4.7026e+00 +1.1752e+00 -2.2362e+00 -2.5974e+00 +2.5124e+00 +3.7717e-01 +7.4456e-01 -1.3813e+00
840 +1.123502622e+00 +1.123502622e+00 +3.647350262e+01 +3.647350262e+01 +1.3452e+00 +8.5761e-01 +4.5570e+00 +1.1578e+00 -2.3652e+00 -2.6621e+00 +2.4580e+00 +3.7993e-01 +9.4658e-01 -1.3798e+00
842 +1.120563803e+00 +1.120563803e+00 +3.647056380e+01 +3.647056380e+01 +1.3838e+00 +9.0633e-01 +4.5310e+00 +1.1542e+00 -2.2800e+00 -2.6007e+00 +2.4507e+00 +3.3634e-01 +9.5334e-01 -1.3590e+00
904 +1.095534084e+00 +1.095534084e+00 +3.644553408e+01 +3.644553408e+01 +1.4554e+00 +9.0208e-01 +4.5058e+00 +1.1868e+00 -2.2606e+00 -2.6894e+00 +2.3869e+00 +3.7066e-01 +9.6212e-01 -1.3999e+00
% function evaluation | noise-free fitness - Fopt (3.820000000000e+00) | best noise-free fitness - Fopt | measured fitness | best measured fitness | x1 | x2...
1 +2.465692563e+02 +2.465692563e+02 +2.503892563e+02 +2.503892563e+02 +0.0000e+00 +0.0000e+00 +0.0000e+00 +0.0000e+00 +0.0000e+00 +0.0000e+00 +0.0000e+00 +0.0000e+00 +0.0000e+00 +0.0000e+00
6 +2.337199001e+02 +2.337199001e+02 +2.375399001e+02 +2.375399001e+02 +1.9390e+00 -4.1011e-01 +1.3082e+00 -2.6730e-01 +7.2695e-01 -1.5247e+00 -1.2861e-01 +1.2391e+00 +4.5136e-01 +1.9193e+00
8 +1.932597446e+02 +1.932597446e+02 +1.970797446e+02 +1.970797446e+02 +9.0959e-01 -1.3928e+00 -1.4128e+00 -3.6246e-01 +9.3451e-02 -7.0599e-01 +7.2745e-01 -1.0843e+00 -6.0413e-01 +1.8174e+00
15 +1.498179709e+02 +1.498179709e+02 +1.536379709e+02 +1.536379709e+02 +2.9267e+00 +2.2229e-01 -1.3062e+00 +1.2750e+00 +8.7643e-01 -1.5206e+00 +2.5522e-02 -1.2734e+00 -4.7385e-01 +6.8955e-01
24 +1.448262565e+02 +1.448262565e+02 +1.486462565e+02 +1.486462565e+02 +2.0606e+00 +8.0112e-01 -9.5946e-01 +1.3703e+00 +1.6855e+00 -2.5345e+00 +2.0264e+00 -2.6667e+00 +7.1004e-01 -2.2502e-01
31 +1.166497351e+02 +1.166497351e+02 +1.204697351e+02 +1.204697351e+02 +2.3934e+00 -4.5833e-01 -1.4264e+00 +1.7035e+00 +8.1156e-01 -6.3864e-01 +1.6177e+00 -7.4796e-01 +1.3955e+00 +1.0315e-01
55 +1.021159994e+02 +1.021159994e+02 +1.059359994e+02 +1.059359994e+02 +1.7641e+00 -1.5692e-01 +5.2962e-01 +1.3471e+00 +1.4515e+00 -1.4199e+00 +3.7477e-01 -3.3250e-01 +4.1215e+00 +1.2581e+00
66 +7.991294135e+01 +7.991294135e+01 +8.373294135e+01 +8.373294135e+01 +2.1244e+00 +4.8887e-01 -7.6476e-01 +5.7494e-01 +1.0777e+00 +4.1365e-01 +7.1557e-01 -8.6445e-01 +1.0791e+00 +7.6057e-01
74 +6.582940410e+01 +6.582940410e+01 +6.964940410e+01 +6.964940410e+01 +3.1985e+00 +3.8552e-01 -3.5594e-01 +9.6216e-01 +2.4677e+00 +5.9153e-01 +2.2850e+00 -1.5455e+00 -1.7631e-01 +2.1560e+00
79 +4.940727378e+01 +4.940727378e+01 +5.322727378e+01 +5.322727378e+01 +2.0072e+00 +1.8157e+00 -5.1844e-02 -5.9053e-01 +8.8561e-01 +7.4057e-01 +1.3487e+00 -1.4159e+00 +1.3545e+00 +9.4110e-01
84 +4.063790153e+01 +4.063790153e+01 +4.445790153e+01 +4.445790153e+01 +1.2266e+00 +1.2776e+00 +6.7963e-02 -1.6228e+00 +2.6368e-01 +1.9777e+00 +2.2443e+00 -2.4450e+00 +1.0549e+00 +9.9876e-02
87 +2.547299586e+01 +2.547299586e+01 +2.929299586e+01 +2.929299586e+01 +2.1275e+00 +8.5224e-01 +3.2648e-02 -6.6678e-01 +6.9724e-01 +2.5252e-01 +1.5281e+00 -2.4069e+00 +1.0202e+00 +1.0035e+00
124 +2.222389581e+01 +2.222389581e+01 +2.604389581e+01 +2.604389581e+01 +1.5269e+00 +1.8256e+00 +1.6867e-01 -1.4922e+00 +6.2013e-01 +9.5296e-01 +2.3293e+00 -2.8167e+00 +1.7277e+00 +4.4400e-01
154 +2.076420078e+01 +2.076420078e+01 +2.458420078e+01 +2.458420078e+01 +1.5961e+00 +7.1015e-01 +1.7332e+00 -1.5897e+00 +5.9807e-01 +7.4670e-01 +1.2999e+00 -2.5237e+00 +6.0934e-01 +7.0269e-01
184 +1.948930170e+01 +1.948930170e+01 +2.330930170e+01 +2.330930170e+01 +2.4030e+00 -2.1534e-01 +3.2356e+00 -1.1142e+00 +1.3062e+00 -3.5678e-01 +3.9449e-01 -2.5473e+00 +8.8497e-02 +6.4366e-01
185 +1.662712353e+01 +1.662712353e+01 +2.044712353e+01 +2.044712353e+01 +1.8846e+00 -5.4119e-01 +3.9101e+00 -2.1376e+00 +1.9195e+00 +1.7075e-01 +7.1442e-01 -3.2233e+00 -1.9512e-01 +1.0992e+00
190 +1.527373374e+01 +1.527373374e+01 +1.909373374e+01 +1.909373374e+01 +2.4551e+00 -7.4761e-02 +2.5583e+00 -1.3489e+00 +1.4437e+00 +7.3387e-02 +1.2892e+00 -2.3974e+00 +3.3666e-01 +1.2462e+00
200 +1.014831163e+01 +1.014831163e+01 +1.396831163e+01 +1.396831163e+01 +2.2630e+00 +1.6847e-01 +2.4470e+00 -1.1132e+00 +1.3866e+00 -5.5683e-02 +9.8272e-01 -2.8734e+00 +2.8705e-01 +9.3521e-01
219 +8.466323436e+00 +8.466323436e+00 +1.228632344e+01 +1.228632344e+01 +2.8040e+00 +1.0664e-01 +2.5569e+00 -1.0788e+00 +1.2400e+00 +3.5835e-01 +1.0976e+00 -2.8884e+00 +7.6365e-01 +1.0975e+00
249 +7.684718808e+00 +7.684718808e+00 +1.150471881e+01 +1.150471881e+01 +2.5950e+00 +7.7687e-01 +2.4469e+00 -9.6574e-01 +9.1084e-01 +1.1282e+00 +3.9515e-02 -2.5287e+00 +5.5557e-01 +1.5240e+00
258 +7.430908044e+00 +7.430908044e+00 +1.125090804e+01 +1.125090804e+01 +2.7384e+00 +7.6748e-01 +2.7982e+00 -1.2643e+00 +7.0079e-01 +1.0315e+00 -3.1909e-01 -2.6717e+00 +4.4898e-01 +1.4266e+00
259 +6.596935783e+00 +6.596935783e+00 +1.041693578e+01 +1.041693578e+01 +2.6466e+00 +4.7881e-01 +2.8697e+00 -7.9736e-01 +8.8549e-01 +7.6995e-01 +1.6410e-01 -2.5275e+00 +5.2603e-01 +1.6096e+00
264 +6.142709213e+00 +6.142709213e+00 +9.962709213e+00 +9.962709213e+00 +2.1703e+00 +5.5633e-01 +1.8257e+00 -9.2938e-01 +6.6151e-01 +7.4889e-01 +6.8157e-01 -2.5046e+00 +8.0100e-01 +1.1588e+00
362 +5.753815280e+00 +5.753815280e+00 +9.573815280e+00 +9.573815280e+00 +2.2417e+00 +7.6264e-01 +2.1625e+00 -8.7658e-01 +9.3551e-01 +7.2830e-01 +5.9749e-01 -2.6584e+00 +1.6769e+00 +9.6263e-01
364 +4.299478860e+00 +4.299478860e+00 +8.119478860e+00 +8.119478860e+00 +2.3874e+00 +6.9817e-01 +1.9133e+00 -7.7045e-01 +9.0154e-01 +6.0567e-01 +4.3864e-01 -2.7423e+00 +1.6286e+00 +1.0417e+00
377 +4.261735365e+00 +4.261735365e+00 +8.081735365e+00 +8.081735365e+00 +2.3439e+00 +6.3834e-01 +2.0546e+00 -7.5550e-01 +8.0444e-01 +6.2586e-01 +4.7018e-01 -2.5849e+00 +1.6279e+00 +1.1748e+00
379 +4.073839926e+00 +4.073839926e+00 +7.893839926e+00 +7.893839926e+00 +2.7559e+00 +7.5996e-01 +1.9139e+00 -7.6235e-01 +9.0723e-01 +6.6317e-01 +3.8098e-01 -2.6788e+00 +1.7751e+00 +1.0852e+00
382 +4.023658989e+00 +4.023658989e+00 +7.843658989e+00 +7.843658989e+00 +2.7458e+00 +8.1631e-01 +1.8746e+00 -8.8381e-01 +8.6254e-01 +4.1108e-01 +4.2538e-01 -2.5645e+00 +1.6559e+00 +1.2098e+00
394 +3.893889828e+00 +3.893889828e+00 +7.713889828e+00 +7.713889828e+00 +2.7436e+00 +8.6697e-01 +1.7884e+00 -9.4415e-01 +9.3327e-01 +3.8483e-01 +5.4402e-01 -2.6185e+00 +1.4822e+00 +1.1758e+00
407 +3.855758248e+00 +3.855758248e+00 +7.675758248e+00 +7.675758248e+00 +2.7323e+00 +7.6408e-01 +1.7660e+00 -8.4133e-01 +9.4365e-01 +4.6904e-01 +5.1303e-01 -2.7067e+00 +1.5249e+00 +1.0589e+00
% function evaluation | noise-free fitness - Fopt (2.175000000000e+01) | best noise-free fitness - Fopt | measured fitness | best measured fitness | x1 | x2...
1 +3.295796235e+02 +3.295796235e+02 +3.513296235e+02 +3.513296235e+02 +0.0000e+00 +0.0000e+00 +0.0000e+00 +0.0000e+00 +0.0000e+00 +0.0000e+00 +0.0000e+00 +0.0000e+00 +0.0000e+00 +0.0000e+00
3 +2.892827006e+02 +2.892827006e+02 +3.110327006e+02 +3.110327006e+02 +5.3391e-01 -1.1215e+00 +2.4988e+00 +9.7112e-01 -6.4533e-01 +8.0620e-01 -7.0732e-01 -5.7343e-01 +1.9288e+00 +4.1230e-01
5 +2.825127596e+02 +2.825127596e+02 +3.042627596e+02 +3.042627596e+02 -6.3204e-02 -1.1400e+00 -9.5645e-03 +8.8520e-01 -1.2448e+00 -2.9742e-01 -6.9716e-01 +1.6202e+00 -1.6138e-01 +1.1081e-01
7 +1.385245758e+02 +1.385245758e+02 +1.602745758e+02 +1.602745758e+02 +6.5242e-01 -2.4773e-01 -2.7891e-01 +3.0005e+00 +8.4549e-01 +8.6610e-01 +1.1690e+00 +1.9874e+00 +1.3292e+00 +3.7616e-01
13 +1.261099122e+02 +1.261099122e+02 +1.478599122e+02 +1.478599122e+02 +8.8426e-01 -9.5669e-01 -3.8923e-01 +4.3781e+00 -1.6593e-01 +5.7893e-01 +9.4445e-01 +3.4257e+00 +1.0825e+00 +7.8169e-01
18 +9.181433989e+01 +9.181433989e+01 +1.135643399e+02 +1.135643399e+02 +7.7478e-01 +9.7284e-01 -1.8618e+00 +2.0301e+00 +2.4807e-01 +3.7700e-02 +5.8936e-01 +2.0100e+00 +2.4182e+00 +1.9785e+00
33 +8.308090680e+01 +8.308090680e+01 +1.048309068e+02 +1.048309068e+02 +2.3314e+00 +4.1920e+00 -3.6897e+00 +3.4920e+00 -1.3958e+00 +1.5192e+00 +1.5745e-01 +5.2908e-01 +2.3494e+00 +3.7498e+00
35 +7.638268142e+01 +7.638268142e+01 +9.813268142e+01 +9.813268142e+01 +2.4783e+00 +3.1606e+00 -4.8483e+00 +4.1239e+00 -7.2454e-01 -1.3800e-01 +5.6426e-01 +1.7803e-02 +2.3043e+00 +2.5901e+00
51 +7.343088986e+01 +7.343088986e+01 +9.518088986e+01 +9.518088986e+01 +8.1416e-01 +1.1785e+00 -2.3108e+00 +3.4357e+00 -6.4143e-01 -2.1015e-01 +1.0390e+00 +1.0321e-01 +1.7456e+00 +2.9754e+00
82 +6.567308681e+01 +6.567308681e+01 +8.742308681e+01 +8.742308681e+01 +2.1901e+00 +3.2581e+00 -4.4663e+00 +3.3955e+00 -1.9542e+00 +6.4381e-01 +5.2749e-01 +1.9083e+00 +9.7753e-01 +4.9616e+00
85 +5.494418291e+01 +5.494418291e+01 +7.669418291e+01 +7.669418291e+01 +2.9282e+00 +2.7905e+00 -4.7492e+00 +3.3984e+00 -5.6338e-01 -5.0111e-01 +4.4528e-01 +2.3899e+00 +2.4876e+00 +4.4156e+00
89 +4.181530303e+01 +4.181530303e+01 +6.356530303e+01 +6.356530303e+01 +2.0969e+00 +2.0174e+00 -3.5932e+00 +3.8074e+00 -1.1372e+00 -6.3428e-01 +6.9425e-01 +2.6938e+00 +1.6950e+00 +4.5281e+00
158 +3.228314302e+01 +3.228314302e+01 +5.403314302e+01 +5.403314302e+01 +2.6921e+00 +2.9430e+00 -3.7490e+00 +2.6258e+00 -7.0170e-01 +2.0390e-01 +1.7933e+00 +2.1135e+00 +1.8482e+00 +4.5819e+00
164 +2.505744144e+01 +2.505744144e+01 +4.680744144e+01 +4.680744144e+01 +2.7350e+00 +2.5302e+00 -3.6597e+00 +2.7171e+00 -4.1186e-01 -2.8473e-01 +2.3230e+00 +2.1589e+00 +1.3547e+00 +3.9471e+00
187 +1.980608661e+01 +1.980608661e+01 +4.155608661e+01 +4.155608661e+01 +2.6278e+00 +2.5561e+00 -3.7862e+00 +2.6613e+00 -3.7570e-01 -1.2505e+00 +3.2637e+00 +2.0228e+00 +1.6020e+00 +3.8127e+00
315 +1.801746431e+01 +1.801746431e+01 +3.976746431e+01 +3.976746431e+01 +1.4793e+00 +1.4966e+00 -4.1635e+00 +3.0677e+00 -5.0666e-01 -8.0088e-01 +3.1228e+00 +2.2034e+00 +2.2625e+00 +3.7673e+00
332 +1.580612690e+01 +1.580612690e+01 +3.755612690e+01 +3.755612690e+01 +1.6164e+00 +1.6980e+00 -4.1168e+00 +2.5694e+00 -8.5222e-01 -1.0283e+00 +2.9584e+00 +1.9450e+00 +1.9775e+00 +4.0253e+00
371 +1.524157753e+01 +1.524157753e+01 +3.699157753e+01 +3.699157753e+01 +1.9293e+00 +2.1318e+00 -3.8675e+00 +2.8727e+00 -1.0676e+00 -1.0690e+00 +2.8308e+00 +1.9481e+00 +1.6635e+00 +4.1676e+00
382 +1.383583313e+01 +1.383583313e+01 +3.558583313e+01 +3.558583313e+01 +2.0718e+00 +1.5827e+00 -3.5101e+00 +2.4838e+00 -8.3849e-01 -1.6862e+00 +3.0080e+00 +2.4692e+00 +1.8085e+00 +4.3240e+00
387 +1.378606773e+01 +1.378606773e+01 +3.553606773e+01 +3.553606773e+01 +1.9930e+00 +1.7382e+00 -3.7538e+00 +2.6158e+00 -1.1475e+00 -1.8184e+00 +3.1686e+00 +2.1333e+00 +1.8149e+00 +4.1449e+00
392 +1.156476652e+01 +1.156476652e+01 +3.331476652e+01 +3.331476652e+01 +2.0300e+00 +1.6764e+00 -3.3335e+00 +2.4890e+00 -9.2921e-01 -1.8864e+00 +3.4634e+00 +2.1015e+00 +1.5927e+00 +4.5113e+00
404 +9.808781966e+00 +9.808781966e+00 +3.155878197e+01 +3.155878197e+01 +2.0203e+00 +1.6274e+00 -3.5494e+00 +2.8373e+00 -1.0880e+00 -1.7314e+00 +3.1503e+00 +2.2726e+00 +1.9157e+00 +4.2903e+00
424 +9.261697715e+00 +9.261697715e+00 +3.101169771e+01 +3.101169771e+01 +2.3346e+00 +1.3648e+00 -2.9763e+00 +3.0341e+00 -1.2392e+00 -1.6572e+00 +3.1458e+00 +2.2179e+00 +1.8565e+00 +4.2965e+00
437 +8.894512092e+00 +8.894512092e+00 +3.064451209e+01 +3.064451209e+01 +2.6888e+00 +1.5333e+00 -2.6875e+00 +3.2390e+00 -1.0559e+00 -1.5301e+00 +3.3336e+00 +1.9952e+00 +1.9589e+00 +3.8764e+00
453 +8.427394382e+00 +8.427394382e+00 +3.017739438e+01 +3.017739438e+01 +2.1339e+00 +1.3673e+00 -2.7851e+00 +3.2986e+00 -1.1078e+00 -1.6510e+00 +3.0053e+00 +1.9541e+00 +1.9328e+00 +3.7861e+00
476 +6.314034756e+00 +6.314034756e+00 +2.806403476e+01 +2.806403476e+01 +2.3617e+00 +1.5113e+00 -2.5023e+00 +3.4759e+00 -1.6777e+00 -2.1013e+00 +2.9213e+00 +2.1173e+00 +1.4539e+00 +3.8442e+00
562 +5.501505174e+00 +5.501505174e+00 +2.725150517e+01 +2.725150517e+01 +3.7331e+00 +1.8376e+00 -2.5711e+00 +3.5560e+00 -1.4289e+00 -2.2064e+00 +3.1010e+00 +1.7578e+00 +1.7180e+00 +4.0718e+00
573 +4.656822183e+00 +4.656822183e+00 +2.640682218e+01 +2.640682218e+01 +3.5409e+00 +2.0365e+00 -2.3277e+00 +3.3433e+00 -1.3515e+00 -2.3790e+00 +2.8588e+00 +1.8896e+00 +2.0981e+00 +4.0719e+00
584 +3.976808449e+00 +3.976808449e+00 +2.572680845e+01 +2.572680845e+01 +3.7376e+00 +2.0493e+00 -2.2517e+00 +3.2610e+00 -1.3998e+00 -1.9760e+00 +2.9323e+00 +1.8387e+00 +2.0270e+00 +4.2448e+00
597 +3.466345476e+00 +3.466345476e+00 +2.521634548e+01 +2.521634548e+01 +3.9648e+00 +1.7494e+00 -2.2810e+00 +2.9389e+00 -1.5646e+00 -1.9305e+00 +2.9056e+00 +1.7439e+00 +2.0470e+00 +4.6007e+00
604 +2.355605077e+00 +2.355605077e+00 +2.410560508e+01 +2.410560508e+01 +4.3010e+00 +1.7057e+00 -2.0678e+00 +2.9885e+00 -1.5737e+00 -1.9237e+00 +2.8820e+00 +1.9229e+00 +2.1313e+00 +4.4888e+00
629 +2.003438749e+00 +2.003438749e+00 +2.375343875e+01 +2.375343875e+01 +4.3639e+00 +1.3456e+00 -2.0516e+00 +2.8633e+00 -1.3585e+00 -1.7786e+00 +3.0610e+00 +1.9415e+00 +1.9508e+00 +4.4777e+00
699 +1.904128205e+00 +1.904128205e+00 +2.365412820e+01 +2.365412820e+01 +4.2804e+00 +1.6151e+00 -1.8896e+00 +2.9779e+00 -1.3009e+00 -1.7090e+00 +3.1295e+00 +1.9762e+00 +1.9575e+00 +4.4125e+00
728 +1.348502337e+00 +1.348502337e+00 +2.309850234e+01 +2.309850234e+01 +4.0967e+00 +1.4172e+00 -1.8635e+00 +3.1654e+00 -1.6347e+00 -1.9195e+00 +3.1446e+00 +1.9096e+00 +1.8048e+00 +4.1188e+00
833 +1.272682909e+00 +1.272682909e+00 +2.302268291e+01 +2.302268291e+01 +4.0655e+00 +1.2502e+00 -1.5945e+00 +2.9779e+00 -1.4863e+00 -1.8362e+00 +3.2055e+00 +2.0513e+00 +1.8724e+00 +4.0696e+00
839 +1.222466683e+00 +1.222466683e+00 +2.297246668e+01 +2.297246668e+01 +4.1542e+00 +1.2997e+00 -1.7416e+00 +3.0761e+00 -1.4964e+00 -1.9313e+00 +3.1305e+00 +1.9918e+00 +1.8837e+00 +4.1422e+00
845 +1.199593592e+00 +1.199593592e+00 +2.294959359e+01 +2.294959359e+01 +4.1838e+00 +1.2479e+00 -1.5598e+00 +3.1122e+00 -1.4183e+00 -1.8886e+00 +3.1019e+00 +1.9393e+00 +1.8464e+00 +4.0827e+00
859 +1.130060935e+00 +1.130060935e+00 +2.288006093e+01 +2.288006093e+01 +4.2092e+00 +1.2290e+00 -1.6375e+00 +3.1135e+00 -1.4638e+00 -1.8493e+00 +3.2351e+00 +1.9162e+00 +1.8297e+00 +3.9373e+00
873 +1.073689621e+00 +1.073689621e+00 +2.282368962e+01 +2.282368962e+01 +4.1129e+00 +1.1577e+00 -1.4750e+00 +2.9924e+00 -1.4038e+00 -1.9216e+00 +3.1774e+00 +1.8776e+00 +1.8481e+00 +3.8985e+00
877 +1.028026212e+00 +1.028026212e+00 +2.277802621e+01 +2.277802621e+01 +4.1743e+00 +1.2552e+00 -1.6503e+00 +3.0634e+00 -1.4411e+00 -1.8822e+00 +3.1657e+00 +1.8527e+00 +1.8442e+00 +3.9714e+00
881 +9.926971876e-01 +9.926971876e-01 +2.274269719e+01 +2.274269719e+01 +4.1935e+00 +1.2168e+00 -1.5715e+00 +3.1066e+00 -1.4255e+00 -1.8393e+00 +3.1055e+00 +1.8875e+00 +1.8899e+00 +3.9384e+00
890 +9.450372747e-01 +9.450372747e-01 +2.269503727e+01 +2.269503727e+01 +4.2686e+00 +1.2599e+00 -1.6123e+00 +3.0647e+00 -1.4343e+00 -1.9311e+00 +3.1010e+00 +1.8654e+00 +1.8851e+00 +3.9545e+00
939 +8.764461704e-01 +8.764461704e-01 +2.262644617e+01 +2.262644617e+01 +4.2678e+00 +1.2409e+00 -1.5409e+00 +3.0960e+00 -1.4927e+00 -1.8692e+00 +3.1138e+00 +1.8995e+00 +1.9163e+00 +3.9974e+00
% function evaluation | noise-free fitness - Fopt (6.479000000000e+01) | best noise-free fitness - Fopt | measured fitness | best measured fitness | x1 | x2...
1 +3.557821840e+02 +3.557821840e+02 +4.205721840e+02 +4.205721840e+02 +0.0000e+00 +0.0000e+00 +0.0000e+00 +0.0000e+00 +0.0000e+00 +0.0000e+00 +0.0000e+00 +0.0000e+00 +0.0000e+00 +0.0000e+00
5 +3.131276184e+02 +3.131276184e+02 +3.779176184e+02 +3.779176184e+02 -2.2139e-01 -5.7014e-02 +1.7737e+00 -9.4248e-01 +4.1062e-01 -1.0449e+00 -8.4536e-01 +2.2154e-01 -6.7494e-01 +7.3794e-01
7 +2.691556073e+02 +2.691556073e+02 +3.339456073e+02 +3.339456073e+02 +9.1758e-01 +5.5813e-02 +8.6899e-01 +5.7477e-01 +6.5758e-01 -2.4629e-01 -4.7576e-02 +1.1764e+00 +2.3330e-01 +3.8091e-01
11 +1.464123915e+02 +1.464123915e+02 +2.112023915e+02 +2.112023915e+02 +4.2616e-01 -7.8483e-01 +1.1580e+00 +1.0464e+00 -2.2912e-01 -1.7449e+00 -1.1275e+00 +8.4765e-01 -4.0999e-01 +1.9081e+00
12 +1.021895816e+02 +1.021895816e+02 +1.669795816e+02 +1.669795816e+02 -2.9551e-02 -1.3859e+00 +8.4252e-01 +9.6426e-01 +5.2149e-03 -1.1981e+00 -1.8839e+00 +1.7605e+00 -7.9408e-01 +1.7328e+00
22 +9.676762942e+01 +9.676762942e+01 +1.615576294e+02 +1.615576294e+02 +6.1253e-01 -9.5093e-01 -7.8580e-02 +2.2322e+00 -8.8666e-01 -8.7407e-01 -2.9888e+00 +1.1663e+00 -1.4820e+00 +3.9620e+00
24 +6.773870157e+01 +6.773870157e+01 +1.325287016e+02 +1.325287016e+02 +1.4398e+00 -2.5944e+00 +9.0384e-01 +1.8317e+00 +1.4048e-01 -1.4061e+00 -3.8838e+00 +3.4611e+00 -1.9358e-01 +8.8768e-01
32 +4.635769857e+01 +4.635769857e+01 +1.111476986e+02 +1.111476986e+02 -4.4845e-01 -3.2571e+00 +3.5595e-01 +1.9906e+00 -3.9039e-01 -1.2293e+00 -4.7178e+00 +2.0443e+00 -3.1687e-01 +1.3944e-01
130 +3.538446346e+01 +3.538446346e+01 +1.001744635e+02 +1.001744635e+02 -1.8662e+00 -1.8779e+00 -3.6974e-01 +6.8939e-01 +9.4937e-01 +1.5376e-01 -3.8270e+00 +2.2328e+00 -1.0428e+00 -3.4398e-01
139 +2.767299435e+01 +2.767299435e+01 +9.246299435e+01 +9.246299435e+01 -2.6864e+00 -2.4405e+00 +5.5400e-02 +5.7324e-01 +8.5497e-01 -1.1532e-01 -4.1542e+00 +1.4423e+00 -1.2558e+00 +2.7995e-01
152 +2.329707549e+01 +2.329707549e+01 +8.808707549e+01 +8.808707549e+01 -4.7522e+00 -3.1280e+00 +3.5067e-01 -6.9867e-01 +6.5517e-01 -9.2388e-01 -3.8859e+00 +1.4995e+00 -1.5562e+00 +4.8779e-01
189 +2.044680566e+01 +2.044680566e+01 +8.523680566e+01 +8.523680566e+01 -2.1689e+00 -3.1473e+00 +6.3976e-01 +3.6806e-01 +9.1565e-01 -9.9368e-01 -4.1077e+00 +1.1868e+00 -1.5381e+00 +6.2761e-01
222 +1.848357824e+01 +1.848357824e+01 +8.327357824e+01 +8.327357824e+01 -2.7595e+00 -3.8431e+00 -1.5508e-01 -9.9544e-02 +9.3929e-01 -2.0127e+00 -4.7412e+00 +1.3942e+00 -1.9339e+00 -1.1617e-01
234 +1.727834176e+01 +1.727834176e+01 +8.206834176e+01 +8.206834176e+01 -2.7554e+00 -3.7849e+00 +2.0672e-01 +6.0688e-02 +6.0924e-01 -1.7257e+00 -4.7424e+00 +1.6461e+00 -1.6359e+00 -2.5884e-02
235 +1.345615643e+01 +1.345615643e+01 +7.824615643e+01 +7.824615643e+01 -3.1585e+00 -3.4422e+00 -7.0862e-01 -3.4159e-02 +8.2331e-01 -1.2989e+00 -4.9607e+00 +1.4159e+00 -1.7077e+00 -2.1520e-01
247 +1.269088846e+01 +1.269088846e+01 +7.748088846e+01 +7.748088846e+01 -2.7360e+00 -3.7128e+00 -1.1837e+00 -3.3335e-01 +1.0319e+00 -1.3036e+00 -5.1390e+00 +1.6246e+00 -2.0049e+00 -2.3411e-01
279 +1.238378381e+01 +1.238378381e+01 +7.717378381e+01 +7.717378381e+01 -2.9013e+00 -3.1595e+00 -3.4243e-01 +2.9772e-02 +6.0172e-01 -1.7336e+00 -4.4520e+00 +1.6978e+00 -2.3092e+00 +8.9473e-01
282 +1.094795874e+01 +1.094795874e+01 +7.573795874e+01 +7.573795874e+01 -2.7370e+00 -3.4975e+00 +2.7542e-03 +2.4974e-01 +4.5496e-01 -1.5511e+00 -4.4625e+00 +1.3027e+00 -2.0949e+00 +7.5785e-01
294 +1.070529684e+01 +1.070529684e+01 +7.549529684e+01 +7.549529684e+01 -3.0870e+00 -3.0330e+00 -5.1167e-01 -6.6467e-01 +6.1400e-01 -2.4444e+00 -4.5031e+00 +1.2375e+00 -3.6466e+00 +8.2181e-01
300 +8.001679755e+00 +8.001679755e+00 +7.279167975e+01 +7.279167975e+01 -3.2609e+00 -3.0788e+00 -8.2785e-02 -3.9863e-01 +5.8781e-01 -1.8137e+00 -3.9775e+00 +9.0102e-01 -3.0695e+00 +6.8294e-01
361 +7.638795820e+00 +7.638795820e+00 +7.242879582e+01 +7.242879582e+01 -3.4693e+00 -3.3498e+00 -7.2239e-01 -1.8518e-02 +2.5775e-01 -1.6720e+00 -4.5638e+00 +6.2898e-01 -2.6854e+00 +1.1563e+00
373 +6.135459915e+00 +6.135459915e+00 +7.092545991e+01 +7.092545991e+01 -2.9865e+00 -3.1705e+00 -4.7218e-01 -1.9439e-01 +7.2726e-01 -2.0390e+00 -4.4333e+00 +4.7805e-01 -2.3693e+00 +8.7841e-01
382 +5.266994941e+00 +5.266994941e+00 +7.005699494e+01 +7.005699494e+01 -2.9190e+00 -3.0187e+00 -4.6255e-01 -1.9696e-01 +5.9978e-01 -1.9972e+00 -4.7800e+00 +8.0217e-01 -2.3871e+00 +1.0021e+00
407 +4.965956495e+00 +4.965956495e+00 +6.975595650e+01 +6.975595650e+01 -3.0930e+00 -2.9153e+00 -6.1379e-01 +1.1656e-01 +5.8345e-01 -1.8763e+00 -4.6448e+00 +8.9029e-01 -2.3838e+00 +1.0322e+00
420 +4.793205075e+00 +4.793205075e+00 +6.958320507e+01 +6.958320507e+01 -3.2344e+00 -2.7201e+00 -7.2470e-01 +1.6578e-01 +5.1663e-01 -1.9153e+00 -4.7334e+00 +7.2938e-01 -2.1620e+00 +1.0522e+00
433 +4.648148467e+00 +4.648148467e+00 +6.943814847e+01 +6.943814847e+01 -3.0855e+00 -2.7152e+00 -7.6673e-01 -8.0963e-02 +3.8025e-01 -2.1200e+00 -4.5528e+00 +6.7719e-01 -2.5082e+00 +1.0860e+00
443 +4.260685030e+00 +4.260685030e+00 +6.905068503e+01 +6.905068503e+01 -3.2897e+00 -2.6757e+00 -1.0816e+00 -6.3238e-02 +2.9302e-01 -2.1714e+00 -4.5638e+00 +6.0828e-01 -2.6998e+00 +1.1958e+00
454 +3.675160476e+00 +3.675160476e+00 +6.846516048e+01 +6.846516048e+01 -3.1357e+00 -2.7895e+00 -9.4799e-01 +2.2772e-02 +3.6513e-01 -2.1792e+00 -4.8133e+00 +8.1632e-01 -2.9061e+00 +1.2459e+00
463 +3.312843084e+00 +3.312843084e+00 +6.810284308e+01 +6.810284308e+01 -2.9591e+00 -2.6968e+00 -1.0255e+00 +1.5931e-01 +3.5311e-01 -2.0755e+00 -4.6832e+00 +7.9443e-01 -2.9446e+00 +1.2838e+00
476 +3.160271421e+00 +3.160271421e+00 +6.795027142e+01 +6.795027142e+01 -2.8002e+00 -2.8843e+00 -1.1012e+00 +2.8512e-01 +2.9378e-01 -2.1254e+00 -4.6402e+00 +7.2830e-01 -2.8294e+00 +1.3536e+00
482 +3.031258963e+00 +3.031258963e+00 +6.782125896e+01 +6.782125896e+01 -2.7184e+00 -2.8838e+00 -9.5952e-01 +2.8966e-01 +1.5862e-01 -2.0221e+00 -4.7516e+00 +7.9218e-01 -2.9075e+00 +1.3591e+00
495 +2.905840897e+00 +2.905840897e+00 +6.769584090e+01 +6.769584090e+01 -2.6794e+00 -3.1553e+00 -7.8415e-01 +3.9758e-01 +2.9270e-02 -2.0846e+00 -4.5947e+00 +4.9199e-01 -2.9731e+00 +1.2366e+00
516 +2.843147154e+00 +2.843147154e+00 +6.763314715e+01 +6.763314715e+01 -2.2424e+00 -3.1733e+00 -8.8970e-01 +6.0166e-01 -4.9900e-02 -2.1856e+00 -4.6672e+00 +3.8211e-01 -2.8521e+00 +1.7050e+00
522 +2.022048871e+00 +2.022048871e+00 +6.681204887e+01 +6.681204887e+01 -2.1895e+00 -3.1662e+00 -8.4381e-01 +6.4656e-01 +1.7744e-01 -2.1606e+00 -4.7680e+00 +2.8215e-01 -2.7615e+00 +1.9228e+00
538 +1.485594188e+00 +1.485594188e+00 +6.627559419e+01 +6.627559419e+01 -2.0872e+00 -2.8616e+00 -8.4104e-01 +7.0459e-01 +2.6464e-01 -2.3062e+00 -4.7849e+00 +3.3544e-01 -3.0305e+00 +1.7936e+00
546 +1.373007888e+00 +1.373007888e+00 +6.616300789e+01 +6.616300789e+01 -2.0013e+00 -2.8690e+00 -8.2450e-01 +4.3931e-01 +3.7399e-01 -2.5130e+00 -4.7863e+00 +4.1338e-01 -2.9581e+00 +1.6282e+00
579 +1.276471820e+00 +1.276471820e+00 +6.606647182e+01 +6.606647182e+01 -2.1009e+00 -3.1849e+00 -6.7673e-01 +5.9189e-01 +1.3362e-01 -2.3527e+00 -4.6324e+00 +1.9974e-01 -3.0034e+00 +1.8303e+00
840 +1.237982820e+00 +1.237982820e+00 +6.602798282e+01 +6.602798282e+01 -2.4271e+00 -3.0833e+00 -1.1049e+00 +6.5129e-01 +1.2769e-01 -2.3935e+00 -4.8525e+00 +2.4868e-01 -3.0141e+00 +1.7543e+00
863 +1.213273284e+00 +1.213273284e+00 +6.600327328e+01 +6.600327328e+01 -2.2922e+00 -3.0964e+00 -1.0902e+00 +5.8766e-01 +1.9057e-01 -2.4970e+00 -4.8038e+00 +3.1704e-01 -3.0317e+00 +1.7636e+00
1103 +1.202088503e+00 +1.202088503e+00 +6.599208850e+01 +6.599208850e+01 -2.3257e+00 -3.0603e+00 -1.2308e+00 +5.5194e-01 +3.9436e-01 -2.4809e+00 -4.7587e+00 +2.1779e-01 -3.0832e+00 +1.7270e+00
% function evaluation | noise-free fitness - Fopt (1.861100000000e+02) | best noise-free fitness - Fopt | measured fitness | best measured fitness | x1 | x2...
1 +5.729881236e+02 +5.729881236e+02 +7.590981236e+02 +7.590981236e+02 +0.0000e+00 +0.0000e+00 +0.0000e+00 +0.0000e+00 +0.0000e+00 +0.0000e+00 +0.0000e+00 +0.0000e+00 +0.0000e+00 +0.0000e+00
5 +3.720648106e+02 +3.720648106e+02 +5.581748106e+02 +5.581748106e+02 -9.8204e-01 -8.7207e-01 -5.8311e-01 +4.9839e-01 +1.1407e-01 -4.7049e-01 -6.3979e-01 -8.7520e-01 -3.5423e-01 +5.0503e-01
9 +3.008708766e+02 +3.008708766e+02 +4.869808766e+02 +4.869808766e+02 +5.8369e-02 -2.3485e+00 -2.8139e-01 +1.9486e-01 -1.5604e+00 -5.7474e-02 -6.5095e-01 +7.2381e-01 +4.2741e-01 +1.6374e+00
14 +2.251828086e+02 +2.251828086e+02 +4.112928086e+02 +4.112928086e+02 -8.4501e-01 -1.4109e+00 -1.6905e+00 +5.1051e-01 -2.3777e+00 -7.9889e-01 -2.9176e+00 +1.1817e+00 +7.2536e-01 +2.6792e+00
16 +1.398928206e+02 +1.398928206e+02 +3.260028206e+02 +3.260028206e+02 -8.7774e-01 -2.7787e+00 +5.1956e-01 -2.8005e-01 -5.1833e-02 -1.2896e+00 -1.4258e+00 +8.8224e-01 +2.5857e+00 +7.8445e-01
22 +6.451275874e+01 +6.451275874e+01 +2.506227587e+02 +2.506227587e+02 -2.2730e+00 -3.6652e+00 +1.0265e+00 -3.2315e-01 +1.8280e+00 -2.2679e+00 -2.3225e+00 +1.0759e-01 +1.9827e+00 -5.5937e-01
25 +5.919055837e+01 +5.919055837e+01 +2.453005584e+02 +2.453005584e+02 -1.9299e+00 -1.4439e+00 +1.2043e+00 -1.1184e+00 +6.7659e-01 -1.7557e+00 -1.0314e+00 +1.1731e+00 +2.8384e+00 +2.3824e+00
33 +5.339118296e+01 +5.339118296e+01 +2.395011830e+02 +2.395011830e+02 -1.2299e+00 -2.2601e+00 +1.2030e+00 -1.2008e+00 +1.1305e+00 -1.4400e+00 -1.4910e+00 +1.6925e+00 +3.7233e+00 +3.1710e+00
35 +3.780701989e+01 +3.780701989e+01 +2.239170199e+02 +2.239170199e+02 -1.0724e+00 -2.3772e+00 +1.5963e+00 -1.6979e+00 +1.8015e+00 -1.5962e+00 -1.6653e+00 +1.1791e+00 +3.5200e+00 +2.9318e+00
58 +2.588180182e+01 +2.588180182e+01 +2.119918018e+02 +2.119918018e+02 -2.2801e+00 -2.2658e+00 +2.2587e+00 -4.7742e-01 -4.2472e-01 -1.2597e+00 -2.5248e+00 +8.4566e-01 +3.5175e+00 +2.1939e+00
158 +2.337008179e+01 +2.337008179e+01 +2.094800818e+02 +2.094800818e+02 -3.5677e+00 -3.2332e+00 +2.5857e+00 +1.4884e-01 -1.1100e-01 -1.1094e+00 -2.8558e+00 +4.3024e-01 +1.4861e+00 +6.0430e-01
172 +2.262535296e+01 +2.262535296e+01 +2.087353530e+02 +2.087353530e+02 -3.2820e+00 -3.9367e+00 +2.8246e+00 +3.4560e-01 +4.7418e-01 -2.2302e+00 -2.1359e+00 -4.4245e-01 +1.7360e+00 +2.0802e+00
179 +1.755724677e+01 +1.755724677e+01 +2.036672468e+02 +2.036672468e+02 -2.9837e+00 -4.5710e+00 +4.4820e+00 -3.5515e-02 +5.0401e-01 -1.4520e+00 -2.9276e+00 -2.3884e-01 +1.6300e+00 -7.8367e-01
183 +1.159277089e+01 +1.159277089e+01 +1.977027709e+02 +1.977027709e+02 -2.6922e+00 -3.2705e+00 +4.0460e+00 -7.4026e-01 -4.5883e-02 -1.7885e+00 -4.1156e+00 +7.4342e-01 +2.0902e+00 -1.4068e-01
240 +5.811747942e+00 +5.811747942e+00 +1.919217479e+02 +1.919217479e+02 -1.9796e+00 -4.2245e+00 +5.1405e+00 -2.0164e+00 +6.5578e-01 -2.5781e+00 -3.7070e+00 +7.7815e-01 +2.8749e+00 +1.3478e+00
302 +5.350187440e+00 +5.350187440e+00 +1.914601874e+02 +1.914601874e+02 -3.0972e+00 -3.5275e+00 +4.6053e+00 -1.5596e+00 +6.8349e-01 -2.4134e+00 -3.2981e+00 +7.3465e-01 +2.0677e+00 +1.1633e+00
347 +4.507310181e+00 +4.507310181e+00 +1.906173102e+02 +1.906173102e+02 -2.6648e+00 -3.4372e+00 +3.2037e+00 -1.0252e+00 +6.9934e-01 -1.9550e+00 -2.8057e+00 +2.3014e-01 +2.4648e+00 +4.2202e-01
390 +4.356971516e+00 +4.356971516e+00 +1.904669715e+02 +1.904669715e+02 -2.6307e+00 -3.4756e+00 +3.9744e+00 -6.4154e-01 +1.5425e+00 -2.3677e+00 -3.0537e+00 +5.0030e-01 +2.4686e+00 +7.1239e-01
682 +4.228539798e+00 +4.228539798e+00 +1.903385398e+02 +1.903385398e+02 -2.6589e+00 -3.5473e+00 +3.3805e+00 -7.3521e-01 +1.2387e+00 -1.7006e+00 -2.9243e+00 +4.8780e-01 +3.0420e+00 +2.4609e-01
692 +4.130652727e+00 +4.130652727e+00 +1.902406527e+02 +1.902406527e+02 -2.7228e+00 -3.5368e+00 +3.3795e+00 -7.1978e-01 +1.0945e+00 -1.6382e+00 -2.9638e+00 +5.3111e-01 +3.1444e+00 +2.4771e-01
% function evaluation | noise-free fitness - Fopt (-1.060600000000e+02) | best noise-free fitness - Fopt | measured fitness | best measured fitness | x1 | x2...
1 +3.640552731e+02 +3.640552731e+02 +2.579952731e+02 +2.579952731e+02 +0.0000e+00 +0.0000e+00 +0.0000e+00 +0.0000e+00 +0.0000e+00 +0.0000e+00 +0.0000e+00 +0.0000e+00 +0.0000e+00 +0.0000e+00
4 +2.918339225e+02 +2.918339225e+02 +1.857739225e+02 +1.857739225e+02 +3.2861e-01 +1.2618e+00 +1.1995e+00 +5.0726e-01 +9.4928e-01 -1.2875e+00 +3.9312e-01 -1.2049e+00 -2.1830e-01 -1.9139e+00
5 +2.429585202e+02 +2.429585202e+02 +1.368985202e+02 +1.368985202e+02 +3.5192e-01 +3.4356e-01 -1.8921e+00 -1.1415e+00 -1.8757e-01 +1.5821e-01 +4.3804e-01 +8.4276e-01 +1.5479e+00 +9.6252e-01
6 +1.118711576e+02 +1.118711576e+02 +5.811157570e+00 +5.811157570e+00 +5.8976e-01 +1.5068e+00 -1.8361e-01 -7.7263e-01 -4.9941e-01 -1.3850e-01 +1.7801e+00 +3.1782e-01 +3.0488e-01 +6.7410e-01
12 +1.073719647e+02 +1.073719647e+02 +1.311964651e+00 +1.311964651e+00 +6.8870e-01 +2.8623e+00 -1.0268e-01 -1.0909e+00 -2.6026e+00 -1.5823e+00 +8.9350e-01 +6.4040e-02 +1.4551e+00 +7.8223e-01
14 +4.496016645e+01 +4.496016645e+01 -6.109983355e+01 -6.109983355e+01 +1.9004e-01 +2.2691e+00 -1.3581e+00 -9.1399e-01 -1.0431e+00 -5.3447e-01 +3.5384e+00 -3.5139e-02 +7.5809e-01 +1.8080e+00
22 +3.506096500e+01 +3.506096500e+01 -7.099903500e+01 -7.099903500e+01 +2.0463e-01 +2.2328e+00 -2.5970e+00 -1.2305e+00 -1.3102e+00 -4.8047e-01 +4.1235e+00 +2.9911e-01 +4.0003e-02 +3.9865e+00
28 +3.218733932e+01 +3.218733932e+01 -7.387266068e+01 -7.387266068e+01 +4.0734e-01 +3.1696e+00 -6.6393e-01 -8.7917e-01 -2.1474e+00 -8.8937e-01 +2.7160e+00 +8.1942e-01 +1.1849e+00 +2.2832e+00
52 +2.895842499e+01 +2.895842499e+01 -7.710157501e+01 -7.710157501e+01 +8.3194e-01 +1.8868e+00 -9.1823e-01 -1.4507e+00 -1.5127e+00 -1.5593e+00 +2.2252e+00 +8.3920e-01 +1.8657e-01 +1.8450e+00
71 +2.735947586e+01 +2.735947586e+01 -7.870052414e+01 -7.870052414e+01 +7.4840e-01 +2.4101e+00 -1.4510e+00 -1.6239e+00 -2.2287e+00 -1.5606e+00 +3.1989e+00 +4.7758e-01 +1.2833e-01 +1.7527e+00
86 +2.416833042e+01 +2.416833042e+01 -8.189166958e+01 -8.189166958e+01 +3.9780e-01 +1.2687e+00 -2.4521e+00 -1.3703e+00 -2.2530e+00 -1.2901e+00 +3.0572e+00 +1.3798e+00 -1.6737e-01 +2.0136e+00
101 +2.323141354e+01 +2.323141354e+01 -8.282858646e+01 -8.282858646e+01 +2.9371e-01 +1.4001e+00 -2.1882e+00 -1.4589e+00 -1.7437e+00 -1.2889e+00 +2.7344e+00 +1.2109e+00 +2.3074e-01 +1.6166e+00
130 +2.006561806e+01 +2.006561806e+01 -8.599438194e+01 -8.599438194e+01 +5.1494e-01 +9.6329e-01 -2.4145e+00 -1.4202e+00 -2.7082e+00 -8.2326e-01 +3.4399e+00 +1.8398e+00 +2.8848e-01 +1.0409e+00
239 +1.961268335e+01 +1.961268335e+01 -8.644731665e+01 -8.644731665e+01 -3.3341e-01 +1.7940e+00 -2.8668e+00 -3.7943e-02 -2.1312e+00 -2.9994e-01 +2.7818e+00 +1.7037e+00 -8.0056e-01 +5.0167e-01
252 +1.543329260e+01 +1.543329260e+01 -9.062670740e+01 -9.062670740e+01 +3.1557e-01 +1.5555e+00 -3.6065e+00 -2.6500e-01 -1.3331e+00 -1.7339e-01 +3.1939e+00 +1.4822e+00 -6.7688e-01 +5.8365e-01
264 +1.243241712e+01 +1.243241712e+01 -9.362758288e+01 -9.362758288e+01 +3.3124e-01 +1.4079e+00 -3.4087e+00 -3.0880e-01 -1.3050e+00 -4.8776e-01 +3.2372e+00 +1.6693e+00 -4.5558e-01 +7.5932e-01
276 +9.088560664e+00 +9.088560664e+00 -9.697143934e+01 -9.697143934e+01 +7.9003e-01 +1.5980e+00 -3.6491e+00 -3.5514e-01 -1.2453e+00 -4.7901e-01 +3.4911e+00 +1.9640e+00 +1.0533e-01 +1.1121e+00
285 +8.744279411e+00 +8.744279411e+00 -9.731572059e+01 -9.731572059e+01 +7.5663e-01 +1.5493e+00 -3.7634e+00 -5.0279e-01 -1.2583e+00 -9.4734e-01 +3.2637e+00 +1.8146e+00 +1.7342e-01 +9.9529e-01
490 +8.487270556e+00 +8.487270556e+00 -9.757272944e+01 -9.757272944e+01 +1.1025e+00 +1.2586e+00 -3.0181e+00 -3.4160e-01 -1.0079e+00 -9.1809e-01 +3.4926e+00 +1.4303e+00 +1.8033e-01 +8.2450e-01
534 +8.313246862e+00 +8.313246862e+00 -9.774675314e+01 -9.774675314e+01 +1.1039e+00 +1.2317e+00 -3.2525e+00 -4.5321e-01 -1.3127e+00 -9.6665e-01 +3.3428e+00 +1.6120e+00 +1.2095e-01 +1.0444e+00
610 +8.124370308e+00 +8.124370308e+00 -9.793562969e+01 -9.793562969e+01 +1.3239e+00 +1.2052e+00 -3.2931e+00 -3.5058e-01 -1.3998e+00 -8.6624e-01 +3.2892e+00 +1.9017e+00 +9.3454e-02 +1.0318e+00
% function evaluation | noise-free fitness - Fopt (-1.957000000000e+01) | best noise-free fitness - Fopt | measured fitness | best measured fitness | x1 | x2...
1 +6.120346488e+02 +6.120346488e+02 +5.924646488e+02 +5.924646488e+02 +0.0000e+00 +0.0000e+00 +0.0000e+00 +0.0000e+00 +0.0000e+00 +0.0000e+00 +0.0000e+00 +0.0000e+00 +0.0000e+00 +0.0000e+00
3 +4.038995930e+02 +4.038995930e+02 +3.843295930e+02 +3.843295930e+02 +1.0734e+00 -7.0620e-01 -8.5633e-01 +3.9870e-01 +9.3159e-01 -5.2129e-01 -9.8544e-02 +2.8853e-01 -3.4481e-01 -2.0450e-01
13 +2.416269458e+02 +2.416269458e+02 +2.220569458e+02 +2.220569458e+02 +1.5315e+00 -5.8086e-01 -1.2868e+00 +5.5471e-01 +1.2766e+00 -1.5099e+00 -6.4884e-01 +7.5106e-01 -9.8721e-01 +1.7643e-01
16 +1.197649990e+02 +1.197649990e+02 +1.001949990e+02 +1.001949990e+02 +3.5272e+00 -1.8355e+00 -1.0004e+00 +1.5223e+00 +2.0422e+00 -1.3518e+00 -1.3264e+00 +1.3581e+00 -1.9969e-01 +3.3602e-01
24 +9.247129605e+01 +9.247129605e+01 +7.290129605e+01 +7.290129605e+01 +3.8861e+00 -4.2518e+00 -1.1074e+00 +1.5986e+00 +3.1063e+00 -1.5065e+00 -2.2845e+00 +1.9014e+00 +3.5809e-01 +1.9708e-01
27 +4.007756318e+01 +4.007756318e+01 +2.050756318e+01 +2.050756318e+01 +2.3233e+00 -1.8921e+00 -1.3486e+00 +2.6221e+00 +3.6238e+00 -1.8533e+00 -2.1886e+00 +2.7596e+00 +7.1006e-01 +7.0556e-02
108 +3.182853772e+01 +3.182853772e+01 +1.225853772e+01 +1.225853772e+01 +5.1601e+00 -2.6834e+00 -2.8655e+00 +3.5537e+00 +4.2569e+00 -1.2738e+00 -1.5541e+00 +3.3133e+00 +2.2259e+00 +1.0148e+00
121 +2.440857875e+01 +2.440857875e+01 +4.838578751e+00 +4.838578751e+00 +5.2851e+00 -1.9271e+00 -3.3782e+00 +3.7466e+00 +4.6643e+00 -1.6428e+00 -1.3518e+00 +3.3700e+00 +2.8859e+00 +1.1282e+00
126 +2.380645600e+01 +2.380645600e+01 +4.236456003e+00 +4.236456003e+00 +4.2986e+00 -5.0506e-01 -3.8951e+00 +3.0713e+00 +4.2696e+00 -2.3231e+00 -1.8386e+00 +1.3608e+00 +2.9494e+00 +1.5128e+00
132 +2.302670673e+01 +2.302670673e+01 +3.456706730e+00 +3.456706730e+00 +4.2303e+00 -1.7024e+00 -2.2224e+00 +3.1671e+00 +3.9166e+00 -2.2633e+00 -1.1501e+00 +2.6550e+00 +1.9012e+00 +1.9724e+00
141 +1.557853602e+01 +1.557853602e+01 -3.991463981e+00 -3.991463981e+00 +5.1443e+00 -2.4302e+00 -3.7860e+00 +2.8655e+00 +4.2097e+00 -1.7262e+00 -6.2634e-01 +4.1140e+00 +2.4762e+00 +1.4468e+00
171 +6.260395867e+00 +6.260395867e+00 -1.330960413e+01 -1.330960413e+01 +5.0748e+00 -1.3181e+00 -3.1274e+00 +2.8205e+00 +3.6896e+00 -2.1375e+00 -3.3397e-01 +3.6270e+00 +2.2651e+00 +1.1771e+00
187 +4.368283191e+00 +4.368283191e+00 -1.520171681e+01 -1.520171681e+01 +4.7333e+00 -7.6585e-01 -3.7128e+00 +3.2655e+00 +3.3315e+00 -2.4861e+00 -5.0597e-01 +2.9499e+00 +2.0483e+00 +3.3462e-01
225 +3.120711821e+00 +3.120711821e+00 -1.644928818e+01 -1.644928818e+01 +4.4188e+00 -1.0535e+00 -3.6144e+00 +3.1502e+00 +3.9992e+00 -2.3212e+00 -3.9010e-01 +3.7849e+00 +1.8387e+00 +3.5590e-01
306 +2.409183956e+00 +2.409183956e+00 -1.716081604e+01 -1.716081604e+01 +3.4631e+00 -5.8855e-01 -3.6857e+00 +3.3415e+00 +3.9162e+00 -2.6452e+00 -8.5125e-01 +3.0631e+00 +1.2616e+00 +4.4959e-01
358 +2.264014523e+00 +2.264014523e+00 -1.730598548e+01 -1.730598548e+01 +3.8063e+00 -8.4216e-01 -3.8063e+00 +3.0435e+00 +3.8818e+00 -2.4924e+00 -4.7163e-01 +2.9222e+00 +1.4669e+00 +4.3848e-01
364 +2.045260445e+00 +2.045260445e+00 -1.752473956e+01 -1.752473956e+01 +3.8648e+00 -8.5798e-01 -3.6589e+00 +2.9802e+00 +3.8496e+00 -2.5786e+00 -5.2369e-01 +2.9718e+00 +1.5133e+00 +3.9297e-01
388 +1.994135275e+00 +1.994135275e+00 -1.757586473e+01 -1.757586473e+01 +3.9540e+00 -7.4224e-01 -3.9145e+00 +2.9674e+00 +3.8370e+00 -2.7391e+00 -4.8236e-01 +2.8905e+00 +1.4152e+00 +3.8525e-01
391 +1.616055863e+00 +1.616055863e+00 -1.795394414e+01 -1.795394414e+01 +3.9008e+00 -7.4377e-01 -3.7427e+00 +3.0941e+00 +3.8496e+00 -2.7410e+00 -4.7077e-01 +3.0841e+00 +1.4574e+00 +4.3183e-01
403 +1.448601629e+00 +1.448601629e+00 -1.812139837e+01 -1.812139837e+01 +3.8805e+00 -6.8275e-01 -3.8132e+00 +3.1128e+00 +3.8815e+00 -2.6649e+00 -6.0811e-01 +3.2093e+00 +1.3666e+00 +3.4802e-01
404 +1.420932372e+00 +1.420932372e+00 -1.814906763e+01 -1.814906763e+01 +3.8953e+00 -6.8486e-01 -3.7324e+00 +3.1321e+00 +3.7816e+00 -2.6563e+00 -6.4656e-01 +3.2941e+00 +1.3868e+00 +2.7474e-01
424 +1.320563659e+00 +1.320563659e+00 -1.824943634e+01 -1.824943634e+01 +3.7793e+00 -7.6266e-01 -3.7381e+00 +3.1111e+00 +3.9352e+00 -2.7856e+00 -6.4917e-01 +3.1813e+00 +1.4699e+00 +2.5120e-01
439 +1.277228013e+00 +1.277228013e+00 -1.829277199e+01 -1.829277199e+01 +3.7557e+00 -8.4921e-01 -3.6373e+00 +3.1132e+00 +3.8665e+00 -2.6984e+00 -6.1733e-01 +3.1905e+00 +1.3951e+00 +2.6661e-01
457 +1.238019125e+00 +1.238019125e+00 -1.833198087e+01 -1.833198087e+01 +3.9088e+00 -8.5681e-01 -3.6818e+00 +3.1983e+00 +3.9233e+00 -2.7136e+00 -5.3174e-01 +3.2728e+00 +1.3741e+00 +2.5806e-01
465 +1.202797493e+00 +1.202797493e+00 -1.836720251e+01 -1.836720251e+01 +3.9055e+00 -8.4297e-01 -3.7251e+00 +3.2526e+00 +3.8839e+00 -2.7311e+00 -5.6434e-01 +3.2798e+00 +1.3571e+00 +2.2420e-01
1902 +1.030702942e+00 +1.030702942e+00 -1.853929706e+01 -1.853929706e+01 +3.8752e+00 -7.0901e-01 -3.8583e+00 +3.3565e+00 +3.7777e+00 -2.7852e+00 -4.5531e-01 +3.3247e+00 +1.5725e+00 +4.5268e-02
1903 +9.499605938e-01 +9.499605938e-01 -1.862003941e+01 -1.862003941e+01 +3.9120e+00 -7.4203e-01 -3.8453e+00 +3.3222e+00 +3.8161e+00 -2.7969e+00 -4.1433e-01 +3.3236e+00 +1.5513e+00 -2.5184e-02
% function evaluation | noise-free fitness - Fopt (3.818200000000e+02) | best noise-free fitness - Fopt | measured fitness | best measured fitness | x1 | x2...
1 +2.847064141e+02 +2.847064141e+02 +6.665264141e+02 +6.665264141e+02 +0.0000e+00 +0.0000e+00 +0.0000e+00 +0.0000e+00 +0.0000e+00 +0.0000e+00 +0.0000e+00 +0.0000e+00 +0.0000e+00 +0.0000e+00
5 +2.640785175e+02 +2.640785175e+02 +6.458985175e+02 +6.458985175e+02 +4.3551e-01 +1.3495e-01 -1.0396e+00 -1.5627e+00 +6.6488e-01 +1.9878e+00 +1.3604e+00 +6.1513e-01 -7.1809e-02 +5.6408e-01
9 +7.873545580e+01 +7.873545580e+01 +4.605554558e+02 +4.605554558e+02 +6.2518e-01 +7.8553e-01 +9.0742e-01 -8.4872e-01 -1.2456e+00 -2.1608e-01 +1.9108e+00 -1.1708e-02 +7.6284e-01 +8.7907e-01
52 +6.467629238e+01 +6.467629238e+01 +4.464962924e+02 +4.464962924e+02 +2.0669e+00 +1.1736e+00 +1.3020e+00 -1.5432e+00 -1.0949e+00 +7.5232e-01 +1.5075e+00 +6.7568e-01 +2.6380e-01 +7.4239e-01
90 +6.157339328e+01 +6.157339328e+01 +4.433933933e+02 +4.433933933e+02 +4.5856e-01 +2.6530e+00 -1.2387e-01 -2.0443e+00 -2.4970e+00 +7.0940e-01 +7.7217e-01 +8.4997e-01 +2.5626e-01 +2.5044e-01
99 +5.939026590e+01 +5.939026590e+01 +4.412102659e+02 +4.412102659e+02 +3.7897e-01 +4.3220e+00 -2.3651e-01 -2.6629e+00 -2.9319e+00 +1.3565e+00 +7.8239e-01 +8.3448e-01 +9.5925e-01 -2.9760e-02
100 +5.509737215e+01 +5.509737215e+01 +4.369173721e+02 +4.369173721e+02 +2.5653e-01 +3.0043e+00 -1.6100e-01 -2.7610e+00 -3.5485e+00 +9.9518e-01 +8.8820e-01 +1.0531e+00 +9.3918e-02 -1.2595e-01
113 +5.295298514e+01 +5.295298514e+01 +4.347729851e+02 +4.347729851e+02 +9.8521e-01 +2.4457e+00 -3.4474e-01 -3.3902e+00 -2.7074e+00 +6.4891e-01 +7.3698e-01 +2.1003e+00 +4.2857e-01 -6.6479e-01
139 +4.771974542e+01 +4.771974542e+01 +4.295397454e+02 +4.295397454e+02 +1.5490e+00 +2.2276e+00 -7.4639e-01 -2.1820e+00 -3.1218e+00 +6.8358e-01 +1.6395e+00 +2.2313e+00 +1.5819e-01 -4.6673e-01
143 +3.990715024e+01 +3.990715024e+01 +4.217271502e+02 +4.217271502e+02 +1.8759e+00 +2.2253e+00 -5.1008e-01 -2.0259e+00 -2.8030e+00 +7.9513e-01 +9.2966e-01 +1.8361e+00 +1.4879e-01 -3.7769e-01
149 +3.929971023e+01 +3.929971023e+01 +4.211197102e+02 +4.211197102e+02 +1.5495e+00 +2.1741e+00 -4.1134e-01 -2.5762e+00 -2.8113e+00 +3.5243e-01 +1.3469e+00 +1.7152e+00 +6.3850e-01 -5.0649e-01
150 +3.292842242e+01 +3.292842242e+01 +4.147484224e+02 +4.147484224e+02 +9.9785e-01 +2.0907e+00 -8.1047e-01 -2.5646e+00 -2.8491e+00 +4.6911e-01 +1.5058e+00 +1.7680e+00 +8.1256e-01 -6.1339e-01
159 +2.892741732e+01 +2.892741732e+01 +4.107474173e+02 +4.107474173e+02 +8.8334e-01 +2.3309e+00 -9.2208e-01 -2.5685e+00 -3.1375e+00 +3.7155e-01 +2.0633e+00 +2.6935e+00 +1.1278e+00 -7.2915e-01
163 +2.770498945e+01 +2.770498945e+01 +4.095249894e+02 +4.095249894e+02 +9.0644e-01 +2.2806e+00 -2.0041e-01 -2.2923e+00 -3.0811e+00 +1.9618e-01 +1.9139e+00 +3.1234e+00 +7.5705e-01 -9.5849e-01
170 +2.464274038e+01 +2.464274038e+01 +4.064627404e+02 +4.064627404e+02 +1.1479e+00 +2.0306e+00 -5.4855e-01 -2.2954e+00 -2.6963e+00 +3.4866e-02 +1.9616e+00 +1.8900e+00 +1.2500e+00 -1.2788e-01
196 +1.981249793e+01 +1.981249793e+01 +4.016324979e+02 +4.016324979e+02 +9.3691e-01 +2.8107e+00 -1.2919e+00 -2.4123e+00 -3.0030e+00 -3.0357e-01 +1.7524e+00 +1.6814e+00 +2.7529e+00 +7.7276e-02
203 +1.022283526e+01 +1.022283526e+01 +3.920428353e+02 +3.920428353e+02 +8.6186e-01 +3.0587e+00 -1.4371e+00 -2.2409e+00 -3.1923e+00 -2.5463e-01 +1.4197e+00 +2.1210e+00 +3.6166e+00 -2.7816e-02
263 +9.968595423e+00 +9.968595423e+00 +3.917885954e+02 +3.917885954e+02 +1.2040e+00 +3.1421e+00 -1.7005e+00 -2.1408e+00 -3.0729e+00 -5.4484e-01 +2.1050e+00 +2.8843e+00 +3.1330e+00 -2.1221e-01
283 +8.602345764e+00 +8.602345764e+00 +3.904223458e+02 +3.904223458e+02 +1.5952e+00 +3.1164e+00 -1.7886e+00 -2.4502e+00 -2.9773e+00 -3.5551e-01 +2.2667e+00 +2.9155e+00 +3.5080e+00 -3.3934e-01
302 +7.246567850e+00 +7.246567850e+00 +3.890665679e+02 +3.890665679e+02 +1.5520e+00 +3.3403e+00 -1.8405e+00 -2.1216e+00 -3.0060e+00 -4.2262e-01 +2.1528e+00 +2.9394e+00 +2.9641e+00 -3.2607e-01
313 +6.436299297e+00 +6.436299297e+00 +3.882562993e+02 +3.882562993e+02 +1.5709e+00 +3.2308e+00 -1.8409e+00 -2.2736e+00 -2.8570e+00 -2.2776e-01 +1.7677e+00 +2.8995e+00 +3.1961e+00 -3.2080e-01
336 +6.136096672e+00 +6.136096672e+00 +3.879560967e+02 +3.879560967e+02 +1.8289e+00 +3.2464e+00 -1.9365e+00 -2.3296e+00 -2.7964e+00 -5.1772e-01 +1.4869e+00 +3.2079e+00 +3.3310e+00 -3.2870e-01
346 +4.998008966e+00 +4.998008966e+00 +3.868180090e+02 +3.868180090e+02 +1.9541e+00 +3.3594e+00 -2.1194e+00 -2.3720e+00 -2.5614e+00 -4.8511e-01 +1.2636e+00 +3.3246e+00 +3.4442e+00 -2.9348e-01
354 +4.337037605e+00 +4.337037605e+00 +3.861570376e+02 +3.861570376e+02 +1.9167e+00 +3.4469e+00 -1.7989e+00 -2.2848e+00 -2.7836e+00 -3.3498e-01 +1.3396e+00 +3.1340e+00 +3.2532e+00 -2.3799e-01
382 +4.186105020e+00 +4.186105020e+00 +3.860061050e+02 +3.860061050e+02 +2.0777e+00 +3.5540e+00 -1.8012e+00 -2.1427e+00 -2.6941e+00 -1.3268e-01 +1.1735e+00 +3.1793e+00 +3.3346e+00 -1.4222e-01
454 +4.107178026e+00 +4.107178026e+00 +3.859271780e+02 +3.859271780e+02 +1.9215e+00 +3.4631e+00 -1.9595e+00 -2.3301e+00 -2.7417e+00 -3.7020e-01 +1.1255e+00 +3.2513e+00 +3.2681e+00 -3.3480e-01
464 +3.831253702e+00 +3.831253702e+00 +3.856512537e+02 +3.856512537e+02 +1.7403e+00 +3.4657e+00 -1.8628e+00 -2.1737e+00 -2.8894e+00 -3.0286e-01 +1.2003e+00 +3.2007e+00 +3.1827e+00 -1.6737e-01
477 +3.737463936e+00 +3.737463936e+00 +3.855574639e+02 +3.855574639e+02 +1.8194e+00 +3.4382e+00 -1.8140e+00 -2.2335e+00 -2.9368e+00 -3.4317e-01 +1.1936e+00 +3.2808e+00 +3.2000e+00 -1.6993e-01
483 +3.710435560e+00 +3.710435560e+00 +3.855304356e+02 +3.855304356e+02 +1.8346e+00 +3.4049e+00 -1.8462e+00 -2.2249e+00 -2.9446e+00 -2.0665e-01 +1.1041e+00 +3.2518e+00 +3.1903e+00 -8.5120e-02
523 +3.549579856e+00 +3.549579856e+00 +3.853695799e+02 +3.853695799e+02 +1.7932e+00 +3.3709e+00 -1.7626e+00 -2.3216e+00 -2.7290e+00 -2.4334e-01 +9.0609e-01 +3.1173e+00 +3.1789e+00 -5.1939e-02
569 +3.502907566e+00 +3.502907566e+00 +3.853229076e+02 +3.853229076e+02 +1.7884e+00 +3.4205e+00 -1.7672e+00 -2.2870e+00 -2.7683e+00 -1.5519e-01 +1.1168e+00 +3.1908e+00 +3.1973e+00 -8.9454e-02
583 +3.466940413e+00 +3.466940413e+00 +3.852869404e+02 +3.852869404e+02 +1.7605e+00 +3.4812e+00 -1.7475e+00 -2.3183e+00 -2.8353e+00 -1.9230e-01 +1.0523e+00 +3.1558e+00 +3.2401e+00 -4.8710e-02
603 +3.387582019e+00 +3.387582019e+00 +3.852075820e+02 +3.852075820e+02 +1.7365e+00 +3.4861e+00 -1.7253e+00 -2.2862e+00 -2.7682e+00 -1.8012e-01 +9.4990e-01 +3.1717e+00 +3.2931e+00 -2.0824e-02
857 +3.299247190e+00 +3.299247190e+00 +3.851192472e+02 +3.851192472e+02 +1.7522e+00 +3.6035e+00 -1.7587e+00 -2.2283e+00 -2.8079e+00 -6.1893e-02 +9.4916e-01 +3.2108e+00 +3.3078e+00 +1.8767e-02
% function evaluation | noise-free fitness - Fopt (8.130000000000e+00) | best noise-free fitness - Fopt | measured fitness | best measured fitness | x1 | x2...
1 +7.413612378e+02 +7.413612378e+02 +7.494912378e+02 +7.494912378e+02 +0.0000e+00 +0.0000e+00 +0.0000e+00 +0.0000e+00 +0.0000e+00 +0.0000e+00 +0.0000e+00 +0.0000e+00 +0.0000e+00 +0.0000e+00
4 +6.163845344e+02 +6.163845344e+02 +6.245145344e+02 +6.245145344e+02 -1.4343e+00 -4.3285e-01 -1.2806e+00 -1.8038e+00 +1.4795e+00 +5.7700e-01 -8.3148e-01 +1.0247e+00 -1.4680e+00 +1.3264e-01
6 +5.645979108e+02 +5.645979108e+02 +5.727279108e+02 +5.727279108e+02 +3.1727e-01 -3.2238e-01 +3.2232e-01 -7.9261e-02 -1.0739e-01 +7.7210e-02 -2.1346e+00 +1.9653e-01 -8.3581e-01 -1.1108e+00
12 +5.235520319e+02 +5.235520319e+02 +5.316820319e+02 +5.316820319e+02 +4.9965e-01 +3.7358e-01 +6.1658e-01 -1.0564e+00 -3.2952e-01 +4.5242e-01 -3.1905e+00 +4.7469e-01 -9.2309e-01 -1.2058e+00
21 +4.000641792e+02 +4.000641792e+02 +4.081941792e+02 +4.081941792e+02 -2.2976e-01 +7.4689e-01 +1.8705e-01 +2.0397e-01 -6.6845e-01 -1.1830e+00 -8.0346e-01 +1.6165e+00 -1.9980e+00 -2.7213e-01
23 +2.366811117e+02 +2.366811117e+02 +2.448111117e+02 +2.448111117e+02 +3.4031e-01 +7.5308e-01 +3.7216e-01 -4.5114e-01 -1.4522e+00 -1.3100e+00 -8.5146e-01 +3.0448e+00 -2.5583e+00 +2.6364e-01
30 +1.964375267e+02 +1.964375267e+02 +2.045675267e+02 +2.045675267e+02 +7.1655e-01 +1.7424e-02 +1.0918e+00 -1.5571e+00 -1.2434e+00 -2.7778e+00 -1.8397e+00 +1.9973e+00 -1.0907e+00 -1.1281e-01
33 +1.625183064e+02 +1.625183064e+02 +1.706483064e+02 +1.706483064e+02 +3.0109e-01 -1.6355e+00 +2.3701e+00 -2.3162e+00 -1.8856e-01 -2.6422e+00 -1.8119e+00 +2.5287e+00 -1.1376e+00 +6.2875e-02
51 +1.374365068e+02 +1.374365068e+02 +1.455665068e+02 +1.455665068e+02 +9.5060e-01 -1.8992e+00 +2.6163e+00 -2.1714e+00 -5.8499e-01 -2.4982e+00 -1.6146e+00 +2.6469e+00 -1.2273e+00 -2.1108e-01
60 +1.309909970e+02 +1.309909970e+02 +1.391209970e+02 +1.391209970e+02 +1.2836e+00 -2.9093e+00 +4.0098e+00 -2.5199e+00 -1.1287e+00 -2.8926e+00 -3.0049e+00 +1.8799e+00 -1.2389e+00 -6.7851e-01
61 +1.239255803e+02 +1.239255803e+02 +1.320555803e+02 +1.320555803e+02 +5.2875e-01 -3.1794e+00 +2.8737e+00 -1.9056e+00 -7.5082e-01 -7.7665e-01 -1.1178e+00 +1.7497e+00 -1.6837e+00 +5.2776e-01
66 +9.964259495e+01 +9.964259495e+01 +1.077725949e+02 +1.077725949e+02 +7.3270e-01 -3.9413e+00 +3.2750e+00 -3.4782e+00 -1.0931e+00 -5.2783e-01 -4.0893e-01 +1.7866e+00 -2.1461e+00 -6.5233e-01
78 +6.880523894e+01 +6.880523894e+01 +7.693523894e+01 +7.693523894e+01 +1.0575e+00 -5.1653e+00 +4.9484e+00 -3.0743e+00 -2.3720e+00 +6.8660e-01 -1.2292e+00 +8.0693e-01 -2.2224e+00 -1.0222e+00
97 +3.540241257e+01 +3.540241257e+01 +4.353241257e+01 +4.353241257e+01 +9.2245e-02 -2.8114e+00 +4.5620e+00 -2.9259e+00 -2.6657e+00 -3.2710e-01 -9.5586e-01 +1.9947e+00 -5.4566e-01 +5.7279e-01
131 +3.423997441e+01 +3.423997441e+01 +4.236997441e+01 +4.236997441e+01 +1.5789e+00 -3.0752e+00 +5.8402e+00 -1.7778e+00 -4.0203e+00 +1.4537e+00 -1.3193e+00 +2.5017e+00 -3.2905e-01 +2.5791e+00
140 +3.045324240e+01 +3.045324240e+01 +3.858324240e+01 +3.858324240e+01 +1.3491e+00 -3.8592e+00 +4.2832e+00 -1.9281e+00 -3.8210e+00 +1.2521e-01 -9.8270e-01 +1.9472e+00 -1.3371e+00 +1.9425e+00
199 +2.695763301e+01 +2.695763301e+01 +3.508763301e+01 +3.508763301e+01 +1.1724e+00 -4.1455e+00 +4.1863e+00 -3.1404e+00 -3.5778e+00 -2.6870e-01 -9.5037e-01 +1.7202e+00 +6.0901e-02 +9.1385e-01
210 +2.419572044e+01 +2.419572044e+01 +3.232572044e+01 +3.232572044e+01 +2.0121e+00 -4.4033e+00 +4.1914e+00 -3.7501e+00 -3.8468e+00 +1.8264e-01 -8.9035e-01 +1.9042e+00 +7.2835e-02 +1.1558e+00
248 +2.016540418e+01 +2.016540418e+01 +2.829540418e+01 +2.829540418e+01 +1.7993e+00 -3.6388e+00 +5.2044e+00 -3.9316e+00 -2.0993e+00 -4.9954e-02 -1.4383e+00 +1.4942e+00 -7.0150e-01 +1.8969e+00
271 +1.616531098e+01 +1.616531098e+01 +2.429531098e+01 +2.429531098e+01 +1.1105e+00 -3.0218e+00 +4.3460e+00 -3.4915e+00 -2.3475e+00 +4.9405e-01 -1.9754e+00 +1.6625e+00 -1.2105e+00 +1.6426e+00
288 +1.479062660e+01 +1.479062660e+01 +2.292062660e+01 +2.292062660e+01 +1.6658e+00 -2.8571e+00 +5.7069e+00 -3.1381e+00 -2.6544e+00 -5.4893e-01 -2.2511e+00 +1.5420e+00 -7.9195e-01 +1.8730e+00
312 +1.303394661e+01 +1.303394661e+01 +2.116394661e+01 +2.116394661e+01 +1.7390e+00 -2.7711e+00 +4.9383e+00 -2.7583e+00 -2.7296e+00 -2.3425e-01 -1.9464e+00 +1.6360e+00 -3.3358e-02 +1.7415e+00
316 +1.286913871e+01 +1.286913871e+01 +2.099913871e+01 +2.099913871e+01 +2.2437e+00 -3.5671e+00 +4.0912e+00 -3.2043e+00 -2.8433e+00 -4.4569e-01 -1.3244e+00 +1.9156e+00 -8.3671e-01 +1.9799e+00
359 +1.051254218e+01 +1.051254218e+01 +1.864254218e+01 +1.864254218e+01 +2.1726e+00 -2.8648e+00 +4.0091e+00 -3.6973e+00 -1.8028e+00 +3.3657e-01 -2.0956e+00 +8.4252e-01 -9.1639e-01 +2.9388e+00
372 +1.037390575e+01 +1.037390575e+01 +1.850390575e+01 +1.850390575e+01 +1.9911e+00 -2.8823e+00 +3.7696e+00 -3.6385e+00 -2.0368e+00 +1.2568e-01 -1.9940e+00 +1.1492e+00 -7.1017e-01 +2.7036e+00
408 +1.000949799e+01 +1.000949799e+01 +1.813949799e+01 +1.813949799e+01 +2.1295e+00 -2.8728e+00 +4.3351e+00 -3.7771e+00 -2.0587e+00 +5.6117e-01 -2.2581e+00 +1.2306e+00 -8.1840e-01 +2.2514e+00
419 +8.638169793e+00 +8.638169793e+00 +1.676816979e+01 +1.676816979e+01 +2.1009e+00 -2.8487e+00 +4.7142e+00 -3.7402e+00 -2.0067e+00 +3.2035e-01 -2.2200e+00 +1.4134e+00 -7.6615e-01 +2.2482e+00
430 +8.460431544e+00 +8.460431544e+00 +1.659043154e+01 +1.659043154e+01 +2.0764e+00 -2.8394e+00 +4.8822e+00 -3.7254e+00 -1.9393e+00 +1.4663e-01 -2.0904e+00 +1.4109e+00 -6.4436e-01 +2.1143e+00
452 +7.734112927e+00 +7.734112927e+00 +1.586411293e+01 +1.586411293e+01 +2.0777e+00 -2.7415e+00 +4.6255e+00 -3.5751e+00 -2.0680e+00 -5.3145e-01 -1.7571e+00 +1.4173e+00 -1.1563e+00 +2.2011e+00
478 +7.424147505e+00 +7.424147505e+00 +1.555414751e+01 +1.555414751e+01 +2.1466e+00 -2.9526e+00 +4.6758e+00 -3.7174e+00 -2.0719e+00 -1.8529e-01 -1.8212e+00 +1.5798e+00 -1.0683e+00 +1.9139e+00
493 +5.857167208e+00 +5.857167208e+00 +1.398716721e+01 +1.398716721e+01 +2.4211e+00 -2.8003e+00 +4.2880e+00 -3.6345e+00 -2.4145e+00 -3.5183e-01 -1.8334e+00 +1.7853e+00 -1.0685e+00 +1.7408e+00
545 +5.751612890e+00 +5.751612890e+00 +1.388161289e+01 +1.388161289e+01 +2.8860e+00 -2.4067e+00 +3.9171e+00 -3.8074e+00 -2.5072e+00 -4.3493e-01 -1.4894e+00 +2.2758e+00 -3.6569e-01 +1.9174e+00
554 +5.448064158e+00 +5.448064158e+00 +1.357806416e+01 +1.357806416e+01 +2.8755e+00 -2.4329e+00 +3.8568e+00 -3.7647e+00 -2.5530e+00 -3.7768e-01 -1.6321e+00 +2.2460e+00 -3.7488e-01 +1.7767e+00
557 +4.996810472e+00 +4.996810472e+00 +1.312681047e+01 +1.312681047e+01 +2.7555e+00 -2.5566e+00 +4.0916e+00 -3.7195e+00 -2.4342e+00 -5.5341e-01 -1.4577e+00 +2.0673e+00 -5.1128e-01 +1.9221e+00
569 +4.566197378e+00 +4.566197378e+00 +1.269619738e+01 +1.269619738e+01 +2.9357e+00 -2.3996e+00 +4.0522e+00 -3.6574e+00 -2.6795e+00 -7.4242e-01 -1.8145e+00 +2.3030e+00 -3.9749e-01 +1.9805e+00
593 +4.337917037e+00 +4.337917037e+00 +1.246791704e+01 +1.246791704e+01 +3.2354e+00 -2.4478e+00 +4.1927e+00 -3.3489e+00 -2.8206e+00 -7.9150e-01 -1.8634e+00 +2.4792e+00 -1.4826e-01 +2.0456e+00
% function evaluation | noise-free fitness - Fopt (8.687000000000e+01) | best noise-free fitness - Fopt | measured fitness | best measured fitness | x1 | x2...
1 +1.076472314e+03 +1.076472314e+03 +1.163342314e+03 +1.163342314e+03 +0.0000e+00 +0.0000e+00 +0.0000e+00 +0.0000e+00 +0.0000e+00 +0.0000e+00 +0.0000e+00 +0.0000e+00 +0.0000e+00 +0.0000e+00
5 +6.407783394e+02 +6.407783394e+02 +7.276483394e+02 +7.276483394e+02 +6.9420e-01 +1.3759e+00 +4.1505e-01 +2.3555e-01 -2.0145e-01 -5.0979e-01 +6.3843e-01 -2.9321e+00 -1.8155e-01 +7.5996e-01
7 +5.689461931e+02 +5.689461931e+02 +6.558161931e+02 +6.558161931e+02 -4.8386e-01 +1.3323e+00 -1.5981e+00 +4.7253e-01 +1.3572e+00 -2.0094e+00 +1.1156e+00 +1.9753e-01 -2.1159e-01 +4.5729e-01
12 +4.653388467e+02 +4.653388467e+02 +5.522088467e+02 +5.522088467e+02 +4.7438e-01 +1.2170e+00 -2.1449e+00 +1.8646e+00 +2.3127e+00 -4.3512e+00 +5.5323e-01 +1.0518e+00 -1.0859e+00 +4.9358e-01
19 +4.004462985e+02 +4.004462985e+02 +4.873162985e+02 +4.873162985e+02 +1.7895e-01 +1.4017e+00 -1.4999e+00 +3.0399e-02 -2.4723e-01 -3.8187e+00 +2.5642e+00 -6.7336e-01 +4.6691e-02 +1.3060e+00
22 +3.237709397e+02 +3.237709397e+02 +4.106409397e+02 +4.106409397e+02 +5.2101e-01 +1.1868e+00 -1.9675e+00 -1.0205e+00 -9.0215e-01 -2.9538e+00 +1.2734e+00 +2.6672e-01 +1.3476e-01 +2.7937e+00
28 +2.189133240e+02 +2.189133240e+02 +3.057833240e+02 +3.057833240e+02 +1.3755e-01 +1.7630e+00 -8.9259e-01 -8.0759e-01 +9.7373e-01 -3.3917e+00 +3.0116e+00 -8.8293e-01 +1.1782e-01 +2.9816e+00
34 +2.016514303e+02 +2.016514303e+02 +2.885214303e+02 +2.885214303e+02 -3.2265e-01 +1.8669e+00 -9.1865e-01 -1.4059e+00 +8.9319e-01 -3.7484e+00 +2.1911e+00 +3.8391e-01 -5.0400e-01 +3.8210e+00
46 +1.328070570e+02 +1.328070570e+02 +2.196770570e+02 +2.196770570e+02 -7.4886e-01 +6.3380e-01 -2.2054e+00 +1.4009e-01 +7.2997e-01 -4.2694e+00 -1.8879e-01 -7.5080e-01 -8.4435e-01 +3.5648e+00
47 +9.548963711e+01 +9.548963711e+01 +1.823596371e+02 +1.823596371e+02 -7.4684e-01 +2.4219e+00 -2.3414e+00 +2.5670e-01 +1.7734e+00 -3.6658e+00 +2.3159e+00 -2.6688e-01 -9.1589e-01 +3.5786e+00
61 +9.166809858e+01 +9.166809858e+01 +1.785380986e+02 +1.785380986e+02 -4.5085e-01 +1.8771e+00 -1.7757e+00 -4.1629e-01 +3.3743e+00 -3.5207e+00 +1.5400e+00 +3.8076e-01 -1.1923e+00 +4.4753e+00
62 +7.392318122e+01 +7.392318122e+01 +1.607931812e+02 +1.607931812e+02 -8.5364e-01 +3.1608e+00 -3.0269e+00 +1.1260e+00 +3.9118e+00 -3.4660e+00 +2.7351e-01 -5.5605e-01 -1.1774e+00 +4.4207e+00
78 +5.832837330e+01 +5.832837330e+01 +1.451983733e+02 +1.451983733e+02 -7.6212e-01 +2.1953e+00 -2.4374e+00 +1.0047e+00 +4.1463e+00 -4.6347e+00 -7.7349e-01 -2.1348e+00 -1.7797e+00 +5.3057e+00
85 +2.144127681e+01 +2.144127681e+01 +1.083112768e+02 +1.083112768e+02 -1.0163e+00 +3.8496e+00 -1.5738e+00 +8.2401e-01 +3.7439e+00 -4.0633e+00 -6.1102e-01 -2.6889e+00 -2.3743e+00 +4.7439e+00
272 +1.826034944e+01 +1.826034944e+01 +1.051303494e+02 +1.051303494e+02 +2.7815e-01 +3.0339e+00 -9.3081e-01 +2.4855e-01 +2.2972e+00 -2.8174e+00 -3.1047e-01 -2.6633e+00 -4.3885e+00 +3.7309e+00
320 +1.578560589e+01 +1.578560589e+01 +1.026556059e+02 +1.026556059e+02 -1.2712e-01 +3.4758e+00 -4.4494e-01 +7.6577e-02 +1.2091e+00 -2.4584e+00 -1.0293e+00 -3.2839e+00 -4.0705e+00 +3.3258e+00
330 +1.478059035e+01 +1.478059035e+01 +1.016505903e+02 +1.016505903e+02 +1.4948e-01 +3.5469e+00 -4.6618e-01 +1.4789e-01 +1.0557e+00 -2.0786e+00 -1.1688e+00 -3.2572e+00 -4.3371e+00 +2.9633e+00
354 +1.353682349e+01 +1.353682349e+01 +1.004068235e+02 +1.004068235e+02 -2.7880e-01 +3.3620e+00 -1.2030e+00 +6.4749e-02 +1.2838e+00 -2.6545e+00 -1.2593e+00 -2.8137e+00 -4.1719e+00 +2.7762e+00
355 +1.193843876e+01 +1.193843876e+01 +9.880843876e+01 +9.880843876e+01 +3.6070e-01 +3.0879e+00 -8.7404e-01 +1.0223e-01 +1.7371e+00 -2.6824e+00 -6.4170e-01 -2.8036e+00 -4.1889e+00 +3.0550e+00
385 +9.836024013e+00 +9.836024013e+00 +9.670602401e+01 +9.670602401e+01 +1.5330e-01 +3.2082e+00 -1.6272e+00 +2.5965e-01 +1.0430e+00 -2.4362e+00 -7.0498e-01 -2.5888e+00 -5.0504e+00 +3.2273e+00
413 +7.889997152e+00 +7.889997152e+00 +9.475999715e+01 +9.475999715e+01 +5.7938e-01 +3.2638e+00 -2.2508e+00 +3.2887e-01 +8.9047e-01 -2.5329e+00 -1.3758e+00 -2.3080e+00 -5.2514e+00 +2.8017e+00
587 +7.462596929e+00 +7.462596929e+00 +9.433259693e+01 +9.433259693e+01 -1.3082e-01 +3.0398e+00 -1.9705e+00 +3.1082e-01 +1.6245e+00 -2.5497e+00 -1.2920e+00 -2.6115e+00 -4.4717e+00 +3.1318e+00
588 +7.356509009e+00 +7.356509009e+00 +9.422650901e+01 +9.422650901e+01 -3.0228e-01 +2.9155e+00 -2.1828e+00 +2.6967e-01 +1.4301e+00 -2.3122e+00 -1.4804e+00 -2.4329e+00 -4.4895e+00 +3.0383e+00
591 +7.209680261e+00 +7.209680261e+00 +9.407968026e+01 +9.407968026e+01 -1.2109e-01 +2.9688e+00 -2.1897e+00 +2.2813e-01 +1.5785e+00 -2.5776e+00 -1.3900e+00 -2.3941e+00 -4.6460e+00 +3.0555e+00
610 +6.718313532e+00 +6.718313532e+00 +9.358831353e+01 +9.358831353e+01 +1.6903e-01 +3.1150e+00 -2.3159e+00 +1.8508e-01 +1.8372e+00 -2.6344e+00 -1.5504e+00 -2.5206e+00 -4.6471e+00 +3.1300e+00
644 +6.450019797e+00 +6.450019797e+00 +9.332001980e+01 +9.332001980e+01 +1.0028e-01 +3.2171e+00 -1.7434e+00 +4.2297e-01 +1.4530e+00 -2.6506e+00 -1.5132e+00 -2.3982e+00 -4.5852e+00 +3.1748e+00
671 +4.640430479e+00 +4.640430479e+00 +9.151043048e+01 +9.151043048e+01 -5.1576e-02 +3.2356e+00 -2.2300e+00 +4.1379e-01 +1.7488e+00 -2.8675e+00 -1.7076e+00 -2.4925e+00 -4.7582e+00 +3.1743e+00
% function evaluation | noise-free fitness - Fopt (-5.791000000000e+01) | best noise-free fitness - Fopt | measured fitness | best measured fitness | x1 | x2...
1 +3.574384381e+02 +3.574384381e+02 +2.995284381e+02 +2.995284381e+02 +0.0000e+00 +0.0000e+00 +0.0000e+00 +0.0000e+00 +0.0000e+00 +0.0000e+00 +0.0000e+00 +0.0000e+00 +0.0000e+00 +0.0000e+00
3 +2.822272307e+02 +2.822272307e+02 +2.243172307e+02 +2.243172307e+02 +7.5122e-01 -9.5387e-01 -6.1440e-01 +1.6575e+00 +5.2588e-02 +1.3723e-01 -3.8353e-01 -5.4159e-01 -3.3491e-03 +9.0739e-01
4 +2.576154450e+02 +2.576154450e+02 +1.997054450e+02 +1.997054450e+02 +9.2306e-01 -5.6045e-01 +4.3788e-01 -5.0156e-02 -6.3805e-01 +3.9169e-01 +1.0446e+00 +3.4706e-01 -1.0777e+00 -5.2774e-01
5 +1.287983188e+02 +1.287983188e+02 +7.088831875e+01 +7.088831875e+01 +5.0786e-01 +1.1367e+00 +2.4995e-01 -3.9172e-01 +8.9193e-01 +2.0976e+00 +5.8445e-01 -1.2419e+00 -1.4420e+00 +3.2228e-01
13 +1.163779101e+02 +1.163779101e+02 +5.846791008e+01 +5.846791008e+01 +2.1588e-01 +8.3660e-01 +9.0257e-01 -7.4937e-01 +4.2324e-01 +2.8272e+00 +2.8224e-01 -1.3144e+00 -1.2529e+00 +8.6527e-01
45 +9.521217660e+01 +9.521217660e+01 +3.730217660e+01 +3.730217660e+01 -8.3494e-01 -1.6730e+00 +1.9041e+00 +9.6222e-02 +1.7706e+00 +3.8015e+00 +1.9188e-01 -2.7275e+00 +9.7346e-01 -1.8748e+00
69 +8.777197735e+01 +8.777197735e+01 +2.986197735e+01 +2.986197735e+01 +3.0223e-01 -3.2032e-01 +1.6636e+00 -7.6382e-01 +1.5097e+00 +2.8592e+00 +1.0690e+00 -1.6538e+00 +1.7104e-01 -8.4253e-01
70 +8.117246384e+01 +8.117246384e+01 +2.326246384e+01 +2.326246384e+01 +1.6225e-01 -1.1746e+00 +1.9787e+00 -2.7538e-01 +1.7570e+00 +2.5508e+00 +5.5964e-01 -1.9732e+00 +3.6156e-01 -1.1207e+00
79 +6.751206517e+01 +6.751206517e+01 +9.602065172e+00 +9.602065172e+00 +7.9551e-01 -6.6979e-01 +1.5917e+00 -1.4465e-01 +1.5902e+00 +3.0421e+00 -1.3569e-03 -2.6651e+00 +5.8339e-01 -8.6117e-01
94 +6.398270766e+01 +6.398270766e+01 +6.072707665e+00 +6.072707665e+00 -4.7857e-02 -1.6449e+00 +1.4012e+00 +1.9677e-01 +1.3840e+00 +3.1585e+00 -4.9183e-01 -2.5631e+00 +5.8919e-01 -1.0469e+00
108 +6.262934552e+01 +6.262934552e+01 +4.719345524e+00 +4.719345524e+00 +4.4103e-01 -1.8240e+00 +1.0087e+00 +8.7858e-02 +6.8965e-01 +2.9985e+00 -6.8817e-01 -2.9796e+00 +4.4605e-01 -7.6156e-01
112 +6.138626990e+01 +6.138626990e+01 +3.476269903e+00 +3.476269903e+00 +7.8821e-02 -1.3498e+00 +1.1348e+00 -3.9415e-02 +2.5537e-01 +2.9436e+00 -3.3825e-01 -2.8531e+00 +6.1456e-01 -4.8602e-01
116 +5.076836635e+01 +5.076836635e+01 -7.141633651e+00 -7.141633651e+00 +3.1163e-01 -1.3587e+00 +1.0409e+00 +3.9608e-01 +9.3394e-01 +3.6512e+00 -1.1793e+00 -3.2691e+00 +5.3487e-01 -7.3664e-01
124 +4.871667164e+01 +4.871667164e+01 -9.193328359e+00 -9.193328359e+00 +4.4560e-01 -1.7062e+00 +6.8054e-01 +5.6271e-01 +9.6813e-01 +4.0858e+00 -1.1752e+00 -3.6235e+00 +1.0497e+00 -9.4921e-01
125 +4.399506037e+01 +4.399506037e+01 -1.391493963e+01 -1.391493963e+01 +3.6922e-01 -1.3566e+00 +3.7978e-01 +4.9513e-01 +5.5132e-01 +3.1817e+00 -6.7577e-01 -2.7833e+00 +4.6486e-01 -1.3701e+00
140 +2.996540545e+01 +2.996540545e+01 -2.794459455e+01 -2.794459455e+01 +9.8854e-01 -1.5191e+00 +5.6033e-01 +1.1182e+00 +7.2725e-01 +3.0299e+00 -4.0614e-01 -3.7242e+00 +1.3749e-01 -1.3827e+00
157 +2.887750895e+01 +2.887750895e+01 -2.903249105e+01 -2.903249105e+01 +9.2290e-01 -1.5387e+00 +6.4728e-01 +1.1354e+00 +6.4183e-01 +3.0825e+00 -7.1678e-01 -3.4853e+00 +1.4086e-01 -1.4016e+00
158 +2.540223858e+01 +2.540223858e+01 -3.250776142e+01 -3.250776142e+01 +9.8363e-01 -8.8366e-01 +8.6103e-01 +1.2123e+00 +7.0712e-01 +3.2844e+00 -9.5074e-01 -3.8270e+00 -1.3046e-01 -1.6003e+00
167 +2.255474617e+01 +2.255474617e+01 -3.535525383e+01 -3.535525383e+01 +1.0267e+00 -3.1009e-01 +5.2520e-01 +1.0827e+00 +8.3251e-01 +3.2083e+00 -1.1562e+00 -3.6333e+00 -4.9129e-01 -1.6923e+00
184 +1.779876541e+01 +1.779876541e+01 -4.011123459e+01 -4.011123459e+01 +1.8969e+00 +7.2504e-01 +3.1235e-01 +1.9301e+00 +1.4501e+00 +3.6642e+00 -1.8917e+00 -5.3506e+00 -8.3491e-01 -2.4280e+00
185 +1.607780615e+01 +1.607780615e+01 -4.183219385e+01 -4.183219385e+01 +1.1715e+00 +6.7495e-02 +4.1257e-01 +1.6544e+00 +9.0573e-01 +3.7470e+00 -1.2418e+00 -4.4937e+00 -4.6108e-01 -2.1159e+00
216 +1.440188745e+01 +1.440188745e+01 -4.350811255e+01 -4.350811255e+01 +1.2908e+00 -4.1467e-02 -1.5774e-01 +1.7722e+00 +1.0644e+00 +3.8251e+00 -9.4930e-01 -4.7201e+00 -3.5435e-01 -1.3896e+00
334 +1.219601254e+01 +1.219601254e+01 -4.571398746e+01 -4.571398746e+01 +1.5287e+00 -5.5482e-01 +1.0421e-01 +1.7982e+00 +9.4545e-01 +3.0812e+00 -1.2857e+00 -4.9160e+00 -4.1883e-01 -1.2294e+00
344 +1.084261476e+01 +1.084261476e+01 -4.706738524e+01 -4.706738524e+01 +1.4652e+00 -9.0792e-01 +5.0822e-01 +2.2720e+00 +1.4145e+00 +3.2349e+00 -1.5963e+00 -5.1056e+00 -2.1692e-01 -1.7442e+00
446 +1.049537619e+01 +1.049537619e+01 -4.741462381e+01 -4.741462381e+01 +2.4711e+00 -1.1442e+00 -5.8501e-01 +2.8271e+00 +1.1537e+00 +2.6669e+00 -1.2470e+00 -4.7806e+00 -3.4141e-01 -1.1415e+00
476 +9.334867928e+00 +9.334867928e+00 -4.857513207e+01 -4.857513207e+01 +1.9992e+00 -7.8140e-01 -4.5817e-01 +2.3871e+00 +1.3386e+00 +2.6848e+00 -1.1703e+00 -4.9199e+00 -5.6637e-02 -8.0480e-01
507 +8.789583806e+00 +8.789583806e+00 -4.912041619e+01 -4.912041619e+01 +1.9093e+00 -8.6865e-01 -4.0778e-01 +2.5851e+00 +1.4430e+00 +2.6333e+00 -1.2864e+00 -4.8597e+00 -1.5151e-01 -9.3953e-01
808 +8.414062230e+00 +8.414062230e+00 -4.949593777e+01 -4.949593777e+01 +2.3431e+00 -9.0921e-01 -6.6452e-02 +2.6400e+00 +1.5120e+00 +2.2927e+00 -1.2693e+00 -4.9259e+00 -3.9846e-01 -1.0813e+00
934 +7.066967976e+00 +7.066967976e+00 -5.084303202e+01 -5.084303202e+01 +2.3254e+00 -9.8800e-01 +1.1500e-01 +2.6704e+00 +1.5164e+00 +2.5074e+00 -1.3434e+00 -4.9263e+00 -4.7471e-01 -8.5080e-01
940 +6.085389338e+00 +6.085389338e+00 -5.182461066e+01 -5.182461066e+01 +2.2596e+00 -9.8784e-01 +1.6322e-02 +2.5991e+00 +1.4879e+00 +2.5737e+00 -1.3474e+00 -4.9108e+00 -4.3081e-01 -8.1456e-01
951 +5.975008549e+00 +5.975008549e+00 -5.193499145e+01 -5.193499145e+01 +2.2359e+00 -9.6186e-01 -1.6029e-03 +2.5944e+00 +1.4660e+00 +2.6201e+00 -1.3490e+00 -4.8746e+00 -4.8459e-01 -7.3708e-01
982 +5.865074033e+00 +5.865074033e+00 -5.204492597e+01 -5.204492597e+01 +2.2761e+00 -9.1998e-01 -2.2129e-02 +2.4941e+00 +1.4332e+00 +2.6949e+00 -1.4917e+00 -4.9331e+00 -4.3801e-01 -6.7552e-01
% function evaluation | noise-free fitness - Fopt (1.027500000000e+02) | best noise-free fitness - Fopt | measured fitness | best measured fitness | x1 | x2...
1 +2.734903205e+02 +2.734903205e+02 +3.762403205e+02 +3.762403205e+02 +0.0000e+00 +0.0000e+00 +0.0000e+00 +0.0000e+00 +0.0000e+00 +0.0000e+00 +0.0000e+00 +0.0000e+00 +0.0000e+00 +0.0000e+00
8 +2.518168634e+02 +2.518168634e+02 +3.545668634e+02 +3.545668634e+02 +8.1368e-01 -1.6445e+00 -9.6148e-01 +1.3985e+00 +1.8203e+00 -1.0755e-01 -3.3987e-01 -7.7571e-01 +1.5387e+00 -3.7216e-01
11 +2.191161029e+02 +2.191161029e+02 +3.218661029e+02 +3.218661029e+02 -9.2464e-02 -1.8867e+00 +3.2612e-01 +3.4259e-01 +8.8873e-01 +1.2182e+00 -1.1592e+00 +2.4669e-01 -7.3517e-01 -5.6828e-01
18 +2.177868384e+02 +2.177868384e+02 +3.205368384e+02 +3.205368384e+02 -3.1604e-02 -3.3133e-01 -2.7202e-01 +5.9946e-01 +4.5457e-01 +1.5767e+00 -1.1608e+00 +2.7856e-01 -3.8852e-01 +5.1770e-01
22 +1.595231371e+02 +1.595231371e+02 +2.622731371e+02 +2.622731371e+02 -1.1504e+00 -4.3089e-01 -1.0549e+00 +1.4481e-01 +2.0627e-01 -1.3278e-01 -2.2913e+00 +1.0957e+00 +1.8652e-01 +1.1495e+00
32 +1.080106970e+02 +1.080106970e+02 +2.107606970e+02 +2.107606970e+02 -1.7433e+00 -1.4096e+00 -1.2626e+00 +1.2365e+00 +1.1826e+00 -2.6892e-01 -3.8671e+00 +2.2304e+00 +5.8055e-01 +1.7748e+00
44 +3.829286289e+01 +3.829286289e+01 +1.410428629e+02 +1.410428629e+02 -2.8268e+00 -2.7826e+00 -6.6923e-01 +1.5475e+00 +2.6879e+00 +7.4816e-01 -4.9847e+00 +2.1306e+00 +1.3729e-01 +2.3115e+00
57 +3.124443469e+01 +3.124443469e+01 +1.339944347e+02 +1.339944347e+02 -1.4984e+00 -3.2825e+00 -1.9722e-01 +5.7745e-01 +2.8696e+00 +1.6675e+00 -4.7947e+00 +2.0525e+00 +1.0066e+00 +1.7569e+00
76 +2.659952582e+01 +2.659952582e+01 +1.293495258e+02 +1.293495258e+02 +3.6157e-02 -2.2009e+00 -6.9925e-01 -4.9229e-01 +3.2684e+00 +8.5273e-01 -3.0220e+00 +1.7912e+00 +5.6859e-01 +3.2785e+00
116 +2.358577316e+01 +2.358577316e+01 +1.263357732e+02 +1.263357732e+02 +4.0797e-01 -2.2365e+00 +4.8014e-02 -2.1337e+00 +3.0265e+00 -1.9102e-01 -2.3853e+00 +1.2920e-01 +7.2350e-01 +3.3107e+00
189 +1.966833606e+01 +1.966833606e+01 +1.224183361e+02 +1.224183361e+02 +4.3128e-02 -7.0438e-01 +1.3274e+00 -2.8056e+00 +2.1515e+00 -1.4964e+00 -2.5353e+00 -9.5052e-02 +6.5601e-01 +3.2261e+00
221 +1.814526725e+01 +1.814526725e+01 +1.208952673e+02 +1.208952673e+02 +2.7340e-01 -1.3422e+00 +2.0702e+00 -2.8855e+00 +2.5965e+00 -9.2852e-01 -2.4462e+00 -1.2135e+00 +1.5695e+00 +2.7332e+00
232 +1.709488420e+01 +1.709488420e+01 +1.198448842e+02 +1.198448842e+02 +1.0001e-01 -2.5038e+00 +2.5826e+00 -3.9868e+00 +2.0179e+00 -8.4459e-01 -3.0936e+00 -1.3166e+00 +1.9714e+00 +2.2623e+00
233 +1.128220673e+01 +1.128220673e+01 +1.140322067e+02 +1.140322067e+02 +3.8915e-01 -2.6689e+00 +1.9494e+00 -3.9694e+00 +2.6187e+00 -9.6597e-01 -3.3916e+00 -5.1930e-01 +1.3950e+00 +2.0806e+00
303 +1.052317230e+01 +1.052317230e+01 +1.132731723e+02 +1.132731723e+02 -1.3199e-01 -5.2299e+00 +2.3221e+00 -2.2844e+00 +3.7845e+00 -1.6506e+00 -3.4813e+00 -2.1057e-01 +2.3711e+00 +2.8685e+00
353 +8.386827734e+00 +8.386827734e+00 +1.111368277e+02 +1.111368277e+02 -9.8747e-01 -4.6907e+00 +2.6900e+00 -1.2998e+00 +3.2242e+00 -1.1471e+00 -3.8966e+00 -5.4617e-02 +2.5183e+00 +2.6047e+00
356 +7.819214769e+00 +7.819214769e+00 +1.105692148e+02 +1.105692148e+02 -7.8978e-01 -3.6289e+00 +2.7186e+00 -2.3447e+00 +3.3794e+00 -8.1155e-01 -3.9536e+00 -3.7718e-02 +1.6673e+00 +2.4202e+00
370 +7.369747764e+00 +7.369747764e+00 +1.101197478e+02 +1.101197478e+02 -4.8283e-01 -3.2488e+00 +2.2088e+00 -2.7585e+00 +3.2034e+00 -6.7365e-01 -3.6287e+00 +2.0955e-01 +1.7976e+00 +2.4201e+00
442 +6.035405971e+00 +6.035405971e+00 +1.087854060e+02 +1.087854060e+02 -8.7218e-01 -3.3808e+00 +2.3939e+00 -2.9968e+00 +3.2615e+00 -9.3762e-01 -4.3424e+00 -2.7661e-01 +1.6193e+00 +2.3997e+00
443 +4.475352906e+00 +4.475352906e+00 +1.072253529e+02 +1.072253529e+02 -9.4659e-01 -3.8385e+00 +2.5605e+00 -2.6817e+00 +3.2399e+00 -7.6539e-01 -4.1720e+00 -3.5398e-01 +1.5548e+00 +2.2198e+00
469 +3.960886196e+00 +3.960886196e+00 +1.067108862e+02 +1.067108862e+02 -1.3120e+00 -3.2481e+00 +2.6351e+00 -2.5081e+00 +2.8460e+00 -6.9660e-01 -4.2509e+00 -4.8136e-01 +1.5970e+00 +2.4441e+00
483 +1.993099313e+00 +1.993099313e+00 +1.047430993e+02 +1.047430993e+02 -1.7318e+00 -3.1325e+00 +2.7599e+00 -2.0961e+00 +2.8752e+00 -9.5959e-01 -4.1967e+00 -3.5038e-01 +2.0133e+00 +2.6767e+00
% function evaluation | noise-free fitness - Fopt (-1.175400000000e+02) | best noise-free fitness - Fopt | measured fitness | best measured fitness | x1 | x2...
1 +4.698910950e+02 +4.698910950e+02 +3.523510950e+02 +3.523510950e+02 +0.0000e+00 +0.0000e+00 +0.0000e+00 +0.0000e+00 +0.0000e+00 +0.0000e+00 +0.0000e+00 +0.0000e+00 +0.0000e+00 +0.0000e+00
7 +4.643192401e+02 +4.643192401e+02 +3.467792401e+02 +3.467792401e+02 -1.7546e+00 -1.0673e+00 -4.2314e-01 +3.4521e-01 +6.4131e-01 -5.3600e-01 +1.0240e+00 +1.4116e-01 +4.3207e-01 -1.0130e+00
14 +3.246018254e+02 +3.246018254e+02 +2.070618254e+02 +2.070618254e+02 -1.1899e+00 -2.9814e+00 -7.5951e-01 -1.5013e+00 +1.4633e-01 +4.3205e-01 +6.9503e-01 +1.0028e+00 -1.4830e+00 -9.6472e-01
16 +2.323522174e+02 +2.323522174e+02 +1.148122174e+02 +1.148122174e+02 -3.1577e+00 -9.8659e-01 -1.0141e+00 -1.7165e-01 +1.0310e+00 -3.7449e-01 +2.1722e+00 +8.8574e-01 +5.1622e-01 -1.3410e+00
27 +1.606586236e+02 +1.606586236e+02 +4.311862357e+01 +4.311862357e+01 -3.0801e+00 +1.1041e-02 +3.4411e-01 -1.1887e+00 -1.3118e+00 +3.4081e-01 +6.6360e-01 +8.6833e-01 +1.1879e+00 -1.0949e+00
32 +9.211797238e+01 +9.211797238e+01 -2.542202762e+01 -2.542202762e+01 -2.2331e+00 -2.6018e-02 +3.5619e-01 -1.0132e+00 -4.8103e-01 +1.2100e+00 +1.0717e+00 +7.4416e-01 -7.8648e-01 -1.5654e+00
42 +6.262575267e+01 +6.262575267e+01 -5.491424733e+01 -5.491424733e+01 -1.6439e+00 +8.7750e-01 +3.0368e-01 -1.5286e+00 +7.5618e-02 +1.4301e+00 +1.2541e+00 +1.5904e+00 -1.9024e+00 -2.6180e+00
68 +5.247135979e+01 +5.247135979e+01 -6.506864021e+01 -6.506864021e+01 -1.8692e+00 -1.2964e-01 +1.0748e+00 -9.5516e-01 -1.0393e+00 +1.7374e+00 +1.0675e+00 +2.3845e+00 -1.7096e+00 -3.0605e+00
71 +4.314756697e+01 +4.314756697e+01 -7.439243303e+01 -7.439243303e+01 -1.8129e+00 +7.5797e-01 -1.4277e-02 -9.1155e-01 +1.0490e+00 +1.7164e+00 +7.6119e-01 +3.3875e+00 -1.5840e+00 -3.2072e+00
78 +2.906677897e+01 +2.906677897e+01 -8.847322103e+01 -8.847322103e+01 -2.0698e+00 +9.2711e-01 -1.0076e-01 -8.7839e-01 +1.0526e+00 +1.6779e+00 +1.0188e+00 +3.7192e+00 -9.3881e-01 -3.4372e+00
94 +2.715156561e+01 +2.715156561e+01 -9.038843439e+01 -9.038843439e+01 -2.1762e+00 +8.1258e-02 -1.3944e+00 -6.3914e-01 -2.6955e-01 +1.2390e+00 +2.8675e-01 +3.2664e+00 -1.6538e+00 -2.7831e+00
95 +2.669409776e+01 +2.669409776e+01 -9.084590224e+01 -9.084590224e+01 -2.8824e+00 +1.4695e+00 -2.5914e-01 -1.6188e+00 +1.4181e-01 +9.3646e-01 +1.4458e+00 +2.4474e+00 -9.9690e-01 -2.9615e+00
202 +1.772787029e+01 +1.772787029e+01 -9.981212971e+01 -9.981212971e+01 -1.8545e+00 -1.1694e-01 -1.6776e+00 -1.2243e+00 -6.2981e-01 +1.4245e+00 +5.9059e-01 +4.1574e+00 -3.0186e-01 -3.2523e+00
213 +1.657313079e+01 +1.657313079e+01 -1.009668692e+02 -1.009668692e+02 -1.3274e+00 +4.4110e-02 -1.1062e+00 -1.4597e-01 -4.0584e-01 +2.4046e+00 +3.7812e-01 +4.9340e+00 -1.7525e-01 -2.2870e+00
393 +1.510797759e+01 +1.510797759e+01 -1.024320224e+02 -1.024320224e+02 -1.9458e+00 -3.8463e-01 +2.5640e-01 -1.3257e+00 -4.5034e-01 +2.6867e+00 +2.3302e+00 +3.1964e+00 +9.0744e-01 -1.9937e+00
415 +1.418249065e+01 +1.418249065e+01 -1.033575093e+02 -1.033575093e+02 -1.8483e+00 +5.5573e-02 -1.1315e-02 -1.7065e+00 +3.5323e-01 +1.8398e+00 +2.2235e+00 +2.8812e+00 +1.2372e+00 -2.2025e+00
417 +1.304306612e+01 +1.304306612e+01 -1.044969339e+02 -1.044969339e+02 -2.1866e+00 +1.3719e-01 -1.4244e-01 -1.1390e+00 +2.5856e-01 +1.8951e+00 +1.7535e+00 +2.7377e+00 +8.0268e-01 -2.0403e+00
475 +1.256295758e+01 +1.256295758e+01 -1.049770424e+02 -1.049770424e+02 -2.4067e+00 +4.7895e-01 +1.4521e-01 -1.8753e+00 +5.3502e-01 +2.3876e+00 +2.1471e+00 +3.0461e+00 +1.8296e+00 -2.6408e+00
502 +7.877739720e+00 +7.877739720e+00 -1.096622603e+02 -1.096622603e+02 -1.8642e+00 +5.0167e-01 -4.1229e-01 -1.8042e+00 +3.1101e-01 +1.9219e+00 +1.7641e+00 +2.7463e+00 +1.3258e+00 -2.0887e+00
529 +5.170003026e+00 +5.170003026e+00 -1.123699970e+02 -1.123699970e+02 -1.6935e+00 +6.4630e-01 -8.5389e-01 -1.5202e+00 +4.1694e-01 +1.8997e+00 +1.8224e+00 +2.8795e+00 +1.5552e+00 -2.3344e+00
572 +3.645543971e+00 +3.645543971e+00 -1.138944560e+02 -1.138944560e+02 -1.3686e+00 +9.2286e-01 -8.8892e-01 -2.4299e+00 -4.9553e-02 +1.8397e+00 +2.1430e+00 +2.9366e+00 +2.3363e+00 -2.5043e+00
718 +3.532999332e+00 +3.532999332e+00 -1.140070007e+02 -1.140070007e+02 -1.3255e+00 +5.6629e-01 -1.0189e+00 -2.2631e+00 -3.3689e-02 +1.8801e+00 +2.1986e+00 +2.8279e+00 +2.2509e+00 -2.5358e+00
815 +2.171751244e+00 +2.171751244e+00 -1.153682488e+02 -1.153682488e+02 -1.1739e+00 +7.0650e-01 -1.0979e+00 -2.3814e+00 +2.7474e-02 +1.8029e+00 +2.1310e+00 +2.7714e+00 +2.5968e+00 -2.4171e+00
854 +1.948144590e+00 +1.948144590e+00 -1.155918554e+02 -1.155918554e+02 -1.2037e+00 +7.2181e-01 -8.3179e-01 -2.3765e+00 +6.4045e-02 +1.9799e+00 +2.2792e+00 +2.8784e+00 +2.5853e+00 -2.4628e+00
870 +1.650350814e+00 +1.650350814e+00 -1.158896492e+02 -1.158896492e+02 -1.1523e+00 +7.8993e-01 -7.0165e-01 -2.4091e+00 +4.0860e-02 +2.1078e+00 +2.3778e+00 +3.0303e+00 +2.6580e+00 -2.4710e+00
879 +1.507041726e+00 +1.507041726e+00 -1.160329583e+02 -1.160329583e+02 -1.1638e+00 +8.7219e-01 -6.8711e-01 -2.4628e+00 +5.2978e-02 +2.1641e+00 +2.3440e+00 +3.1488e+00 +2.7541e+00 -2.6041e+00
915 +1.470906255e+00 +1.470906255e+00 -1.160690937e+02 -1.160690937e+02 -1.2038e+00 +8.0725e-01 -7.5418e-01 -2.4420e+00 +1.6856e-01 +2.0546e+00 +2.4028e+00 +3.2816e+00 +2.6795e+00 -2.6327e+00
922 +1.405028829e+00 +1.405028829e+00 -1.161349712e+02 -1.161349712e+02 -1.2043e+00 +8.8940e-01 -6.3942e-01 -2.4855e+00 +1.2120e-01 +1.9969e+00 +2.3301e+00 +3.3704e+00 +2.8837e+00 -2.6197e+00
1178 +1.231621893e+00 +1.231621893e+00 -1.163083781e+02 -1.163083781e+02 -1.1979e+00 +8.5733e-01 -5.5244e-01 -2.5211e+00 +2.3405e-02 +2.0054e+00 +2.2959e+00 +3.3643e+00 +2.7353e+00 -2.5703e+00
1229 +1.214712745e+00 +1.214712745e+00 -1.163252873e+02 -1.163252873e+02 -1.1628e+00 +9.1452e-01 -5.2227e-01 -2.5269e+00 -2.8504e-03 +1.9347e+00 +2.3532e+00 +3.3241e+00 +2.7418e+00 -2.5812e+00
1237 +1.188479311e+00 +1.188479311e+00 -1.163515207e+02 -1.163515207e+02 -1.1832e+00 +8.9724e-01 -4.8898e-01 -2.5200e+00 +2.7039e-02 +1.9327e+00 +2.3320e+00 +3.3109e+00 +2.7462e+00 -2.5729e+00
% function evaluation | noise-free fitness - Fopt (-4.974800000000e+02) | best noise-free fitness - Fopt | measured fitness | best measured fitness | x1 | x2...
1 +5.485274685e+02 +5.485274685e+02 +5.104746849e+01 +5.104746849e+01 +0.0000e+00 +0.0000e+00 +0.0000e+00 +0.0000e+00 +0.0000e+00 +0.0000e+00 +0.0000e+00 +0.0000e+00 +0.0000e+00 +0.0000e+00
4 +2.083405573e+02 +2.083405573e+02 -2.891394427e+02 -2.891394427e+02 +9.1608e-01 -1.3327e+00 -1.2432e+00 -9.0714e-03 -3.7070e-01 +3.0059e-01 +3.3022e-02 +5.4762e-01 +1.1144e+00 +2.3852e+00
20 +1.925163714e+02 +1.925163714e+02 -3.049636286e+02 -3.049636286e+02 -6.6406e-01 -1.5160e+00 -2.1567e+00 -2.4124e-01 -1.2651e-01 +1.7755e+00 -7.1341e-02 +6.4278e-01 +3.8643e+00 +2.9788e+00
24 +1.876729847e+02 +1.876729847e+02 -3.098070153e+02 -3.098070153e+02 -1.1090e+00 -5.2616e-01 -1.0095e+00 -8.0053e-01 +7.9688e-01 +6.5417e-01 +9.0352e-01 +1.7672e+00 +2.2799e+00 +2.4721e-01
37 +1.701327195e+02 +1.701327195e+02 -3.273472805e+02 -3.273472805e+02 -5.5447e-02 -8.8430e-01 -2.7520e+00 -1.9518e-01 +1.1537e+00 +1.0232e+00 -1.1361e+00 +2.0226e+00 +2.5021e+00 +8.8751e-01
39 +1.024629693e+02 +1.024629693e+02 -3.950170307e+02 -3.950170307e+02 -1.3283e+00 -1.9505e+00 -1.4233e+00 -8.5459e-01 +1.4860e+00 +6.0929e-01 +1.1699e+00 +2.4648e+00 +3.0455e+00 +3.1732e-01
64 +7.044751335e+01 +7.044751335e+01 -4.270324866e+02 -4.270324866e+02 -4.7775e+00 -3.1762e+00 -2.0797e+00 -2.0324e+00 +1.2459e+00 +2.0683e+00 +7.1188e-01 +9.8102e-01 +3.3287e+00 -2.5260e+00
94 +6.531921150e+01 +6.531921150e+01 -4.321607885e+02 -4.321607885e+02 -5.5758e+00 -2.8513e+00 -2.5588e+00 -1.2472e+00 -8.8196e-01 +3.1121e+00 -2.8519e-01 +3.0403e+00 +2.1589e+00 -4.8106e+00
99 +5.276382253e+01 +5.276382253e+01 -4.447161775e+02 -4.447161775e+02 -3.0189e+00 -4.8648e+00 -3.0426e+00 -2.2783e+00 -1.8021e+00 +4.5006e+00 +5.3357e-02 +4.5964e+00 +2.3607e+00 -3.1458e+00
123 +3.725478101e+01 +3.725478101e+01 -4.602252190e+02 -4.602252190e+02 -5.5238e+00 -5.3157e+00 -1.7965e+00 -9.0834e-01 +4.7828e-01 +2.4665e+00 +8.5612e-01 +3.0252e+00 +2.3878e+00 -3.4574e+00
144 +2.743659642e+01 +2.743659642e+01 -4.700434036e+02 -4.700434036e+02 -5.0648e+00 -2.9335e+00 -2.0696e+00 -1.2292e+00 -7.4414e-01 +2.7454e+00 -4.4916e-01 +2.6496e+00 +1.9242e+00 -2.0610e+00
184 +2.092080125e+01 +2.092080125e+01 -4.765591988e+02 -4.765591988e+02 -6.6485e+00 -3.5088e+00 -1.9774e+00 -1.9943e+00 -1.3515e-01 +3.3231e+00 +8.3403e-01 +1.8765e+00 +2.2732e+00 -1.8382e+00
203 +1.401684340e+01 +1.401684340e+01 -4.834631566e+02 -4.834631566e+02 -5.4523e+00 -3.9586e+00 -1.5912e+00 -1.9778e+00 -4.0994e-02 +3.7124e+00 +5.4198e-01 +3.3044e+00 +2.2994e+00 -2.3602e+00
316 +1.366079821e+01 +1.366079821e+01 -4.838192018e+02 -4.838192018e+02 -4.9496e+00 -4.1767e+00 -1.7151e+00 -2.1238e+00 -1.1999e-01 +2.7970e+00 +2.1535e-01 +2.2977e+00 +2.8245e+00 -2.1269e+00
333 +1.233560703e+01 +1.233560703e+01 -4.851443930e+02 -4.851443930e+02 -5.1482e+00 -4.4148e+00 -1.5594e+00 -2.2702e+00 -2.7944e-01 +2.8658e+00 -2.4231e-02 +2.4344e+00 +2.1422e+00 -2.3082e+00
353 +1.198561411e+01 +1.198561411e+01 -4.854943859e+02 -4.854943859e+02 -5.0235e+00 -4.1175e+00 -1.7463e+00 -2.2871e+00 +1.1568e-01 +3.0695e+00 -6.3495e-02 +2.5366e+00 +2.2772e+00 -2.1282e+00
379 +9.208986714e+00 +9.208986714e+00 -4.882710133e+02 -4.882710133e+02 -5.1481e+00 -3.8426e+00 -1.6106e+00 -2.4614e+00 -9.5872e-03 +3.0551e+00 -2.5225e-01 +2.2935e+00 +2.3892e+00 -1.8935e+00
383 +6.727456969e+00 +6.727456969e+00 -4.907525430e+02 -4.907525430e+02 -5.4418e+00 -3.8418e+00 -1.7073e+00 -2.3074e+00 -1.8395e-01 +3.0751e+00 -1.9804e-01 +2.3939e+00 +2.4981e+00 -1.8368e+00
403 +6.441815716e+00 +6.441815716e+00 -4.910381843e+02 -4.910381843e+02 -5.1932e+00 -3.8910e+00 -1.5720e+00 -2.3117e+00 -2.9961e-02 +2.9401e+00 +3.7587e-02 +2.5806e+00 +2.5450e+00 -1.6448e+00
412 +5.937230378e+00 +5.937230378e+00 -4.915427696e+02 -4.915427696e+02 -5.2041e+00 -3.6970e+00 -1.6038e+00 -2.3654e+00 -1.0886e-01 +3.1226e+00 +9.4734e-02 +2.6448e+00 +2.4392e+00 -1.7024e+00
424 +5.873390716e+00 +5.873390716e+00 -4.916066093e+02 -4.916066093e+02 -5.1684e+00 -3.6264e+00 -1.6809e+00 -2.4565e+00 -1.1791e-01 +3.2227e+00 +1.2871e-01 +2.5683e+00 +2.5140e+00 -1.6324e+00
494 +5.749438734e+00 +5.749438734e+00 -4.917305613e+02 -4.917305613e+02 -4.9349e+00 -3.8808e+00 -1.5850e+00 -2.3381e+00 -3.6434e-03 +3.1754e+00 -5.2992e-02 +2.5451e+00 +1.9498e+00 -1.2154e+00
497 +4.935322811e+00 +4.935322811e+00 -4.925446772e+02 -4.925446772e+02 -5.0329e+00 -3.8804e+00 -1.5431e+00 -2.3665e+00 +4.6120e-02 +3.0754e+00 +8.1571e-02 +2.5409e+00 +2.0451e+00 -1.1409e+00
628 +4.744422891e+00 +4.744422891e+00 -4.927355771e+02 -4.927355771e+02 -4.5812e+00 -3.3590e+00 -1.1963e+00 -2.6243e+00 +4.5850e-01 +3.3150e+00 +2.1271e-01 +2.2551e+00 +2.1705e+00 -9.9349e-01
637 +4.140063888e+00 +4.140063888e+00 -4.933399361e+02 -4.933399361e+02 -4.7274e+00 -3.3326e+00 -1.2885e+00 -2.7168e+00 +4.3830e-01 +3.4540e+00 +3.1321e-01 +2.1266e+00 +2.1171e+00 -1.0364e+00
661 +3.841669900e+00 +3.841669900e+00 -4.936383301e+02 -4.936383301e+02 -4.5577e+00 -3.4993e+00 -1.2639e+00 -2.6986e+00 +5.2913e-01 +3.6921e+00 +3.5890e-01 +2.1800e+00 +1.9147e+00 -7.1993e-01
678 +3.791785120e+00 +3.791785120e+00 -4.936882149e+02 -4.936882149e+02 -4.6759e+00 -3.6018e+00 -1.2080e+00 -2.9756e+00 +4.3930e-01 +3.7397e+00 +3.5454e-01 +2.2461e+00 +1.8421e+00 -5.5609e-01
700 +3.443991924e+00 +3.443991924e+00 -4.940360081e+02 -4.940360081e+02 -4.6904e+00 -3.4938e+00 -1.0851e+00 -2.9370e+00 +2.5733e-01 +3.7960e+00 +1.1355e-01 +2.0350e+00 +1.8114e+00 -9.7840e-01
702 +3.177308844e+00 +3.177308844e+00 -4.943026912e+02 -4.943026912e+02 -4.8540e+00 -3.4696e+00 -1.0791e+00 -2.8670e+00 +3.6782e-01 +3.9015e+00 +1.9742e-01 +1.9970e+00 +1.7770e+00 -9.0078e-01
708 +3.015238707e+00 +3.015238707e+00 -4.944647613e+02 -4.944647613e+02 -4.7756e+00 -3.4562e+00 -1.0554e+00 -3.0357e+00 +4.5083e-01 +3.6779e+00 +1.0955e-01 +1.9438e+00 +1.8321e+00 -6.8200e-01
718 +2.478872977e+00 +2.478872977e+00 -4.950011270e+02 -4.950011270e+02 -4.7422e+00 -3.5397e+00 -1.0163e+00 -3.0361e+00 +5.3695e-01 +3.6551e+00 +1.3796e-01 +1.9799e+00 +1.7514e+00 -8.8560e-01
729 +2.399595514e+00 +2.399595514e+00 -4.950804045e+02 -4.950804045e+02 -4.6980e+00 -3.4444e+00 -1.0669e+00 -2.9059e+00 +3.5128e-01 +3.6384e+00 +1.9366e-01 +2.0051e+00 +1.6522e+00 -7.8219e-01
750 +2.285380717e+00 +2.285380717e+00 -4.951946193e+02 -4.951946193e+02 -4.6539e+00 -3.0829e+00 -9.6213e-01 -2.8820e+00 +4.6401e-01 +3.7057e+00 +1.8593e-01 +1.8912e+00 +1.6685e+00 -7.3528e-01
