% function evaluation | noise-free fitness - Fopt (3.590000000000e+01) | best noise-free fitness - Fopt | measured fitness | best measured fitness | x1 | x2...
1 +2.283102266e+05 +2.283102266e+05 +2.283461266e+05 +2.283461266e+05 +0.0000e+00 +0.0000e+00
2 +6.458689237e+04 +6.458689237e+04 +6.462279237e+04 +6.462279237e+04 +1.0502e+00 +1.5182e+00
5 +6.357090228e+04 +6.357090228e+04 +6.360680228e+04 +6.360680228e+04 +1.2003e+00 +1.1719e+00
6 +6.206584305e+04 +6.206584305e+04 +6.210174305e+04 +6.210174305e+04 +1.8483e+00 -3.8203e-01
17 +2.369342254e+03 +2.369342254e+03 +2.405242254e+03 +2.405242254e+03 +2.7667e+00 +2.0330e+00
30 +1.228794919e+01 +1.228794919e+01 +4.818794919e+01 +4.818794919e+01 +4.0862e+00 +1.0929e+00
39 +1.495081728e+00 +1.495081728e+00 +3.739508173e+01 +3.739508173e+01 +3.3456e+00 +5.2992e-01
44 +1.251450616e+00 +1.251450616e+00 +3.715145062e+01 +3.715145062e+01 +3.1573e+00 +1.0602e+00
122 +6.458519538e-01 +6.458519538e-01 +3.654585195e+01 +3.654585195e+01 +3.0813e+00 +9.3096e-01
131 +5.716975719e-01 +5.716975719e-01 +3.647169757e+01 +3.647169757e+01 +3.1021e+00 +6.3429e-01
133 +4.476228176e-01 +4.476228176e-01 +3.634762282e+01 +3.634762282e+01 +3.0740e+00 +7.2993e-01
147 +1.411694448e-01 +1.411694448e-01 +3.604116944e+01 +3.604116944e+01 +2.9111e+00 +8.2533e-01
154 +1.092414258e-01 +1.092414258e-01 +3.600924143e+01 +3.600924143e+01 +2.8902e+00 +8.4535e-01
155 +1.047410933e-01 +1.047410933e-01 +3.600474109e+01 +3.600474109e+01 +2.8891e+00 +8.4927e-01
204 +7.945604212e-02 +7.945604212e-02 +3.597945604e+01 +3.597945604e+01 +2.8505e+00 +1.1472e+00
275 +1.594066679e-02 +1.594066679e-02 +3.591594067e+01 +3.591594067e+01 +2.8261e+00 +1.0546e+00
325 +1.309932561e-02 +1.309932561e-02 +3.591309933e+01 +3.591309933e+01 +2.8208e+00 +1.0668e+00
332 +8.212780069e-03 +8.212780069e-03 +3.590821278e+01 +3.590821278e+01 +2.8091e+00 +1.0567e+00
375 +1.433658012e-03 +1.433658012e-03 +3.590143366e+01 +3.590143366e+01 +2.7931e+00 +1.1016e+00
418 +8.271774260e-04 +8.271774260e-04 +3.590082718e+01 +3.590082718e+01 +2.7900e+00 +1.1033e+00
426 +5.134023936e-04 +5.134023936e-04 +3.590051340e+01 +3.590051340e+01 +2.7878e+00 +1.1090e+00
434 +4.757851035e-04 +4.757851035e-04 +3.590047579e+01 +3.590047579e+01 +2.7875e+00 +1.1071e+00
473 +1.636199968e-04 +1.636199968e-04 +3.590016362e+01 +3.590016362e+01 +2.7852e+00 +1.1096e+00
480 +1.565505164e-04 +1.565505164e-04 +3.590015655e+01 +3.590015655e+01 +2.7848e+00 +1.1113e+00
487 +1.407299946e-04 +1.407299946e-04 +3.590014073e+01 +3.590014073e+01 +2.7845e+00 +1.1074e+00
504 +7.762087368e-05 +7.762087368e-05 +3.590007762e+01 +3.590007762e+01 +2.7830e+00 +1.1145e+00
505 +2.779800502e-05 +2.779800502e-05 +3.590002780e+01 +3.590002780e+01 +2.7824e+00 +1.1139e+00
532 +8.823118741e-06 +8.823118741e-06 +3.590000882e+01 +3.590000882e+01 +2.7823e+00 +1.1129e+00
558 +3.224686509e-06 +3.224686509e-06 +3.590000322e+01 +3.590000322e+01 +2.7820e+00 +1.1129e+00
591 +9.525338882e-07 +9.525338882e-07 +3.590000095e+01 +3.590000095e+01 +2.7818e+00 +1.1132e+00
601 +9.016230038e-07 +9.016230038e-07 +3.590000090e+01 +3.590000090e+01 +2.7818e+00 +1.1132e+00
673 +4.831653655e-07 +4.831653655e-07 +3.590000048e+01 +3.590000048e+01 +2.7817e+00 +1.1134e+00
681 +3.035002152e-07 +3.035002152e-07 +3.590000030e+01 +3.590000030e+01 +2.7817e+00 +1.1134e+00
702 +1.302639916e-07 +1.302639916e-07 +3.590000013e+01 +3.590000013e+01 +2.7816e+00 +1.1136e+00
755 +8.276238361e-09 +8.276238361e-09 +3.590000001e+01 +3.590000001e+01 +2.7816e+00 +1.1136e+00
1371 +0.000000000e+00 +0.000000000e+00 +3.590000000e+01 +3.590000000e+01 +2.7816e+00 +1.1136e+00
% function evaluation | noise-free fitness - Fopt (3.137000000000e+01) | best noise-free fitness - Fopt | measured fitness | best measured fitness | x1 | x2...
1 +1.213706503e+04 +1.213706503e+04 +1.216843503e+04 +1.216843503e+04 +0.0000e+00 +0.0000e+00
5 +8.437419832e+03 +8.437419832e+03 +8.468789832e+03 +8.468789832e+03 -5.5013e-01 +8.8973e-01
9 +7.419291249e+03 +7.419291249e+03 +7.450661249e+03 +7.450661249e+03 -1.6329e-01 +4.5650e-01
11 +1.916425187e+03 +1.916425187e+03 +1.947795187e+03 +1.947795187e+03 +7.8196e-01 +8.9175e-01
13 +8.709629965e+02 +8.709629965e+02 +9.023329965e+02 +9.023329965e+02 +1.0604e+00 +1.0085e+00
15 +6.638159904e+02 +6.638159904e+02 +6.951859904e+02 +6.951859904e+02 +1.2432e+00 +1.0073e+00
18 +4.526052100e+00 +4.526052100e+00 +3.589605210e+01 +3.589605210e+01 +4.8007e-01 +1.7332e+00
24 +1.135531438e+00 +1.135531438e+00 +3.250553144e+01 +3.250553144e+01 -1.3508e-01 +2.6968e+00
49 +7.332180607e-01 +7.332180607e-01 +3.210321806e+01 +3.210321806e+01 -2.7464e-01 +2.7159e+00
79 +4.763522802e-01 +4.763522802e-01 +3.184635228e+01 +3.184635228e+01 -1.9337e-01 +2.4385e+00
82 +3.144467575e-01 +3.144467575e-01 +3.168444676e+01 +3.168444676e+01 -2.7108e-01 +2.3955e+00
101 +2.512067522e-01 +2.512067522e-01 +3.162120675e+01 +3.162120675e+01 -2.1779e-01 +2.2667e+00
107 +2.002404626e-01 +2.002404626e-01 +3.157024046e+01 +3.157024046e+01 -1.5579e-01 +2.0035e+00
118 +1.557358030e-02 +1.557358030e-02 +3.138557358e+01 +3.138557358e+01 -2.6576e-01 +1.9843e+00
188 +5.409323729e-03 +5.409323729e-03 +3.137540932e+01 +3.137540932e+01 -2.5541e-01 +1.9093e+00
207 +2.534394806e-03 +2.534394806e-03 +3.137253439e+01 +3.137253439e+01 -2.6191e-01 +1.9085e+00
225 +1.520724805e-03 +1.520724805e-03 +3.137152072e+01 +3.137152072e+01 -2.6370e-01 +1.9009e+00
240 +7.831642524e-04 +7.831642524e-04 +3.137078316e+01 +3.137078316e+01 -2.7069e-01 +1.9130e+00
242 +5.180549950e-04 +5.180549950e-04 +3.137051805e+01 +3.137051805e+01 -2.7201e-01 +1.9114e+00
276 +5.093641778e-04 +5.093641778e-04 +3.137050936e+01 +3.137050936e+01 -2.7027e-01 +1.9086e+00
296 +3.750045952e-04 +3.750045952e-04 +3.137037500e+01 +3.137037500e+01 -2.7051e-01 +1.9067e+00
299 +2.925378530e-04 +2.925378530e-04 +3.137029254e+01 +3.137029254e+01 -2.6906e-01 +1.9012e+00
311 +2.288384337e-04 +2.288384337e-04 +3.137022884e+01 +3.137022884e+01 -2.7008e-01 +1.9020e+00
317 +9.549673742e-05 +9.549673742e-05 +3.137009550e+01 +3.137009550e+01 -2.7076e-01 +1.9001e+00
333 +4.305530328e-05 +4.305530328e-05 +3.137004306e+01 +3.137004306e+01 -2.7169e-01 +1.9000e+00
341 +1.083473901e-06 +1.083473901e-06 +3.137000108e+01 +3.137000108e+01 -2.7184e-01 +1.8967e+00
492 +9.716118008e-07 +9.716118008e-07 +3.137000097e+01 +3.137000097e+01 -2.7185e-01 +1.8968e+00
504 +9.270337813e-07 +9.270337813e-07 +3.137000093e+01 +3.137000093e+01 -2.7192e-01 +1.8971e+00
556 +4.938201812e-07 +4.938201812e-07 +3.137000049e+01 +3.137000049e+01 -2.7198e-01 +1.8971e+00
566 +2.500219125e-07 +2.500219125e-07 +3.137000025e+01 +3.137000025e+01 -2.7197e-01 +1.8970e+00
587 +1.903202431e-07 +1.903202431e-07 +3.137000019e+01 +3.137000019e+01 -2.7195e-01 +1.8969e+00
590 +8.594093970e-08 +8.594093970e-08 +3.137000009e+01 +3.137000009e+01 -2.7197e-01 +1.8968e+00
595 +2.050796866e-08 +2.050796866e-08 +3.137000002e+01 +3.137000002e+01 -2.7199e-01 +1.8968e+00
729 +1.055576604e-08 +1.055576604e-08 +3.137000001e+01 +3.137000001e+01 -2.7199e-01 +1.8968e+00
837 +1.606064615e-09 +1.606064615e-09 +3.137000000e+01 +3.137000000e+01 -2.7200e-01 +1.8968e+00
1401 +0.000000000e+00 +0.000000000e+00 +3.137000000e+01 +3.137000000e+01 -2.7200e-01 +1.8968e+00
% function evaluation | noise-free fitness - Fopt (-1.000000000000e+03) | best noise-free fitness - Fopt | measured fitness | best measured fitness | x1 | x2...
1 +6.117604822e+04 +6.117604822e+04 +6.017604822e+04 +6.017604822e+04 +0.0000e+00 +0.0000e+00
2 +3.544371024e+04 +3.544371024e+04 +3.444371024e+04 +3.444371024e+04 +5.8519e-01 +4.9637e-01
4 +3.110774433e+04 +3.110774433e+04 +3.010774433e+04 +3.010774433e+04 -4.6688e-01 -1.7858e+00
10 +5.018595899e+03 +5.018595899e+03 +4.018595899e+03 +4.018595899e+03 +8.8811e-01 -5.8332e-01
20 +1.410894368e+01 +1.410894368e+01 -9.858910563e+02 -9.858910563e+02 +2.0475e+00 -1.3644e-01
24 +3.845935786e+00 +3.845935786e+00 -9.961540642e+02 -9.961540642e+02 +8.2843e-01 -1.6613e+00
48 +3.608957413e-01 +3.608957413e-01 -9.996391043e+02 -9.996391043e+02 -3.3852e-02 -3.4233e+00
119 +2.108875393e-01 +2.108875393e-01 -9.997891125e+02 -9.997891125e+02 +5.8268e-03 -3.1689e+00
128 +2.083143856e-01 +2.083143856e-01 -9.997916856e+02 -9.997916856e+02 +1.9062e-02 -3.0517e+00
193 +1.554454548e-01 +1.554454548e-01 -9.998445545e+02 -9.998445545e+02 -1.7979e-02 -3.0288e+00
195 +1.541940099e-01 +1.541940099e-01 -9.998458060e+02 -9.998458060e+02 -1.0504e-02 -3.0777e+00
208 +9.149969700e-02 +9.149969700e-02 -9.999085003e+02 -9.999085003e+02 -6.5971e-02 -3.2482e+00
212 +2.454207201e-03 +2.454207201e-03 -9.999975458e+02 -9.999975458e+02 -1.6913e-01 -3.3087e+00
261 +2.380552701e-03 +2.380552701e-03 -9.999976194e+02 -9.999976194e+02 -1.7141e-01 -3.3198e+00
288 +2.319951668e-03 +2.319951668e-03 -9.999976800e+02 -9.999976800e+02 -1.7100e-01 -3.3170e+00
296 +1.843622484e-03 +1.843622484e-03 -9.999981564e+02 -9.999981564e+02 -1.7158e-01 -3.3095e+00
328 +1.309707492e-03 +1.309707492e-03 -9.999986903e+02 -9.999986903e+02 -1.7419e-01 -3.3119e+00
348 +1.081185075e-03 +1.081185075e-03 -9.999989188e+02 -9.999989188e+02 -1.7561e-01 -3.3123e+00
355 +1.022362008e-03 +1.022362008e-03 -9.999989776e+02 -9.999989776e+02 -1.7607e-01 -3.3123e+00
365 +9.763561634e-04 +9.763561634e-04 -9.999990236e+02 -9.999990236e+02 -1.7625e-01 -3.3132e+00
397 +9.043963673e-04 +9.043963673e-04 -9.999990956e+02 -9.999990956e+02 -1.7699e-01 -3.3136e+00
408 +7.683760433e-04 +7.683760433e-04 -9.999992316e+02 -9.999992316e+02 -1.7759e-01 -3.3160e+00
413 +7.250130254e-04 +7.250130254e-04 -9.999992750e+02 -9.999992750e+02 -1.7760e-01 -3.3183e+00
420 +5.202741977e-04 +5.202741977e-04 -9.999994797e+02 -9.999994797e+02 -1.7928e-01 -3.3175e+00
423 +5.055326718e-04 +5.055326718e-04 -9.999994945e+02 -9.999994945e+02 -1.7941e-01 -3.3189e+00
437 +4.958621577e-04 +4.958621577e-04 -9.999995041e+02 -9.999995041e+02 -1.7949e-01 -3.3202e+00
440 +2.726510204e-04 +2.726510204e-04 -9.999997273e+02 -9.999997273e+02 -1.8122e-01 -3.3223e+00
443 +1.756397801e-04 +1.756397801e-04 -9.999998244e+02 -9.999998244e+02 -1.8230e-01 -3.3241e+00
451 +7.527730713e-05 +7.527730713e-05 -9.999999247e+02 -9.999999247e+02 -1.8400e-01 -3.3261e+00
477 +7.333956535e-05 +7.333956535e-05 -9.999999267e+02 -9.999999267e+02 -1.8404e-01 -3.3282e+00
480 +2.996983198e-05 +2.996983198e-05 -9.999999700e+02 -9.999999700e+02 -1.8491e-01 -3.3279e+00
487 +7.896093393e-06 +7.896093393e-06 -9.999999921e+02 -9.999999921e+02 -1.8579e-01 -3.3301e+00
488 +7.511362583e-06 +7.511362583e-06 -9.999999925e+02 -9.999999925e+02 -1.8596e-01 -3.3305e+00
498 +5.377465982e-06 +5.377465982e-06 -9.999999946e+02 -9.999999946e+02 -1.8582e-01 -3.3296e+00
518 +4.021279096e-06 +4.021279096e-06 -9.999999960e+02 -9.999999960e+02 -1.8617e-01 -3.3307e+00
519 +2.063979196e-06 +2.063979196e-06 -9.999999979e+02 -9.999999979e+02 -1.8606e-01 -3.3300e+00
581 +1.952269599e-06 +1.952269599e-06 -9.999999980e+02 -9.999999980e+02 -1.8607e-01 -3.3301e+00
637 +9.146783668e-07 +9.146783668e-07 -9.999999991e+02 -9.999999991e+02 -1.8619e-01 -3.3300e+00
709 +6.657820677e-07 +6.657820677e-07 -9.999999993e+02 -9.999999993e+02 -1.8622e-01 -3.3301e+00
746 +5.946927786e-07 +5.946927786e-07 -9.999999994e+02 -9.999999994e+02 -1.8623e-01 -3.3301e+00
750 +3.405731377e-07 +3.405731377e-07 -9.999999997e+02 -9.999999997e+02 -1.8628e-01 -3.3303e+00
753 +1.899260269e-07 +1.899260269e-07 -9.999999998e+02 -9.999999998e+02 -1.8634e-01 -3.3304e+00
782 +9.487143871e-08 +9.487143871e-08 -9.999999999e+02 -9.999999999e+02 -1.8634e-01 -3.3303e+00
789 +2.314470748e-08 +2.314470748e-08 -1.000000000e+03 -1.000000000e+03 -1.8638e-01 -3.3304e+00
828 +5.888978194e-09 +5.888978194e-09 -1.000000000e+03 -1.000000000e+03 -1.8639e-01 -3.3304e+00
1207 +0.000000000e+00 +0.000000000e+00 -1.000000000e+03 -1.000000000e+03 -1.8640e-01 -3.3304e+00
% function evaluation | noise-free fitness - Fopt (1.319200000000e+02) | best noise-free fitness - Fopt | measured fitness | best measured fitness | x1 | x2...
1 +1.849514788e+01 +1.849514788e+01 +1.504151479e+02 +1.504151479e+02 +0.0000e+00 +0.0000e+00
4 +7.728655153e+00 +7.728655153e+00 +1.396486552e+02 +1.396486552e+02 -1.1006e+00 +7.8640e-01
17 +1.483846567e+00 +1.483846567e+00 +1.334038466e+02 +1.334038466e+02 -3.2866e+00 +1.3812e+00
46 +1.325306284e+00 +1.325306284e+00 +1.332453063e+02 +1.332453063e+02 -3.3567e+00 +1.4530e+00
85 +1.053338896e+00 +1.053338896e+00 +1.329733389e+02 +1.329733389e+02 -3.4948e+00 +1.4988e+00
87 +4.177196546e-01 +4.177196546e-01 +1.323377197e+02 +1.323377197e+02 -3.7652e+00 +1.6622e+00
94 +3.204497280e-01 +3.204497280e-01 +1.322404497e+02 +1.322404497e+02 -3.8910e+00 +1.7178e+00
132 +2.507647055e-01 +2.507647055e-01 +1.321707647e+02 +1.321707647e+02 -3.9542e+00 +1.7521e+00
144 +9.249316690e-02 +9.249316690e-02 +1.320124932e+02 +1.320124932e+02 -4.0442e+00 +1.8379e+00
147 +1.567792509e-02 +1.567792509e-02 +1.319356779e+02 +1.319356779e+02 -3.9137e+00 +1.8705e+00
187 +9.037785536e-04 +9.037785536e-04 +1.319209038e+02 +1.319209038e+02 -3.9702e+00 +1.9022e+00
312 +5.164705431e-04 +5.164705431e-04 +1.319205165e+02 +1.319205165e+02 -3.9774e+00 +1.9045e+00
321 +4.064439433e-04 +4.064439433e-04 +1.319204064e+02 +1.319204064e+02 -3.9772e+00 +1.9053e+00
330 +3.547717535e-04 +3.547717535e-04 +1.319203548e+02 +1.319203548e+02 -3.9775e+00 +1.9055e+00
335 +5.918613010e-05 +5.918613010e-05 +1.319200592e+02 +1.319200592e+02 -3.9787e+00 +1.9087e+00
337 +3.631191487e-05 +3.631191487e-05 +1.319200363e+02 +1.319200363e+02 -3.9804e+00 +1.9090e+00
355 +2.470831788e-05 +2.470831788e-05 +1.319200247e+02 +1.319200247e+02 -3.9808e+00 +1.9093e+00
370 +1.715130324e-05 +1.715130324e-05 +1.319200172e+02 +1.319200172e+02 -3.9816e+00 +1.9095e+00
398 +1.578553264e-05 +1.578553264e-05 +1.319200158e+02 +1.319200158e+02 -3.9805e+00 +1.9096e+00
467 +1.092527594e-05 +1.092527594e-05 +1.319200109e+02 +1.319200109e+02 -3.9808e+00 +1.9098e+00
478 +9.453305864e-06 +9.453305864e-06 +1.319200095e+02 +1.319200095e+02 -3.9811e+00 +1.9098e+00
483 +3.471705611e-06 +3.471705611e-06 +1.319200035e+02 +1.319200035e+02 -3.9816e+00 +1.9100e+00
492 +3.348501792e-06 +3.348501792e-06 +1.319200033e+02 +1.319200033e+02 -3.9818e+00 +1.9100e+00
493 +2.362711626e-06 +2.362711626e-06 +1.319200024e+02 +1.319200024e+02 -3.9819e+00 +1.9101e+00
495 +1.489743795e-07 +1.489743795e-07 +1.319200001e+02 +1.319200001e+02 -3.9823e+00 +1.9103e+00
663 +5.102123168e-08 +5.102123168e-08 +1.319200001e+02 +1.319200001e+02 -3.9824e+00 +1.9104e+00
752 +3.630643164e-08 +3.630643164e-08 +1.319200000e+02 +1.319200000e+02 -3.9824e+00 +1.9104e+00
774 +3.337356702e-08 +3.337356702e-08 +1.319200000e+02 +1.319200000e+02 -3.9824e+00 +1.9104e+00
784 +2.002772703e-08 +2.002772703e-08 +1.319200000e+02 +1.319200000e+02 -3.9824e+00 +1.9104e+00
802 +1.658341375e-08 +1.658341375e-08 +1.319200000e+02 +1.319200000e+02 -3.9824e+00 +1.9104e+00
809 +1.490982982e-08 +1.490982982e-08 +1.319200000e+02 +1.319200000e+02 -3.9824e+00 +1.9104e+00
814 +1.422566243e-08 +1.422566243e-08 +1.319200000e+02 +1.319200000e+02 -3.9824e+00 +1.9104e+00
815 +1.223932600e-08 +1.223932600e-08 +1.319200000e+02 +1.319200000e+02 -3.9824e+00 +1.9104e+00
823 +5.875051556e-09 +5.875051556e-09 +1.319200000e+02 +1.319200000e+02 -3.9824e+00 +1.9104e+00
1308 +0.000000000e+00 +0.000000000e+00 +1.319200000e+02 +1.319200000e+02 -3.9824e+00 +1.9104e+00
% function evaluation | noise-free fitness - Fopt (5.908400000000e+02) | best noise-free fitness - Fopt | measured fitness | best measured fitness | x1 | x2...
1 +2.473902553e+04 +2.473902553e+04 +2.532986553e+04 +2.532986553e+04 +0.0000e+00 +0.0000e+00
10 +1.348890996e+01 +1.348890996e+01 +6.043289100e+02 +6.043289100e+02 -7.8029e-01 -1.0825e+00
18 +1.241634802e+01 +1.241634802e+01 +6.032563480e+02 +6.032563480e+02 -5.7166e-01 -1.0806e+00
46 +4.639536097e+00 +4.639536097e+00 +5.954795361e+02 +5.954795361e+02 +2.5018e-01 -2.0127e+00
72 +4.130693218e+00 +4.130693218e+00 +5.949706932e+02 +5.949706932e+02 +4.6362e-01 -2.7315e+00
79 +3.600006183e+00 +3.600006183e+00 +5.944400062e+02 +5.944400062e+02 +4.8402e-01 -2.5721e+00
120 +2.747799245e+00 +2.747799245e+00 +5.935877992e+02 +5.935877992e+02 +5.4482e-01 -2.3462e+00
122 +7.950787270e-01 +7.950787270e-01 +5.916350787e+02 +5.916350787e+02 +9.8684e-01 -2.8835e+00
142 +7.824091052e-01 +7.824091052e-01 +5.916224091e+02 +5.916224091e+02 +1.0220e+00 -3.0267e+00
161 +7.074343514e-01 +7.074343514e-01 +5.915474344e+02 +5.915474344e+02 +1.0674e+00 -3.0295e+00
173 +2.997549701e-01 +2.997549701e-01 +5.911397550e+02 +5.911397550e+02 +1.4786e+00 -3.6126e+00
177 +3.889086449e-02 +3.889086449e-02 +5.908788909e+02 +5.908788909e+02 +1.3680e+00 -3.2648e+00
256 +2.246843287e-02 +2.246843287e-02 +5.908624684e+02 +5.908624684e+02 +1.3867e+00 -3.2837e+00
262 +1.121387313e-02 +1.121387313e-02 +5.908512139e+02 +5.908512139e+02 +1.4307e+00 -3.3644e+00
266 +2.402641268e-03 +2.402641268e-03 +5.908424026e+02 +5.908424026e+02 +1.4301e+00 -3.3256e+00
313 +9.235836383e-04 +9.235836383e-04 +5.908409236e+02 +5.908409236e+02 +1.4443e+00 -3.3467e+00
377 +4.959691112e-04 +4.959691112e-04 +5.908404960e+02 +5.908404960e+02 +1.4459e+00 -3.3451e+00
385 +9.073316357e-05 +9.073316357e-05 +5.908400907e+02 +5.908400907e+02 +1.4433e+00 -3.3351e+00
436 +6.467619903e-05 +6.467619903e-05 +5.908400647e+02 +5.908400647e+02 +1.4432e+00 -3.3336e+00
470 +9.364641642e-06 +9.364641642e-06 +5.908400094e+02 +5.908400094e+02 +1.4448e+00 -3.3354e+00
544 +5.725987080e-06 +5.725987080e-06 +5.908400057e+02 +5.908400057e+02 +1.4452e+00 -3.3360e+00
552 +5.457417842e-06 +5.457417842e-06 +5.908400055e+02 +5.908400055e+02 +1.4451e+00 -3.3358e+00
557 +1.750174079e-06 +1.750174079e-06 +5.908400018e+02 +5.908400018e+02 +1.4455e+00 -3.3363e+00
571 +8.981014616e-07 +8.981014616e-07 +5.908400009e+02 +5.908400009e+02 +1.4454e+00 -3.3359e+00
591 +3.000398010e-07 +3.000398010e-07 +5.908400003e+02 +5.908400003e+02 +1.4456e+00 -3.3360e+00
631 +1.416232180e-07 +1.416232180e-07 +5.908400001e+02 +5.908400001e+02 +1.4455e+00 -3.3360e+00
647 +5.286995020e-08 +5.286995020e-08 +5.908400001e+02 +5.908400001e+02 +1.4456e+00 -3.3361e+00
689 +1.654314019e-08 +1.654314019e-08 +5.908400000e+02 +5.908400000e+02 +1.4456e+00 -3.3360e+00
692 +3.312266017e-09 +3.312266017e-09 +5.908400000e+02 +5.908400000e+02 +1.4456e+00 -3.3360e+00
1061 +0.000000000e+00 +0.000000000e+00 +5.908400000e+02 +5.908400000e+02 +1.4456e+00 -3.3360e+00
% function evaluation | noise-free fitness - Fopt (5.115000000000e+01) | best noise-free fitness - Fopt | measured fitness | best measured fitness | x1 | x2...
1 +5.487131933e+04 +5.487131933e+04 +5.492246933e+04 +5.492246933e+04 +0.0000e+00 +0.0000e+00
2 +1.803825807e+04 +1.803825807e+04 +1.808940807e+04 +1.808940807e+04 -7.5258e-01 -3.4819e-01
4 +1.749557880e+04 +1.749557880e+04 +1.754672880e+04 +1.754672880e+04 -7.8484e-01 -1.9823e-01
14 +3.732895374e+03 +3.732895374e+03 +3.784045374e+03 +3.784045374e+03 -1.3397e+00 +6.2236e-02
16 +5.165695800e+00 +5.165695800e+00 +5.631569580e+01 +5.631569580e+01 -2.3032e+00 -3.3116e-01
28 +2.857379687e+00 +2.857379687e+00 +5.400737969e+01 +5.400737969e+01 -2.2825e+00 -9.5596e-01
35 +1.921095036e+00 +1.921095036e+00 +5.307109504e+01 +5.307109504e+01 -2.1416e+00 -1.3163e+00
40 +1.541667789e-01 +1.541667789e-01 +5.130416678e+01 +5.130416678e+01 -1.7946e+00 -2.4268e+00
109 +1.206446111e-01 +1.206446111e-01 +5.127064461e+01 +5.127064461e+01 -1.6685e+00 -2.3978e+00
114 +6.167720949e-02 +6.167720949e-02 +5.121167721e+01 +5.121167721e+01 -1.7195e+00 -2.4720e+00
127 +5.519290889e-02 +5.519290889e-02 +5.120519291e+01 +5.120519291e+01 -1.7174e+00 -2.4799e+00
133 +1.310453966e-02 +1.310453966e-02 +5.116310454e+01 +5.116310454e+01 -1.6557e+00 -2.5684e+00
201 +1.118992356e-02 +1.118992356e-02 +5.116118992e+01 +5.116118992e+01 -1.6625e+00 -2.5752e+00
204 +6.737985859e-03 +6.737985859e-03 +5.115673799e+01 +5.115673799e+01 -1.6576e+00 -2.6009e+00
205 +2.804968803e-03 +2.804968803e-03 +5.115280497e+01 +5.115280497e+01 -1.6481e+00 -2.6182e+00
211 +8.441423591e-04 +8.441423591e-04 +5.115084414e+01 +5.115084414e+01 -1.6356e+00 -2.6343e+00
265 +2.355995620e-04 +2.355995620e-04 +5.115023560e+01 +5.115023560e+01 -1.6332e+00 -2.6435e+00
296 +1.058596915e-04 +1.058596915e-04 +5.115010586e+01 +5.115010586e+01 -1.6318e+00 -2.6470e+00
309 +9.728935544e-05 +9.728935544e-05 +5.115009729e+01 +5.115009729e+01 -1.6339e+00 -2.6476e+00
317 +3.118622526e-05 +3.118622526e-05 +5.115003119e+01 +5.115003119e+01 -1.6318e+00 -2.6491e+00
425 +1.609027566e-05 +1.609027566e-05 +5.115001609e+01 +5.115001609e+01 -1.6322e+00 -2.6503e+00
442 +8.247169774e-06 +8.247169774e-06 +5.115000825e+01 +5.115000825e+01 -1.6317e+00 -2.6506e+00
453 +7.866944038e-06 +7.866944038e-06 +5.115000787e+01 +5.115000787e+01 -1.6315e+00 -2.6507e+00
466 +2.553100806e-06 +2.553100806e-06 +5.115000255e+01 +5.115000255e+01 -1.6315e+00 -2.6514e+00
481 +1.803279339e-06 +1.803279339e-06 +5.115000180e+01 +5.115000180e+01 -1.6313e+00 -2.6514e+00
489 +1.695802410e-06 +1.695802410e-06 +5.115000170e+01 +5.115000170e+01 -1.6314e+00 -2.6514e+00
492 +1.272111568e-06 +1.272111568e-06 +5.115000127e+01 +5.115000127e+01 -1.6314e+00 -2.6516e+00
509 +5.013650650e-07 +5.013650650e-07 +5.115000050e+01 +5.115000050e+01 -1.6313e+00 -2.6518e+00
516 +3.486242477e-07 +3.486242477e-07 +5.115000035e+01 +5.115000035e+01 -1.6313e+00 -2.6518e+00
531 +2.926325493e-07 +2.926325493e-07 +5.115000029e+01 +5.115000029e+01 -1.6312e+00 -2.6518e+00
534 +1.819614752e-07 +1.819614752e-07 +5.115000018e+01 +5.115000018e+01 -1.6313e+00 -2.6519e+00
542 +6.754035553e-08 +6.754035553e-08 +5.115000007e+01 +5.115000007e+01 -1.6312e+00 -2.6519e+00
563 +4.449593405e-08 +4.449593405e-08 +5.115000004e+01 +5.115000004e+01 -1.6312e+00 -2.6519e+00
600 +3.119046710e-08 +3.119046710e-08 +5.115000003e+01 +5.115000003e+01 -1.6312e+00 -2.6519e+00
612 +4.508663665e-09 +4.508663665e-09 +5.115000000e+01 +5.115000000e+01 -1.6312e+00 -2.6520e+00
1078 +0.000000000e+00 +0.000000000e+00 +5.115000000e+01 +5.115000000e+01 -1.6312e+00 -2.6520e+00
% function evaluation | noise-free fitness - Fopt (2.917300000000e+02) | best noise-free fitness - Fopt | measured fitness | best measured fitness | x1 | x2...
1 +7.148700915e+04 +7.148700915e+04 +7.177873915e+04 +7.177873915e+04 +0.0000e+00 +0.0000e+00
3 +1.203412825e+04 +1.203412825e+04 +1.232585825e+04 +1.232585825e+04 -8.3084e-01 +1.0466e+00
4 +1.072362416e+03 +1.072362416e+03 +1.364092416e+03 +1.364092416e+03 -4.7812e-01 +2.6164e+00
17 +8.908421771e+01 +8.908421771e+01 +3.808142177e+02 +3.808142177e+02 -5.3612e-02 +5.3355e+00
30 +8.420206404e+01 +8.420206404e+01 +3.759320640e+02 +3.759320640e+02 +3.5838e-01 +5.3326e+00
31 +5.628986385e+01 +5.628986385e+01 +3.480198638e+02 +3.480198638e+02 -1.6436e+00 +4.0852e+00
33 +3.776635478e+01 +3.776635478e+01 +3.294963548e+02 +3.294963548e+02 -2.6495e-01 +3.2358e+00
36 +2.670346521e+01 +2.670346521e+01 +3.184334652e+02 +3.184334652e+02 -1.5446e+00 +3.1174e+00
37 +1.898018208e+01 +1.898018208e+01 +3.107101821e+02 +3.107101821e+02 -2.6046e+00 +2.3636e+00
62 +7.237696264e+00 +7.237696264e+00 +2.989676963e+02 +2.989676963e+02 -4.2359e+00 +1.0657e+00
63 +4.815529519e+00 +4.815529519e+00 +2.965455295e+02 +2.965455295e+02 -3.0601e+00 +1.3429e+00
74 +3.621014831e+00 +3.621014831e+00 +2.953510148e+02 +2.953510148e+02 -4.1268e+00 +6.3987e-01
95 +2.414074644e+00 +2.414074644e+00 +2.941440746e+02 +2.941440746e+02 -3.8417e+00 +6.0143e-01
164 +1.801115361e+00 +1.801115361e+00 +2.935311154e+02 +2.935311154e+02 -3.6166e+00 +6.7240e-01
176 +1.494060747e+00 +1.494060747e+00 +2.932240607e+02 +2.932240607e+02 -3.3770e+00 +7.9082e-01
178 +3.933182525e-01 +3.933182525e-01 +2.921233183e+02 +2.921233183e+02 -3.0354e+00 +6.6489e-01
185 +2.755619706e-03 +2.755619706e-03 +2.917327556e+02 +2.917327556e+02 -2.5519e+00 +7.2861e-01
278 +1.359790328e-03 +1.359790328e-03 +2.917313598e+02 +2.917313598e+02 -2.5372e+00 +7.3184e-01
301 +9.404480499e-04 +9.404480499e-04 +2.917309404e+02 +2.917309404e+02 -2.5264e+00 +7.3533e-01
392 +8.988444901e-04 +8.988444901e-04 +2.917308988e+02 +2.917308988e+02 -2.5302e+00 +7.3342e-01
399 +2.724527255e-04 +2.724527255e-04 +2.917302725e+02 +2.917302725e+02 -2.5183e+00 +7.3457e-01
426 +1.782360647e-04 +1.782360647e-04 +2.917301782e+02 +2.917301782e+02 -2.5236e+00 +7.3220e-01
431 +8.289146649e-06 +8.289146649e-06 +2.917300083e+02 +2.917300083e+02 -2.5215e+00 +7.3062e-01
492 +7.789328947e-06 +7.789328947e-06 +2.917300078e+02 +2.917300078e+02 -2.5216e+00 +7.3053e-01
495 +1.459634404e-07 +1.459634404e-07 +2.917300001e+02 +2.917300001e+02 -2.5208e+00 +7.3044e-01
661 +7.039102456e-08 +7.039102456e-08 +2.917300001e+02 +2.917300001e+02 -2.5208e+00 +7.3043e-01
736 +4.702758361e-08 +4.702758361e-08 +2.917300000e+02 +2.917300000e+02 -2.5208e+00 +7.3042e-01
771 +3.094316980e-08 +3.094316980e-08 +2.917300000e+02 +2.917300000e+02 -2.5208e+00 +7.3042e-01
781 +3.065076726e-08 +3.065076726e-08 +2.917300000e+02 +2.917300000e+02 -2.5208e+00 +7.3041e-01
782 +1.554309392e-08 +1.554309392e-08 +2.917300000e+02 +2.917300000e+02 -2.5208e+00 +7.3039e-01
791 +1.202391786e-08 +1.202391786e-08 +2.917300000e+02 +2.917300000e+02 -2.5208e+00 +7.3040e-01
796 +5.424283245e-09 +5.424283245e-09 +2.917300000e+02 +2.917300000e+02 -2.5208e+00 +7.3040e-01
1193 +0.000000000e+00 +0.000000000e+00 +2.917300000e+02 +2.917300000e+02 -2.5208e+00 +7.3040e-01
% function evaluation | noise-free fitness - Fopt (3.567200000000e+02) | best noise-free fitness - Fopt | measured fitness | best measured fitness | x1 | x2...
1 +7.003328652e+03 +7.003328652e+03 +7.360048652e+03 +7.360048652e+03 +0.0000e+00 +0.0000e+00
10 +2.521637101e+03 +2.521637101e+03 +2.878357101e+03 +2.878357101e+03 -2.6128e-01 -3.8766e-01
14 +3.587217789e+02 +3.587217789e+02 +7.154417789e+02 +7.154417789e+02 -1.5104e-01 -5.2117e-01
15 +2.549612931e+00 +2.549612931e+00 +3.592696129e+02 +3.592696129e+02 +1.3927e+00 +1.4779e-01
22 +1.655203010e+00 +1.655203010e+00 +3.583752030e+02 +3.583752030e+02 +2.7198e+00 +6.9789e-01
56 +1.405293968e+00 +1.405293968e+00 +3.581252940e+02 +3.581252940e+02 +1.9938e+00 +4.3398e-01
67 +7.110920228e-01 +7.110920228e-01 +3.574310920e+02 +3.574310920e+02 +2.1115e+00 +6.5279e-01
79 +3.578183836e-01 +3.578183836e-01 +3.570778184e+02 +3.570778184e+02 +2.1205e+00 +7.8553e-01
106 +3.083779948e-01 +3.083779948e-01 +3.570283780e+02 +3.570283780e+02 +2.4558e+00 +8.6781e-01
116 +1.336267120e-01 +1.336267120e-01 +3.568536267e+02 +3.568536267e+02 +2.4914e+00 +9.5629e-01
125 +6.981429380e-02 +6.981429380e-02 +3.567898143e+02 +3.567898143e+02 +2.4868e+00 +9.9051e-01
164 +4.846024804e-02 +4.846024804e-02 +3.567684602e+02 +3.567684602e+02 +2.5052e+00 +1.0065e+00
176 +4.055348794e-02 +4.055348794e-02 +3.567605535e+02 +3.567605535e+02 +2.4864e+00 +1.0119e+00
183 +2.662612604e-02 +2.662612604e-02 +3.567466261e+02 +3.567466261e+02 +2.4773e+00 +1.0209e+00
185 +1.646792988e-02 +1.646792988e-02 +3.567364679e+02 +3.567364679e+02 +2.4869e+00 +1.0385e+00
197 +1.561638118e-02 +1.561638118e-02 +3.567356164e+02 +3.567356164e+02 +2.4738e+00 +1.0410e+00
198 +1.547412492e-02 +1.547412492e-02 +3.567354741e+02 +3.567354741e+02 +2.5096e+00 +1.0447e+00
202 +8.576665532e-03 +8.576665532e-03 +3.567285767e+02 +3.567285767e+02 +2.5626e+00 +1.0776e+00
203 +6.177445066e-03 +6.177445066e-03 +3.567261774e+02 +3.567261774e+02 +2.5043e+00 +1.0627e+00
210 +2.112273790e-03 +2.112273790e-03 +3.567221123e+02 +3.567221123e+02 +2.5493e+00 +1.0840e+00
218 +1.449679538e-03 +1.449679538e-03 +3.567214497e+02 +3.567214497e+02 +2.5289e+00 +1.0813e+00
224 +8.943449246e-04 +8.943449246e-04 +3.567208943e+02 +3.567208943e+02 +2.5351e+00 +1.0848e+00
238 +7.201415781e-04 +7.201415781e-04 +3.567207201e+02 +3.567207201e+02 +2.5414e+00 +1.0863e+00
246 +4.377375569e-04 +4.377375569e-04 +3.567204377e+02 +3.567204377e+02 +2.5409e+00 +1.0886e+00
252 +9.378807471e-05 +9.378807471e-05 +3.567200938e+02 +3.567200938e+02 +2.5504e+00 +1.0939e+00
261 +1.657139921e-05 +1.657139921e-05 +3.567200166e+02 +3.567200166e+02 +2.5492e+00 +1.0947e+00
358 +1.494452954e-05 +1.494452954e-05 +3.567200149e+02 +3.567200149e+02 +2.5488e+00 +1.0949e+00
364 +1.155226835e-05 +1.155226835e-05 +3.567200116e+02 +3.567200116e+02 +2.5497e+00 +1.0951e+00
371 +8.244635069e-06 +8.244635069e-06 +3.567200082e+02 +3.567200082e+02 +2.5495e+00 +1.0952e+00
372 +9.746245837e-07 +9.746245837e-07 +3.567200010e+02 +3.567200010e+02 +2.5500e+00 +1.0957e+00
437 +1.549311150e-07 +1.549311150e-07 +3.567200002e+02 +3.567200002e+02 +2.5503e+00 +1.0959e+00
466 +1.339316213e-08 +1.339316213e-08 +3.567200000e+02 +3.567200000e+02 +2.5504e+00 +1.0960e+00
561 +1.074317879e-08 +1.074317879e-08 +3.567200000e+02 +3.567200000e+02 +2.5504e+00 +1.0960e+00
574 +2.379181296e-09 +2.379181296e-09 +3.567200000e+02 +3.567200000e+02 +2.5504e+00 +1.0960e+00
1084 +0.000000000e+00 +0.000000000e+00 +3.567200000e+02 +3.567200000e+02 +2.5504e+00 +1.0960e+00
% function evaluation | noise-free fitness - Fopt (2.512400000000e+02) | best noise-free fitness - Fopt | measured fitness | best measured fitness | x1 | x2...
1 +1.511065717e+02 +1.511065717e+02 +4.023465717e+02 +4.023465717e+02 +0.0000e+00 +0.0000e+00
2 +7.814031085e+01 +7.814031085e+01 +3.293803109e+02 +3.293803109e+02 +7.6477e-01 +3.2370e-01
4 +1.819084718e+01 +1.819084718e+01 +2.694308472e+02 +2.694308472e+02 -8.2127e-01 +2.1090e+00
17 +7.132029079e+00 +7.132029079e+00 +2.583720291e+02 +2.583720291e+02 -1.9705e+00 +2.3867e+00
22 +4.853052065e+00 +4.853052065e+00 +2.560930521e+02 +2.560930521e+02 -1.2159e+00 +3.1701e+00
31 +2.408372579e+00 +2.408372579e+00 +2.536483726e+02 +2.536483726e+02 -1.9473e+00 +3.2825e+00
52 +1.313195891e+00 +1.313195891e+00 +2.525531959e+02 +2.525531959e+02 -2.4560e+00 +3.0591e+00
65 +2.296091729e-01 +2.296091729e-01 +2.514696092e+02 +2.514696092e+02 -3.1411e+00 +2.9699e+00
169 +1.879374592e-01 +1.879374592e-01 +2.514279375e+02 +2.514279375e+02 -3.1196e+00 +3.0684e+00
173 +1.343424207e-01 +1.343424207e-01 +2.513743424e+02 +2.513743424e+02 -3.1974e+00 +3.0425e+00
200 +1.065566882e-01 +1.065566882e-01 +2.513465567e+02 +2.513465567e+02 -3.2253e+00 +3.0439e+00
204 +8.252559285e-02 +8.252559285e-02 +2.513225256e+02 +2.513225256e+02 -3.2673e+00 +2.9944e+00
223 +3.393111745e-02 +3.393111745e-02 +2.512739311e+02 +2.512739311e+02 -3.3661e+00 +3.0202e+00
253 +3.387543908e-02 +3.387543908e-02 +2.512738754e+02 +2.512738754e+02 -3.3747e+00 +2.9848e+00
262 +2.659071736e-02 +2.659071736e-02 +2.512665907e+02 +2.512665907e+02 -3.3794e+00 +2.9920e+00
263 +2.264673332e-02 +2.264673332e-02 +2.512626467e+02 +2.512626467e+02 -3.4070e+00 +2.9788e+00
270 +1.787358640e-02 +1.787358640e-02 +2.512578736e+02 +2.512578736e+02 -3.4043e+00 +3.0064e+00
272 +1.743306393e-02 +1.743306393e-02 +2.512574331e+02 +2.512574331e+02 -3.4056e+00 +2.9945e+00
281 +7.463348150e-03 +7.463348150e-03 +2.512474633e+02 +2.512474633e+02 -3.4513e+00 +2.9988e+00
282 +2.357701258e-03 +2.357701258e-03 +2.512423577e+02 +2.512423577e+02 -3.4771e+00 +2.9843e+00
352 +2.292867245e-03 +2.292867245e-03 +2.512422929e+02 +2.512422929e+02 -3.4755e+00 +2.9876e+00
354 +3.111313000e-04 +3.111313000e-04 +2.512403111e+02 +2.512403111e+02 -3.4964e+00 +2.9852e+00
375 +2.897792386e-04 +2.897792386e-04 +2.512402898e+02 +2.512402898e+02 -3.5045e+00 +2.9803e+00
389 +2.015192150e-04 +2.015192150e-04 +2.512402015e+02 +2.512402015e+02 -3.5052e+00 +2.9810e+00
404 +3.000595234e-05 +3.000595234e-05 +2.512400300e+02 +2.512400300e+02 -3.5058e+00 +2.9829e+00
412 +1.933140604e-05 +1.933140604e-05 +2.512400193e+02 +2.512400193e+02 -3.5067e+00 +2.9827e+00
486 +3.652676753e-06 +3.652676753e-06 +2.512400037e+02 +2.512400037e+02 -3.5070e+00 +2.9834e+00
519 +2.989919835e-06 +2.989919835e-06 +2.512400030e+02 +2.512400030e+02 -3.5072e+00 +2.9834e+00
531 +2.234729379e-07 +2.234729379e-07 +2.512400002e+02 +2.512400002e+02 -3.5078e+00 +2.9832e+00
678 +1.474321891e-07 +1.474321891e-07 +2.512400001e+02 +2.512400001e+02 -3.5078e+00 +2.9832e+00
680 +1.010384949e-07 +1.010384949e-07 +2.512400001e+02 +2.512400001e+02 -3.5079e+00 +2.9832e+00
757 +5.333833997e-08 +5.333833997e-08 +2.512400001e+02 +2.512400001e+02 -3.5079e+00 +2.9832e+00
771 +2.196736659e-08 +2.196736659e-08 +2.512400000e+02 +2.512400000e+02 -3.5079e+00 +2.9832e+00
786 +5.006313586e-09 +5.006313586e-09 +2.512400000e+02 +2.512400000e+02 -3.5080e+00 +2.9832e+00
1235 +0.000000000e+00 +0.000000000e+00 +2.512400000e+02 +2.512400000e+02 -3.5080e+00 +2.9832e+00
% function evaluation | noise-free fitness - Fopt (9.903300000000e+02) | best noise-free fitness - Fopt | measured fitness | best measured fitness | x1 | x2...
1 +6.224663378e+04 +6.224663378e+04 +6.323696378e+04 +6.323696378e+04 +0.0000e+00 +0.0000e+00
2 +3.469240816e+04 +3.469240816e+04 +3.568273816e+04 +3.568273816e+04 +2.0804e-01 -1.1022e+00
4 +1.679969558e+04 +1.679969558e+04 +1.779002558e+04 +1.779002558e+04 -1.9215e+00 -3.9845e-01
15 +2.500360386e+01 +2.500360386e+01 +1.015333604e+03 +1.015333604e+03 -5.8449e+00 +6.0135e-01
43 +1.783774614e+01 +1.783774614e+01 +1.008167746e+03 +1.008167746e+03 -8.0859e+00 -1.4594e+00
55 +1.280558596e+01 +1.280558596e+01 +1.003135586e+03 +1.003135586e+03 -7.5376e+00 -1.1643e+00
70 +5.061891382e+00 +5.061891382e+00 +9.953918914e+02 +9.953918914e+02 -5.3105e+00 -7.5577e-01
85 +3.450156168e+00 +3.450156168e+00 +9.937801562e+02 +9.937801562e+02 -5.1140e+00 -9.5063e-01
110 +1.536642653e+00 +1.536642653e+00 +9.918666427e+02 +9.918666427e+02 -4.0211e+00 -8.2994e-01
119 +6.256796325e-01 +6.256796325e-01 +9.909556796e+02 +9.909556796e+02 -3.9884e+00 -1.1337e+00
131 +1.570564715e-01 +1.570564715e-01 +9.904870565e+02 +9.904870565e+02 -3.5955e+00 -1.1293e+00
144 +3.235549543e-03 +3.235549543e-03 +9.903332355e+02 +9.903332355e+02 -3.2863e+00 -1.1582e+00
296 +1.996168934e-03 +1.996168934e-03 +9.903319962e+02 +9.903319962e+02 -3.2816e+00 -1.1688e+00
333 +8.450171331e-04 +8.450171331e-04 +9.903308450e+02 +9.903308450e+02 -3.2709e+00 -1.1645e+00
347 +7.064271424e-04 +7.064271424e-04 +9.903307064e+02 +9.903307064e+02 -3.2696e+00 -1.1663e+00
351 +4.780425324e-04 +4.780425324e-04 +9.903304780e+02 +9.903304780e+02 -3.2649e+00 -1.1642e+00
369 +2.371820864e-04 +2.371820864e-04 +9.903302372e+02 +9.903302372e+02 -3.2605e+00 -1.1668e+00
401 +2.252597827e-04 +2.252597827e-04 +9.903302253e+02 +9.903302253e+02 -3.2605e+00 -1.1646e+00
406 +2.138885021e-04 +2.138885021e-04 +9.903302139e+02 +9.903302139e+02 -3.2588e+00 -1.1638e+00
408 +1.032078503e-04 +1.032078503e-04 +9.903301032e+02 +9.903301032e+02 -3.2565e+00 -1.1643e+00
413 +8.210364888e-05 +8.210364888e-05 +9.903300821e+02 +9.903300821e+02 -3.2544e+00 -1.1641e+00
423 +7.842714399e-05 +7.842714399e-05 +9.903300784e+02 +9.903300784e+02 -3.2551e+00 -1.1643e+00
427 +2.239695516e-05 +2.239695516e-05 +9.903300224e+02 +9.903300224e+02 -3.2532e+00 -1.1649e+00
445 +1.576849036e-05 +1.576849036e-05 +9.903300158e+02 +9.903300158e+02 -3.2531e+00 -1.1650e+00
455 +4.077527933e-06 +4.077527933e-06 +9.903300041e+02 +9.903300041e+02 -3.2528e+00 -1.1654e+00
487 +3.627586239e-06 +3.627586239e-06 +9.903300036e+02 +9.903300036e+02 -3.2529e+00 -1.1655e+00
529 +3.340313697e-06 +3.340313697e-06 +9.903300033e+02 +9.903300033e+02 -3.2528e+00 -1.1655e+00
532 +2.543271535e-06 +2.543271535e-06 +9.903300025e+02 +9.903300025e+02 -3.2527e+00 -1.1655e+00
533 +8.943680996e-07 +8.943680996e-07 +9.903300009e+02 +9.903300009e+02 -3.2524e+00 -1.1656e+00
550 +3.169626552e-07 +3.169626552e-07 +9.903300003e+02 +9.903300003e+02 -3.2522e+00 -1.1656e+00
639 +2.777939017e-07 +2.777939017e-07 +9.903300003e+02 +9.903300003e+02 -3.2522e+00 -1.1656e+00
650 +1.942328254e-08 +1.942328254e-08 +9.903300000e+02 +9.903300000e+02 -3.2520e+00 -1.1656e+00
742 +5.893070920e-09 +5.893070920e-09 +9.903300000e+02 +9.903300000e+02 -3.2520e+00 -1.1656e+00
1087 +0.000000000e+00 +0.000000000e+00 +9.903300000e+02 +9.903300000e+02 -3.2520e+00 -1.1656e+00
% function evaluation | noise-free fitness - Fopt (2.898000000000e+01) | best noise-free fitness - Fopt | measured fitness | best measured fitness | x1 | x2...
1 +3.003753347e+05 +3.003753347e+05 +3.004043147e+05 +3.004043147e+05 +0.0000e+00 +0.0000e+00
5 +2.076731792e+05 +2.076731792e+05 +2.077021592e+05 +2.077021592e+05 +5.3212e-01 -3.6030e-01
6 +1.986580708e+05 +1.986580708e+05 +1.986870508e+05 +1.986870508e+05 +9.5029e-01 +7.0352e-01
9 +1.654324270e+05 +1.654324270e+05 +1.654614070e+05 +1.654614070e+05 +8.3884e-01 -6.0348e-01
12 +1.282692908e+05 +1.282692908e+05 +1.282982708e+05 +1.282982708e+05 +9.1473e-01 -1.4379e+00
18 +6.380608717e+04 +6.380608717e+04 +6.383506717e+04 +6.383506717e+04 +2.2828e+00 +3.4925e-01
27 +3.510658431e+04 +3.510658431e+04 +3.513556431e+04 +3.513556431e+04 +2.7474e+00 +4.1627e-01
28 +3.360258161e+04 +3.360258161e+04 +3.363156161e+04 +3.363156161e+04 +3.0400e+00 +1.0062e+00
33 +2.221905443e+04 +2.221905443e+04 +2.224803443e+04 +2.224803443e+04 +3.3566e+00 +1.3049e+00
37 +1.934648970e+03 +1.934648970e+03 +1.963628970e+03 +1.963628970e+03 +4.3925e+00 +2.2489e+00
40 +1.302109188e+01 +1.302109188e+01 +4.200109188e+01 +4.200109188e+01 +4.2028e+00 +5.8431e-01
51 +1.245902023e+01 +1.245902023e+01 +4.143902023e+01 +4.143902023e+01 +4.1771e+00 -2.4779e-02
56 +1.103545788e+01 +1.103545788e+01 +4.001545788e+01 +4.001545788e+01 +4.0074e+00 -1.2277e-01
57 +8.490686490e+00 +8.490686490e+00 +3.747068649e+01 +3.747068649e+01 +3.8837e+00 -3.0737e-01
66 +7.126873723e+00 +7.126873723e+00 +3.610687372e+01 +3.610687372e+01 +3.8890e+00 -9.0276e-01
71 +1.531392098e+00 +1.531392098e+00 +3.051139210e+01 +3.051139210e+01 +3.2764e+00 -2.2797e+00
93 +1.414574402e+00 +1.414574402e+00 +3.039457440e+01 +3.039457440e+01 +3.2567e+00 -2.3777e+00
95 +1.371155218e+00 +1.371155218e+00 +3.035115522e+01 +3.035115522e+01 +3.1878e+00 -3.0205e+00
134 +1.276235565e+00 +1.276235565e+00 +3.025623556e+01 +3.025623556e+01 +3.1389e+00 -3.1124e+00
148 +1.187469389e+00 +1.187469389e+00 +3.016746939e+01 +3.016746939e+01 +3.1257e+00 -2.1745e+00
165 +9.867855730e-01 +9.867855730e-01 +2.996678557e+01 +2.996678557e+01 +3.1300e+00 -2.9888e+00
170 +4.588622459e-01 +4.588622459e-01 +2.943886225e+01 +2.943886225e+01 +3.0338e+00 -2.6466e+00
188 +1.081738441e-01 +1.081738441e-01 +2.908817384e+01 +2.908817384e+01 +2.8936e+00 -2.8668e+00
230 +1.543621780e-02 +1.543621780e-02 +2.899543622e+01 +2.899543622e+01 +2.8284e+00 -3.0372e+00
265 +1.505369694e-02 +1.505369694e-02 +2.899505370e+01 +2.899505370e+01 +2.8266e+00 -3.0198e+00
268 +4.715216054e-03 +4.715216054e-03 +2.898471522e+01 +2.898471522e+01 +2.8103e+00 -3.0784e+00
284 +4.469331395e-03 +4.469331395e-03 +2.898446933e+01 +2.898446933e+01 +2.8090e+00 -3.0748e+00
300 +8.424733313e-04 +8.424733313e-04 +2.898084247e+01 +2.898084247e+01 +2.7980e+00 -3.0871e+00
312 +5.141590202e-04 +5.141590202e-04 +2.898051416e+01 +2.898051416e+01 +2.7971e+00 -3.0848e+00
331 +4.612584057e-04 +4.612584057e-04 +2.898046126e+01 +2.898046126e+01 +2.7966e+00 -3.0760e+00
340 +2.729012448e-04 +2.729012448e-04 +2.898027290e+01 +2.898027290e+01 +2.7959e+00 -3.0799e+00
356 +1.809435462e-04 +1.809435462e-04 +2.898018094e+01 +2.898018094e+01 +2.7939e+00 -3.0897e+00
394 +1.488867489e-04 +1.488867489e-04 +2.898014889e+01 +2.898014889e+01 +2.7945e+00 -3.0863e+00
398 +6.555389186e-05 +6.555389186e-05 +2.898006555e+01 +2.898006555e+01 +2.7938e+00 -3.0843e+00
411 +5.463837980e-05 +5.463837980e-05 +2.898005464e+01 +2.898005464e+01 +2.7935e+00 -3.0832e+00
428 +5.097470902e-05 +5.097470902e-05 +2.898005097e+01 +2.898005097e+01 +2.7932e+00 -3.0867e+00
430 +9.723917493e-07 +9.723917493e-07 +2.898000097e+01 +2.898000097e+01 +2.7921e+00 -3.0865e+00
480 +4.712464019e-07 +4.712464019e-07 +2.898000047e+01 +2.898000047e+01 +2.7921e+00 -3.0865e+00
537 +3.255557210e-07 +3.255557210e-07 +2.898000033e+01 +2.898000033e+01 +2.7921e+00 -3.0863e+00
621 +1.798061540e-07 +1.798061540e-07 +2.898000018e+01 +2.898000018e+01 +2.7921e+00 -3.0863e+00
694 +2.476328476e-08 +2.476328476e-08 +2.898000002e+01 +2.898000002e+01 +2.7920e+00 -3.0863e+00
755 +1.812601269e-08 +1.812601269e-08 +2.898000002e+01 +2.898000002e+01 +2.7920e+00 -3.0864e+00
762 +1.229423674e-08 +1.229423674e-08 +2.898000001e+01 +2.898000001e+01 +2.7920e+00 -3.0864e+00
766 +4.070695780e-09 +4.070695780e-09 +2.898000000e+01 +2.898000000e+01 +2.7920e+00 -3.0864e+00
1332 +0.000000000e+00 +0.000000000e+00 +2.898000000e+01 +2.898000000e+01 +2.7920e+00 -3.0864e+00
% function evaluation | noise-free fitness - Fopt (2.054400000000e+02) | best noise-free fitness - Fopt | measured fitness | best measured fitness | x1 | x2...
1 +1.386475789e+04 +1.386475789e+04 +1.407019789e+04 +1.407019789e+04 +0.0000e+00 +0.0000e+00
5 +6.456837865e+03 +6.456837865e+03 +6.662277865e+03 +6.662277865e+03 +6.7061e-01 +6.0786e-01
8 +6.391051602e+03 +6.391051602e+03 +6.596491602e+03 +6.596491602e+03 +5.0556e-01 +6.0177e-01
11 +3.767585955e+03 +3.767585955e+03 +3.973025955e+03 +3.973025955e+03 +7.6875e-01 +8.1189e-01
12 +7.189428305e+00 +7.189428305e+00 +2.126294283e+02 +2.126294283e+02 -6.4497e-01 +2.0385e+00
23 +3.009466346e+00 +3.009466346e+00 +2.084494663e+02 +2.084494663e+02 -3.0692e-01 +2.4744e+00
44 +1.399543414e+00 +1.399543414e+00 +2.068395434e+02 +2.068395434e+02 +3.9494e-01 +1.7764e+00
54 +9.466704134e-01 +9.466704134e-01 +2.063866704e+02 +2.063866704e+02 +3.3569e-01 +2.2067e+00
62 +1.855195952e-01 +1.855195952e-01 +2.056255196e+02 +2.056255196e+02 +7.8711e-01 +1.8515e+00
109 +1.468179717e-01 +1.468179717e-01 +2.055868180e+02 +2.055868180e+02 +8.3612e-01 +1.8249e+00
116 +1.398818407e-01 +1.398818407e-01 +2.055798818e+02 +2.055798818e+02 +8.4485e-01 +1.8102e+00
123 +6.492328326e-02 +6.492328326e-02 +2.055049233e+02 +2.055049233e+02 +9.2664e-01 +1.7192e+00
134 +3.450208257e-02 +3.450208257e-02 +2.054745021e+02 +2.054745021e+02 +9.7944e-01 +1.6663e+00
142 +4.768476759e-03 +4.768476759e-03 +2.054447685e+02 +2.054447685e+02 +1.0507e+00 +1.6365e+00
146 +3.965132494e-03 +3.965132494e-03 +2.054439651e+02 +2.054439651e+02 +1.0565e+00 +1.6295e+00
157 +2.654219071e-03 +2.654219071e-03 +2.054426542e+02 +2.054426542e+02 +1.0645e+00 +1.6125e+00
200 +1.491246773e-04 +1.491246773e-04 +2.054401491e+02 +2.054401491e+02 +1.0871e+00 +1.6007e+00
318 +9.759483234e-05 +9.759483234e-05 +2.054400976e+02 +2.054400976e+02 +1.0858e+00 +1.6044e+00
324 +6.685688192e-05 +6.685688192e-05 +2.054400669e+02 +2.054400669e+02 +1.0875e+00 +1.6018e+00
328 +5.204350674e-05 +5.204350674e-05 +2.054400520e+02 +2.054400520e+02 +1.0876e+00 +1.6037e+00
356 +3.358929405e-06 +3.358929405e-06 +2.054400034e+02 +2.054400034e+02 +1.0897e+00 +1.6012e+00
412 +2.291924062e-06 +2.291924062e-06 +2.054400023e+02 +2.054400023e+02 +1.0898e+00 +1.6012e+00
449 +1.665376772e-06 +1.665376772e-06 +2.054400017e+02 +2.054400017e+02 +1.0900e+00 +1.6010e+00
463 +1.195818754e-06 +1.195818754e-06 +2.054400012e+02 +2.054400012e+02 +1.0901e+00 +1.6009e+00
464 +5.827060363e-07 +5.827060363e-07 +2.054400006e+02 +2.054400006e+02 +1.0902e+00 +1.6008e+00
478 +3.582530326e-07 +3.582530326e-07 +2.054400004e+02 +2.054400004e+02 +1.0902e+00 +1.6009e+00
481 +1.660996531e-07 +1.660996531e-07 +2.054400002e+02 +2.054400002e+02 +1.0903e+00 +1.6009e+00
552 +1.422617686e-07 +1.422617686e-07 +2.054400001e+02 +2.054400001e+02 +1.0903e+00 +1.6009e+00
563 +1.350822458e-07 +1.350822458e-07 +2.054400001e+02 +2.054400001e+02 +1.0903e+00 +1.6009e+00
597 +2.282325795e-08 +2.282325795e-08 +2.054400000e+02 +2.054400000e+02 +1.0904e+00 +1.6008e+00
658 +1.828769314e-08 +1.828769314e-08 +2.054400000e+02 +2.054400000e+02 +1.0904e+00 +1.6008e+00
690 +1.355803647e-08 +1.355803647e-08 +2.054400000e+02 +2.054400000e+02 +1.0904e+00 +1.6008e+00
699 +9.667047607e-09 +9.667047607e-09 +2.054400000e+02 +2.054400000e+02 +1.0904e+00 +1.6008e+00
1153 +0.000000000e+00 +0.000000000e+00 +2.054400000e+02 +2.054400000e+02 +1.0904e+00 +1.6008e+00
% function evaluation | noise-free fitness - Fopt (-5.930000000000e+01) | best noise-free fitness - Fopt | measured fitness | best measured fitness | x1 | x2...
1 +7.516394146e+03 +7.516394146e+03 +7.457094146e+03 +7.457094146e+03 +0.0000e+00 +0.0000e+00
2 +7.393845282e+02 +7.393845282e+02 +6.800845282e+02 +6.800845282e+02 -1.4211e-01 +1.0132e+00
3 +7.102424186e-01 +7.102424186e-01 -5.858975758e+01 -5.858975758e+01 +1.2575e+00 +7.1513e-01
40 +7.975197493e-02 +7.975197493e-02 -5.922024803e+01 -5.922024803e+01 +4.9375e-01 +5.9729e-01
133 +5.258906305e-02 +5.258906305e-02 -5.924741094e+01 -5.924741094e+01 +5.9263e-01 +5.9168e-01
134 +4.279812940e-02 +4.279812940e-02 -5.925720187e+01 -5.925720187e+01 +5.0752e-01 +5.7765e-01
144 +1.392969321e-02 +1.392969321e-02 -5.928607031e+01 -5.928607031e+01 +5.8922e-01 +5.3945e-01
159 +4.629944667e-03 +4.629944667e-03 -5.929537006e+01 -5.929537006e+01 +5.4698e-01 +5.3216e-01
212 +3.453873029e-03 +3.453873029e-03 -5.929654613e+01 -5.929654613e+01 +5.2919e-01 +5.3464e-01
222 +2.423515877e-03 +2.423515877e-03 -5.929757648e+01 -5.929757648e+01 +5.0796e-01 +5.3211e-01
227 +1.057881123e-03 +1.057881123e-03 -5.929894212e+01 -5.929894212e+01 +5.1015e-01 +5.2802e-01
263 +9.362966546e-04 +9.362966546e-04 -5.929906370e+01 -5.929906370e+01 +5.1484e-01 +5.2697e-01
299 +8.831673673e-04 +8.831673673e-04 -5.929911683e+01 -5.929911683e+01 +5.1430e-01 +5.2665e-01
303 +7.040692810e-04 +7.040692810e-04 -5.929929593e+01 -5.929929593e+01 +5.1520e-01 +5.2527e-01
304 +5.232345659e-04 +5.232345659e-04 -5.929947677e+01 -5.929947677e+01 +5.0779e-01 +5.2552e-01
311 +4.525943717e-04 +4.525943717e-04 -5.929954741e+01 -5.929954741e+01 +5.0770e-01 +5.2471e-01
313 +4.370863333e-04 +4.370863333e-04 -5.929956291e+01 -5.929956291e+01 +5.0983e-01 +5.2433e-01
316 +2.928250910e-04 +2.928250910e-04 -5.929970717e+01 -5.929970717e+01 +5.0088e-01 +5.2380e-01
318 +4.971104381e-05 +4.971104381e-05 -5.929995029e+01 -5.929995029e+01 +4.9970e-01 +5.2121e-01
452 +1.980701352e-05 +1.980701352e-05 -5.929998019e+01 -5.929998019e+01 +5.0242e-01 +5.2053e-01
466 +7.068900771e-06 +7.068900771e-06 -5.929999293e+01 -5.929999293e+01 +5.0125e-01 +5.2036e-01
494 +5.902866995e-06 +5.902866995e-06 -5.929999410e+01 -5.929999410e+01 +5.0039e-01 +5.2044e-01
515 +3.433604029e-06 +3.433604029e-06 -5.929999657e+01 -5.929999657e+01 +5.0087e-01 +5.2024e-01
517 +2.708668319e-06 +2.708668319e-06 -5.929999729e+01 -5.929999729e+01 +5.0067e-01 +5.2023e-01
522 +1.632889095e-07 +1.632889095e-07 -5.929999984e+01 -5.929999984e+01 +5.0014e-01 +5.2005e-01
571 +1.119542503e-07 +1.119542503e-07 -5.929999989e+01 -5.929999989e+01 +5.0013e-01 +5.2004e-01
609 +8.055165779e-08 +8.055165779e-08 -5.929999992e+01 -5.929999992e+01 +5.0006e-01 +5.2004e-01
616 +1.276760742e-08 +1.276760742e-08 -5.929999999e+01 -5.929999999e+01 +5.0004e-01 +5.2001e-01
718 +1.127327209e-08 +1.127327209e-08 -5.929999999e+01 -5.929999999e+01 +5.0003e-01 +5.2001e-01
725 +1.000873340e-08 +1.000873340e-08 -5.929999999e+01 -5.929999999e+01 +5.0003e-01 +5.2001e-01
728 +9.245113120e-09 +9.245113120e-09 -5.929999999e+01 -5.929999999e+01 +5.0003e-01 +5.2001e-01
1182 +0.000000000e+00 +0.000000000e+00 -5.930000000e+01 -5.930000000e+01 +5.0000e-01 +5.2000e-01
% function evaluation | noise-free fitness - Fopt (-4.759000000000e+01) | best noise-free fitness - Fopt | measured fitness | best measured fitness | x1 | x2...
1 +1.857168640e+05 +1.857168640e+05 +1.856692740e+05 +1.856692740e+05 +0.0000e+00 +0.0000e+00
4 +6.809218096e+04 +6.809218096e+04 +6.804459096e+04 +6.804459096e+04 -5.4562e-01 +1.0938e+00
8 +3.386135738e+04 +3.386135738e+04 +3.381376738e+04 +3.381376738e+04 +1.1276e+00 +2.6565e+00
12 +3.827223536e+02 +3.827223536e+02 +3.351323536e+02 +3.351323536e+02 +5.3660e+00 +1.0703e+01
15 +4.179950224e+01 +4.179950224e+01 -5.790497758e+00 -5.790497758e+00 -1.7486e+00 +4.7538e+00
44 +3.473976608e+00 +3.473976608e+00 -4.411602339e+01 -4.411602339e+01 -4.2352e+00 +2.7006e+00
74 +2.437254928e+00 +2.437254928e+00 -4.515274507e+01 -4.515274507e+01 -3.3665e+00 +2.7016e+00
100 +2.295864027e-01 +2.295864027e-01 -4.736041360e+01 -4.736041360e+01 -3.6330e+00 +2.2900e+00
161 +1.011736422e-01 +1.011736422e-01 -4.748882636e+01 -4.748882636e+01 -3.2437e+00 +2.2771e+00
178 +8.804143022e-02 +8.804143022e-02 -4.750195857e+01 -4.750195857e+01 -3.2367e+00 +2.2704e+00
204 +3.956841169e-02 +3.956841169e-02 -4.755043159e+01 -4.755043159e+01 -3.3874e+00 +2.2415e+00
222 +3.840797166e-02 +3.840797166e-02 -4.755159203e+01 -4.755159203e+01 -3.4764e+00 +2.2281e+00
231 +8.491359931e-03 +8.491359931e-03 -4.758150864e+01 -4.758150864e+01 -3.3890e+00 +2.2121e+00
276 +7.627980003e-03 +7.627980003e-03 -4.758237202e+01 -4.758237202e+01 -3.4507e+00 +2.1995e+00
281 +2.487164943e-03 +2.487164943e-03 -4.758751284e+01 -4.758751284e+01 -3.4310e+00 +2.1946e+00
366 +8.667680579e-04 +8.667680579e-04 -4.758913323e+01 -4.758913323e+01 -3.4132e+00 +2.1913e+00
377 +5.111097642e-04 +5.111097642e-04 -4.758948889e+01 -4.758948889e+01 -3.3992e+00 +2.1945e+00
391 +2.549103103e-04 +2.549103103e-04 -4.758974509e+01 -4.758974509e+01 -3.4088e+00 +2.1916e+00
406 +1.533475279e-04 +1.533475279e-04 -4.758984665e+01 -4.758984665e+01 -3.4029e+00 +2.1921e+00
412 +1.209059108e-04 +1.209059108e-04 -4.758987909e+01 -4.758987909e+01 -3.4022e+00 +2.1917e+00
427 +1.063437476e-04 +1.063437476e-04 -4.758989366e+01 -4.758989366e+01 -3.4051e+00 +2.1913e+00
428 +5.029253500e-05 +5.029253500e-05 -4.758994971e+01 -4.758994971e+01 -3.4027e+00 +2.1909e+00
442 +5.001930681e-06 +5.001930681e-06 -4.758999500e+01 -4.758999500e+01 -3.4025e+00 +2.1899e+00
487 +2.939772529e-06 +2.939772529e-06 -4.758999706e+01 -4.758999706e+01 -3.4029e+00 +2.1899e+00
490 +1.815328801e-06 +1.815328801e-06 -4.758999818e+01 -4.758999818e+01 -3.4032e+00 +2.1898e+00
533 +1.750074283e-06 +1.750074283e-06 -4.758999825e+01 -4.758999825e+01 -3.4035e+00 +2.1898e+00
543 +1.733507872e-06 +1.733507872e-06 -4.758999827e+01 -4.758999827e+01 -3.4031e+00 +2.1898e+00
554 +6.984859837e-07 +6.984859837e-07 -4.758999930e+01 -4.758999930e+01 -3.4030e+00 +2.1897e+00
595 +5.542173085e-07 +5.542173085e-07 -4.758999945e+01 -4.758999945e+01 -3.4031e+00 +2.1897e+00
605 +3.393227459e-07 +3.393227459e-07 -4.758999966e+01 -4.758999966e+01 -3.4031e+00 +2.1897e+00
618 +3.336777041e-07 +3.336777041e-07 -4.758999967e+01 -4.758999967e+01 -3.4031e+00 +2.1897e+00
620 +2.805645565e-07 +2.805645565e-07 -4.758999972e+01 -4.758999972e+01 -3.4031e+00 +2.1897e+00
623 +2.341577954e-07 +2.341577954e-07 -4.758999977e+01 -4.758999977e+01 -3.4031e+00 +2.1897e+00
633 +1.909854532e-07 +1.909854532e-07 -4.758999981e+01 -4.758999981e+01 -3.4032e+00 +2.1897e+00
640 +8.285874031e-08 +8.285874031e-08 -4.758999992e+01 -4.758999992e+01 -3.4032e+00 +2.1896e+00
644 +5.274048931e-08 +5.274048931e-08 -4.758999995e+01 -4.758999995e+01 -3.4032e+00 +2.1896e+00
650 +1.338455036e-08 +1.338455036e-08 -4.758999999e+01 -4.758999999e+01 -3.4032e+00 +2.1896e+00
652 +2.165521096e-10 +2.165521096e-10 -4.759000000e+01 -4.759000000e+01 -3.4032e+00 +2.1896e+00
1315 +0.000000000e+00 +0.000000000e+00 -4.759000000e+01 -4.759000000e+01 -3.4032e+00 +2.1896e+00
% function evaluation | noise-free fitness - Fopt (-8.284000000000e+01) | best noise-free fitness - Fopt | measured fitness | best measured fitness | x1 | x2...
1 +1.749161051e+04 +1.749161051e+04 +1.740877051e+04 +1.740877051e+04 +0.0000e+00 +0.0000e+00
2 +5.785912237e+03 +5.785912237e+03 +5.703072237e+03 +5.703072237e+03 -2.2776e-01 +4.8381e-01
3 +1.514423444e+02 +1.514423444e+02 +6.860234439e+01 +6.860234439e+01 -5.0476e-01 +9.1082e-01
5 +7.282911214e+00 +7.282911214e+00 -7.555708879e+01 -7.555708879e+01 -1.4324e+00 +7.3883e-01
14 +3.000636337e+00 +3.000636337e+00 -7.983936366e+01 -7.983936366e+01 -2.0807e+00 +2.2364e-01
22 +2.759877896e+00 +2.759877896e+00 -8.008012210e+01 -8.008012210e+01 -2.0217e+00 +2.0584e-01
24 +1.591474787e+00 +1.591474787e+00 -8.124852521e+01 -8.124852521e+01 -2.0220e+00 +5.7473e-02
40 +1.328620302e+00 +1.328620302e+00 -8.151137970e+01 -8.151137970e+01 -1.9318e+00 -8.4493e-03
42 +8.759436322e-01 +8.759436322e-01 -8.196405637e+01 -8.196405637e+01 -2.0506e+00 -7.6525e-02
61 +6.798446450e-01 +6.798446450e-01 -8.216015536e+01 -8.216015536e+01 -2.3118e+00 -1.7662e-01
67 +3.184909934e-01 +3.184909934e-01 -8.252150901e+01 -8.252150901e+01 -2.2381e+00 -2.4738e-01
81 +2.915802707e-01 +2.915802707e-01 -8.254841973e+01 -8.254841973e+01 -2.2863e+00 -2.6130e-01
86 +1.749254148e-01 +1.749254148e-01 -8.266507459e+01 -8.266507459e+01 -2.4113e+00 -3.2406e-01
93 +1.592208177e-01 +1.592208177e-01 -8.268077918e+01 -8.268077918e+01 -2.6227e+00 -4.0681e-01
100 +1.228994002e-01 +1.228994002e-01 -8.271710060e+01 -8.271710060e+01 -2.4686e+00 -3.6727e-01
106 +5.712070753e-02 +5.712070753e-02 -8.278287929e+01 -8.278287929e+01 -2.5316e+00 -4.2966e-01
108 +4.019623032e-02 +4.019623032e-02 -8.279980377e+01 -8.279980377e+01 -2.4274e+00 -4.0212e-01
128 +1.459145266e-02 +1.459145266e-02 -8.282540855e+01 -8.282540855e+01 -2.4477e+00 -4.3357e-01
132 +1.142439872e-02 +1.142439872e-02 -8.282857560e+01 -8.282857560e+01 -2.3687e+00 -4.1395e-01
216 +9.358473257e-03 +9.358473257e-03 -8.283064153e+01 -8.283064153e+01 -2.4233e+00 -4.2980e-01
221 +8.791053745e-03 +8.791053745e-03 -8.283120895e+01 -8.283120895e+01 -2.4160e+00 -4.2870e-01
223 +6.943537114e-03 +6.943537114e-03 -8.283305646e+01 -8.283305646e+01 -2.4022e+00 -4.2783e-01
226 +6.396337598e-03 +6.396337598e-03 -8.283360366e+01 -8.283360366e+01 -2.4154e+00 -4.3266e-01
228 +2.904800703e-03 +2.904800703e-03 -8.283709520e+01 -8.283709520e+01 -2.3962e+00 -4.3330e-01
236 +2.497332923e-03 +2.497332923e-03 -8.283750267e+01 -8.283750267e+01 -2.3928e+00 -4.3382e-01
248 +1.813389177e-03 +1.813389177e-03 -8.283818661e+01 -8.283818661e+01 -2.3972e+00 -4.3697e-01
253 +1.462919743e-03 +1.462919743e-03 -8.283853708e+01 -8.283853708e+01 -2.3866e+00 -4.3566e-01
256 +5.082480631e-04 +5.082480631e-04 -8.283949175e+01 -8.283949175e+01 -2.3879e+00 -4.4188e-01
311 +4.576088060e-04 +4.576088060e-04 -8.283954239e+01 -8.283954239e+01 -2.3898e+00 -4.4068e-01
312 +2.963101218e-04 +2.963101218e-04 -8.283970369e+01 -8.283970369e+01 -2.3878e+00 -4.4111e-01
336 +2.225898196e-04 +2.225898196e-04 -8.283977741e+01 -8.283977741e+01 -2.3902e+00 -4.4218e-01
381 +1.529571807e-04 +1.529571807e-04 -8.283984704e+01 -8.283984704e+01 -2.3903e+00 -4.4261e-01
385 +1.366558709e-04 +1.366558709e-04 -8.283986334e+01 -8.283986334e+01 -2.3915e+00 -4.4307e-01
397 +1.569740283e-05 +1.569740283e-05 -8.283998430e+01 -8.283998430e+01 -2.3920e+00 -4.4479e-01
411 +8.681852776e-06 +8.681852776e-06 -8.283999132e+01 -8.283999132e+01 -2.3930e+00 -4.4514e-01
415 +8.299029560e-06 +8.299029560e-06 -8.283999170e+01 -8.283999170e+01 -2.3928e+00 -4.4512e-01
430 +4.228146352e-06 +4.228146352e-06 -8.283999577e+01 -8.283999577e+01 -2.3933e+00 -4.4541e-01
457 +1.745066385e-07 +1.745066385e-07 -8.283999983e+01 -8.283999983e+01 -2.3927e+00 -4.4554e-01
532 +3.686704986e-08 +3.686704986e-08 -8.283999996e+01 -8.283999996e+01 -2.3928e+00 -4.4558e-01
594 +2.272697941e-08 +2.272697941e-08 -8.283999998e+01 -8.283999998e+01 -2.3928e+00 -4.4559e-01
634 +1.118097259e-08 +1.118097259e-08 -8.283999999e+01 -8.283999999e+01 -2.3928e+00 -4.4559e-01
661 +1.084912071e-08 +1.084912071e-08 -8.283999999e+01 -8.283999999e+01 -2.3928e+00 -4.4560e-01
667 +5.865572916e-09 +5.865572916e-09 -8.283999999e+01 -8.283999999e+01 -2.3928e+00 -4.4560e-01
1093 +0.000000000e+00 +0.000000000e+00 -8.284000000e+01 -8.284000000e+01 -2.3928e+00 -4.4560e-01
