% function evaluation | noise-free fitness - Fopt (3.590000000000e+01) | best noise-free fitness - Fopt | measured fitness | best measured fitness | x1 | x2...
1 +1.143844717e+02 +1.143844717e+02 +1.502844717e+02 +1.502844717e+02 +0.0000e+00 +0.0000e+00 +0.0000e+00
7 +1.351335151e+01 +1.351335151e+01 +4.941335151e+01 +4.941335151e+01 +2.3881e+00 -5.8393e-01 +1.3098e+00
34 +7.376906280e+00 +7.376906280e+00 +4.327690628e+01 +4.327690628e+01 +2.6891e+00 -3.5504e-01 +1.8503e+00
43 +5.918996857e+00 +5.918996857e+00 +4.181899686e+01 +4.181899686e+01 +3.6802e+00 -2.9387e-01 +2.3909e+00
69 +2.069649284e+00 +2.069649284e+00 +3.796964928e+01 +3.796964928e+01 +3.5242e+00 +8.4590e-02 +2.7727e+00
95 +1.597542714e+00 +1.597542714e+00 +3.749754271e+01 +3.749754271e+01 +3.0054e+00 +4.4647e-01 +2.3585e+00
97 +1.365725670e+00 +1.365725670e+00 +3.726572567e+01 +3.726572567e+01 +3.2615e+00 +3.6297e-01 +2.6035e+00
112 +1.253318940e+00 +1.253318940e+00 +3.715331894e+01 +3.715331894e+01 +3.2729e+00 +6.3257e-01 +2.5516e+00
123 +1.200479992e+00 +1.200479992e+00 +3.710047999e+01 +3.710047999e+01 +3.0258e+00 +5.9435e-01 +2.4298e+00
125 +8.071392829e-01 +8.071392829e-01 +3.670713928e+01 +3.670713928e+01 +3.1606e+00 +7.4953e-01 +2.5136e+00
126 +4.067315089e-01 +4.067315089e-01 +3.630673151e+01 +3.630673151e+01 +2.9561e+00 +6.9593e-01 +2.5727e+00
186 +3.647620011e-01 +3.647620011e-01 +3.626476200e+01 +3.626476200e+01 +3.0493e+00 +8.1295e-01 +2.5927e+00
194 +3.374901535e-01 +3.374901535e-01 +3.623749015e+01 +3.623749015e+01 +2.9764e+00 +8.1725e-01 +2.5557e+00
195 +2.886279783e-01 +2.886279783e-01 +3.618862798e+01 +3.618862798e+01 +3.0150e+00 +8.5130e-01 +2.5871e+00
199 +1.420503861e-01 +1.420503861e-01 +3.604205039e+01 +3.604205039e+01 +2.9115e+00 +9.5291e-01 +2.5676e+00
220 +1.102994345e-01 +1.102994345e-01 +3.601029943e+01 +3.601029943e+01 +2.8015e+00 +9.4843e-01 +2.5400e+00
240 +8.240162617e-02 +8.240162617e-02 +3.598240163e+01 +3.598240163e+01 +2.8351e+00 +1.0425e+00 +2.5293e+00
245 +8.032331294e-02 +8.032331294e-02 +3.598032331e+01 +3.598032331e+01 +2.7973e+00 +1.0215e+00 +2.5229e+00
249 +2.530640900e-02 +2.530640900e-02 +3.592530641e+01 +3.592530641e+01 +2.7494e+00 +1.0815e+00 +2.5395e+00
252 +2.179852684e-02 +2.179852684e-02 +3.592179853e+01 +3.592179853e+01 +2.7817e+00 +1.0689e+00 +2.5550e+00
289 +2.062289603e-02 +2.062289603e-02 +3.592062290e+01 +3.592062290e+01 +2.8209e+00 +1.0697e+00 +2.5730e+00
290 +1.191155677e-02 +1.191155677e-02 +3.591191156e+01 +3.591191156e+01 +2.7729e+00 +1.1091e+00 +2.5542e+00
315 +8.555587008e-03 +8.555587008e-03 +3.590855559e+01 +3.590855559e+01 +2.7765e+00 +1.0876e+00 +2.5673e+00
320 +4.378853791e-04 +4.378853791e-04 +3.590043789e+01 +3.590043789e+01 +2.7842e+00 +1.1141e+00 +2.5839e+00
453 +2.922525759e-04 +2.922525759e-04 +3.590029225e+01 +3.590029225e+01 +2.7819e+00 +1.1156e+00 +2.5833e+00
495 +1.520654162e-04 +1.520654162e-04 +3.590015207e+01 +3.590015207e+01 +2.7848e+00 +1.1102e+00 +2.5867e+00
496 +6.152588447e-05 +6.152588447e-05 +3.590006153e+01 +3.590006153e+01 +2.7838e+00 +1.1102e+00 +2.5879e+00
552 +5.449556936e-05 +5.449556936e-05 +3.590005450e+01 +3.590005450e+01 +2.7809e+00 +1.1131e+00 +2.5855e+00
567 +1.894901982e-05 +1.894901982e-05 +3.590001895e+01 +3.590001895e+01 +2.7808e+00 +1.1133e+00 +2.5862e+00
587 +1.356145328e-05 +1.356145328e-05 +3.590001356e+01 +3.590001356e+01 +2.7821e+00 +1.1136e+00 +2.5868e+00
632 +9.175309728e-06 +9.175309728e-06 +3.590000918e+01 +3.590000918e+01 +2.7816e+00 +1.1137e+00 +2.5866e+00
636 +8.673526011e-06 +8.673526011e-06 +3.590000867e+01 +3.590000867e+01 +2.7824e+00 +1.1127e+00 +2.5873e+00
637 +5.856872576e-06 +5.856872576e-06 +3.590000586e+01 +3.590000586e+01 +2.7814e+00 +1.1134e+00 +2.5867e+00
651 +3.962779836e-06 +3.962779836e-06 +3.590000396e+01 +3.590000396e+01 +2.7813e+00 +1.1137e+00 +2.5867e+00
663 +3.202628875e-06 +3.202628875e-06 +3.590000320e+01 +3.590000320e+01 +2.7816e+00 +1.1138e+00 +2.5869e+00
667 +1.709181049e-06 +1.709181049e-06 +3.590000171e+01 +3.590000171e+01 +2.7816e+00 +1.1135e+00 +2.5870e+00
673 +9.033533388e-07 +9.033533388e-07 +3.590000090e+01 +3.590000090e+01 +2.7815e+00 +1.1136e+00 +2.5870e+00
678 +5.879056246e-07 +5.879056246e-07 +3.590000059e+01 +3.590000059e+01 +2.7817e+00 +1.1135e+00 +2.5871e+00
719 +1.054825205e-07 +1.054825205e-07 +3.590000011e+01 +3.590000011e+01 +2.7817e+00 +1.1136e+00 +2.5872e+00
756 +8.932128992e-08 +8.932128992e-08 +3.590000009e+01 +3.590000009e+01 +2.7816e+00 +1.1136e+00 +2.5872e+00
800 +5.463795816e-08 +5.463795816e-08 +3.590000005e+01 +3.590000005e+01 +2.7816e+00 +1.1136e+00 +2.5872e+00
808 +5.219047949e-08 +5.219047949e-08 +3.590000005e+01 +3.590000005e+01 +2.7816e+00 +1.1136e+00 +2.5872e+00
811 +3.146329419e-08 +3.146329419e-08 +3.590000003e+01 +3.590000003e+01 +2.7816e+00 +1.1136e+00 +2.5872e+00
815 +1.421541640e-08 +1.421541640e-08 +3.590000001e+01 +3.590000001e+01 +2.7816e+00 +1.1136e+00 +2.5872e+00
829 +1.111783376e-08 +1.111783376e-08 +3.590000001e+01 +3.590000001e+01 +2.7816e+00 +1.1136e+00 +2.5872e+00
894 +1.095367708e-08 +1.095367708e-08 +3.590000001e+01 +3.590000001e+01 +2.7816e+00 +1.1136e+00 +2.5872e+00
895 +5.286352689e-09 +5.286352689e-09 +3.590000001e+01 +3.590000001e+01 +2.7816e+00 +1.1136e+00 +2.5872e+00
1452 +0.000000000e+00 +0.000000000e+00 +3.590000000e+01 +3.590000000e+01 +2.7816e+00 +1.1136e+00 +2.5872e+00
% function evaluation | noise-free fitness - Fopt (3.137000000000e+01) | best noise-free fitness - Fopt | measured fitness | best measured fitness | x1 | x2...
1 +6.057820710e+01 +6.057820710e+01 +9.194820710e+01 +9.194820710e+01 +0.0000e+00 +0.0000e+00 +0.0000e+00
2 +3.781427262e+01 +3.781427262e+01 +6.918427262e+01 +6.918427262e+01 +1.2689e-01 +1.2070e+00 -1.0090e+00
13 +2.492989250e+01 +2.492989250e+01 +5.629989250e+01 +5.629989250e+01 -8.8419e-01 +9.6645e-01 -7.3258e-01
14 +1.928210932e+01 +1.928210932e+01 +5.065210932e+01 +5.065210932e+01 -2.4951e-01 +5.8983e-01 -1.8597e+00
26 +1.451266512e+01 +1.451266512e+01 +4.588266512e+01 +4.588266512e+01 -2.1306e-01 +3.4020e-01 -2.2044e+00
30 +9.552828484e+00 +9.552828484e+00 +4.092282848e+01 +4.092282848e+01 -8.0732e-01 +6.8671e-01 -2.0989e+00
42 +6.657981136e+00 +6.657981136e+00 +3.802798114e+01 +3.802798114e+01 -1.4338e-01 +1.9991e+00 -2.7200e+00
45 +4.307333165e+00 +4.307333165e+00 +3.567733316e+01 +3.567733316e+01 -3.7932e-01 +1.1783e+00 -2.9016e+00
50 +1.282963482e+00 +1.282963482e+00 +3.265296348e+01 +3.265296348e+01 -2.3860e-01 +1.8097e+00 -3.4313e+00
117 +1.257674292e+00 +1.257674292e+00 +3.262767429e+01 +3.262767429e+01 -1.7005e-01 +2.4467e+00 -3.6342e+00
154 +8.351849128e-01 +8.351849128e-01 +3.220518491e+01 +3.220518491e+01 +1.5503e-01 +2.1869e+00 -3.9215e+00
163 +5.654208131e-01 +5.654208131e-01 +3.193542081e+01 +3.193542081e+01 +6.1017e-02 +2.2816e+00 -3.9578e+00
171 +4.106925858e-01 +4.106925858e-01 +3.178069259e+01 +3.178069259e+01 +4.9607e-02 +2.0020e+00 -3.9900e+00
185 +3.522295000e-01 +3.522295000e-01 +3.172222950e+01 +3.172222950e+01 +6.0096e-03 +2.1868e+00 -3.9707e+00
193 +2.867899902e-01 +2.867899902e-01 +3.165678999e+01 +3.165678999e+01 -5.4263e-02 +1.9726e+00 -3.8984e+00
206 +2.499973694e-01 +2.499973694e-01 +3.161999737e+01 +3.161999737e+01 +1.5084e-04 +2.1020e+00 -4.0215e+00
234 +1.752384784e-01 +1.752384784e-01 +3.154523848e+01 +3.154523848e+01 -3.8463e-02 +2.0394e+00 -4.0128e+00
261 +1.596783519e-01 +1.596783519e-01 +3.152967835e+01 +3.152967835e+01 -5.4272e-02 +2.0541e+00 -3.9945e+00
299 +1.554869398e-01 +1.554869398e-01 +3.152548694e+01 +3.152548694e+01 -1.0131e-01 +2.0811e+00 -3.9222e+00
317 +1.475521740e-01 +1.475521740e-01 +3.151755217e+01 +3.151755217e+01 -1.5012e-01 +2.0923e+00 -3.8832e+00
325 +1.416968989e-01 +1.416968989e-01 +3.151169690e+01 +3.151169690e+01 -1.5459e-01 +2.0852e+00 -3.8842e+00
336 +1.053971186e-01 +1.053971186e-01 +3.147539712e+01 +3.147539712e+01 -1.7796e-01 +2.0664e+00 -3.8770e+00
354 +1.028100374e-01 +1.028100374e-01 +3.147281004e+01 +3.147281004e+01 -1.7264e-01 +2.0659e+00 -3.8832e+00
357 +8.123885390e-02 +8.123885390e-02 +3.145123885e+01 +3.145123885e+01 -1.8039e-01 +2.0455e+00 -3.8849e+00
365 +4.256155261e-02 +4.256155261e-02 +3.141256155e+01 +3.141256155e+01 -2.4990e-01 +1.9940e+00 -3.8532e+00
379 +2.665204912e-02 +2.665204912e-02 +3.139665205e+01 +3.139665205e+01 -2.2750e-01 +1.9657e+00 -3.8748e+00
477 +2.074699821e-02 +2.074699821e-02 +3.139074700e+01 +3.139074700e+01 -2.3463e-01 +1.9255e+00 -3.8691e+00
486 +1.925029926e-02 +1.925029926e-02 +3.138925030e+01 +3.138925030e+01 -2.4718e-01 +1.9078e+00 -3.8574e+00
497 +1.466398343e-02 +1.466398343e-02 +3.138466398e+01 +3.138466398e+01 -2.4512e-01 +1.9197e+00 -3.8675e+00
501 +9.012309956e-03 +9.012309956e-03 +3.137901231e+01 +3.137901231e+01 -2.6089e-01 +1.9027e+00 -3.8605e+00
523 +8.874074011e-03 +8.874074011e-03 +3.137887407e+01 +3.137887407e+01 -2.7679e-01 +1.8847e+00 -3.8486e+00
532 +2.490587048e-03 +2.490587048e-03 +3.137249059e+01 +3.137249059e+01 -2.6445e-01 +1.8924e+00 -3.8762e+00
560 +2.331652266e-03 +2.331652266e-03 +3.137233165e+01 +3.137233165e+01 -2.6703e-01 +1.8911e+00 -3.8748e+00
567 +1.015071555e-03 +1.015071555e-03 +3.137101507e+01 +3.137101507e+01 -2.6688e-01 +1.8962e+00 -3.8794e+00
578 +6.709657756e-04 +6.709657756e-04 +3.137067097e+01 +3.137067097e+01 -2.6629e-01 +1.9028e+00 -3.8820e+00
581 +4.512380714e-04 +4.512380714e-04 +3.137045124e+01 +3.137045124e+01 -2.6754e-01 +1.9011e+00 -3.8826e+00
614 +1.714372216e-04 +1.714372216e-04 +3.137017144e+01 +3.137017144e+01 -2.7269e-01 +1.8995e+00 -3.8806e+00
707 +1.187612875e-04 +1.187612875e-04 +3.137011876e+01 +3.137011876e+01 -2.6954e-01 +1.8979e+00 -3.8836e+00
725 +1.002413558e-04 +1.002413558e-04 +3.137010024e+01 +3.137010024e+01 -2.6877e-01 +1.8983e+00 -3.8851e+00
744 +7.665852906e-05 +7.665852906e-05 +3.137007666e+01 +3.137007666e+01 -2.7102e-01 +1.8997e+00 -3.8833e+00
768 +6.133656525e-05 +6.133656525e-05 +3.137006134e+01 +3.137006134e+01 -2.7196e-01 +1.8982e+00 -3.8822e+00
772 +5.726145649e-05 +5.726145649e-05 +3.137005726e+01 +3.137005726e+01 -2.7224e-01 +1.8986e+00 -3.8824e+00
781 +3.722968689e-05 +3.722968689e-05 +3.137003723e+01 +3.137003723e+01 -2.7212e-01 +1.8985e+00 -3.8830e+00
782 +2.867274501e-05 +2.867274501e-05 +3.137002867e+01 +3.137002867e+01 -2.7169e-01 +1.8981e+00 -3.8833e+00
790 +2.206541689e-05 +2.206541689e-05 +3.137002207e+01 +3.137002207e+01 -2.7171e-01 +1.8980e+00 -3.8833e+00
795 +1.591353534e-05 +1.591353534e-05 +3.137001591e+01 +3.137001591e+01 -2.7205e-01 +1.8969e+00 -3.8830e+00
804 +1.551899621e-05 +1.551899621e-05 +3.137001552e+01 +3.137001552e+01 -2.7154e-01 +1.8965e+00 -3.8836e+00
818 +1.082989135e-05 +1.082989135e-05 +3.137001083e+01 +3.137001083e+01 -2.7166e-01 +1.8968e+00 -3.8835e+00
831 +7.667327779e-06 +7.667327779e-06 +3.137000767e+01 +3.137000767e+01 -2.7170e-01 +1.8969e+00 -3.8836e+00
832 +2.945728799e-06 +2.945728799e-06 +3.137000295e+01 +3.137000295e+01 -2.7197e-01 +1.8966e+00 -3.8837e+00
849 +1.699628598e-06 +1.699628598e-06 +3.137000170e+01 +3.137000170e+01 -2.7205e-01 +1.8970e+00 -3.8838e+00
914 +8.053385230e-07 +8.053385230e-07 +3.137000081e+01 +3.137000081e+01 -2.7198e-01 +1.8969e+00 -3.8839e+00
937 +3.190727718e-07 +3.190727718e-07 +3.137000032e+01 +3.137000032e+01 -2.7198e-01 +1.8967e+00 -3.8839e+00
945 +2.781162678e-07 +2.781162678e-07 +3.137000028e+01 +3.137000028e+01 -2.7198e-01 +1.8969e+00 -3.8839e+00
958 +2.007573165e-07 +2.007573165e-07 +3.137000020e+01 +3.137000020e+01 -2.7197e-01 +1.8968e+00 -3.8839e+00
981 +7.617926912e-08 +7.617926912e-08 +3.137000008e+01 +3.137000008e+01 -2.7198e-01 +1.8968e+00 -3.8840e+00
997 +3.479958366e-08 +3.479958366e-08 +3.137000003e+01 +3.137000003e+01 -2.7197e-01 +1.8968e+00 -3.8840e+00
1050 +2.142092725e-08 +2.142092725e-08 +3.137000002e+01 +3.137000002e+01 -2.7198e-01 +1.8968e+00 -3.8840e+00
1053 +8.009958918e-09 +8.009958918e-09 +3.137000001e+01 +3.137000001e+01 -2.7198e-01 +1.8968e+00 -3.8840e+00
1875 +0.000000000e+00 +0.000000000e+00 +3.137000000e+01 +3.137000000e+01 -2.7200e-01 +1.8968e+00 -3.8840e+00
% function evaluation | noise-free fitness - Fopt (-1.000000000000e+03) | best noise-free fitness - Fopt | measured fitness | best measured fitness | x1 | x2...
1 +6.079703817e+04 +6.079703817e+04 +5.979703817e+04 +5.979703817e+04 +0.0000e+00 +0.0000e+00 +0.0000e+00
2 +2.840033164e+04 +2.840033164e+04 +2.740033164e+04 +2.740033164e+04 -3.6717e-01 -9.6069e-01 +5.1909e-01
12 +2.318204268e+04 +2.318204268e+04 +2.218204268e+04 +2.218204268e+04 -9.1992e-01 -9.8144e-01 +2.1143e-01
13 +8.598353411e+03 +8.598353411e+03 +7.598353411e+03 +7.598353411e+03 -1.0171e+00 -1.8325e+00 +1.1310e+00
22 +2.322543269e+00 +2.322543269e+00 -9.976774567e+02 -9.976774567e+02 -1.2380e+00 -4.0167e+00 +3.4728e+00
229 +1.398535367e+00 +1.398535367e+00 -9.986014646e+02 -9.986014646e+02 -9.3600e-01 -3.8239e+00 +3.5844e+00
241 +1.368954451e+00 +1.368954451e+00 -9.986310455e+02 -9.986310455e+02 -1.0254e+00 -3.5272e+00 +3.1817e+00
251 +4.537411098e-01 +4.537411098e-01 -9.995462589e+02 -9.995462589e+02 -6.4138e-01 -3.4232e+00 +2.9113e+00
264 +3.937389115e-01 +3.937389115e-01 -9.996062611e+02 -9.996062611e+02 -5.6048e-01 -3.4548e+00 +3.1178e+00
266 +2.430655962e-01 +2.430655962e-01 -9.997569344e+02 -9.997569344e+02 -4.9743e-01 -3.4219e+00 +3.0105e+00
389 +1.612213443e-01 +1.612213443e-01 -9.998387787e+02 -9.998387787e+02 -4.1921e-01 -3.4890e+00 +3.0461e+00
400 +1.535955378e-01 +1.535955378e-01 -9.998464045e+02 -9.998464045e+02 -3.6919e-01 -3.4745e+00 +3.0603e+00
408 +1.480102115e-01 +1.480102115e-01 -9.998519898e+02 -9.998519898e+02 -3.8936e-01 -3.4772e+00 +3.0393e+00
412 +1.433115073e-01 +1.433115073e-01 -9.998566885e+02 -9.998566885e+02 -3.9921e-01 -3.4247e+00 +2.9991e+00
415 +7.986010224e-02 +7.986010224e-02 -9.999201399e+02 -9.999201399e+02 -2.9944e-01 -3.4771e+00 +2.9351e+00
424 +7.408679683e-02 +7.408679683e-02 -9.999259132e+02 -9.999259132e+02 -2.5687e-01 -3.4497e+00 +2.8765e+00
439 +7.163486146e-02 +7.163486146e-02 -9.999283651e+02 -9.999283651e+02 -3.3025e-01 -3.4293e+00 +2.9029e+00
444 +6.140701590e-02 +6.140701590e-02 -9.999385930e+02 -9.999385930e+02 -3.0523e-01 -3.4470e+00 +2.9484e+00
453 +4.334082527e-02 +4.334082527e-02 -9.999566592e+02 -9.999566592e+02 -2.8437e-01 -3.4088e+00 +2.9422e+00
462 +3.991216272e-02 +3.991216272e-02 -9.999600878e+02 -9.999600878e+02 -2.6824e-01 -3.3997e+00 +2.9320e+00
485 +2.621443563e-02 +2.621443563e-02 -9.999737856e+02 -9.999737856e+02 -2.6563e-01 -3.3779e+00 +2.9063e+00
495 +1.506297627e-02 +1.506297627e-02 -9.999849370e+02 -9.999849370e+02 -2.5206e-01 -3.3660e+00 +2.8745e+00
496 +1.405669813e-02 +1.405669813e-02 -9.999859433e+02 -9.999859433e+02 -2.4956e-01 -3.3685e+00 +2.8716e+00
506 +1.155638758e-02 +1.155638758e-02 -9.999884436e+02 -9.999884436e+02 -2.3348e-01 -3.3788e+00 +2.8684e+00
532 +8.694489135e-03 +8.694489135e-03 -9.999913055e+02 -9.999913055e+02 -2.1951e-01 -3.3694e+00 +2.8478e+00
557 +6.379707970e-03 +6.379707970e-03 -9.999936203e+02 -9.999936203e+02 -2.2694e-01 -3.3355e+00 +2.8413e+00
563 +4.432333577e-03 +4.432333577e-03 -9.999955677e+02 -9.999955677e+02 -2.1893e-01 -3.3423e+00 +2.8333e+00
579 +1.432549944e-03 +1.432549944e-03 -9.999985675e+02 -9.999985675e+02 -2.0440e-01 -3.3404e+00 +2.8381e+00
585 +1.222141946e-03 +1.222141946e-03 -9.999987779e+02 -9.999987779e+02 -2.0360e-01 -3.3370e+00 +2.8337e+00
612 +1.060225797e-03 +1.060225797e-03 -9.999989398e+02 -9.999989398e+02 -2.0164e-01 -3.3319e+00 +2.8287e+00
698 +1.032050532e-03 +1.032050532e-03 -9.999989679e+02 -9.999989679e+02 -1.9969e-01 -3.3386e+00 +2.8374e+00
706 +2.694145277e-04 +2.694145277e-04 -9.999997306e+02 -9.999997306e+02 -1.9198e-01 -3.3351e+00 +2.8307e+00
748 +1.441047966e-04 +1.441047966e-04 -9.999998559e+02 -9.999998559e+02 -1.8982e-01 -3.3348e+00 +2.8272e+00
793 +1.264054329e-04 +1.264054329e-04 -9.999998736e+02 -9.999998736e+02 -1.8984e-01 -3.3343e+00 +2.8271e+00
808 +2.071980657e-05 +2.071980657e-05 -9.999999793e+02 -9.999999793e+02 -1.8822e-01 -3.3311e+00 +2.8250e+00
838 +1.635963395e-05 +1.635963395e-05 -9.999999836e+02 -9.999999836e+02 -1.8801e-01 -3.3312e+00 +2.8247e+00
867 +1.571468772e-05 +1.571468772e-05 -9.999999843e+02 -9.999999843e+02 -1.8789e-01 -3.3312e+00 +2.8250e+00
892 +1.383947540e-05 +1.383947540e-05 -9.999999862e+02 -9.999999862e+02 -1.8774e-01 -3.3312e+00 +2.8249e+00
901 +1.270652160e-05 +1.270652160e-05 -9.999999873e+02 -9.999999873e+02 -1.8748e-01 -3.3314e+00 +2.8247e+00
903 +8.570419936e-06 +8.570419936e-06 -9.999999914e+02 -9.999999914e+02 -1.8729e-01 -3.3311e+00 +2.8250e+00
909 +8.275731943e-06 +8.275731943e-06 -9.999999917e+02 -9.999999917e+02 -1.8724e-01 -3.3307e+00 +2.8240e+00
924 +8.015416938e-06 +8.015416938e-06 -9.999999920e+02 -9.999999920e+02 -1.8735e-01 -3.3311e+00 +2.8248e+00
926 +3.077240535e-06 +3.077240535e-06 -9.999999969e+02 -9.999999969e+02 -1.8699e-01 -3.3307e+00 +2.8242e+00
940 +2.977514441e-06 +2.977514441e-06 -9.999999970e+02 -9.999999970e+02 -1.8693e-01 -3.3308e+00 +2.8244e+00
944 +1.840096502e-06 +1.840096502e-06 -9.999999982e+02 -9.999999982e+02 -1.8683e-01 -3.3307e+00 +2.8244e+00
960 +1.726209689e-06 +1.726209689e-06 -9.999999983e+02 -9.999999983e+02 -1.8676e-01 -3.3307e+00 +2.8241e+00
995 +1.574848625e-06 +1.574848625e-06 -9.999999984e+02 -9.999999984e+02 -1.8677e-01 -3.3307e+00 +2.8243e+00
1006 +1.208583626e-06 +1.208583626e-06 -9.999999988e+02 -9.999999988e+02 -1.8669e-01 -3.3307e+00 +2.8243e+00
1014 +9.184605005e-07 +9.184605005e-07 -9.999999991e+02 -9.999999991e+02 -1.8663e-01 -3.3307e+00 +2.8243e+00
1024 +6.949670706e-07 +6.949670706e-07 -9.999999993e+02 -9.999999993e+02 -1.8666e-01 -3.3306e+00 +2.8242e+00
1026 +6.674900987e-07 +6.674900987e-07 -9.999999993e+02 -9.999999993e+02 -1.8655e-01 -3.3306e+00 +2.8241e+00
1038 +5.243086889e-07 +5.243086889e-07 -9.999999995e+02 -9.999999995e+02 -1.8651e-01 -3.3306e+00 +2.8241e+00
1075 +3.611442025e-07 +3.611442025e-07 -9.999999996e+02 -9.999999996e+02 -1.8658e-01 -3.3305e+00 +2.8241e+00
1076 +2.629931259e-07 +2.629931259e-07 -9.999999997e+02 -9.999999997e+02 -1.8655e-01 -3.3305e+00 +2.8241e+00
1100 +1.770963536e-07 +1.770963536e-07 -9.999999998e+02 -9.999999998e+02 -1.8652e-01 -3.3304e+00 +2.8240e+00
1110 +1.723967671e-07 +1.723967671e-07 -9.999999998e+02 -9.999999998e+02 -1.8652e-01 -3.3305e+00 +2.8241e+00
1120 +8.835797871e-08 +8.835797871e-08 -9.999999999e+02 -9.999999999e+02 -1.8646e-01 -3.3305e+00 +2.8241e+00
1123 +5.340677944e-08 +5.340677944e-08 -9.999999999e+02 -9.999999999e+02 -1.8646e-01 -3.3304e+00 +2.8240e+00
1151 +3.115849267e-08 +3.115849267e-08 -1.000000000e+03 -1.000000000e+03 -1.8642e-01 -3.3304e+00 +2.8240e+00
1321 +2.830506673e-08 +2.830506673e-08 -1.000000000e+03 -1.000000000e+03 -1.8644e-01 -3.3304e+00 +2.8240e+00
1325 +1.863759280e-08 +1.863759280e-08 -1.000000000e+03 -1.000000000e+03 -1.8644e-01 -3.3304e+00 +2.8240e+00
1333 +1.823002549e-08 +1.823002549e-08 -1.000000000e+03 -1.000000000e+03 -1.8643e-01 -3.3304e+00 +2.8240e+00
1335 +1.273986072e-08 +1.273986072e-08 -1.000000000e+03 -1.000000000e+03 -1.8643e-01 -3.3304e+00 +2.8240e+00
1339 +1.221906132e-08 +1.221906132e-08 -1.000000000e+03 -1.000000000e+03 -1.8643e-01 -3.3304e+00 +2.8240e+00
1342 +2.553179002e-09 +2.553179002e-09 -1.000000000e+03 -1.000000000e+03 -1.8641e-01 -3.3304e+00 +2.8240e+00
2013 +0.000000000e+00 +0.000000000e+00 -1.000000000e+03 -1.000000000e+03 -1.8640e-01 -3.3304e+00 +2.8240e+00
% function evaluation | noise-free fitness - Fopt (1.319200000000e+02) | best noise-free fitness - Fopt | measured fitness | best measured fitness | x1 | x2...
1 +6.417320313e+04 +6.417320313e+04 +6.430512313e+04 +6.430512313e+04 +0.0000e+00 +0.0000e+00 +0.0000e+00
2 +6.086703075e+04 +6.086703075e+04 +6.099895075e+04 +6.099895075e+04 +1.7578e-01 +1.7397e+00 -3.9616e-01
4 +3.438529334e+04 +3.438529334e+04 +3.451721334e+04 +3.451721334e+04 -1.1428e+00 -1.5616e+00 -1.7491e+00
7 +2.628435326e+04 +2.628435326e+04 +2.641627326e+04 +2.641627326e+04 -2.9762e-01 +7.6926e-01 -1.2425e+00
12 +9.037161244e+03 +9.037161244e+03 +9.169081244e+03 +9.169081244e+03 -4.3275e-01 +1.3142e+00 -2.0271e+00
13 +7.185547744e+03 +7.185547744e+03 +7.317467744e+03 +7.317467744e+03 -3.5234e-02 +8.6574e-01 -2.0364e+00
14 +3.678355952e+03 +3.678355952e+03 +3.810275952e+03 +3.810275952e+03 -8.9441e-01 +1.3666e+00 -2.4962e+00
18 +1.879491889e+03 +1.879491889e+03 +2.011411889e+03 +2.011411889e+03 -3.7510e-01 +1.9328e+00 -2.9464e+00
22 +4.326635566e+02 +4.326635566e+02 +5.645835566e+02 +5.645835566e+02 -1.5296e+00 +3.6307e+00 -4.9515e+00
23 +6.034526565e+01 +6.034526565e+01 +1.922652657e+02 +1.922652657e+02 -5.1295e-02 +1.3477e+00 -4.3413e+00
24 +5.776776917e+01 +5.776776917e+01 +1.896877692e+02 +1.896877692e+02 -4.2186e-01 +1.1307e+00 -3.9720e+00
34 +4.625428885e+01 +4.625428885e+01 +1.781742889e+02 +1.781742889e+02 -4.3461e-01 +1.5174e+00 -4.5665e+00
35 +2.696943983e+01 +2.696943983e+01 +1.588894398e+02 +1.588894398e+02 -5.3460e-01 +2.6487e+00 -4.2920e+00
36 +2.432399104e+01 +2.432399104e+01 +1.562439910e+02 +1.562439910e+02 -1.4480e+00 +1.5780e+00 -5.3067e+00
49 +2.176060007e+01 +2.176060007e+01 +1.536806001e+02 +1.536806001e+02 -2.3971e+00 +2.3031e+00 -6.5247e+00
50 +1.857773547e+01 +1.857773547e+01 +1.504977355e+02 +1.504977355e+02 -2.1411e+00 +1.8697e+00 -5.9930e+00
55 +1.721504540e+01 +1.721504540e+01 +1.491350454e+02 +1.491350454e+02 -2.5200e+00 +2.3016e+00 -6.2959e+00
82 +1.255998257e+01 +1.255998257e+01 +1.444799826e+02 +1.444799826e+02 -1.3276e+00 +3.1725e+00 -4.8952e+00
108 +1.013655315e+01 +1.013655315e+01 +1.420565531e+02 +1.420565531e+02 -2.0882e+00 +3.1002e+00 -5.3101e+00
118 +6.489559280e+00 +6.489559280e+00 +1.384095593e+02 +1.384095593e+02 -2.1927e+00 +3.0268e+00 -4.7249e+00
123 +5.211200605e+00 +5.211200605e+00 +1.371312006e+02 +1.371312006e+02 -2.4101e+00 +2.6990e+00 -4.5332e+00
138 +2.753279421e+00 +2.753279421e+00 +1.346732794e+02 +1.346732794e+02 -2.8610e+00 +2.6219e+00 -4.3773e+00
162 +2.308586648e+00 +2.308586648e+00 +1.342285866e+02 +1.342285866e+02 -2.9927e+00 +2.5247e+00 -4.2668e+00
189 +1.952885363e+00 +1.952885363e+00 +1.338728854e+02 +1.338728854e+02 -3.1936e+00 +2.0897e+00 -3.8957e+00
191 +1.668657365e+00 +1.668657365e+00 +1.335886574e+02 +1.335886574e+02 -3.0963e+00 +2.4029e+00 -4.1568e+00
211 +1.397608762e+00 +1.397608762e+00 +1.333176088e+02 +1.333176088e+02 -3.1716e+00 +2.3795e+00 -4.1160e+00
213 +1.214702633e+00 +1.214702633e+00 +1.331347026e+02 +1.331347026e+02 -3.5965e+00 +2.2037e+00 -3.9524e+00
242 +6.985027021e-01 +6.985027021e-01 +1.326185027e+02 +1.326185027e+02 -3.5277e+00 +2.2322e+00 -4.0353e+00
279 +5.577348313e-01 +5.577348313e-01 +1.324777348e+02 +1.324777348e+02 -3.5308e+00 +2.1982e+00 -3.9713e+00
286 +3.701150230e-01 +3.701150230e-01 +1.322901150e+02 +1.322901150e+02 -3.6418e+00 +2.1089e+00 -3.9313e+00
292 +2.326468716e-01 +2.326468716e-01 +1.321526469e+02 +1.321526469e+02 -3.7748e+00 +2.0325e+00 -3.9154e+00
310 +1.529040495e-01 +1.529040495e-01 +1.320729040e+02 +1.320729040e+02 -3.8973e+00 +1.8655e+00 -3.8727e+00
337 +1.426683275e-01 +1.426683275e-01 +1.320626683e+02 +1.320626683e+02 -3.7718e+00 +2.0233e+00 -3.8125e+00
354 +9.173748978e-02 +9.173748978e-02 +1.320117375e+02 +1.320117375e+02 -3.8524e+00 +1.9795e+00 -3.8338e+00
389 +7.901871494e-02 +7.901871494e-02 +1.319990187e+02 +1.319990187e+02 -3.8474e+00 +1.9464e+00 -3.7392e+00
394 +7.520417456e-02 +7.520417456e-02 +1.319952042e+02 +1.319952042e+02 -3.8628e+00 +1.9374e+00 -3.7757e+00
401 +5.927350275e-02 +5.927350275e-02 +1.319792735e+02 +1.319792735e+02 -3.9190e+00 +1.8962e+00 -3.7979e+00
461 +4.839145342e-02 +4.839145342e-02 +1.319683915e+02 +1.319683915e+02 -3.8627e+00 +1.9682e+00 -3.7680e+00
484 +4.328619505e-02 +4.328619505e-02 +1.319632862e+02 +1.319632862e+02 -3.8817e+00 +1.9757e+00 -3.7784e+00
493 +3.692296429e-02 +3.692296429e-02 +1.319569230e+02 +1.319569230e+02 -3.8933e+00 +1.9650e+00 -3.7657e+00
506 +2.403260200e-02 +2.403260200e-02 +1.319440326e+02 +1.319440326e+02 -3.9030e+00 +1.9636e+00 -3.7494e+00
543 +1.706550698e-02 +1.706550698e-02 +1.319370655e+02 +1.319370655e+02 -3.9246e+00 +1.9499e+00 -3.7454e+00
553 +1.581356754e-02 +1.581356754e-02 +1.319358136e+02 +1.319358136e+02 -3.9373e+00 +1.9194e+00 -3.7435e+00
589 +1.400164340e-02 +1.400164340e-02 +1.319340016e+02 +1.319340016e+02 -3.9251e+00 +1.9391e+00 -3.7319e+00
593 +1.115559332e-02 +1.115559332e-02 +1.319311556e+02 +1.319311556e+02 -3.9275e+00 +1.9412e+00 -3.7258e+00
634 +1.003621236e-02 +1.003621236e-02 +1.319300362e+02 +1.319300362e+02 -3.9330e+00 +1.9413e+00 -3.7304e+00
646 +8.544257480e-03 +8.544257480e-03 +1.319285443e+02 +1.319285443e+02 -3.9402e+00 +1.9392e+00 -3.7272e+00
649 +8.308223038e-03 +8.308223038e-03 +1.319283082e+02 +1.319283082e+02 -3.9423e+00 +1.9399e+00 -3.7268e+00
678 +7.984484266e-03 +7.984484266e-03 +1.319279845e+02 +1.319279845e+02 -3.9464e+00 +1.9377e+00 -3.7279e+00
683 +7.786962699e-03 +7.786962699e-03 +1.319277870e+02 +1.319277870e+02 -3.9466e+00 +1.9375e+00 -3.7274e+00
691 +7.735420814e-03 +7.735420814e-03 +1.319277354e+02 +1.319277354e+02 -3.9447e+00 +1.9399e+00 -3.7258e+00
693 +6.896253975e-03 +6.896253975e-03 +1.319268963e+02 +1.319268963e+02 -3.9447e+00 +1.9364e+00 -3.7240e+00
708 +5.343162784e-03 +5.343162784e-03 +1.319253432e+02 +1.319253432e+02 -3.9457e+00 +1.9323e+00 -3.7195e+00
713 +4.745657921e-03 +4.745657921e-03 +1.319247457e+02 +1.319247457e+02 -3.9492e+00 +1.9335e+00 -3.7198e+00
735 +4.445796132e-03 +4.445796132e-03 +1.319244458e+02 +1.319244458e+02 -3.9517e+00 +1.9291e+00 -3.7157e+00
743 +2.424349489e-03 +2.424349489e-03 +1.319224243e+02 +1.319224243e+02 -3.9603e+00 +1.9209e+00 -3.7099e+00
754 +1.144306559e-03 +1.144306559e-03 +1.319211443e+02 +1.319211443e+02 -3.9674e+00 +1.9188e+00 -3.7072e+00
762 +1.949407205e-04 +1.949407205e-04 +1.319201949e+02 +1.319201949e+02 -3.9816e+00 +1.9083e+00 -3.7036e+00
770 +1.077369695e-04 +1.077369695e-04 +1.319201077e+02 +1.319201077e+02 -3.9798e+00 +1.9118e+00 -3.7024e+00
795 +7.494487366e-05 +7.494487366e-05 +1.319200749e+02 +1.319200749e+02 -3.9794e+00 +1.9118e+00 -3.7012e+00
808 +1.591334717e-05 +1.591334717e-05 +1.319200159e+02 +1.319200159e+02 -3.9816e+00 +1.9106e+00 -3.7003e+00
940 +1.406718144e-05 +1.406718144e-05 +1.319200141e+02 +1.319200141e+02 -3.9828e+00 +1.9094e+00 -3.6999e+00
954 +1.079875599e-05 +1.079875599e-05 +1.319200108e+02 +1.319200108e+02 -3.9823e+00 +1.9097e+00 -3.6998e+00
973 +9.478620569e-06 +9.478620569e-06 +1.319200095e+02 +1.319200095e+02 -3.9821e+00 +1.9102e+00 -3.7001e+00
974 +3.947928860e-06 +3.947928860e-06 +1.319200039e+02 +1.319200039e+02 -3.9820e+00 +1.9105e+00 -3.6997e+00
976 +3.097702887e-06 +3.097702887e-06 +1.319200031e+02 +1.319200031e+02 -3.9820e+00 +1.9106e+00 -3.6996e+00
1046 +1.142864392e-06 +1.142864392e-06 +1.319200011e+02 +1.319200011e+02 -3.9822e+00 +1.9105e+00 -3.6994e+00
1061 +5.066248718e-07 +5.066248718e-07 +1.319200005e+02 +1.319200005e+02 -3.9823e+00 +1.9104e+00 -3.6993e+00
1062 +2.904571659e-07 +2.904571659e-07 +1.319200003e+02 +1.319200003e+02 -3.9823e+00 +1.9104e+00 -3.6993e+00
1123 +1.815233759e-07 +1.815233759e-07 +1.319200002e+02 +1.319200002e+02 -3.9823e+00 +1.9104e+00 -3.6993e+00
1179 +1.614305916e-07 +1.614305916e-07 +1.319200002e+02 +1.319200002e+02 -3.9823e+00 +1.9105e+00 -3.6993e+00
1189 +1.150983451e-07 +1.150983451e-07 +1.319200001e+02 +1.319200001e+02 -3.9823e+00 +1.9105e+00 -3.6993e+00
1202 +1.007309152e-07 +1.007309152e-07 +1.319200001e+02 +1.319200001e+02 -3.9823e+00 +1.9104e+00 -3.6993e+00
1212 +6.941598940e-08 +6.941598940e-08 +1.319200001e+02 +1.319200001e+02 -3.9823e+00 +1.9104e+00 -3.6992e+00
1236 +5.821669902e-08 +5.821669902e-08 +1.319200001e+02 +1.319200001e+02 -3.9823e+00 +1.9104e+00 -3.6992e+00
1245 +5.265391678e-08 +5.265391678e-08 +1.319200001e+02 +1.319200001e+02 -3.9824e+00 +1.9104e+00 -3.6992e+00
1247 +4.721928804e-08 +4.721928804e-08 +1.319200000e+02 +1.319200000e+02 -3.9824e+00 +1.9104e+00 -3.6992e+00
1256 +3.983282681e-08 +3.983282681e-08 +1.319200000e+02 +1.319200000e+02 -3.9824e+00 +1.9104e+00 -3.6992e+00
1264 +3.684706940e-08 +3.684706940e-08 +1.319200000e+02 +1.319200000e+02 -3.9824e+00 +1.9104e+00 -3.6992e+00
1266 +2.364325269e-08 +2.364325269e-08 +1.319200000e+02 +1.319200000e+02 -3.9824e+00 +1.9104e+00 -3.6992e+00
1279 +1.241934910e-08 +1.241934910e-08 +1.319200000e+02 +1.319200000e+02 -3.9824e+00 +1.9104e+00 -3.6992e+00
1282 +1.107261483e-08 +1.107261483e-08 +1.319200000e+02 +1.319200000e+02 -3.9824e+00 +1.9104e+00 -3.6992e+00
1287 +1.061877697e-08 +1.061877697e-08 +1.319200000e+02 +1.319200000e+02 -3.9824e+00 +1.9104e+00 -3.6992e+00
1323 +6.011106279e-09 +6.011106279e-09 +1.319200000e+02 +1.319200000e+02 -3.9824e+00 +1.9104e+00 -3.6992e+00
1961 +0.000000000e+00 +0.000000000e+00 +1.319200000e+02 +1.319200000e+02 -3.9824e+00 +1.9104e+00 -3.6992e+00
% function evaluation | noise-free fitness - Fopt (5.908400000000e+02) | best noise-free fitness - Fopt | measured fitness | best measured fitness | x1 | x2...
1 +6.628683860e+04 +6.628683860e+04 +6.687767860e+04 +6.687767860e+04 +0.0000e+00 +0.0000e+00 +0.0000e+00
4 +2.071502943e+04 +2.071502943e+04 +2.130586943e+04 +2.130586943e+04 +2.4133e+00 +1.8283e+00 -6.4788e-01
18 +3.155515471e+03 +3.155515471e+03 +3.746355471e+03 +3.746355471e+03 +3.8810e+00 +2.1896e+00 +1.2252e+00
36 +5.288208956e+01 +5.288208956e+01 +6.437220896e+02 +6.437220896e+02 +4.6506e+00 -9.2972e-01 +1.1208e+00
47 +4.768657410e+01 +4.768657410e+01 +6.385265741e+02 +6.385265741e+02 +4.7392e+00 -5.8557e-01 +5.6758e-01
75 +4.500885518e+01 +4.500885518e+01 +6.358488552e+02 +6.358488552e+02 +3.8552e+00 +8.8437e-01 +9.9634e-01
82 +4.268292868e+01 +4.268292868e+01 +6.335229287e+02 +6.335229287e+02 +3.8611e+00 +7.6096e-01 +7.1824e-01
91 +3.939664888e+01 +3.939664888e+01 +6.302366489e+02 +6.302366489e+02 +3.7530e+00 -2.6189e-01 +5.7886e-01
98 +3.177616557e+01 +3.177616557e+01 +6.226161656e+02 +6.226161656e+02 +3.7439e+00 -1.2229e+00 +8.3840e-02
101 +2.644507382e+01 +2.644507382e+01 +6.172850738e+02 +6.172850738e+02 +3.3414e+00 -2.0473e-01 -5.4761e-02
120 +2.577327319e+01 +2.577327319e+01 +6.166132732e+02 +6.166132732e+02 +3.6745e+00 -1.3041e+00 -2.9555e-01
122 +2.239806099e+01 +2.239806099e+01 +6.132380610e+02 +6.132380610e+02 +3.2649e+00 -1.3666e+00 -6.9582e-01
144 +1.655833014e+01 +1.655833014e+01 +6.073983301e+02 +6.073983301e+02 +3.2266e+00 -2.1669e+00 -1.1483e+00
154 +1.215057303e+01 +1.215057303e+01 +6.029905730e+02 +6.029905730e+02 +2.7033e+00 -2.7063e+00 -1.5363e+00
160 +1.027138263e+01 +1.027138263e+01 +6.011113826e+02 +6.011113826e+02 +2.2869e+00 -2.5503e+00 -1.5700e+00
171 +6.303003086e+00 +6.303003086e+00 +5.971430031e+02 +5.971430031e+02 +2.0067e+00 -2.6408e+00 -1.9958e+00
179 +3.665171939e+00 +3.665171939e+00 +5.945051719e+02 +5.945051719e+02 +1.8016e+00 -3.6734e+00 -2.6519e+00
185 +3.365638589e+00 +3.365638589e+00 +5.942056386e+02 +5.942056386e+02 +1.5763e+00 -4.0158e+00 -2.9284e+00
194 +7.297444168e-01 +7.297444168e-01 +5.915697444e+02 +5.915697444e+02 +1.7198e+00 -3.7238e+00 -3.2963e+00
206 +2.668603758e-01 +2.668603758e-01 +5.911068604e+02 +5.911068604e+02 +1.6447e+00 -3.5770e+00 -3.4677e+00
337 +2.309231022e-01 +2.309231022e-01 +5.910709231e+02 +5.910709231e+02 +1.5211e+00 -3.3841e+00 -3.3070e+00
385 +1.950354464e-01 +1.950354464e-01 +5.910350354e+02 +5.910350354e+02 +1.5774e+00 -3.4509e+00 -3.3570e+00
393 +1.514538187e-01 +1.514538187e-01 +5.909914538e+02 +5.909914538e+02 +1.4918e+00 -3.4030e+00 -3.3610e+00
395 +1.499218951e-01 +1.499218951e-01 +5.909899219e+02 +5.909899219e+02 +1.4718e+00 -3.3987e+00 -3.3677e+00
401 +9.130462513e-02 +9.130462513e-02 +5.909313046e+02 +5.909313046e+02 +1.5265e+00 -3.4043e+00 -3.3953e+00
403 +1.837199100e-02 +1.837199100e-02 +5.908583720e+02 +5.908583720e+02 +1.4919e+00 -3.3312e+00 -3.4559e+00
418 +1.498734829e-02 +1.498734829e-02 +5.908549873e+02 +5.908549873e+02 +1.4744e+00 -3.2996e+00 -3.4459e+00
459 +9.193881883e-03 +9.193881883e-03 +5.908491939e+02 +5.908491939e+02 +1.4644e+00 -3.3150e+00 -3.4565e+00
464 +4.849667761e-03 +4.849667761e-03 +5.908448497e+02 +5.908448497e+02 +1.4673e+00 -3.3180e+00 -3.4751e+00
532 +4.637036677e-03 +4.637036677e-03 +5.908446370e+02 +5.908446370e+02 +1.4621e+00 -3.3262e+00 -3.4727e+00
583 +2.140312005e-03 +2.140312005e-03 +5.908421403e+02 +5.908421403e+02 +1.4522e+00 -3.3326e+00 -3.4819e+00
593 +1.239566419e-03 +1.239566419e-03 +5.908412396e+02 +5.908412396e+02 +1.4554e+00 -3.3298e+00 -3.4877e+00
605 +8.818667966e-04 +8.818667966e-04 +5.908408819e+02 +5.908408819e+02 +1.4542e+00 -3.3328e+00 -3.4910e+00
618 +5.988616298e-04 +5.988616298e-04 +5.908405989e+02 +5.908405989e+02 +1.4527e+00 -3.3348e+00 -3.4917e+00
625 +2.362794067e-04 +2.362794067e-04 +5.908402363e+02 +5.908402363e+02 +1.4467e+00 -3.3348e+00 -3.4937e+00
635 +1.002073183e-04 +1.002073183e-04 +5.908401002e+02 +5.908401002e+02 +1.4469e+00 -3.3379e+00 -3.4963e+00
693 +3.243672586e-05 +3.243672586e-05 +5.908400324e+02 +5.908400324e+02 +1.4460e+00 -3.3373e+00 -3.4974e+00
705 +8.842583725e-06 +8.842583725e-06 +5.908400088e+02 +5.908400088e+02 +1.4461e+00 -3.3364e+00 -3.4978e+00
721 +3.457637263e-06 +3.457637263e-06 +5.908400035e+02 +5.908400035e+02 +1.4459e+00 -3.3367e+00 -3.4984e+00
823 +2.608480372e-06 +2.608480372e-06 +5.908400026e+02 +5.908400026e+02 +1.4458e+00 -3.3360e+00 -3.4980e+00
837 +1.726955816e-06 +1.726955816e-06 +5.908400017e+02 +5.908400017e+02 +1.4457e+00 -3.3362e+00 -3.4982e+00
918 +1.017587806e-06 +1.017587806e-06 +5.908400010e+02 +5.908400010e+02 +1.4458e+00 -3.3360e+00 -3.4982e+00
923 +1.971432084e-07 +1.971432084e-07 +5.908400002e+02 +5.908400002e+02 +1.4456e+00 -3.3361e+00 -3.4983e+00
976 +1.734907755e-07 +1.734907755e-07 +5.908400002e+02 +5.908400002e+02 +1.4457e+00 -3.3360e+00 -3.4983e+00
981 +1.681728463e-07 +1.681728463e-07 +5.908400002e+02 +5.908400002e+02 +1.4457e+00 -3.3360e+00 -3.4983e+00
990 +1.547774673e-07 +1.547774673e-07 +5.908400002e+02 +5.908400002e+02 +1.4456e+00 -3.3360e+00 -3.4983e+00
1003 +1.328069175e-07 +1.328069175e-07 +5.908400001e+02 +5.908400001e+02 +1.4456e+00 -3.3360e+00 -3.4983e+00
1008 +9.999303074e-08 +9.999303074e-08 +5.908400001e+02 +5.908400001e+02 +1.4456e+00 -3.3360e+00 -3.4984e+00
1022 +3.528248271e-08 +3.528248271e-08 +5.908400000e+02 +5.908400000e+02 +1.4456e+00 -3.3360e+00 -3.4984e+00
1024 +2.444517122e-08 +2.444517122e-08 +5.908400000e+02 +5.908400000e+02 +1.4456e+00 -3.3360e+00 -3.4984e+00
1059 +1.046430498e-08 +1.046430498e-08 +5.908400000e+02 +5.908400000e+02 +1.4456e+00 -3.3360e+00 -3.4984e+00
1063 +9.013547242e-09 +9.013547242e-09 +5.908400000e+02 +5.908400000e+02 +1.4456e+00 -3.3360e+00 -3.4984e+00
1697 +0.000000000e+00 +0.000000000e+00 +5.908400000e+02 +5.908400000e+02 +1.4456e+00 -3.3360e+00 -3.4984e+00
% function evaluation | noise-free fitness - Fopt (5.115000000000e+01) | best noise-free fitness - Fopt | measured fitness | best measured fitness | x1 | x2...
1 +1.304092476e+05 +1.304092476e+05 +1.304603976e+05 +1.304603976e+05 +0.0000e+00 +0.0000e+00 +0.0000e+00
5 +2.867622087e+04 +2.867622087e+04 +2.872737087e+04 +2.872737087e+04 -4.2770e-01 -2.8545e-01 -1.5417e+00
7 +1.903481036e+04 +1.903481036e+04 +1.908596036e+04 +1.908596036e+04 -1.4317e+00 +1.2786e-01 -1.5582e+00
12 +6.653507933e+03 +6.653507933e+03 +6.704657933e+03 +6.704657933e+03 -3.0260e-01 +1.9274e-01 -3.0571e+00
17 +2.329030787e+01 +2.329030787e+01 +7.444030787e+01 +7.444030787e+01 -2.1348e+00 -1.5239e+00 -2.8536e+00
22 +2.235723772e+01 +2.235723772e+01 +7.350723772e+01 +7.350723772e+01 -8.4440e-01 -1.0501e+00 -3.0073e+00
24 +7.899661346e+00 +7.899661346e+00 +5.904966135e+01 +5.904966135e+01 -2.0240e+00 -2.6529e+00 -2.0298e+00
36 +5.925493415e+00 +5.925493415e+00 +5.707549342e+01 +5.707549342e+01 -1.7595e+00 -3.1055e+00 -1.8462e+00
69 +5.159083630e+00 +5.159083630e+00 +5.630908363e+01 +5.630908363e+01 -1.8632e+00 -2.6384e+00 -1.8342e+00
73 +4.353697471e+00 +4.353697471e+00 +5.550369747e+01 +5.550369747e+01 -1.2491e+00 -2.4114e+00 -2.0387e+00
74 +3.171266402e+00 +3.171266402e+00 +5.432126640e+01 +5.432126640e+01 -1.3772e+00 -2.9660e+00 -1.7479e+00
76 +2.425338483e+00 +2.425338483e+00 +5.357533848e+01 +5.357533848e+01 -1.7077e+00 -2.9508e+00 -1.5368e+00
99 +7.157935000e-01 +7.157935000e-01 +5.186579350e+01 +5.186579350e+01 -1.8346e+00 -2.8689e+00 -1.2161e+00
103 +4.160618419e-01 +4.160618419e-01 +5.156606184e+01 +5.156606184e+01 -1.8556e+00 -2.6492e+00 -1.1690e+00
108 +1.054030544e-01 +1.054030544e-01 +5.125540305e+01 +5.125540305e+01 -1.7904e+00 -2.7335e+00 -1.0663e+00
207 +8.134016236e-02 +8.134016236e-02 +5.123134016e+01 +5.123134016e+01 -1.7265e+00 -2.7278e+00 -1.0988e+00
213 +1.759066080e-02 +1.759066080e-02 +5.116759066e+01 +5.116759066e+01 -1.6738e+00 -2.6784e+00 -1.0823e+00
345 +1.141742723e-02 +1.141742723e-02 +5.116141743e+01 +5.116141743e+01 -1.6752e+00 -2.6727e+00 -1.0727e+00
346 +4.947548166e-03 +4.947548166e-03 +5.115494755e+01 +5.115494755e+01 -1.6585e+00 -2.6685e+00 -1.0730e+00
366 +4.648249419e-03 +4.648249419e-03 +5.115464825e+01 +5.115464825e+01 -1.6539e+00 -2.6527e+00 -1.0761e+00
397 +3.569399767e-03 +3.569399767e-03 +5.115356940e+01 +5.115356940e+01 -1.6563e+00 -2.6609e+00 -1.0704e+00
407 +1.803505474e-03 +1.803505474e-03 +5.115180351e+01 +5.115180351e+01 -1.6326e+00 -2.6621e+00 -1.0791e+00
433 +1.658012670e-03 +1.658012670e-03 +5.115165801e+01 +5.115165801e+01 -1.6259e+00 -2.6547e+00 -1.0832e+00
446 +1.441338627e-03 +1.441338627e-03 +5.115144134e+01 +5.115144134e+01 -1.6333e+00 -2.6623e+00 -1.0775e+00
448 +8.979082190e-04 +8.979082190e-04 +5.115089791e+01 +5.115089791e+01 -1.6306e+00 -2.6524e+00 -1.0792e+00
461 +6.164578180e-04 +6.164578180e-04 +5.115061646e+01 +5.115061646e+01 -1.6265e+00 -2.6549e+00 -1.0783e+00
465 +4.992505548e-04 +4.992505548e-04 +5.115049925e+01 +5.115049925e+01 -1.6293e+00 -2.6527e+00 -1.0775e+00
475 +4.721601755e-04 +4.721601755e-04 +5.115047216e+01 +5.115047216e+01 -1.6330e+00 -2.6494e+00 -1.0759e+00
476 +5.450499951e-05 +5.450499951e-05 +5.115005450e+01 +5.115005450e+01 -1.6312e+00 -2.6514e+00 -1.0735e+00
511 +5.054246247e-05 +5.054246247e-05 +5.115005054e+01 +5.115005054e+01 -1.6323e+00 -2.6537e+00 -1.0724e+00
554 +2.916381595e-05 +2.916381595e-05 +5.115002916e+01 +5.115002916e+01 -1.6317e+00 -2.6528e+00 -1.0726e+00
563 +1.262672738e-05 +1.262672738e-05 +5.115001263e+01 +5.115001263e+01 -1.6320e+00 -2.6522e+00 -1.0722e+00
579 +1.723164793e-06 +1.723164793e-06 +5.115000172e+01 +5.115000172e+01 -1.6313e+00 -2.6520e+00 -1.0722e+00
721 +1.349902924e-06 +1.349902924e-06 +5.115000135e+01 +5.115000135e+01 -1.6312e+00 -2.6522e+00 -1.0721e+00
736 +1.156415820e-06 +1.156415820e-06 +5.115000116e+01 +5.115000116e+01 -1.6313e+00 -2.6519e+00 -1.0721e+00
744 +5.483478205e-07 +5.483478205e-07 +5.115000055e+01 +5.115000055e+01 -1.6312e+00 -2.6519e+00 -1.0721e+00
745 +3.120140875e-07 +3.120140875e-07 +5.115000031e+01 +5.115000031e+01 -1.6313e+00 -2.6520e+00 -1.0721e+00
756 +2.680189581e-07 +2.680189581e-07 +5.115000027e+01 +5.115000027e+01 -1.6311e+00 -2.6520e+00 -1.0721e+00
798 +1.011197597e-07 +1.011197597e-07 +5.115000010e+01 +5.115000010e+01 -1.6312e+00 -2.6520e+00 -1.0720e+00
805 +6.757737481e-08 +6.757737481e-08 +5.115000007e+01 +5.115000007e+01 -1.6312e+00 -2.6520e+00 -1.0720e+00
824 +2.943607313e-08 +2.943607313e-08 +5.115000003e+01 +5.115000003e+01 -1.6312e+00 -2.6520e+00 -1.0720e+00
859 +1.966316177e-08 +1.966316177e-08 +5.115000002e+01 +5.115000002e+01 -1.6312e+00 -2.6520e+00 -1.0720e+00
867 +1.901547364e-08 +1.901547364e-08 +5.115000002e+01 +5.115000002e+01 -1.6312e+00 -2.6520e+00 -1.0720e+00
890 +1.682776940e-08 +1.682776940e-08 +5.115000002e+01 +5.115000002e+01 -1.6312e+00 -2.6520e+00 -1.0720e+00
952 +1.656623283e-08 +1.656623283e-08 +5.115000002e+01 +5.115000002e+01 -1.6312e+00 -2.6520e+00 -1.0720e+00
986 +1.439902064e-08 +1.439902064e-08 +5.115000001e+01 +5.115000001e+01 -1.6312e+00 -2.6520e+00 -1.0720e+00
990 +1.398956329e-08 +1.398956329e-08 +5.115000001e+01 +5.115000001e+01 -1.6312e+00 -2.6520e+00 -1.0720e+00
999 +1.159605034e-08 +1.159605034e-08 +5.115000001e+01 +5.115000001e+01 -1.6312e+00 -2.6520e+00 -1.0720e+00
1032 +1.139746075e-08 +1.139746075e-08 +5.115000001e+01 +5.115000001e+01 -1.6312e+00 -2.6520e+00 -1.0720e+00
1044 +1.114916870e-08 +1.114916870e-08 +5.115000001e+01 +5.115000001e+01 -1.6312e+00 -2.6520e+00 -1.0720e+00
1065 +1.093003021e-08 +1.093003021e-08 +5.115000001e+01 +5.115000001e+01 -1.6312e+00 -2.6520e+00 -1.0720e+00
1096 +1.070114308e-08 +1.070114308e-08 +5.115000001e+01 +5.115000001e+01 -1.6312e+00 -2.6520e+00 -1.0720e+00
1102 +8.528438400e-09 +8.528438400e-09 +5.115000001e+01 +5.115000001e+01 -1.6312e+00 -2.6520e+00 -1.0720e+00
1788 +0.000000000e+00 +0.000000000e+00 +5.115000000e+01 +5.115000000e+01 -1.6312e+00 -2.6520e+00 -1.0720e+00
% function evaluation | noise-free fitness - Fopt (2.917300000000e+02) | best noise-free fitness - Fopt | measured fitness | best measured fitness | x1 | x2...
1 +5.475729079e+01 +5.475729079e+01 +3.464872908e+02 +3.464872908e+02 +0.0000e+00 +0.0000e+00 +0.0000e+00
2 +4.546011439e+01 +4.546011439e+01 +3.371901144e+02 +3.371901144e+02 -5.3999e-01 -8.1449e-01 -1.3543e-02
3 +4.316521199e+01 +4.316521199e+01 +3.348952120e+02 +3.348952120e+02 +3.6728e-01 +1.9698e-01 -6.8017e-01
5 +3.764773508e+01 +3.764773508e+01 +3.293777351e+02 +3.293777351e+02 -4.5888e-01 -9.0996e-01 -4.8128e-01
22 +2.493976797e+01 +2.493976797e+01 +3.166697680e+02 +3.166697680e+02 -2.6365e+00 +1.4941e+00 -4.3987e-01
23 +2.110968610e+01 +2.110968610e+01 +3.128396861e+02 +3.128396861e+02 -1.6195e+00 +1.1430e+00 -1.0171e+00
32 +1.471047336e+01 +1.471047336e+01 +3.064404734e+02 +3.064404734e+02 -2.1255e+00 +1.5428e+00 -1.2016e+00
37 +1.261501270e+01 +1.261501270e+01 +3.043450127e+02 +3.043450127e+02 -2.0835e+00 -4.6420e-01 -9.5945e-01
53 +9.426738245e+00 +9.426738245e+00 +3.011567382e+02 +3.011567382e+02 -1.4294e+00 +1.2172e+00 -1.7752e+00
64 +5.140120663e+00 +5.140120663e+00 +2.968701207e+02 +2.968701207e+02 -1.2073e+00 +2.7707e-01 -2.1273e+00
70 +3.252909212e+00 +3.252909212e+00 +2.949829092e+02 +2.949829092e+02 -1.3508e+00 +9.2294e-01 -2.3298e+00
90 +2.902010211e+00 +2.902010211e+00 +2.946320102e+02 +2.946320102e+02 -1.8944e+00 +1.1322e+00 -2.1473e+00
100 +2.743024009e+00 +2.743024009e+00 +2.944730240e+02 +2.944730240e+02 -2.2654e+00 +1.4383e+00 -2.2245e+00
104 +1.243785782e+00 +1.243785782e+00 +2.929737858e+02 +2.929737858e+02 -2.1707e+00 +1.1119e+00 -2.3260e+00
105 +1.346984294e-01 +1.346984294e-01 +2.918646984e+02 +2.918646984e+02 -2.4405e+00 +8.2333e-01 -2.3426e+00
224 +5.485674259e-02 +5.485674259e-02 +2.917848567e+02 +2.917848567e+02 -2.3864e+00 +7.9002e-01 -2.4043e+00
261 +4.979364094e-02 +4.979364094e-02 +2.917797936e+02 +2.917797936e+02 -2.3909e+00 +7.8620e-01 -2.4022e+00
286 +4.633963672e-02 +4.633963672e-02 +2.917763396e+02 +2.917763396e+02 -2.3641e+00 +7.4751e-01 -2.4137e+00
297 +4.215556530e-02 +4.215556530e-02 +2.917721556e+02 +2.917721556e+02 -2.4110e+00 +7.1353e-01 -2.3910e+00
305 +1.228595052e-02 +1.228595052e-02 +2.917422860e+02 +2.917422860e+02 -2.4718e+00 +7.4559e-01 -2.3803e+00
321 +6.886618880e-03 +6.886618880e-03 +2.917368866e+02 +2.917368866e+02 -2.4802e+00 +7.2114e-01 -2.3821e+00
328 +4.665775112e-03 +4.665775112e-03 +2.917346658e+02 +2.917346658e+02 -2.5136e+00 +7.3223e-01 -2.3675e+00
340 +2.054878801e-03 +2.054878801e-03 +2.917320549e+02 +2.917320549e+02 -2.5030e+00 +7.3619e-01 -2.3817e+00
373 +1.297433452e-03 +1.297433452e-03 +2.917312974e+02 +2.917312974e+02 -2.5023e+00 +7.2885e-01 -2.3840e+00
395 +5.345052505e-04 +5.345052505e-04 +2.917305345e+02 +2.917305345e+02 -2.5080e+00 +7.3211e-01 -2.3849e+00
413 +2.593175473e-04 +2.593175473e-04 +2.917302593e+02 +2.917302593e+02 -2.5150e+00 +7.3228e-01 -2.3824e+00
425 +1.633067957e-04 +1.633067957e-04 +2.917301633e+02 +2.917301633e+02 -2.5151e+00 +7.3220e-01 -2.3831e+00
436 +2.984351931e-05 +2.984351931e-05 +2.917300298e+02 +2.917300298e+02 -2.5185e+00 +7.3071e-01 -2.3826e+00
481 +6.265590343e-06 +6.265590343e-06 +2.917300063e+02 +2.917300063e+02 -2.5206e+00 +7.3073e-01 -2.3821e+00
533 +5.042966848e-06 +5.042966848e-06 +2.917300050e+02 +2.917300050e+02 -2.5205e+00 +7.3025e-01 -2.3821e+00
541 +3.347281734e-06 +3.347281734e-06 +2.917300033e+02 +2.917300033e+02 -2.5209e+00 +7.3028e-01 -2.3820e+00
574 +1.387608336e-06 +1.387608336e-06 +2.917300014e+02 +2.917300014e+02 -2.5209e+00 +7.3036e-01 -2.3822e+00
577 +9.242143051e-07 +9.242143051e-07 +2.917300009e+02 +2.917300009e+02 -2.5207e+00 +7.3033e-01 -2.3823e+00
623 +3.441775789e-07 +3.441775789e-07 +2.917300003e+02 +2.917300003e+02 -2.5206e+00 +7.3047e-01 -2.3824e+00
695 +2.041905987e-07 +2.041905987e-07 +2.917300002e+02 +2.917300002e+02 -2.5208e+00 +7.3034e-01 -2.3823e+00
703 +1.953451942e-07 +1.953451942e-07 +2.917300002e+02 +2.917300002e+02 -2.5207e+00 +7.3041e-01 -2.3824e+00
713 +8.661714901e-08 +8.661714901e-08 +2.917300001e+02 +2.917300001e+02 -2.5208e+00 +7.3043e-01 -2.3824e+00
732 +3.445279617e-09 +3.445279617e-09 +2.917300000e+02 +2.917300000e+02 -2.5208e+00 +7.3040e-01 -2.3824e+00
1210 +0.000000000e+00 +0.000000000e+00 +2.917300000e+02 +2.917300000e+02 -2.5208e+00 +7.3040e-01 -2.3824e+00
% function evaluation | noise-free fitness - Fopt (3.567200000000e+02) | best noise-free fitness - Fopt | measured fitness | best measured fitness | x1 | x2...
1 +1.616125846e+05 +1.616125846e+05 +1.619693046e+05 +1.619693046e+05 +0.0000e+00 +0.0000e+00 +0.0000e+00
2 +1.287505421e+05 +1.287505421e+05 +1.291072621e+05 +1.291072621e+05 +2.6151e-01 +9.9316e-02 -7.3274e-01
12 +6.245503789e+04 +6.245503789e+04 +6.281175789e+04 +6.281175789e+04 +1.0703e+00 -4.3350e-01 -2.0099e+00
13 +5.927465550e+04 +5.927465550e+04 +5.963137550e+04 +5.963137550e+04 +1.1653e+00 +1.7940e-01 -1.2964e+00
17 +2.699766434e+04 +2.699766434e+04 +2.735438434e+04 +2.735438434e+04 +1.6550e+00 +1.4074e-01 -8.0708e-01
22 +3.776554398e+03 +3.776554398e+03 +4.133274398e+03 +4.133274398e+03 +2.2434e+00 -3.9558e-01 -1.5202e+00
23 +1.959318994e+03 +1.959318994e+03 +2.316038994e+03 +2.316038994e+03 +2.3960e+00 +4.2925e-01 -2.9324e-01
26 +1.933983702e+03 +1.933983702e+03 +2.290703702e+03 +2.290703702e+03 +2.3475e+00 -1.5735e+00 -1.2878e+00
27 +4.108363751e+02 +4.108363751e+02 +7.675563751e+02 +7.675563751e+02 +2.5301e+00 -2.1305e-01 +2.7583e-01
29 +1.809821866e+02 +1.809821866e+02 +5.377021866e+02 +5.377021866e+02 +2.5405e+00 +1.1548e+00 -1.8335e+00
33 +1.230233413e+01 +1.230233413e+01 +3.690223341e+02 +3.690223341e+02 +3.0457e+00 +2.1827e-01 -2.3281e+00
44 +1.150994727e+01 +1.150994727e+01 +3.682299473e+02 +3.682299473e+02 +3.6160e+00 +1.3931e+00 -2.8376e+00
45 +8.341671688e+00 +8.341671688e+00 +3.650616717e+02 +3.650616717e+02 +3.5601e+00 +2.3122e+00 -2.7443e+00
54 +4.729376071e+00 +4.729376071e+00 +3.614493761e+02 +3.614493761e+02 +2.5871e+00 +8.2348e-01 -2.5805e+00
73 +4.280639949e+00 +4.280639949e+00 +3.610006399e+02 +3.610006399e+02 +3.2351e+00 +9.8445e-01 -3.7017e+00
79 +3.779749247e+00 +3.779749247e+00 +3.604997492e+02 +3.604997492e+02 +2.7149e+00 +2.1267e+00 -2.4478e+00
88 +3.700299017e+00 +3.700299017e+00 +3.604202990e+02 +3.604202990e+02 +3.0481e+00 +1.9623e+00 -2.8154e+00
89 +2.082867218e+00 +2.082867218e+00 +3.588028672e+02 +3.588028672e+02 +2.8177e+00 +1.6515e+00 -3.0068e+00
96 +1.757900460e+00 +1.757900460e+00 +3.584779005e+02 +3.584779005e+02 +2.6078e+00 +1.5862e+00 -2.9361e+00
105 +7.249809566e-01 +7.249809566e-01 +3.574449810e+02 +3.574449810e+02 +2.6106e+00 +1.5316e+00 -3.3362e+00
138 +4.242051799e-01 +4.242051799e-01 +3.571442052e+02 +3.571442052e+02 +2.5546e+00 +9.5170e-01 -3.6033e+00
159 +3.805953693e-01 +3.805953693e-01 +3.571005954e+02 +3.571005954e+02 +2.5852e+00 +1.2780e+00 -3.5112e+00
310 +3.150095361e-01 +3.150095361e-01 +3.570350095e+02 +3.570350095e+02 +2.6052e+00 +1.4103e+00 -3.5607e+00
313 +2.664347092e-01 +2.664347092e-01 +3.569864347e+02 +3.569864347e+02 +2.5647e+00 +1.3590e+00 -3.5782e+00
315 +2.393803085e-01 +2.393803085e-01 +3.569593803e+02 +3.569593803e+02 +2.5769e+00 +1.3688e+00 -3.6050e+00
325 +1.619870548e-01 +1.619870548e-01 +3.568819871e+02 +3.568819871e+02 +2.6008e+00 +1.2847e+00 -3.6659e+00
333 +1.192588244e-01 +1.192588244e-01 +3.568392588e+02 +3.568392588e+02 +2.6077e+00 +1.2806e+00 -3.7332e+00
348 +2.943356827e-02 +2.943356827e-02 +3.567494336e+02 +3.567494336e+02 +2.5857e+00 +1.0746e+00 -3.8830e+00
455 +2.332068507e-02 +2.332068507e-02 +3.567433207e+02 +3.567433207e+02 +2.5712e+00 +1.1611e+00 -3.8350e+00
458 +1.694227294e-02 +1.694227294e-02 +3.567369423e+02 +3.567369423e+02 +2.5617e+00 +1.1200e+00 -3.8476e+00
463 +1.591555600e-02 +1.591555600e-02 +3.567359156e+02 +3.567359156e+02 +2.5725e+00 +1.0728e+00 -3.8926e+00
523 +1.557956969e-02 +1.557956969e-02 +3.567355796e+02 +3.567355796e+02 +2.5779e+00 +1.1389e+00 -3.8714e+00
524 +1.262893234e-02 +1.262893234e-02 +3.567326289e+02 +3.567326289e+02 +2.5679e+00 +1.1256e+00 -3.8640e+00
551 +9.678364794e-03 +9.678364794e-03 +3.567296784e+02 +3.567296784e+02 +2.5565e+00 +1.1156e+00 -3.8624e+00
568 +7.129662215e-03 +7.129662215e-03 +3.567271297e+02 +3.567271297e+02 +2.5531e+00 +1.1107e+00 -3.8724e+00
582 +6.669873209e-03 +6.669873209e-03 +3.567266699e+02 +3.567266699e+02 +2.5628e+00 +1.1004e+00 -3.8856e+00
589 +3.084792739e-03 +3.084792739e-03 +3.567230848e+02 +3.567230848e+02 +2.5610e+00 +1.1163e+00 -3.8945e+00
603 +2.562626689e-03 +2.562626689e-03 +3.567225626e+02 +3.567225626e+02 +2.5575e+00 +1.1056e+00 -3.8934e+00
613 +2.467621499e-03 +2.467621499e-03 +3.567224676e+02 +3.567224676e+02 +2.5536e+00 +1.1162e+00 -3.8907e+00
623 +2.052247220e-03 +2.052247220e-03 +3.567220522e+02 +3.567220522e+02 +2.5535e+00 +1.1142e+00 -3.8936e+00
639 +1.918136015e-03 +1.918136015e-03 +3.567219181e+02 +3.567219181e+02 +2.5558e+00 +1.1127e+00 -3.8958e+00
644 +8.379229120e-04 +8.379229120e-04 +3.567208379e+02 +3.567208379e+02 +2.5545e+00 +1.1052e+00 -3.9041e+00
712 +1.543260341e-04 +1.543260341e-04 +3.567201543e+02 +3.567201543e+02 +2.5507e+00 +1.0990e+00 -3.9096e+00
755 +6.727833511e-05 +6.727833511e-05 +3.567200673e+02 +3.567200673e+02 +2.5514e+00 +1.0989e+00 -3.9124e+00
775 +5.595558667e-05 +5.595558667e-05 +3.567200560e+02 +3.567200560e+02 +2.5508e+00 +1.0980e+00 -3.9122e+00
795 +5.064775098e-05 +5.064775098e-05 +3.567200506e+02 +3.567200506e+02 +2.5514e+00 +1.0964e+00 -3.9136e+00
802 +4.711654299e-05 +4.711654299e-05 +3.567200471e+02 +3.567200471e+02 +2.5509e+00 +1.0959e+00 -3.9131e+00
813 +4.598756050e-05 +4.598756050e-05 +3.567200460e+02 +3.567200460e+02 +2.5505e+00 +1.0959e+00 -3.9129e+00
818 +2.970836698e-05 +2.970836698e-05 +3.567200297e+02 +3.567200297e+02 +2.5504e+00 +1.0951e+00 -3.9138e+00
819 +1.471037336e-05 +1.471037336e-05 +3.567200147e+02 +3.567200147e+02 +2.5509e+00 +1.0961e+00 -3.9145e+00
823 +1.338388273e-05 +1.338388273e-05 +3.567200134e+02 +3.567200134e+02 +2.5504e+00 +1.0953e+00 -3.9144e+00
837 +9.588924343e-06 +9.588924343e-06 +3.567200096e+02 +3.567200096e+02 +2.5508e+00 +1.0955e+00 -3.9149e+00
894 +9.098620467e-06 +9.098620467e-06 +3.567200091e+02 +3.567200091e+02 +2.5507e+00 +1.0962e+00 -3.9143e+00
908 +3.502984555e-06 +3.502984555e-06 +3.567200035e+02 +3.567200035e+02 +2.5506e+00 +1.0965e+00 -3.9146e+00
917 +2.494676266e-06 +2.494676266e-06 +3.567200025e+02 +3.567200025e+02 +2.5506e+00 +1.0960e+00 -3.9150e+00
938 +1.895381160e-06 +1.895381160e-06 +3.567200019e+02 +3.567200019e+02 +2.5504e+00 +1.0958e+00 -3.9149e+00
948 +1.730106703e-06 +1.730106703e-06 +3.567200017e+02 +3.567200017e+02 +2.5505e+00 +1.0959e+00 -3.9149e+00
954 +1.054251356e-06 +1.054251356e-06 +3.567200011e+02 +3.567200011e+02 +2.5504e+00 +1.0958e+00 -3.9150e+00
960 +9.015084288e-07 +9.015084288e-07 +3.567200009e+02 +3.567200009e+02 +2.5504e+00 +1.0959e+00 -3.9150e+00
962 +6.053088555e-07 +6.053088555e-07 +3.567200006e+02 +3.567200006e+02 +2.5504e+00 +1.0961e+00 -3.9150e+00
972 +2.787895710e-07 +2.787895710e-07 +3.567200003e+02 +3.567200003e+02 +2.5505e+00 +1.0961e+00 -3.9151e+00
981 +1.956125288e-07 +1.956125288e-07 +3.567200002e+02 +3.567200002e+02 +2.5504e+00 +1.0961e+00 -3.9151e+00
1033 +1.017010050e-07 +1.017010050e-07 +3.567200001e+02 +3.567200001e+02 +2.5504e+00 +1.0960e+00 -3.9151e+00
1081 +9.383381894e-08 +9.383381894e-08 +3.567200001e+02 +3.567200001e+02 +2.5504e+00 +1.0960e+00 -3.9151e+00
1085 +8.238367855e-08 +8.238367855e-08 +3.567200001e+02 +3.567200001e+02 +2.5504e+00 +1.0960e+00 -3.9152e+00
1086 +5.638025868e-08 +5.638025868e-08 +3.567200001e+02 +3.567200001e+02 +2.5504e+00 +1.0960e+00 -3.9151e+00
1113 +4.390130925e-08 +4.390130925e-08 +3.567200000e+02 +3.567200000e+02 +2.5504e+00 +1.0960e+00 -3.9152e+00
1118 +2.286623157e-08 +2.286623157e-08 +3.567200000e+02 +3.567200000e+02 +2.5504e+00 +1.0960e+00 -3.9152e+00
1198 +1.984534492e-08 +1.984534492e-08 +3.567200000e+02 +3.567200000e+02 +2.5504e+00 +1.0960e+00 -3.9152e+00
1207 +1.903572411e-08 +1.903572411e-08 +3.567200000e+02 +3.567200000e+02 +2.5504e+00 +1.0960e+00 -3.9152e+00
1225 +2.598824267e-09 +2.598824267e-09 +3.567200000e+02 +3.567200000e+02 +2.5504e+00 +1.0960e+00 -3.9152e+00
1893 +0.000000000e+00 +0.000000000e+00 +3.567200000e+02 +3.567200000e+02 +2.5504e+00 +1.0960e+00 -3.9152e+00
% function evaluation | noise-free fitness - Fopt (2.512400000000e+02) | best noise-free fitness - Fopt | measured fitness | best measured fitness | x1 | x2...
1 +1.765618669e+05 +1.765618669e+05 +1.768131069e+05 +1.768131069e+05 +0.0000e+00 +0.0000e+00 +0.0000e+00
3 +7.870946703e+04 +7.870946703e+04 +7.896070703e+04 +7.896070703e+04 -3.8158e-01 +6.0994e-01 +1.1339e+00
4 +6.311587422e+04 +6.311587422e+04 +6.336711422e+04 +6.336711422e+04 -1.1017e+00 +5.3091e-01 +1.3588e+00
5 +5.875649750e+04 +5.875649750e+04 +5.900773750e+04 +5.900773750e+04 -7.3488e-02 +1.7379e+00 +1.6627e+00
13 +4.537889208e+04 +4.537889208e+04 +4.563013208e+04 +4.563013208e+04 -1.2553e+00 +1.1861e+00 +1.5188e+00
16 +1.818310737e+04 +1.818310737e+04 +1.843434737e+04 +1.843434737e+04 -4.1469e-01 +2.1148e+00 +4.6459e+00
18 +7.174564339e+03 +7.174564339e+03 +7.425804339e+03 +7.425804339e+03 -2.1446e+00 +1.1526e+00 +3.8266e+00
26 +4.315349343e+03 +4.315349343e+03 +4.566589343e+03 +4.566589343e+03 -2.5218e+00 +2.4364e+00 +2.6254e+00
27 +3.850941311e+01 +3.850941311e+01 +2.897494131e+02 +2.897494131e+02 -4.2295e+00 -1.5581e-01 +4.9713e+00
35 +7.143782424e-01 +7.143782424e-01 +2.519543782e+02 +2.519543782e+02 -3.7495e+00 +2.5642e+00 +2.5897e+00
219 +4.456904840e-01 +4.456904840e-01 +2.516856905e+02 +2.516856905e+02 -4.0547e+00 +2.8535e+00 +2.6635e+00
228 +2.992680680e-01 +2.992680680e-01 +2.515392681e+02 +2.515392681e+02 -3.7569e+00 +2.7693e+00 +2.6267e+00
239 +2.146882828e-01 +2.146882828e-01 +2.514546883e+02 +2.514546883e+02 -3.6681e+00 +2.8485e+00 +2.6213e+00
248 +1.377681715e-01 +1.377681715e-01 +2.513777682e+02 +2.513777682e+02 -3.6140e+00 +2.8173e+00 +2.5198e+00
257 +7.894698096e-02 +7.894698096e-02 +2.513189470e+02 +2.513189470e+02 -3.5619e+00 +2.9263e+00 +2.5511e+00
286 +4.134001006e-02 +4.134001006e-02 +2.512813400e+02 +2.512813400e+02 -3.5730e+00 +2.9006e+00 +2.4995e+00
300 +9.937405272e-03 +9.937405272e-03 +2.512499374e+02 +2.512499374e+02 -3.5578e+00 +2.9799e+00 +2.4673e+00
390 +8.646112025e-03 +8.646112025e-03 +2.512486461e+02 +2.512486461e+02 -3.5672e+00 +2.9749e+00 +2.4803e+00
404 +8.364982635e-03 +8.364982635e-03 +2.512483650e+02 +2.512483650e+02 -3.5448e+00 +2.9574e+00 +2.4817e+00
405 +6.359493264e-03 +6.359493264e-03 +2.512463595e+02 +2.512463595e+02 -3.5519e+00 +2.9690e+00 +2.4793e+00
410 +5.753633908e-03 +5.753633908e-03 +2.512457536e+02 +2.512457536e+02 -3.5490e+00 +2.9610e+00 +2.4748e+00
411 +4.714981080e-03 +4.714981080e-03 +2.512447150e+02 +2.512447150e+02 -3.5298e+00 +2.9609e+00 +2.4762e+00
418 +3.731384507e-03 +3.731384507e-03 +2.512437314e+02 +2.512437314e+02 -3.5217e+00 +2.9617e+00 +2.4707e+00
419 +2.948962377e-03 +2.948962377e-03 +2.512429490e+02 +2.512429490e+02 -3.5288e+00 +2.9638e+00 +2.4671e+00
446 +2.191533246e-03 +2.191533246e-03 +2.512421915e+02 +2.512421915e+02 -3.5095e+00 +2.9710e+00 +2.4698e+00
452 +1.719086761e-03 +1.719086761e-03 +2.512417191e+02 +2.512417191e+02 -3.5112e+00 +2.9767e+00 +2.4696e+00
455 +7.771606916e-04 +7.771606916e-04 +2.512407772e+02 +2.512407772e+02 -3.5166e+00 +2.9781e+00 +2.4655e+00
467 +6.398232848e-04 +6.398232848e-04 +2.512406398e+02 +2.512406398e+02 -3.5129e+00 +2.9793e+00 +2.4651e+00
514 +5.116342508e-04 +5.116342508e-04 +2.512405116e+02 +2.512405116e+02 -3.5075e+00 +2.9802e+00 +2.4638e+00
525 +4.881021559e-04 +4.881021559e-04 +2.512404881e+02 +2.512404881e+02 -3.5088e+00 +2.9790e+00 +2.4635e+00
530 +3.404502284e-04 +3.404502284e-04 +2.512403405e+02 +2.512403405e+02 -3.5079e+00 +2.9810e+00 +2.4628e+00
571 +2.773458389e-04 +2.773458389e-04 +2.512402773e+02 +2.512402773e+02 -3.5096e+00 +2.9788e+00 +2.4623e+00
579 +2.582285937e-04 +2.582285937e-04 +2.512402582e+02 +2.512402582e+02 -3.5101e+00 +2.9803e+00 +2.4621e+00
582 +1.471080624e-04 +1.471080624e-04 +2.512401471e+02 +2.512401471e+02 -3.5101e+00 +2.9815e+00 +2.4614e+00
588 +1.307021349e-04 +1.307021349e-04 +2.512401307e+02 +2.512401307e+02 -3.5115e+00 +2.9817e+00 +2.4610e+00
592 +6.404867565e-05 +6.404867565e-05 +2.512400640e+02 +2.512400640e+02 -3.5106e+00 +2.9820e+00 +2.4602e+00
619 +2.747451109e-05 +2.747451109e-05 +2.512400275e+02 +2.512400275e+02 -3.5098e+00 +2.9827e+00 +2.4594e+00
622 +9.013043410e-06 +9.013043410e-06 +2.512400090e+02 +2.512400090e+02 -3.5096e+00 +2.9830e+00 +2.4587e+00
648 +3.470538843e-06 +3.470538843e-06 +2.512400035e+02 +2.512400035e+02 -3.5083e+00 +2.9828e+00 +2.4587e+00
736 +3.310936620e-06 +3.310936620e-06 +2.512400033e+02 +2.512400033e+02 -3.5089e+00 +2.9832e+00 +2.4586e+00
743 +8.894116945e-07 +8.894116945e-07 +2.512400009e+02 +2.512400009e+02 -3.5081e+00 +2.9830e+00 +2.4585e+00
776 +4.195536292e-07 +4.195536292e-07 +2.512400004e+02 +2.512400004e+02 -3.5082e+00 +2.9831e+00 +2.4585e+00
825 +2.380422188e-07 +2.380422188e-07 +2.512400002e+02 +2.512400002e+02 -3.5081e+00 +2.9831e+00 +2.4585e+00
836 +1.650033994e-07 +1.650033994e-07 +2.512400002e+02 +2.512400002e+02 -3.5081e+00 +2.9832e+00 +2.4585e+00
851 +6.142303732e-08 +6.142303732e-08 +2.512400001e+02 +2.512400001e+02 -3.5081e+00 +2.9832e+00 +2.4584e+00
867 +4.987145985e-08 +4.987145985e-08 +2.512400000e+02 +2.512400000e+02 -3.5080e+00 +2.9832e+00 +2.4584e+00
875 +3.093657597e-08 +3.093657597e-08 +2.512400000e+02 +2.512400000e+02 -3.5080e+00 +2.9832e+00 +2.4584e+00
887 +2.513729669e-08 +2.513729669e-08 +2.512400000e+02 +2.512400000e+02 -3.5081e+00 +2.9832e+00 +2.4584e+00
943 +1.910368042e-08 +1.910368042e-08 +2.512400000e+02 +2.512400000e+02 -3.5080e+00 +2.9832e+00 +2.4584e+00
949 +1.902049007e-08 +1.902049007e-08 +2.512400000e+02 +2.512400000e+02 -3.5080e+00 +2.9832e+00 +2.4584e+00
959 +1.096907454e-08 +1.096907454e-08 +2.512400000e+02 +2.512400000e+02 -3.5080e+00 +2.9832e+00 +2.4584e+00
964 +9.349520269e-09 +9.349520269e-09 +2.512400000e+02 +2.512400000e+02 -3.5080e+00 +2.9832e+00 +2.4584e+00
1630 +0.000000000e+00 +0.000000000e+00 +2.512400000e+02 +2.512400000e+02 -3.5080e+00 +2.9832e+00 +2.4584e+00
% function evaluation | noise-free fitness - Fopt (9.903300000000e+02) | best noise-free fitness - Fopt | measured fitness | best measured fitness | x1 | x2...
1 +5.840128388e+01 +5.840128388e+01 +1.048731284e+03 +1.048731284e+03 +0.0000e+00 +0.0000e+00 +0.0000e+00
3 +4.394397334e+01 +4.394397334e+01 +1.034273973e+03 +1.034273973e+03 -1.2394e+00 +1.8422e-01 +1.0399e+00
11 +3.405609570e+01 +3.405609570e+01 +1.024386096e+03 +1.024386096e+03 -1.6129e+00 -3.6388e-01 +5.3005e-01
13 +2.467827751e+01 +2.467827751e+01 +1.015008278e+03 +1.015008278e+03 -2.2572e+00 +1.0514e+00 +2.3152e-01
15 +8.259198618e+00 +8.259198618e+00 +9.985891986e+02 +9.985891986e+02 -2.6561e+00 -4.3401e-01 -1.4025e+00
44 +3.293350660e+00 +3.293350660e+00 +9.936233507e+02 +9.936233507e+02 -2.6034e+00 -8.8698e-01 -2.6905e+00
52 +1.462068658e+00 +1.462068658e+00 +9.917920687e+02 +9.917920687e+02 -3.3022e+00 -6.1755e-01 -2.5173e+00
68 +4.763409800e-01 +4.763409800e-01 +9.908063410e+02 +9.908063410e+02 -3.3503e+00 -8.7799e-01 -2.9469e+00
103 +4.250049394e-01 +4.250049394e-01 +9.907550049e+02 +9.907550049e+02 -3.0578e+00 -1.0320e+00 -3.1297e+00
139 +3.678806247e-01 +3.678806247e-01 +9.906978806e+02 +9.906978806e+02 -3.2183e+00 -8.6774e-01 -3.0268e+00
148 +2.460357005e-01 +2.460357005e-01 +9.905760357e+02 +9.905760357e+02 -3.2914e+00 -9.6876e-01 -3.0751e+00
160 +1.987891648e-01 +1.987891648e-01 +9.905287892e+02 +9.905287892e+02 -3.2626e+00 -1.0097e+00 -3.1052e+00
165 +8.275042765e-02 +8.275042765e-02 +9.904127504e+02 +9.904127504e+02 -3.2202e+00 -1.0494e+00 -3.2215e+00
182 +2.685832000e-02 +2.685832000e-02 +9.903568583e+02 +9.903568583e+02 -3.2435e+00 -1.0905e+00 -3.2948e+00
201 +2.387638882e-02 +2.387638882e-02 +9.903538764e+02 +9.903538764e+02 -3.2568e+00 -1.1292e+00 -3.2954e+00
205 +2.283432943e-02 +2.283432943e-02 +9.903528343e+02 +9.903528343e+02 -3.2481e+00 -1.1093e+00 -3.2961e+00
215 +1.767285225e-02 +1.767285225e-02 +9.903476729e+02 +9.903476729e+02 -3.2711e+00 -1.1197e+00 -3.3112e+00
216 +1.009251549e-02 +1.009251549e-02 +9.903400925e+02 +9.903400925e+02 -3.2658e+00 -1.1160e+00 -3.3256e+00
218 +8.644140947e-03 +8.644140947e-03 +9.903386441e+02 +9.903386441e+02 -3.2449e+00 -1.1255e+00 -3.3423e+00
276 +8.445414812e-03 +8.445414812e-03 +9.903384454e+02 +9.903384454e+02 -3.2394e+00 -1.1354e+00 -3.3453e+00
295 +8.081214474e-03 +8.081214474e-03 +9.903380812e+02 +9.903380812e+02 -3.2349e+00 -1.1477e+00 -3.3458e+00
306 +4.654539354e-03 +4.654539354e-03 +9.903346545e+02 +9.903346545e+02 -3.2309e+00 -1.1771e+00 -3.3623e+00
327 +4.151604127e-03 +4.151604127e-03 +9.903341516e+02 +9.903341516e+02 -3.2504e+00 -1.1483e+00 -3.3468e+00
328 +2.179067530e-03 +2.179067530e-03 +9.903321791e+02 +9.903321791e+02 -3.2568e+00 -1.1416e+00 -3.3576e+00
386 +1.868803856e-03 +1.868803856e-03 +9.903318688e+02 +9.903318688e+02 -3.2556e+00 -1.1425e+00 -3.3598e+00
409 +1.752814969e-03 +1.752814969e-03 +9.903317528e+02 +9.903317528e+02 -3.2563e+00 -1.1431e+00 -3.3597e+00
421 +1.301379607e-03 +1.301379607e-03 +9.903313014e+02 +9.903313014e+02 -3.2541e+00 -1.1473e+00 -3.3626e+00
423 +1.162994733e-03 +1.162994733e-03 +9.903311630e+02 +9.903311630e+02 -3.2530e+00 -1.1485e+00 -3.3650e+00
430 +9.715852059e-04 +9.715852059e-04 +9.903309716e+02 +9.903309716e+02 -3.2535e+00 -1.1573e+00 -3.3629e+00
440 +8.705224736e-04 +8.705224736e-04 +9.903308705e+02 +9.903308705e+02 -3.2500e+00 -1.1592e+00 -3.3643e+00
441 +7.704508520e-04 +7.704508520e-04 +9.903307705e+02 +9.903307705e+02 -3.2528e+00 -1.1589e+00 -3.3647e+00
442 +5.079603790e-04 +5.079603790e-04 +9.903305080e+02 +9.903305080e+02 -3.2502e+00 -1.1590e+00 -3.3680e+00
453 +5.008343481e-04 +5.008343481e-04 +9.903305008e+02 +9.903305008e+02 -3.2510e+00 -1.1595e+00 -3.3675e+00
457 +3.319572362e-04 +3.319572362e-04 +9.903303320e+02 +9.903303320e+02 -3.2503e+00 -1.1598e+00 -3.3703e+00
459 +2.651807604e-04 +2.651807604e-04 +9.903302652e+02 +9.903302652e+02 -3.2480e+00 -1.1679e+00 -3.3737e+00
492 +1.664397512e-04 +1.664397512e-04 +9.903301664e+02 +9.903301664e+02 -3.2497e+00 -1.1649e+00 -3.3726e+00
511 +1.281313848e-04 +1.281313848e-04 +9.903301281e+02 +9.903301281e+02 -3.2508e+00 -1.1648e+00 -3.3729e+00
522 +7.982203351e-05 +7.982203351e-05 +9.903300798e+02 +9.903300798e+02 -3.2511e+00 -1.1646e+00 -3.3736e+00
533 +3.957973991e-05 +3.957973991e-05 +9.903300396e+02 +9.903300396e+02 -3.2511e+00 -1.1646e+00 -3.3750e+00
546 +1.581697768e-05 +1.581697768e-05 +9.903300158e+02 +9.903300158e+02 -3.2514e+00 -1.1655e+00 -3.3762e+00
808 +1.294938716e-05 +1.294938716e-05 +9.903300129e+02 +9.903300129e+02 -3.2512e+00 -1.1660e+00 -3.3762e+00
816 +6.261563612e-06 +6.261563612e-06 +9.903300063e+02 +9.903300063e+02 -3.2515e+00 -1.1658e+00 -3.3764e+00
822 +4.931733201e-06 +4.931733201e-06 +9.903300049e+02 +9.903300049e+02 -3.2516e+00 -1.1657e+00 -3.3764e+00
838 +3.405794928e-06 +3.405794928e-06 +9.903300034e+02 +9.903300034e+02 -3.2517e+00 -1.1656e+00 -3.3764e+00
839 +7.828874686e-07 +7.828874686e-07 +9.903300008e+02 +9.903300008e+02 -3.2520e+00 -1.1654e+00 -3.3765e+00
881 +5.651533002e-07 +5.651533002e-07 +9.903300006e+02 +9.903300006e+02 -3.2521e+00 -1.1654e+00 -3.3766e+00
923 +3.356828984e-07 +3.356828984e-07 +9.903300003e+02 +9.903300003e+02 -3.2520e+00 -1.1655e+00 -3.3766e+00
938 +2.784770459e-07 +2.784770459e-07 +9.903300003e+02 +9.903300003e+02 -3.2519e+00 -1.1656e+00 -3.3767e+00
947 +2.488728796e-07 +2.488728796e-07 +9.903300002e+02 +9.903300002e+02 -3.2520e+00 -1.1655e+00 -3.3767e+00
965 +3.266575277e-08 +3.266575277e-08 +9.903300000e+02 +9.903300000e+02 -3.2520e+00 -1.1656e+00 -3.3768e+00
1056 +1.112528025e-08 +1.112528025e-08 +9.903300000e+02 +9.903300000e+02 -3.2520e+00 -1.1656e+00 -3.3768e+00
1173 +2.744741323e-09 +2.744741323e-09 +9.903300000e+02 +9.903300000e+02 -3.2520e+00 -1.1656e+00 -3.3768e+00
1738 +0.000000000e+00 +0.000000000e+00 +9.903300000e+02 +9.903300000e+02 -3.2520e+00 -1.1656e+00 -3.3768e+00
% function evaluation | noise-free fitness - Fopt (2.898000000000e+01) | best noise-free fitness - Fopt | measured fitness | best measured fitness | x1 | x2...
1 +2.801204729e+05 +2.801204729e+05 +2.801494529e+05 +2.801494529e+05 +0.0000e+00 +0.0000e+00 +0.0000e+00
2 +1.474077213e+05 +1.474077213e+05 +1.474367013e+05 +1.474367013e+05 +6.7980e-01 +2.6374e-01 -1.5068e+00
3 +1.067286000e+05 +1.067286000e+05 +1.067575800e+05 +1.067575800e+05 +1.8778e+00 -1.5991e+00 +4.6717e-01
13 +2.397731926e+04 +2.397731926e+04 +2.400629926e+04 +2.400629926e+04 +1.7623e+00 -2.7154e+00 -3.6531e+00
24 +1.717080697e+04 +1.717080697e+04 +1.719978697e+04 +1.719978697e+04 +2.2681e+00 -3.9206e+00 -4.5225e+00
32 +4.191024286e+01 +4.191024286e+01 +7.089024286e+01 +7.089024286e+01 +5.1640e+00 -4.8037e+00 -3.0698e+00
35 +1.261313671e+01 +1.261313671e+01 +4.159313671e+01 +4.159313671e+01 +2.5058e+00 -5.8581e+00 -4.3563e+00
52 +1.193751245e+01 +1.193751245e+01 +4.091751245e+01 +4.091751245e+01 +2.2001e+00 -6.0243e+00 -3.6874e+00
88 +7.098047124e+00 +7.098047124e+00 +3.607804712e+01 +3.607804712e+01 +2.0812e+00 -5.1147e+00 -4.0912e+00
114 +3.207206543e+00 +3.207206543e+00 +3.218720654e+01 +3.218720654e+01 +2.7673e+00 -4.2569e+00 -3.0251e+00
173 +2.603016224e+00 +2.603016224e+00 +3.158301622e+01 +3.158301622e+01 +2.8913e+00 -4.1252e+00 -1.8993e+00
225 +2.524351141e+00 +2.524351141e+00 +3.150435114e+01 +3.150435114e+01 +3.1104e+00 -4.0724e+00 -2.1235e+00
235 +2.064473717e+00 +2.064473717e+00 +3.104447372e+01 +3.104447372e+01 +3.0547e+00 -3.9796e+00 -2.1415e+00
247 +3.489269346e-01 +3.489269346e-01 +2.932892693e+01 +2.932892693e+01 +2.9748e+00 -3.2919e+00 -1.9709e+00
356 +3.306876524e-01 +3.306876524e-01 +2.931068765e+01 +2.931068765e+01 +2.7486e+00 -3.4803e+00 -2.1118e+00
367 +1.325065130e-01 +1.325065130e-01 +2.911250651e+01 +2.911250651e+01 +2.7232e+00 -3.3250e+00 -2.1612e+00
371 +8.026098959e-02 +8.026098959e-02 +2.906026099e+01 +2.906026099e+01 +2.8057e+00 -3.2577e+00 -2.0829e+00
444 +5.091968401e-02 +5.091968401e-02 +2.903091968e+01 +2.903091968e+01 +2.7645e+00 -3.2316e+00 -2.1061e+00
454 +4.932453719e-02 +4.932453719e-02 +2.902932454e+01 +2.902932454e+01 +2.7632e+00 -3.2367e+00 -2.0896e+00
459 +4.602259706e-02 +4.602259706e-02 +2.902602260e+01 +2.902602260e+01 +2.7675e+00 -3.2266e+00 -2.0981e+00
471 +4.145177872e-02 +4.145177872e-02 +2.902145178e+01 +2.902145178e+01 +2.7680e+00 -3.2081e+00 -2.0899e+00
540 +4.059081354e-02 +4.059081354e-02 +2.902059081e+01 +2.902059081e+01 +2.7822e+00 -3.1822e+00 -2.0925e+00
547 +2.396760668e-02 +2.396760668e-02 +2.900396761e+01 +2.900396761e+01 +2.7896e+00 -3.1601e+00 -2.0662e+00
555 +1.136787548e-02 +1.136787548e-02 +2.899136788e+01 +2.899136788e+01 +2.7951e+00 -3.1469e+00 -2.0182e+00
566 +9.784808675e-03 +9.784808675e-03 +2.898978481e+01 +2.898978481e+01 +2.7823e+00 -3.1463e+00 -2.0198e+00
625 +6.664947365e-03 +6.664947365e-03 +2.898666495e+01 +2.898666495e+01 +2.7862e+00 -3.1238e+00 -2.0332e+00
636 +1.149660443e-03 +1.149660443e-03 +2.898114966e+01 +2.898114966e+01 +2.7920e+00 -3.1036e+00 -2.0029e+00
718 +6.781261279e-04 +6.781261279e-04 +2.898067813e+01 +2.898067813e+01 +2.7925e+00 -3.0991e+00 -2.0000e+00
783 +5.154047692e-04 +5.154047692e-04 +2.898051540e+01 +2.898051540e+01 +2.7928e+00 -3.0954e+00 -1.9941e+00
793 +2.647907582e-04 +2.647907582e-04 +2.898026479e+01 +2.898026479e+01 +2.7955e+00 -3.0890e+00 -1.9951e+00
811 +2.321278557e-04 +2.321278557e-04 +2.898023213e+01 +2.898023213e+01 +2.7937e+00 -3.0919e+00 -1.9951e+00
815 +1.689912876e-04 +1.689912876e-04 +2.898016899e+01 +2.898016899e+01 +2.7945e+00 -3.0901e+00 -1.9950e+00
825 +2.263373215e-05 +2.263373215e-05 +2.898002263e+01 +2.898002263e+01 +2.7918e+00 -3.0884e+00 -1.9962e+00
961 +1.809005869e-05 +1.809005869e-05 +2.898001809e+01 +2.898001809e+01 +2.7922e+00 -3.0880e+00 -1.9955e+00
975 +1.634322433e-05 +1.634322433e-05 +2.898001634e+01 +2.898001634e+01 +2.7921e+00 -3.0880e+00 -1.9956e+00
977 +1.304355030e-05 +1.304355030e-05 +2.898001304e+01 +2.898001304e+01 +2.7919e+00 -3.0877e+00 -1.9955e+00
987 +9.926543107e-06 +9.926543107e-06 +2.898000993e+01 +2.898000993e+01 +2.7922e+00 -3.0875e+00 -1.9956e+00
997 +9.403599595e-06 +9.403599595e-06 +2.898000940e+01 +2.898000940e+01 +2.7922e+00 -3.0875e+00 -1.9956e+00
998 +8.765877677e-06 +8.765877677e-06 +2.898000877e+01 +2.898000877e+01 +2.7922e+00 -3.0874e+00 -1.9952e+00
999 +5.152446601e-06 +5.152446601e-06 +2.898000515e+01 +2.898000515e+01 +2.7922e+00 -3.0871e+00 -1.9953e+00
1003 +4.092287558e-06 +4.092287558e-06 +2.898000409e+01 +2.898000409e+01 +2.7921e+00 -3.0871e+00 -1.9952e+00
1021 +1.716880504e-06 +1.716880504e-06 +2.898000172e+01 +2.898000172e+01 +2.7920e+00 -3.0867e+00 -1.9951e+00
1065 +9.490580837e-07 +9.490580837e-07 +2.898000095e+01 +2.898000095e+01 +2.7921e+00 -3.0867e+00 -1.9951e+00
1073 +9.030394175e-07 +9.030394175e-07 +2.898000090e+01 +2.898000090e+01 +2.7921e+00 -3.0866e+00 -1.9951e+00
1078 +3.084439193e-07 +3.084439193e-07 +2.898000031e+01 +2.898000031e+01 +2.7921e+00 -3.0865e+00 -1.9952e+00
1091 +2.155851035e-07 +2.155851035e-07 +2.898000022e+01 +2.898000022e+01 +2.7921e+00 -3.0864e+00 -1.9952e+00
1132 +1.790292252e-07 +1.790292252e-07 +2.898000018e+01 +2.898000018e+01 +2.7921e+00 -3.0864e+00 -1.9952e+00
1166 +1.011107749e-07 +1.011107749e-07 +2.898000010e+01 +2.898000010e+01 +2.7920e+00 -3.0865e+00 -1.9952e+00
1183 +9.624687536e-08 +9.624687536e-08 +2.898000010e+01 +2.898000010e+01 +2.7920e+00 -3.0865e+00 -1.9952e+00
1188 +4.388411412e-08 +4.388411412e-08 +2.898000004e+01 +2.898000004e+01 +2.7920e+00 -3.0864e+00 -1.9952e+00
1241 +3.550885808e-08 +3.550885808e-08 +2.898000004e+01 +2.898000004e+01 +2.7920e+00 -3.0864e+00 -1.9952e+00
1255 +1.763931223e-08 +1.763931223e-08 +2.898000002e+01 +2.898000002e+01 +2.7920e+00 -3.0864e+00 -1.9952e+00
1275 +1.723750387e-08 +1.723750387e-08 +2.898000002e+01 +2.898000002e+01 +2.7920e+00 -3.0864e+00 -1.9952e+00
1281 +3.051273012e-09 +3.051273012e-09 +2.898000000e+01 +2.898000000e+01 +2.7920e+00 -3.0864e+00 -1.9952e+00
% function evaluation | noise-free fitness - Fopt (2.054400000000e+02) | best noise-free fitness - Fopt | measured fitness | best measured fitness | x1 | x2...
1 +3.243851193e+04 +3.243851193e+04 +3.264395193e+04 +3.264395193e+04 +0.0000e+00 +0.0000e+00 +0.0000e+00
2 +2.735768936e+03 +2.735768936e+03 +2.941208936e+03 +2.941208936e+03 +2.3312e-01 +1.2391e+00 -7.9857e-01
7 +2.047173352e+03 +2.047173352e+03 +2.252613352e+03 +2.252613352e+03 -2.2864e+00 +1.3654e+00 +1.1229e-01
12 +1.462584046e+01 +1.462584046e+01 +2.200658405e+02 +2.200658405e+02 -2.1927e+00 +2.0409e+00 +5.7117e-02
28 +1.254595547e+01 +1.254595547e+01 +2.179859555e+02 +2.179859555e+02 -3.5335e-01 +2.0670e+00 -4.1486e-02
36 +1.165307527e+01 +1.165307527e+01 +2.170930753e+02 +2.170930753e+02 -6.0036e-01 +2.1252e+00 +8.4838e-02
37 +5.943703811e+00 +5.943703811e+00 +2.113837038e+02 +2.113837038e+02 -5.5210e-01 +2.4110e+00 +7.6959e-01
88 +5.616221499e+00 +5.616221499e+00 +2.110562215e+02 +2.110562215e+02 -1.1256e-01 +2.3402e+00 +7.3672e-01
104 +3.551753729e+00 +3.551753729e+00 +2.089917537e+02 +2.089917537e+02 +2.9626e-01 +2.1064e+00 +1.1781e+00
112 +2.634686158e+00 +2.634686158e+00 +2.080746862e+02 +2.080746862e+02 +6.3516e-01 +2.3952e+00 +1.4555e+00
113 +2.457415985e+00 +2.457415985e+00 +2.078974160e+02 +2.078974160e+02 +1.0575e-01 +2.1207e+00 +1.4833e+00
123 +2.439148917e+00 +2.439148917e+00 +2.078791489e+02 +2.078791489e+02 +4.1596e-01 +2.3308e+00 +1.4928e+00
155 +2.291881964e+00 +2.291881964e+00 +2.077318820e+02 +2.077318820e+02 +3.7521e-01 +2.3262e+00 +1.5867e+00
159 +1.612793791e+00 +1.612793791e+00 +2.070527938e+02 +2.070527938e+02 +7.5594e-01 +2.2055e+00 +1.7156e+00
163 +1.375200747e+00 +1.375200747e+00 +2.068152007e+02 +2.068152007e+02 +8.9748e-01 +2.1765e+00 +1.8817e+00
192 +1.109788351e+00 +1.109788351e+00 +2.065497884e+02 +2.065497884e+02 +8.7293e-01 +1.6461e+00 +2.0587e+00
193 +8.761872017e-01 +8.761872017e-01 +2.063161872e+02 +2.063161872e+02 +4.4914e-01 +1.9260e+00 +2.0486e+00
220 +6.941631643e-01 +6.941631643e-01 +2.061341632e+02 +2.061341632e+02 +5.9019e-01 +1.8986e+00 +2.1780e+00
225 +2.818062659e-01 +2.818062659e-01 +2.057218063e+02 +2.057218063e+02 +8.7664e-01 +1.8310e+00 +2.2969e+00
234 +2.602507017e-01 +2.602507017e-01 +2.057002507e+02 +2.057002507e+02 +8.5779e-01 +1.8274e+00 +2.3407e+00
235 +2.337435666e-01 +2.337435666e-01 +2.056737436e+02 +2.056737436e+02 +9.5798e-01 +1.8218e+00 +2.3501e+00
248 +8.056945387e-02 +8.056945387e-02 +2.055205695e+02 +2.055205695e+02 +9.7199e-01 +1.6746e+00 +2.4590e+00
375 +7.903765885e-02 +7.903765885e-02 +2.055190377e+02 +2.055190377e+02 +9.2903e-01 +1.6132e+00 +2.5131e+00
397 +4.836825902e-02 +4.836825902e-02 +2.054883683e+02 +2.054883683e+02 +9.6109e-01 +1.6608e+00 +2.5180e+00
402 +2.332006510e-02 +2.332006510e-02 +2.054633201e+02 +2.054633201e+02 +1.0178e+00 +1.6536e+00 +2.5652e+00
457 +1.930227244e-02 +1.930227244e-02 +2.054593023e+02 +2.054593023e+02 +1.0330e+00 +1.6195e+00 +2.5693e+00
463 +1.567417593e-02 +1.567417593e-02 +2.054556742e+02 +2.054556742e+02 +1.0267e+00 +1.6377e+00 +2.5861e+00
472 +4.611102761e-03 +4.611102761e-03 +2.054446111e+02 +2.054446111e+02 +1.0641e+00 +1.6099e+00 +2.6124e+00
522 +2.290649271e-03 +2.290649271e-03 +2.054422906e+02 +2.054422906e+02 +1.0675e+00 +1.6110e+00 +2.6275e+00
541 +1.164698473e-03 +1.164698473e-03 +2.054411647e+02 +2.054411647e+02 +1.0773e+00 +1.6091e+00 +2.6299e+00
547 +8.253872982e-04 +8.253872982e-04 +2.054408254e+02 +2.054408254e+02 +1.0766e+00 +1.6030e+00 +2.6368e+00
549 +1.528841849e-04 +1.528841849e-04 +2.054401529e+02 +2.054401529e+02 +1.0858e+00 +1.6025e+00 +2.6416e+00
678 +1.465864859e-04 +1.465864859e-04 +2.054401466e+02 +2.054401466e+02 +1.0850e+00 +1.6026e+00 +2.6432e+00
731 +9.160490970e-05 +9.160490970e-05 +2.054400916e+02 +2.054400916e+02 +1.0886e+00 +1.6033e+00 +2.6431e+00
755 +8.823434678e-05 +8.823434678e-05 +2.054400882e+02 +2.054400882e+02 +1.0885e+00 +1.6035e+00 +2.6433e+00
797 +3.772451998e-05 +3.772451998e-05 +2.054400377e+02 +2.054400377e+02 +1.0898e+00 +1.6027e+00 +2.6454e+00
824 +3.137627579e-05 +3.137627579e-05 +2.054400314e+02 +2.054400314e+02 +1.0889e+00 +1.6021e+00 +2.6448e+00
831 +1.681069813e-05 +1.681069813e-05 +2.054400168e+02 +2.054400168e+02 +1.0888e+00 +1.6014e+00 +2.6456e+00
863 +1.532154610e-05 +1.532154610e-05 +2.054400153e+02 +2.054400153e+02 +1.0893e+00 +1.6017e+00 +2.6459e+00
877 +1.423503707e-05 +1.423503707e-05 +2.054400142e+02 +2.054400142e+02 +1.0900e+00 +1.6010e+00 +2.6460e+00
888 +1.193238703e-05 +1.193238703e-05 +2.054400119e+02 +2.054400119e+02 +1.0897e+00 +1.6016e+00 +2.6459e+00
897 +4.958937467e-06 +4.958937467e-06 +2.054400050e+02 +2.054400050e+02 +1.0897e+00 +1.6012e+00 +2.6464e+00
912 +3.441162846e-06 +3.441162846e-06 +2.054400034e+02 +2.054400034e+02 +1.0901e+00 +1.6013e+00 +2.6466e+00
924 +1.180129402e-06 +1.180129402e-06 +2.054400012e+02 +2.054400012e+02 +1.0902e+00 +1.6011e+00 +2.6469e+00
986 +1.115770829e-06 +1.115770829e-06 +2.054400011e+02 +2.054400011e+02 +1.0903e+00 +1.6010e+00 +2.6468e+00
1011 +9.361439766e-07 +9.361439766e-07 +2.054400009e+02 +2.054400009e+02 +1.0903e+00 +1.6010e+00 +2.6469e+00
1013 +2.979852525e-07 +2.979852525e-07 +2.054400003e+02 +2.054400003e+02 +1.0903e+00 +1.6009e+00 +2.6470e+00
1076 +2.715185587e-07 +2.715185587e-07 +2.054400003e+02 +2.054400003e+02 +1.0903e+00 +1.6009e+00 +2.6471e+00
1084 +2.364911040e-07 +2.364911040e-07 +2.054400002e+02 +2.054400002e+02 +1.0903e+00 +1.6009e+00 +2.6471e+00
1115 +1.904466842e-07 +1.904466842e-07 +2.054400002e+02 +2.054400002e+02 +1.0903e+00 +1.6009e+00 +2.6471e+00
1123 +1.731407622e-07 +1.731407622e-07 +2.054400002e+02 +2.054400002e+02 +1.0903e+00 +1.6009e+00 +2.6471e+00
1129 +1.254224742e-07 +1.254224742e-07 +2.054400001e+02 +2.054400001e+02 +1.0903e+00 +1.6009e+00 +2.6471e+00
1133 +1.052443395e-07 +1.052443395e-07 +2.054400001e+02 +2.054400001e+02 +1.0903e+00 +1.6009e+00 +2.6471e+00
1135 +9.835690662e-08 +9.835690662e-08 +2.054400001e+02 +2.054400001e+02 +1.0903e+00 +1.6008e+00 +2.6471e+00
1153 +6.852073398e-08 +6.852073398e-08 +2.054400001e+02 +2.054400001e+02 +1.0903e+00 +1.6008e+00 +2.6471e+00
1167 +4.887780847e-08 +4.887780847e-08 +2.054400000e+02 +2.054400000e+02 +1.0904e+00 +1.6008e+00 +2.6471e+00
1179 +4.551202437e-08 +4.551202437e-08 +2.054400000e+02 +2.054400000e+02 +1.0904e+00 +1.6008e+00 +2.6472e+00
1184 +2.482994432e-08 +2.482994432e-08 +2.054400000e+02 +2.054400000e+02 +1.0904e+00 +1.6008e+00 +2.6472e+00
1212 +2.023358547e-08 +2.023358547e-08 +2.054400000e+02 +2.054400000e+02 +1.0904e+00 +1.6008e+00 +2.6472e+00
1227 +1.652713877e-08 +1.652713877e-08 +2.054400000e+02 +2.054400000e+02 +1.0904e+00 +1.6008e+00 +2.6472e+00
1228 +1.009729544e-08 +1.009729544e-08 +2.054400000e+02 +2.054400000e+02 +1.0904e+00 +1.6008e+00 +2.6472e+00
1262 +5.756760402e-09 +5.756760402e-09 +2.054400000e+02 +2.054400000e+02 +1.0904e+00 +1.6008e+00 +2.6472e+00
1984 +0.000000000e+00 +0.000000000e+00 +2.054400000e+02 +2.054400000e+02 +1.0904e+00 +1.6008e+00 +2.6472e+00
% function evaluation | noise-free fitness - Fopt (-5.930000000000e+01) | best noise-free fitness - Fopt | measured fitness | best measured fitness | x1 | x2...
1 +6.588525472e+04 +6.588525472e+04 +6.582595472e+04 +6.582595472e+04 +0.0000e+00 +0.0000e+00 +0.0000e+00
2 +8.449213420e+03 +8.449213420e+03 +8.389913420e+03 +8.389913420e+03 +1.7683e+00 -1.8419e+00 -5.8252e-01
5 +3.552999398e+03 +3.552999398e+03 +3.493699398e+03 +3.493699398e+03 +4.8137e-01 +1.3553e-01 -2.6251e+00
11 +1.441499435e+01 +1.441499435e+01 -4.488500565e+01 -4.488500565e+01 +2.6836e+00 -1.3859e+00 -1.0531e+00
55 +6.228170985e+00 +6.228170985e+00 -5.307182901e+01 -5.307182901e+01 +1.7020e+00 -1.2709e-01 -3.7846e+00
66 +4.839972131e+00 +4.839972131e+00 -5.446002787e+01 -5.446002787e+01 +1.6696e+00 -8.2292e-02 -2.8961e+00
121 +4.334735047e+00 +4.334735047e+00 -5.496526495e+01 -5.496526495e+01 +1.2653e+00 +6.6483e-01 -3.1989e+00
138 +2.557361459e+00 +2.557361459e+00 -5.674263854e+01 -5.674263854e+01 +1.3940e+00 -2.4480e-01 -3.1918e+00
144 +1.320335510e+00 +1.320335510e+00 -5.797966449e+01 -5.797966449e+01 +1.0978e+00 -4.8406e-02 -2.8552e+00
159 +2.112656200e-01 +2.112656200e-01 -5.908873438e+01 -5.908873438e+01 +7.3038e-01 +2.5701e-01 -3.1405e+00
268 +2.026223045e-01 +2.026223045e-01 -5.909737770e+01 -5.909737770e+01 +7.0984e-01 +3.6892e-01 -3.2907e+00
276 +1.479643348e-01 +1.479643348e-01 -5.915203567e+01 -5.915203567e+01 +6.4384e-01 +4.2895e-01 -3.3673e+00
277 +9.767316567e-02 +9.767316567e-02 -5.920232683e+01 -5.920232683e+01 +6.4200e-01 +4.3345e-01 -3.2202e+00
280 +3.976970365e-02 +3.976970365e-02 -5.926023030e+01 -5.926023030e+01 +5.7999e-01 +4.7138e-01 -3.2409e+00
303 +3.240830252e-02 +3.240830252e-02 -5.926759170e+01 -5.926759170e+01 +5.7073e-01 +4.4637e-01 -3.2022e+00
343 +2.608816038e-02 +2.608816038e-02 -5.927391184e+01 -5.927391184e+01 +5.4167e-01 +5.2880e-01 -3.2561e+00
344 +4.833483079e-03 +4.833483079e-03 -5.929516652e+01 -5.929516652e+01 +5.1571e-01 +5.2487e-01 -3.2708e+00
393 +2.349797654e-03 +2.349797654e-03 -5.929765020e+01 -5.929765020e+01 +5.1857e-01 +5.0029e-01 -3.2739e+00
437 +2.284059628e-03 +2.284059628e-03 -5.929771594e+01 -5.929771594e+01 +5.1799e-01 +5.0347e-01 -3.2770e+00
458 +1.010698472e-03 +1.010698472e-03 -5.929898930e+01 -5.929898930e+01 +5.1155e-01 +5.1104e-01 -3.2793e+00
478 +5.629990515e-04 +5.629990515e-04 -5.929943700e+01 -5.929943700e+01 +5.0878e-01 +5.1101e-01 -3.2746e+00
493 +5.278978090e-04 +5.278978090e-04 -5.929947210e+01 -5.929947210e+01 +5.0748e-01 +5.1153e-01 -3.2723e+00
501 +4.440342169e-04 +4.440342169e-04 -5.929955597e+01 -5.929955597e+01 +5.0625e-01 +5.1579e-01 -3.2757e+00
519 +3.253488320e-04 +3.253488320e-04 -5.929967465e+01 -5.929967465e+01 +5.0660e-01 +5.1305e-01 -3.2781e+00
540 +2.999166358e-04 +2.999166358e-04 -5.929970008e+01 -5.929970008e+01 +5.0631e-01 +5.1260e-01 -3.2778e+00
557 +2.943817243e-04 +2.943817243e-04 -5.929970562e+01 -5.929970562e+01 +5.0616e-01 +5.1229e-01 -3.2772e+00
562 +2.786537110e-04 +2.786537110e-04 -5.929972135e+01 -5.929972135e+01 +5.0597e-01 +5.1269e-01 -3.2776e+00
578 +2.699545243e-04 +2.699545243e-04 -5.929973005e+01 -5.929973005e+01 +5.0553e-01 +5.1310e-01 -3.2773e+00
597 +2.649265517e-04 +2.649265517e-04 -5.929973507e+01 -5.929973507e+01 +5.0541e-01 +5.1495e-01 -3.2797e+00
611 +2.279486563e-04 +2.279486563e-04 -5.929977205e+01 -5.929977205e+01 +5.0508e-01 +5.1470e-01 -3.2782e+00
619 +1.788033751e-04 +1.788033751e-04 -5.929982120e+01 -5.929982120e+01 +5.0466e-01 +5.1549e-01 -3.2782e+00
626 +1.361617465e-04 +1.361617465e-04 -5.929986384e+01 -5.929986384e+01 +5.0384e-01 +5.1572e-01 -3.2788e+00
627 +5.457917533e-05 +5.457917533e-05 -5.929994542e+01 -5.929994542e+01 +5.0219e-01 +5.1707e-01 -3.2790e+00
635 +4.238607904e-05 +4.238607904e-05 -5.929995761e+01 -5.929995761e+01 +5.0203e-01 +5.1810e-01 -3.2802e+00
646 +1.588823208e-05 +1.588823208e-05 -5.929998411e+01 -5.929998411e+01 +5.0089e-01 +5.1948e-01 -3.2814e+00
784 +1.312400532e-05 +1.312400532e-05 -5.929998688e+01 -5.929998688e+01 +5.0102e-01 +5.1896e-01 -3.2801e+00
812 +9.841475539e-06 +9.841475539e-06 -5.929999016e+01 -5.929999016e+01 +5.0085e-01 +5.1921e-01 -3.2800e+00
832 +1.768269044e-06 +1.768269044e-06 -5.929999823e+01 -5.929999823e+01 +5.0033e-01 +5.1962e-01 -3.2805e+00
843 +7.650115919e-07 +7.650115919e-07 -5.929999923e+01 -5.929999923e+01 +5.0021e-01 +5.1976e-01 -3.2807e+00
902 +4.687891746e-07 +4.687891746e-07 -5.929999953e+01 -5.929999953e+01 +5.0017e-01 +5.1981e-01 -3.2807e+00
923 +3.504260420e-07 +3.504260420e-07 -5.929999965e+01 -5.929999965e+01 +5.0012e-01 +5.1995e-01 -3.2807e+00
927 +2.864317992e-07 +2.864317992e-07 -5.929999971e+01 -5.929999971e+01 +5.0009e-01 +5.1993e-01 -3.2809e+00
931 +2.020261221e-07 +2.020261221e-07 -5.929999980e+01 -5.929999980e+01 +5.0010e-01 +5.1990e-01 -3.2808e+00
961 +8.805839258e-08 +8.805839258e-08 -5.929999991e+01 -5.929999991e+01 +5.0006e-01 +5.1993e-01 -3.2808e+00
967 +4.838616263e-08 +4.838616263e-08 -5.929999995e+01 -5.929999995e+01 +5.0004e-01 +5.1996e-01 -3.2808e+00
1006 +1.970422403e-08 +1.970422403e-08 -5.929999998e+01 -5.929999998e+01 +5.0003e-01 +5.1998e-01 -3.2808e+00
1078 +1.243478920e-08 +1.243478920e-08 -5.929999999e+01 -5.929999999e+01 +5.0002e-01 +5.1998e-01 -3.2808e+00
1102 +1.079038014e-08 +1.079038014e-08 -5.929999999e+01 -5.929999999e+01 +5.0002e-01 +5.1998e-01 -3.2808e+00
1142 +8.935593598e-09 +8.935593598e-09 -5.929999999e+01 -5.929999999e+01 +5.0002e-01 +5.1998e-01 -3.2808e+00
1858 +0.000000000e+00 +0.000000000e+00 -5.930000000e+01 -5.930000000e+01 +5.0000e-01 +5.2000e-01 -3.2808e+00
% function evaluation | noise-free fitness - Fopt (-4.759000000000e+01) | best noise-free fitness - Fopt | measured fitness | best measured fitness | x1 | x2...
1 +2.140167816e+04 +2.140167816e+04 +2.135408816e+04 +2.135408816e+04 +0.0000e+00 +0.0000e+00 +0.0000e+00
2 +3.345478726e+03 +3.345478726e+03 +3.297888726e+03 +3.297888726e+03 -5.6177e-01 +2.5852e-01 +9.2318e-01
13 +2.152365690e+03 +2.152365690e+03 +2.104775690e+03 +2.104775690e+03 -2.3181e-01 -7.6860e-01 +1.9758e+00
15 +1.069244631e+03 +1.069244631e+03 +1.021654631e+03 +1.021654631e+03 -1.4338e+00 +9.3902e-01 +2.1152e-01
16 +7.455918683e+01 +7.455918683e+01 +2.696918683e+01 +2.696918683e+01 -5.4441e-01 +7.2586e-01 +1.4325e+00
18 +7.111618075e+01 +7.111618075e+01 +2.352618075e+01 +2.352618075e+01 -3.4920e-01 +1.3688e+00 +1.3127e+00
23 +5.238107886e+01 +5.238107886e+01 +4.791078862e+00 +4.791078862e+00 -7.1446e-01 +2.2466e+00 +1.3518e+00
26 +4.237803104e+01 +4.237803104e+01 -5.211968959e+00 -5.211968959e+00 -1.3592e+00 +1.7593e+00 +1.3101e+00
34 +2.513967326e+01 +2.513967326e+01 -2.245032674e+01 -2.245032674e+01 -2.1562e+00 +2.3401e+00 +1.5666e+00
36 +2.373708595e+01 +2.373708595e+01 -2.385291405e+01 -2.385291405e+01 -2.0535e+00 +1.7326e+00 +7.9274e-01
43 +1.766291792e+01 +1.766291792e+01 -2.992708208e+01 -2.992708208e+01 -2.7911e+00 +1.3566e+00 +7.9120e-01
51 +1.314039228e+01 +1.314039228e+01 -3.444960772e+01 -3.444960772e+01 -2.7983e+00 +1.4901e+00 +5.2374e-01
55 +1.265587836e+01 +1.265587836e+01 -3.493412164e+01 -3.493412164e+01 -3.6002e+00 +5.2839e-01 +4.1788e-01
60 +1.234978983e+01 +1.234978983e+01 -3.524021017e+01 -3.524021017e+01 -3.7288e+00 +9.2113e-01 +4.3737e-01
63 +1.228155305e+01 +1.228155305e+01 -3.530844695e+01 -3.530844695e+01 -3.9232e+00 +7.1789e-01 +3.3374e-01
72 +8.394971450e+00 +8.394971450e+00 -3.919502855e+01 -3.919502855e+01 -3.5506e+00 +1.0249e+00 +8.3429e-02
91 +6.530217515e+00 +6.530217515e+00 -4.105978249e+01 -4.105978249e+01 -3.6567e+00 +1.1296e+00 -1.7414e-01
100 +6.217340604e+00 +6.217340604e+00 -4.137265940e+01 -4.137265940e+01 -3.7418e+00 +9.9510e-01 -2.9604e-01
105 +6.140459264e+00 +6.140459264e+00 -4.144954074e+01 -4.144954074e+01 -3.8651e+00 +7.6304e-01 -4.2599e-01
110 +4.731887068e+00 +4.731887068e+00 -4.285811293e+01 -4.285811293e+01 -3.8549e+00 +8.1805e-01 -6.1004e-01
149 +4.538081918e+00 +4.538081918e+00 -4.305191808e+01 -4.305191808e+01 -3.7969e+00 +8.4943e-01 -6.2404e-01
157 +4.338606354e+00 +4.338606354e+00 -4.325139365e+01 -4.325139365e+01 -3.8877e+00 +8.0440e-01 -6.9817e-01
181 +3.746123590e+00 +3.746123590e+00 -4.384387641e+01 -4.384387641e+01 -3.8343e+00 +8.9427e-01 -7.8184e-01
198 +3.287745798e+00 +3.287745798e+00 -4.430225420e+01 -4.430225420e+01 -3.7712e+00 +1.0336e+00 -7.9145e-01
207 +2.898447934e+00 +2.898447934e+00 -4.469155207e+01 -4.469155207e+01 -3.6884e+00 +1.0967e+00 -8.4023e-01
214 +2.636140849e+00 +2.636140849e+00 -4.495385915e+01 -4.495385915e+01 -3.7026e+00 +1.1921e+00 -8.5629e-01
221 +1.875694117e+00 +1.875694117e+00 -4.571430588e+01 -4.571430588e+01 -3.6275e+00 +1.3819e+00 -9.6469e-01
229 +1.776294259e+00 +1.776294259e+00 -4.581370574e+01 -4.581370574e+01 -3.6527e+00 +1.3814e+00 -9.8278e-01
236 +1.611576264e+00 +1.611576264e+00 -4.597842374e+01 -4.597842374e+01 -3.6886e+00 +1.3509e+00 -1.0390e+00
247 +1.540305542e+00 +1.540305542e+00 -4.604969446e+01 -4.604969446e+01 -3.6557e+00 +1.4544e+00 -9.9360e-01
254 +1.439572593e+00 +1.439572593e+00 -4.615042741e+01 -4.615042741e+01 -3.5740e+00 +1.5702e+00 -9.6273e-01
261 +1.387522785e+00 +1.387522785e+00 -4.620247722e+01 -4.620247722e+01 -3.5734e+00 +1.5548e+00 -1.0041e+00
265 +1.354646507e+00 +1.354646507e+00 -4.623535349e+01 -4.623535349e+01 -3.5659e+00 +1.5467e+00 -1.0603e+00
271 +7.603959533e-01 +7.603959533e-01 -4.682960405e+01 -4.682960405e+01 -3.5614e+00 +1.6608e+00 -1.1739e+00
275 +3.454569553e-01 +3.454569553e-01 -4.724454304e+01 -4.724454304e+01 -3.3843e+00 +1.9753e+00 -1.2852e+00
290 +2.127290024e-01 +2.127290024e-01 -4.737727100e+01 -4.737727100e+01 -3.4797e+00 +1.9289e+00 -1.3586e+00
305 +1.381191779e-01 +1.381191779e-01 -4.745188082e+01 -4.745188082e+01 -3.4229e+00 +2.0690e+00 -1.3557e+00
331 +1.273441904e-01 +1.273441904e-01 -4.746265581e+01 -4.746265581e+01 -3.4183e+00 +2.0991e+00 -1.3519e+00
332 +2.463319408e-02 +2.463319408e-02 -4.756536681e+01 -4.756536681e+01 -3.4048e+00 +2.1279e+00 -1.4572e+00
393 +5.884780124e-03 +5.884780124e-03 -4.758411522e+01 -4.758411522e+01 -3.3866e+00 +2.1945e+00 -1.4829e+00
406 +4.712727407e-03 +4.712727407e-03 -4.758528727e+01 -4.758528727e+01 -3.3915e+00 +2.1874e+00 -1.4846e+00
463 +2.252009246e-03 +2.252009246e-03 -4.758774799e+01 -4.758774799e+01 -3.4036e+00 +2.1885e+00 -1.4888e+00
472 +1.385469931e-03 +1.385469931e-03 -4.758861453e+01 -4.758861453e+01 -3.4006e+00 +2.1949e+00 -1.4922e+00
491 +1.012790730e-03 +1.012790730e-03 -4.758898721e+01 -4.758898721e+01 -3.3982e+00 +2.1859e+00 -1.5007e+00
498 +9.248833665e-04 +9.248833665e-04 -4.758907512e+01 -4.758907512e+01 -3.3974e+00 +2.1975e+00 -1.4966e+00
524 +5.911862774e-04 +5.911862774e-04 -4.758940881e+01 -4.758940881e+01 -3.4004e+00 +2.1892e+00 -1.5053e+00
532 +5.508000202e-04 +5.508000202e-04 -4.758944920e+01 -4.758944920e+01 -3.4012e+00 +2.1887e+00 -1.4988e+00
535 +2.760317313e-04 +2.760317313e-04 -4.758972397e+01 -4.758972397e+01 -3.4002e+00 +2.1954e+00 -1.5016e+00
549 +1.522463991e-04 +1.522463991e-04 -4.758984775e+01 -4.758984775e+01 -3.4018e+00 +2.1933e+00 -1.5029e+00
559 +9.682239926e-05 +9.682239926e-05 -4.758990318e+01 -4.758990318e+01 -3.4011e+00 +2.1919e+00 -1.5053e+00
588 +9.488314902e-05 +9.488314902e-05 -4.758990512e+01 -4.758990512e+01 -3.4015e+00 +2.1921e+00 -1.5042e+00
642 +7.598475025e-05 +7.598475025e-05 -4.758992402e+01 -4.758992402e+01 -3.4025e+00 +2.1910e+00 -1.5042e+00
657 +4.628921424e-05 +4.628921424e-05 -4.758995371e+01 -4.758995371e+01 -3.4021e+00 +2.1921e+00 -1.5054e+00
662 +3.261715542e-05 +3.261715542e-05 -4.758996738e+01 -4.758996738e+01 -3.4020e+00 +2.1913e+00 -1.5057e+00
678 +3.002008562e-05 +3.002008562e-05 -4.758996998e+01 -4.758996998e+01 -3.4027e+00 +2.1909e+00 -1.5055e+00
683 +1.860485906e-05 +1.860485906e-05 -4.758998140e+01 -4.758998140e+01 -3.4028e+00 +2.1910e+00 -1.5060e+00
685 +1.347513579e-05 +1.347513579e-05 -4.758998652e+01 -4.758998652e+01 -3.4027e+00 +2.1895e+00 -1.5065e+00
723 +9.075115926e-06 +9.075115926e-06 -4.758999092e+01 -4.758999092e+01 -3.4026e+00 +2.1900e+00 -1.5066e+00
732 +8.017636894e-06 +8.017636894e-06 -4.758999198e+01 -4.758999198e+01 -3.4027e+00 +2.1899e+00 -1.5068e+00
739 +7.488062423e-06 +7.488062423e-06 -4.758999251e+01 -4.758999251e+01 -3.4027e+00 +2.1902e+00 -1.5066e+00
747 +3.119397121e-06 +3.119397121e-06 -4.758999688e+01 -4.758999688e+01 -3.4029e+00 +2.1897e+00 -1.5068e+00
754 +9.508066725e-07 +9.508066725e-07 -4.758999905e+01 -4.758999905e+01 -3.4030e+00 +2.1897e+00 -1.5070e+00
767 +3.038942609e-07 +3.038942609e-07 -4.758999970e+01 -4.758999970e+01 -3.4031e+00 +2.1897e+00 -1.5071e+00
872 +2.194109996e-07 +2.194109996e-07 -4.758999978e+01 -4.758999978e+01 -3.4031e+00 +2.1897e+00 -1.5071e+00
891 +1.902422397e-07 +1.902422397e-07 -4.758999981e+01 -4.758999981e+01 -3.4032e+00 +2.1896e+00 -1.5071e+00
894 +1.390427826e-07 +1.390427826e-07 -4.758999986e+01 -4.758999986e+01 -3.4031e+00 +2.1896e+00 -1.5071e+00
901 +7.844310801e-08 +7.844310801e-08 -4.758999992e+01 -4.758999992e+01 -3.4032e+00 +2.1897e+00 -1.5071e+00
912 +5.596930208e-08 +5.596930208e-08 -4.758999994e+01 -4.758999994e+01 -3.4032e+00 +2.1897e+00 -1.5072e+00
921 +5.095113664e-08 +5.095113664e-08 -4.758999995e+01 -4.758999995e+01 -3.4032e+00 +2.1896e+00 -1.5072e+00
946 +4.840664047e-08 +4.840664047e-08 -4.758999995e+01 -4.758999995e+01 -3.4032e+00 +2.1896e+00 -1.5072e+00
950 +2.970488566e-08 +2.970488566e-08 -4.758999997e+01 -4.758999997e+01 -3.4032e+00 +2.1896e+00 -1.5072e+00
952 +2.665490939e-08 +2.665490939e-08 -4.758999997e+01 -4.758999997e+01 -3.4032e+00 +2.1896e+00 -1.5072e+00
956 +2.334421367e-08 +2.334421367e-08 -4.758999998e+01 -4.758999998e+01 -3.4032e+00 +2.1896e+00 -1.5072e+00
987 +9.152770986e-09 +9.152770986e-09 -4.758999999e+01 -4.758999999e+01 -3.4032e+00 +2.1896e+00 -1.5072e+00
1673 +0.000000000e+00 +0.000000000e+00 -4.759000000e+01 -4.759000000e+01 -3.4032e+00 +2.1896e+00 -1.5072e+00
% function evaluation | noise-free fitness - Fopt (-8.284000000000e+01) | best noise-free fitness - Fopt | measured fitness | best measured fitness | x1 | x2...
1 +1.063814741e+05 +1.063814741e+05 +1.062986341e+05 +1.062986341e+05 +0.0000e+00 +0.0000e+00 +0.0000e+00
4 +5.888633809e+04 +5.888633809e+04 +5.880349809e+04 +5.880349809e+04 -9.6096e-01 +9.8898e-01 +1.1882e+00
24 +3.326068589e+04 +3.326068589e+04 +3.317784589e+04 +3.317784589e+04 -1.8109e+00 +2.0974e+00 +8.8899e-01
26 +2.631462970e+04 +2.631462970e+04 +2.623178970e+04 +2.623178970e+04 -1.8768e+00 +5.1468e-01 +6.7875e-01
29 +7.704844600e+03 +7.704844600e+03 +7.622004600e+03 +7.622004600e+03 -4.0816e+00 +1.2915e+00 +9.2495e-01
35 +2.160967921e+03 +2.160967921e+03 +2.078127921e+03 +2.078127921e+03 -3.3520e+00 +1.3761e+00 -4.6101e-01
37 +5.216453321e+02 +5.216453321e+02 +4.388053321e+02 +4.388053321e+02 -3.7713e+00 +5.1159e-03 -2.9558e-01
39 +2.776119709e+01 +2.776119709e+01 -5.507880291e+01 -5.507880291e+01 -4.7026e+00 +3.0772e-01 -1.6331e+00
62 +1.230155283e+01 +1.230155283e+01 -7.053844717e+01 -7.053844717e+01 -3.5673e+00 -8.6908e-01 -3.4056e+00
65 +1.012069264e+01 +1.012069264e+01 -7.271930736e+01 -7.271930736e+01 -2.2361e+00 +4.3861e-01 -2.6320e+00
76 +1.752660471e+00 +1.752660471e+00 -8.108733953e+01 -8.108733953e+01 -2.4973e+00 -6.5193e-01 -2.5503e+00
87 +1.386758711e+00 +1.386758711e+00 -8.145324129e+01 -8.145324129e+01 -2.7611e+00 -7.6945e-01 -2.3295e+00
154 +1.353187293e+00 +1.353187293e+00 -8.148681271e+01 -8.148681271e+01 -2.2954e+00 -1.5886e-01 -1.9314e+00
182 +5.925710838e-01 +5.925710838e-01 -8.224742892e+01 -8.224742892e+01 -2.3523e+00 -3.5542e-01 -1.9103e+00
203 +3.365883848e-01 +3.365883848e-01 -8.250341162e+01 -8.250341162e+01 -2.5496e+00 -4.9646e-01 -1.8072e+00
216 +3.016015202e-01 +3.016015202e-01 -8.253839848e+01 -8.253839848e+01 -2.5164e+00 -6.0771e-01 -1.9293e+00
280 +2.920941484e-01 +2.920941484e-01 -8.254790585e+01 -8.254790585e+01 -2.6229e+00 -5.8048e-01 -1.7378e+00
283 +2.684919440e-01 +2.684919440e-01 -8.257150806e+01 -8.257150806e+01 -2.6233e+00 -5.2655e-01 -1.6364e+00
306 +9.258682036e-02 +9.258682036e-02 -8.274741318e+01 -8.274741318e+01 -2.4631e+00 -4.4002e-01 -1.6553e+00
334 +3.400785792e-02 +3.400785792e-02 -8.280599214e+01 -8.280599214e+01 -2.4640e+00 -4.6396e-01 -1.5697e+00
357 +1.132521747e-02 +1.132521747e-02 -8.282867478e+01 -8.282867478e+01 -2.4053e+00 -4.2415e-01 -1.5632e+00
422 +7.159396150e-03 +7.159396150e-03 -8.283284060e+01 -8.283284060e+01 -2.4188e+00 -4.5380e-01 -1.5725e+00
441 +4.648350083e-03 +4.648350083e-03 -8.283535165e+01 -8.283535165e+01 -2.4153e+00 -4.4731e-01 -1.5559e+00
445 +1.534610245e-03 +1.534610245e-03 -8.283846539e+01 -8.283846539e+01 -2.3937e+00 -4.3884e-01 -1.5609e+00
493 +4.936565631e-04 +4.936565631e-04 -8.283950634e+01 -8.283950634e+01 -2.3977e+00 -4.4887e-01 -1.5612e+00
528 +3.193431422e-04 +3.193431422e-04 -8.283968066e+01 -8.283968066e+01 -2.3961e+00 -4.4531e-01 -1.5574e+00
530 +2.918959806e-04 +2.918959806e-04 -8.283970810e+01 -8.283970810e+01 -2.3974e+00 -4.4444e-01 -1.5523e+00
531 +1.338775000e-04 +1.338775000e-04 -8.283986612e+01 -8.283986612e+01 -2.3952e+00 -4.4517e-01 -1.5546e+00
542 +5.180472320e-05 +5.180472320e-05 -8.283994820e+01 -8.283994820e+01 -2.3944e+00 -4.4700e-01 -1.5558e+00
634 +3.626593882e-05 +3.626593882e-05 -8.283996373e+01 -8.283996373e+01 -2.3941e+00 -4.4696e-01 -1.5558e+00
651 +1.085661513e-05 +1.085661513e-05 -8.283998914e+01 -8.283998914e+01 -2.3936e+00 -4.4570e-01 -1.5537e+00
657 +8.515294653e-06 +8.515294653e-06 -8.283999148e+01 -8.283999148e+01 -2.3934e+00 -4.4551e-01 -1.5536e+00
672 +7.322614792e-06 +7.322614792e-06 -8.283999268e+01 -8.283999268e+01 -2.3934e+00 -4.4561e-01 -1.5536e+00
701 +4.582690451e-06 +4.582690451e-06 -8.283999542e+01 -8.283999542e+01 -2.3933e+00 -4.4572e-01 -1.5537e+00
703 +3.039518987e-06 +3.039518987e-06 -8.283999696e+01 -8.283999696e+01 -2.3932e+00 -4.4581e-01 -1.5539e+00
723 +2.243402960e-06 +2.243402960e-06 -8.283999776e+01 -8.283999776e+01 -2.3931e+00 -4.4579e-01 -1.5540e+00
728 +8.992600442e-07 +8.992600442e-07 -8.283999910e+01 -8.283999910e+01 -2.3930e+00 -4.4563e-01 -1.5537e+00
738 +4.954454056e-07 +4.954454056e-07 -8.283999950e+01 -8.283999950e+01 -2.3928e+00 -4.4549e-01 -1.5536e+00
810 +2.409469744e-07 +2.409469744e-07 -8.283999976e+01 -8.283999976e+01 -2.3929e+00 -4.4555e-01 -1.5536e+00
826 +2.012114066e-07 +2.012114066e-07 -8.283999980e+01 -8.283999980e+01 -2.3929e+00 -4.4565e-01 -1.5537e+00
880 +1.715920490e-07 +1.715920490e-07 -8.283999983e+01 -8.283999983e+01 -2.3929e+00 -4.4567e-01 -1.5537e+00
901 +4.701843181e-08 +4.701843181e-08 -8.283999995e+01 -8.283999995e+01 -2.3928e+00 -4.4558e-01 -1.5536e+00
923 +4.528951081e-08 +4.528951081e-08 -8.283999995e+01 -8.283999995e+01 -2.3928e+00 -4.4561e-01 -1.5536e+00
925 +3.728918330e-08 +3.728918330e-08 -8.283999996e+01 -8.283999996e+01 -2.3928e+00 -4.4562e-01 -1.5536e+00
944 +2.889227346e-08 +2.889227346e-08 -8.283999997e+01 -8.283999997e+01 -2.3928e+00 -4.4561e-01 -1.5536e+00
945 +2.821410305e-08 +2.821410305e-08 -8.283999997e+01 -8.283999997e+01 -2.3928e+00 -4.4561e-01 -1.5536e+00
974 +2.248977182e-08 +2.248977182e-08 -8.283999998e+01 -8.283999998e+01 -2.3928e+00 -4.4562e-01 -1.5536e+00
1032 +2.153875300e-08 +2.153875300e-08 -8.283999998e+01 -8.283999998e+01 -2.3928e+00 -4.4562e-01 -1.5536e+00
1053 +1.651800119e-08 +1.651800119e-08 -8.283999998e+01 -8.283999998e+01 -2.3928e+00 -4.4562e-01 -1.5536e+00
1063 +1.448393050e-08 +1.448393050e-08 -8.283999999e+01 -8.283999999e+01 -2.3928e+00 -4.4562e-01 -1.5536e+00
1077 +1.326539234e-08 +1.326539234e-08 -8.283999999e+01 -8.283999999e+01 -2.3928e+00 -4.4562e-01 -1.5536e+00
1109 +1.234751323e-08 +1.234751323e-08 -8.283999999e+01 -8.283999999e+01 -2.3928e+00 -4.4562e-01 -1.5536e+00
1143 +1.149884099e-08 +1.149884099e-08 -8.283999999e+01 -8.283999999e+01 -2.3928e+00 -4.4561e-01 -1.5536e+00
1153 +1.044097075e-08 +1.044097075e-08 -8.283999999e+01 -8.283999999e+01 -2.3928e+00 -4.4561e-01 -1.5536e+00
1154 +7.046622841e-09 +7.046622841e-09 -8.283999999e+01 -8.283999999e+01 -2.3928e+00 -4.4561e-01 -1.5536e+00
1659 +0.000000000e+00 +0.000000000e+00 -8.284000000e+01 -8.284000000e+01 -2.3928e+00 -4.4560e-01 -1.5536e+00
