% function evaluation | noise-free fitness - Fopt (-5.465000000000e+02) | best noise-free fitness - Fopt | measured fitness | best measured fitness | x1 | x2...
1 +1.033747614e+04 +1.033747614e+04 +9.790976136e+03 +9.790976136e+03 +0.0000e+00 +0.0000e+00 +0.0000e+00 +0.0000e+00 +0.0000e+00 +0.0000e+00 +0.0000e+00 +0.0000e+00 +0.0000e+00 +0.0000e+00
11 +8.178452566e+03 +8.178452566e+03 +7.631952566e+03 +7.631952566e+03 +2.4741e+00 -9.2894e-01 -8.1409e-01 +3.0423e-01 +1.2664e+00 -3.1212e-01 -1.2159e+00 -9.8718e-01 -2.3817e-01 +8.7735e-01
13 +6.262091547e+03 +6.262091547e+03 +5.715591547e+03 +5.715591547e+03 +1.7183e+00 +4.4659e-01 -5.4041e-01 +5.8096e-01 +1.3905e+00 +1.9835e-01 -5.0215e-01 -8.1495e-01 -1.2424e+00 +3.0658e-01
27 +5.479163124e+03 +5.479163124e+03 +4.932663124e+03 +4.932663124e+03 +3.4049e+00 +1.8645e+00 -1.2424e+00 +1.4113e+00 +1.8143e+00 -6.7372e-01 -1.8268e+00 -9.7726e-01 -2.1496e+00 +2.1551e+00
37 +2.440484812e+03 +2.440484812e+03 +1.893984812e+03 +1.893984812e+03 +3.0077e+00 +6.4665e-01 -3.4774e-01 +1.2578e+00 +2.1838e+00 -1.0594e+00 -2.1607e+00 -6.0539e-01 -3.1313e+00 +1.3454e+00
43 +1.609914714e+03 +1.609914714e+03 +1.063414714e+03 +1.063414714e+03 +1.2533e+00 +3.6370e-01 -3.7415e-01 +1.7583e+00 +1.5342e+00 -3.5626e-01 -1.9471e+00 +1.3353e-01 -2.0697e+00 +6.1585e-01
44 +1.490033075e+03 +1.490033075e+03 +9.435330747e+02 +9.435330747e+02 +2.1727e+00 +1.1711e+00 -9.6526e-01 +1.3483e+00 +1.9531e+00 -1.1842e+00 -2.6042e+00 -2.0779e-01 -3.0998e+00 +7.0126e-01
54 +1.179184528e+03 +1.179184528e+03 +6.326845277e+02 +6.326845277e+02 +2.8338e+00 +2.3868e+00 -1.4997e-01 +1.2699e+00 +2.8353e+00 -2.0455e-01 -1.8905e+00 +1.2400e-01 -3.1149e+00 +2.1282e+00
55 +2.628172209e+02 +2.628172209e+02 -2.836827791e+02 -2.836827791e+02 +2.0534e-01 +6.1192e-01 -1.5363e+00 +2.5154e-01 +1.0306e+00 -1.1720e+00 -1.9594e+00 +1.2043e-01 -2.8856e+00 +6.0976e-01
87 +2.425423591e+02 +2.425423591e+02 -3.039576409e+02 -3.039576409e+02 -9.1471e-01 -2.0715e-01 -6.0452e-01 +5.8531e-01 +8.3106e-01 -4.7990e-01 -5.9799e-01 +1.3752e+00 -2.5476e+00 +3.4500e-01
109 +2.848579420e+01 +2.848579420e+01 -5.180142058e+02 -5.180142058e+02 -3.4162e-01 +7.7443e-01 -3.4197e-01 -2.5228e-01 +9.3426e-02 -5.1423e-01 -6.0697e-01 +2.0489e+00 -7.2170e-01 +9.1575e-01
114 +4.802845194e+00 +4.802845194e+00 -5.416971548e+02 -5.416971548e+02 -1.2231e-01 +5.9154e-01 +8.0344e-01 -2.2154e-01 +6.9392e-01 -2.9934e-01 -4.7212e-01 +1.8927e+00 -1.4366e+00 +1.1456e+00
122 +4.319020307e+00 +4.319020307e+00 -5.421809797e+02 -5.421809797e+02 -7.6072e-02 +7.2148e-01 +1.2754e+00 -1.2933e-01 +1.2714e+00 -9.0678e-01 -1.3263e+00 +2.0017e+00 -1.4235e+00 +1.1439e+00
126 +3.823991576e+00 +3.823991576e+00 -5.426760084e+02 -5.426760084e+02 -1.1647e+00 -7.8487e-01 +1.5514e+00 -3.6016e-01 +1.0343e+00 -8.4697e-01 -5.8324e-01 +1.3803e+00 -8.6849e-01 +1.5915e+00
137 +3.451524756e+00 +3.451524756e+00 -5.430484752e+02 -5.430484752e+02 -5.1118e-01 -8.1865e-01 +1.4129e+00 +3.0460e-01 +1.5850e+00 -1.6183e+00 -1.6178e+00 +1.7302e+00 -1.0284e+00 +1.1881e+00
244 +3.315433201e+00 +3.315433201e+00 -5.431845668e+02 -5.431845668e+02 +6.8072e-01 -2.1713e-01 +8.2803e-01 -2.4090e-01 +2.0099e+00 -6.5609e-01 -8.1282e-01 +1.7173e+00 -1.8104e+00 +1.7900e+00
321 +3.086277826e+00 +3.086277826e+00 -5.434137222e+02 -5.434137222e+02 +6.1580e-01 -6.8861e-01 +1.0682e+00 -7.2447e-01 +2.5263e+00 -1.2079e-01 -1.8593e+00 +1.5841e+00 -9.2684e-01 +2.3750e+00
408 +3.019378776e+00 +3.019378776e+00 -5.434806212e+02 -5.434806212e+02 +4.4500e-01 -5.5979e-01 +1.0510e+00 -4.3316e-01 +2.5374e+00 -1.0556e-01 -1.5774e+00 +1.4929e+00 -1.2651e+00 +1.8909e+00
412 +2.815582103e+00 +2.815582103e+00 -5.436844179e+02 -5.436844179e+02 +3.4465e-01 -4.9537e-01 +1.2355e+00 -5.5278e-01 +2.5247e+00 -9.6738e-02 -1.5632e+00 +1.5213e+00 -9.7710e-01 +1.9841e+00
480 +2.680457793e+00 +2.680457793e+00 -5.438195422e+02 -5.438195422e+02 +7.3720e-01 -3.6387e-01 +1.6939e+00 -4.0740e-01 +2.4701e+00 -3.7104e-02 -1.5353e+00 +1.3367e+00 -9.9039e-01 +2.0249e+00
482 +2.628324524e+00 +2.628324524e+00 -5.438716755e+02 -5.438716755e+02 +7.8911e-01 -3.6774e-01 +1.9300e+00 -3.8380e-01 +2.5159e+00 -4.4774e-03 -1.6092e+00 +1.3194e+00 -9.7227e-01 +2.0764e+00
527 +2.567145142e+00 +2.567145142e+00 -5.439328549e+02 -5.439328549e+02 +7.1559e-01 -3.4680e-01 +1.8149e+00 -4.3880e-01 +2.5536e+00 -8.9633e-02 -1.6999e+00 +1.5417e+00 -9.7671e-01 +2.0140e+00
539 +2.507164445e+00 +2.507164445e+00 -5.439928356e+02 -5.439928356e+02 +6.6927e-01 -3.2627e-01 +1.8847e+00 -3.3738e-01 +2.5983e+00 -1.4721e-01 -1.7983e+00 +1.5430e+00 -9.8012e-01 +2.0242e+00
616 +2.447129845e+00 +2.447129845e+00 -5.440528702e+02 -5.440528702e+02 +5.3968e-01 -4.3459e-01 +2.0124e+00 -2.8158e-01 +2.5549e+00 -1.1193e-01 -1.5927e+00 +1.5165e+00 -8.9368e-01 +2.0822e+00
625 +2.288552078e+00 +2.288552078e+00 -5.442114479e+02 -5.442114479e+02 +5.7637e-01 -3.8414e-01 +1.9015e+00 -3.4298e-01 +2.5440e+00 -8.4499e-02 -1.5691e+00 +1.4978e+00 -9.1488e-01 +2.0882e+00
667 +2.214884180e+00 +2.214884180e+00 -5.442851158e+02 -5.442851158e+02 +6.4656e-01 -4.1928e-01 +1.8968e+00 -2.7428e-01 +2.5209e+00 -6.3666e-02 -1.5702e+00 +1.5226e+00 -9.2723e-01 +2.0646e+00
697 +2.177075547e+00 +2.177075547e+00 -5.443229245e+02 -5.443229245e+02 +5.7132e-01 -4.0606e-01 +1.8790e+00 -2.8057e-01 +2.5517e+00 -9.7241e-02 -1.5757e+00 +1.4998e+00 -9.4971e-01 +2.0668e+00
842 +2.135307370e+00 +2.135307370e+00 -5.443646926e+02 -5.443646926e+02 +6.2107e-01 -3.9712e-01 +1.8748e+00 -3.0934e-01 +2.5543e+00 -8.8398e-02 -1.5725e+00 +1.5123e+00 -9.5521e-01 +2.0462e+00
% function evaluation | noise-free fitness - Fopt (1.000000000000e+03) | best noise-free fitness - Fopt | measured fitness | best measured fitness | x1 | x2...
1 +1.033747614e+04 +1.033747614e+04 +1.133747614e+04 +1.133747614e+04 +0.0000e+00 +0.0000e+00 +0.0000e+00 +0.0000e+00 +0.0000e+00 +0.0000e+00 +0.0000e+00 +0.0000e+00 +0.0000e+00 +0.0000e+00
2 +7.012027326e+03 +7.012027326e+03 +8.012027326e+03 +8.012027326e+03 -1.5478e+00 +9.6749e-01 +6.7503e-01 +2.7166e-01 +1.1137e+00 +4.2122e-01 -7.2082e-02 +6.1746e-01 -1.2367e+00 +3.1279e-01
5 +4.970756232e+03 +4.970756232e+03 +5.970756232e+03 +5.970756232e+03 +6.8795e-01 +2.8458e-02 -2.5019e+00 +1.4355e+00 +7.3834e-01 -6.4026e-01 -1.5943e+00 -3.2594e-01 -6.9968e-01 -5.4380e-01
7 +4.083674910e+03 +4.083674910e+03 +5.083674910e+03 +5.083674910e+03 -1.9152e+00 -4.6801e-01 +5.8549e-01 +5.4289e-01 -2.0792e+00 -7.4625e-01 -2.1056e+00 +4.5985e-01 +1.1988e-01 -7.5638e-01
15 +1.742557667e+03 +1.742557667e+03 +2.742557667e+03 +2.742557667e+03 -2.5767e+00 -1.4628e-02 -3.2489e-01 +6.8494e-01 -2.2854e+00 -9.9879e-01 -3.1523e+00 +8.9094e-01 -6.0389e-01 -5.0566e-01
16 +1.453153973e+03 +1.453153973e+03 +2.453153973e+03 +2.453153973e+03 -1.3521e-01 -6.8571e-01 +2.0492e-02 -4.9203e-01 -1.1583e-01 +1.1286e+00 -5.2843e-01 -1.5757e-01 -9.6745e-01 -1.5984e+00
28 +8.899413986e+02 +8.899413986e+02 +1.889941399e+03 +1.889941399e+03 -9.4549e-01 -2.0421e+00 -1.2568e+00 -8.3905e-01 -5.4897e-01 +2.0181e+00 -7.2693e-01 -1.2314e-02 -1.0669e+00 -2.2951e+00
39 +3.839029602e+02 +3.839029602e+02 +1.383902960e+03 +1.383902960e+03 +5.7957e-01 -1.3625e+00 -1.7927e+00 -4.4749e-01 -7.0331e-01 +3.8698e-01 -2.2140e-02 +5.2590e-01 -9.6800e-01 -2.0308e+00
53 +3.891736010e+00 +3.891736010e+00 +1.003891736e+03 +1.003891736e+03 +5.8094e-01 -7.6900e-01 -1.4676e+00 -3.9429e-01 -2.3730e+00 +9.7144e-01 -8.2610e-01 +1.8787e+00 -1.6875e+00 -1.8338e+00
103 +3.593452600e+00 +3.593452600e+00 +1.003593453e+03 +1.003593453e+03 +1.5635e+00 +5.3765e-02 -2.0252e+00 +3.2333e-01 -2.8632e+00 +1.7134e+00 -7.0466e-01 +2.0128e+00 -1.6119e+00 -1.9173e+00
173 +3.225518648e+00 +3.225518648e+00 +1.003225519e+03 +1.003225519e+03 +1.6572e+00 -8.6835e-02 -1.4025e+00 +8.3200e-01 -2.7633e+00 +1.3268e+00 -1.9982e-01 +1.5540e+00 -1.3420e+00 -1.6694e+00
251 +2.941233848e+00 +2.941233848e+00 +1.002941234e+03 +1.002941234e+03 +1.4950e+00 +3.2917e-02 -2.5931e+00 +5.7256e-01 -2.4543e+00 +2.1464e+00 -3.6456e-01 +2.4403e+00 -1.3326e+00 -1.5722e+00
357 +2.649437862e+00 +2.649437862e+00 +1.002649438e+03 +1.002649438e+03 +2.0942e+00 -2.3291e-01 -2.6025e+00 +4.7619e-01 -2.7999e+00 +1.9613e+00 -5.6398e-01 +2.4511e+00 -1.3435e+00 -1.2459e+00
378 +2.390770093e+00 +2.390770093e+00 +1.002390770e+03 +1.002390770e+03 +2.4546e+00 -8.3968e-02 -2.5460e+00 +4.7640e-01 -2.5106e+00 +2.0225e+00 -3.9105e-01 +2.4406e+00 -1.4567e+00 -1.1284e+00
463 +1.822970904e+00 +1.822970904e+00 +1.001822971e+03 +1.001822971e+03 +2.4922e+00 -7.9187e-02 -2.6194e+00 +5.1521e-01 -2.1404e+00 +2.0905e+00 -5.3768e-01 +2.5235e+00 -7.4770e-01 -1.6236e+00
576 +1.732967496e+00 +1.732967496e+00 +1.001732967e+03 +1.001732967e+03 +2.5018e+00 +8.7399e-02 -2.7666e+00 +6.1147e-01 -2.1139e+00 +2.1069e+00 -4.9585e-01 +2.4811e+00 -7.1672e-01 -1.5425e+00
596 +1.667863593e+00 +1.667863593e+00 +1.001667864e+03 +1.001667864e+03 +2.4836e+00 +1.3117e-01 -2.7133e+00 +5.6071e-01 -2.0946e+00 +2.0766e+00 -4.8504e-01 +2.4587e+00 -7.4395e-01 -1.5484e+00
609 +1.568647560e+00 +1.568647560e+00 +1.001568648e+03 +1.001568648e+03 +2.4842e+00 +8.9902e-02 -2.7208e+00 +5.4037e-01 -2.1575e+00 +2.0931e+00 -4.7107e-01 +2.4609e+00 -7.4757e-01 -1.5964e+00
616 +1.527306545e+00 +1.527306545e+00 +1.001527307e+03 +1.001527307e+03 +2.4523e+00 +5.2423e-02 -2.7103e+00 +5.4758e-01 -2.1432e+00 +2.0831e+00 -4.7230e-01 +2.4690e+00 -7.2398e-01 -1.5867e+00
622 +1.423098419e+00 +1.423098419e+00 +1.001423098e+03 +1.001423098e+03 +2.4875e+00 +5.4569e-02 -2.6386e+00 +5.3887e-01 -2.1933e+00 +2.1078e+00 -4.5263e-01 +2.4919e+00 -7.1105e-01 -1.5764e+00
717 +1.359472255e+00 +1.359472255e+00 +1.001359472e+03 +1.001359472e+03 +2.5040e+00 +7.8420e-03 -2.6512e+00 +5.2907e-01 -2.1788e+00 +2.0999e+00 -4.3281e-01 +2.5103e+00 -6.7947e-01 -1.6009e+00
735 +1.324235789e+00 +1.324235789e+00 +1.001324236e+03 +1.001324236e+03 +2.5093e+00 +3.6621e-02 -2.6891e+00 +5.4680e-01 -2.1325e+00 +2.1016e+00 -4.3288e-01 +2.5050e+00 -7.0654e-01 -1.6003e+00
751 +1.310247177e+00 +1.310247177e+00 +1.001310247e+03 +1.001310247e+03 +2.4955e+00 +2.4515e-02 -2.6804e+00 +5.3563e-01 -2.1036e+00 +2.1004e+00 -4.1841e-01 +2.5050e+00 -6.9428e-01 -1.5886e+00
780 +1.265495268e+00 +1.265495268e+00 +1.001265495e+03 +1.001265495e+03 +2.5038e+00 +2.8252e-02 -2.6636e+00 +5.1456e-01 -2.0895e+00 +2.1073e+00 -4.3865e-01 +2.5266e+00 -6.9981e-01 -1.5858e+00
872 +1.253985125e+00 +1.253985125e+00 +1.001253985e+03 +1.001253985e+03 +2.5022e+00 +3.1214e-02 -2.6438e+00 +5.0803e-01 -2.0838e+00 +2.1015e+00 -4.1648e-01 +2.5184e+00 -7.0458e-01 -1.5935e+00
997 +1.229906989e+00 +1.229906989e+00 +1.001229907e+03 +1.001229907e+03 +2.5028e+00 +4.8889e-02 -2.6249e+00 +5.0015e-01 -2.1078e+00 +2.1036e+00 -4.2125e-01 +2.5232e+00 -7.0531e-01 -1.5910e+00
% function evaluation | noise-free fitness - Fopt (2.083800000000e+02) | best noise-free fitness - Fopt | measured fitness | best measured fitness | x1 | x2...
1 +1.033747614e+04 +1.033747614e+04 +1.054585614e+04 +1.054585614e+04 +0.0000e+00 +0.0000e+00 +0.0000e+00 +0.0000e+00 +0.0000e+00 +0.0000e+00 +0.0000e+00 +0.0000e+00 +0.0000e+00 +0.0000e+00
4 +6.037116211e+03 +6.037116211e+03 +6.245496211e+03 +6.245496211e+03 -3.2726e-01 -4.3100e-01 -7.5502e-01 -6.2660e-01 -9.3984e-01 -1.1320e+00 +5.5868e-02 +3.2491e-01 -1.1386e+00 +2.3070e+00
29 +4.788249586e+03 +4.788249586e+03 +4.996629586e+03 +4.996629586e+03 -4.5044e-01 +6.4951e-01 +1.5955e-01 -4.3957e-01 +1.2753e+00 -1.4178e+00 +2.4535e+00 +8.3524e-01 +1.0388e-01 +2.4110e+00
36 +1.377665598e+03 +1.377665598e+03 +1.586045598e+03 +1.586045598e+03 -7.1629e-01 -3.3610e-01 +1.8121e+00 -8.9082e-01 +1.4501e+00 -6.0146e-01 +2.7442e+00 -2.5826e-01 -1.5665e+00 +2.8237e+00
43 +2.081484245e+02 +2.081484245e+02 +4.165284245e+02 +4.165284245e+02 -1.0218e+00 +1.6242e-01 +2.2619e+00 -6.7205e-01 +9.0638e-01 +6.8033e-01 +2.5557e+00 +1.0687e+00 -7.0979e-01 +2.8044e+00
68 +1.537230863e+02 +1.537230863e+02 +3.621030863e+02 +3.621030863e+02 -2.7176e+00 -6.1785e-01 +3.5323e+00 +2.2961e-01 +1.1063e+00 -4.5876e-02 +1.1490e+00 +1.5340e+00 -1.5528e+00 +1.5655e+00
76 +9.540987923e+01 +9.540987923e+01 +3.037898792e+02 +3.037898792e+02 -2.9568e+00 -1.2032e+00 +3.0987e+00 +8.4491e-01 +4.6454e-01 +7.1435e-01 +2.6987e+00 +1.1690e+00 -1.7325e+00 +1.9009e+00
84 +4.953397416e+00 +4.953397416e+00 +2.133333974e+02 +2.133333974e+02 -9.2804e-01 +9.6761e-02 +1.0570e+00 -4.8474e-01 +6.1907e-01 +8.8329e-01 +2.1172e+00 +8.9814e-01 -1.2547e+00 +1.3597e+00
122 +4.088587457e+00 +4.088587457e+00 +2.124685875e+02 +2.124685875e+02 -1.3376e+00 -3.3016e-02 +1.0722e-02 +8.3137e-01 +6.8512e-01 +1.7359e+00 +1.8124e+00 +6.0253e-01 -1.7539e+00 +1.3478e+00
135 +3.434912617e+00 +3.434912617e+00 +2.118149126e+02 +2.118149126e+02 -1.1358e+00 +3.6714e-01 +3.7747e-01 +7.6577e-01 +9.4784e-01 +1.8663e+00 +1.4587e+00 +7.5480e-01 -1.6256e+00 +1.0266e+00
162 +3.222606809e+00 +3.222606809e+00 +2.116026068e+02 +2.116026068e+02 -9.3821e-01 +4.1387e-01 -2.4819e-01 +8.6018e-01 +7.6927e-01 +1.5182e+00 +1.6449e+00 +7.6471e-01 -1.2593e+00 +1.5215e+00
213 +3.138962811e+00 +3.138962811e+00 +2.115189628e+02 +2.115189628e+02 -9.3480e-01 +8.0059e-01 -3.1471e-01 +1.5161e+00 +1.5961e+00 +2.0814e+00 +1.7339e+00 +1.3495e+00 -1.5444e+00 +1.0913e+00
214 +2.480334154e+00 +2.480334154e+00 +2.108603342e+02 +2.108603342e+02 -9.4844e-01 +1.4165e+00 -6.4096e-02 +1.5843e+00 +2.2327e+00 +2.0591e+00 +1.2084e+00 +2.3544e+00 -1.9983e+00 +1.5384e+00
576 +2.441997250e+00 +2.441997250e+00 +2.108219972e+02 +2.108219972e+02 -8.1725e-01 +1.5649e+00 +1.7192e-01 +2.6139e+00 +1.3457e+00 +2.3118e+00 +1.2457e+00 +1.2613e+00 -1.6933e+00 +1.0480e+00
597 +2.188446061e+00 +2.188446061e+00 +2.105684461e+02 +2.105684461e+02 -9.4777e-01 +1.4522e+00 +1.6701e-01 +2.6292e+00 +1.3075e+00 +2.2962e+00 +1.2412e+00 +1.2396e+00 -1.6796e+00 +1.0420e+00
608 +2.179336638e+00 +2.179336638e+00 +2.105593366e+02 +2.105593366e+02 -9.7828e-01 +1.4220e+00 +1.4891e-01 +2.6012e+00 +1.2893e+00 +2.2853e+00 +1.2712e+00 +1.1895e+00 -1.7005e+00 +1.0384e+00
685 +2.121585351e+00 +2.121585351e+00 +2.105015854e+02 +2.105015854e+02 -9.4523e-01 +1.4014e+00 +1.5781e-01 +2.5819e+00 +1.3253e+00 +2.2792e+00 +1.2339e+00 +1.2147e+00 -1.6873e+00 +1.0678e+00
769 +2.087589812e+00 +2.087589812e+00 +2.104675898e+02 +2.104675898e+02 -9.9962e-01 +1.4277e+00 +1.7673e-01 +2.5862e+00 +1.3269e+00 +2.2963e+00 +1.2342e+00 +1.1937e+00 -1.6996e+00 +1.0554e+00
% function evaluation | noise-free fitness - Fopt (-1.449600000000e+02) | best noise-free fitness - Fopt | measured fitness | best measured fitness | x1 | x2...
1 +1.033747614e+04 +1.033747614e+04 +1.019251614e+04 +1.019251614e+04 +0.0000e+00 +0.0000e+00 +0.0000e+00 +0.0000e+00 +0.0000e+00 +0.0000e+00 +0.0000e+00 +0.0000e+00 +0.0000e+00 +0.0000e+00
2 +9.105475368e+03 +9.105475368e+03 +8.960515368e+03 +8.960515368e+03 -5.4821e-01 +8.9044e-01 -9.4153e-01 +1.9069e+00 -1.4932e-01 -1.5174e+00 +7.0753e-02 +1.2548e+00 +1.7420e-01 +1.4247e+00
15 +3.115937723e+03 +3.115937723e+03 +2.970977723e+03 +2.970977723e+03 +1.0679e-01 +1.5926e+00 -9.8293e-01 +1.6600e+00 +9.0554e-02 -1.4848e-01 -4.4738e-01 +1.9575e+00 +3.1911e-01 +2.4371e+00
39 +2.914775853e+03 +2.914775853e+03 +2.769815853e+03 +2.769815853e+03 +1.5615e-01 +3.4151e-01 -7.5950e-01 +2.4736e-01 +5.6574e-01 +5.4855e-01 -1.9700e+00 +1.0575e+00 -7.3394e-01 +1.7998e-01
43 +5.385925999e+02 +5.385925999e+02 +3.936325999e+02 +3.936325999e+02 +1.1831e-01 -1.8698e-02 -1.3214e+00 -2.5429e-02 +5.0372e-01 +2.9467e+00 -2.3595e+00 +2.5168e+00 -2.0073e+00 +1.1887e+00
54 +5.552806781e+01 +5.552806781e+01 -8.943193219e+01 -8.943193219e+01 -1.0272e+00 +3.7675e-01 -4.9974e-01 -1.1122e+00 +5.4577e-01 +1.4082e+00 -1.9557e+00 +2.3414e+00 -2.0299e+00 +5.8439e-01
70 +3.982670422e+00 +3.982670422e+00 -1.409773296e+02 -1.409773296e+02 -7.0207e-01 -1.0429e-01 -1.9745e+00 -3.6144e-01 -5.9161e-02 +2.0344e+00 -2.2623e+00 +1.9379e+00 -1.8025e+00 +1.0710e+00
75 +3.528914481e+00 +3.528914481e+00 -1.414310855e+02 -1.414310855e+02 -1.1999e+00 +6.7527e-01 -7.4698e-01 -1.0134e+00 -1.0007e+00 +1.7748e+00 -2.1308e+00 +1.7856e+00 -1.3810e+00 +1.5571e+00
163 +3.080774424e+00 +3.080774424e+00 -1.418792256e+02 -1.418792256e+02 -1.1811e+00 -3.0551e-01 +3.9188e-01 -5.0970e-01 -2.5271e+00 +2.2830e-01 -2.2608e+00 +5.8679e-01 -1.1579e+00 +1.2238e+00
238 +2.877946226e+00 +2.877946226e+00 -1.420820538e+02 -1.420820538e+02 -9.7456e-01 +7.0371e-01 -6.9590e-02 -1.4013e+00 -2.4521e+00 +1.1728e+00 -1.7706e+00 +9.9177e-01 -1.0382e+00 +1.2618e+00
246 +2.637791111e+00 +2.637791111e+00 -1.423222089e+02 -1.423222089e+02 -9.1998e-01 +9.9314e-01 -2.4088e-01 -1.0935e+00 -2.4224e+00 +1.9272e+00 -2.0732e+00 +1.0603e+00 -1.0444e+00 +1.4588e+00
612 +2.539159895e+00 +2.539159895e+00 -1.424208401e+02 -1.424208401e+02 -1.2239e+00 +8.8691e-01 -7.8857e-01 -4.6493e-02 -2.0094e+00 +1.6874e+00 -9.3546e-01 +2.4084e+00 -7.5710e-01 +1.5453e+00
837 +2.486004779e+00 +2.486004779e+00 -1.424739952e+02 -1.424739952e+02 -2.0950e+00 +3.4358e-01 -1.0971e+00 -6.4082e-01 -3.8473e-01 +6.5068e-01 -8.1889e-01 +1.4724e+00 -1.3372e+00 +2.2912e+00
935 +2.238591955e+00 +2.238591955e+00 -1.427214080e+02 -1.427214080e+02 -2.1401e+00 -1.7841e-01 -8.1619e-01 -4.8034e-01 -3.5244e-01 +6.8146e-01 -1.1629e+00 +1.2305e+00 -1.0490e+00 +2.3759e+00
1116 +2.118106735e+00 +2.118106735e+00 -1.428418933e+02 -1.428418933e+02 -2.1583e+00 -1.0725e-01 -1.1905e+00 -4.4042e-01 -3.7038e-01 +6.2474e-01 -1.2543e+00 +1.2008e+00 -1.0361e+00 +2.3966e+00
1135 +2.055663088e+00 +2.055663088e+00 -1.429043369e+02 -1.429043369e+02 -2.1480e+00 -7.2640e-02 -1.2445e+00 -4.5371e-01 -3.6749e-01 +6.1424e-01 -1.2329e+00 +1.2139e+00 -1.0133e+00 +2.3790e+00
1219 +2.030582059e+00 +2.030582059e+00 -1.429294179e+02 -1.429294179e+02 -2.0807e+00 -1.3117e-01 -1.2348e+00 -4.6849e-01 -3.2022e-01 +6.3829e-01 -1.2266e+00 +1.1986e+00 -1.0339e+00 +2.3837e+00
1425 +1.994389333e+00 +1.994389333e+00 -1.429656107e+02 -1.429656107e+02 -2.1052e+00 -1.4292e-01 -1.2217e+00 -4.6600e-01 -3.4511e-01 +6.3681e-01 -1.2019e+00 +1.2160e+00 -1.0283e+00 +2.3742e+00
% function evaluation | noise-free fitness - Fopt (-6.300000000000e+00) | best noise-free fitness - Fopt | measured fitness | best measured fitness | x1 | x2...
1 +1.033747614e+04 +1.033747614e+04 +1.033117614e+04 +1.033117614e+04 +0.0000e+00 +0.0000e+00 +0.0000e+00 +0.0000e+00 +0.0000e+00 +0.0000e+00 +0.0000e+00 +0.0000e+00 +0.0000e+00 +0.0000e+00
5 +3.803668925e+03 +3.803668925e+03 +3.797368925e+03 +3.797368925e+03 -4.3971e-01 -8.4077e-01 +4.7638e-01 -5.1748e-01 -4.1224e-01 -4.6057e-01 +9.8219e-01 -9.1830e-01 +5.7262e-01 +7.1090e-02
12 +2.017841259e+03 +2.017841259e+03 +2.011541259e+03 +2.011541259e+03 +4.4455e-01 -1.9627e+00 -5.0213e-01 -1.7115e+00 -2.2141e+00 -7.6751e-01 +1.0282e+00 -6.2187e-01 +5.7681e-01 +5.7691e-01
14 +1.384876438e+03 +1.384876438e+03 +1.378576438e+03 +1.378576438e+03 +1.0294e+00 -1.4436e+00 +6.9053e-01 -6.7962e-01 -8.9925e-01 +2.1693e-01 +1.9334e+00 -1.6908e+00 +2.0017e+00 +1.2105e-01
19 +6.942421800e+02 +6.942421800e+02 +6.879421800e+02 +6.879421800e+02 -6.7088e-01 +1.2592e-01 -3.7381e-01 -2.2682e-01 -5.4412e-01 -2.9405e-01 +1.3255e+00 -3.8694e-01 +4.0858e-01 +1.0584e+00
28 +3.657585462e+00 +3.657585462e+00 -2.642414538e+00 -2.642414538e+00 -1.3902e+00 +1.8723e-01 +5.2332e-02 +4.5426e-01 -4.5362e-01 -4.5778e-01 +1.7381e+00 -1.0502e+00 +7.9066e-01 +1.3894e+00
149 +3.264844727e+00 +3.264844727e+00 -3.035155273e+00 -3.035155273e+00 +2.6419e-01 -1.0996e+00 -1.0866e-01 +5.8404e-01 -1.4876e-01 -2.1518e-01 +2.5235e+00 -1.0810e+00 +2.3755e+00 +8.6118e-01
199 +2.987547247e+00 +2.987547247e+00 -3.312452753e+00 -3.312452753e+00 -8.9428e-02 -1.8988e-01 +2.4832e-01 +5.5546e-01 -5.3429e-01 -5.8942e-01 +2.4858e+00 -8.9920e-01 +1.2088e+00 +1.1606e+00
205 +2.839960684e+00 +2.839960684e+00 -3.460039316e+00 -3.460039316e+00 +3.8089e-01 -1.0368e-01 +1.4712e-01 +4.2361e-01 -3.8034e-01 -6.6023e-01 +2.0758e+00 -5.5890e-01 +1.4727e+00 +1.1550e+00
582 +2.719804361e+00 +2.719804361e+00 -3.580195639e+00 -3.580195639e+00 +9.8875e-01 +8.7401e-01 +6.9013e-01 -2.9214e-01 -5.7689e-01 -4.8820e-01 +1.9903e+00 -9.8398e-01 +1.3621e+00 +1.3973e+00
600 +2.686572175e+00 +2.686572175e+00 -3.613427825e+00 -3.613427825e+00 +1.0591e+00 +9.0640e-01 +7.2075e-01 -3.1966e-01 -5.1054e-01 -4.8125e-01 +1.9831e+00 -9.9936e-01 +1.4633e+00 +1.3957e+00
603 +2.553823584e+00 +2.553823584e+00 -3.746176416e+00 -3.746176416e+00 +9.1974e-01 +9.2318e-01 +6.9256e-01 -3.1409e-01 -5.3013e-01 -5.5129e-01 +1.9646e+00 -1.0639e+00 +1.3962e+00 +1.3887e+00
642 +2.444509587e+00 +2.444509587e+00 -3.855490413e+00 -3.855490413e+00 +9.4980e-01 +8.3302e-01 +7.0500e-01 -2.8753e-01 -5.5644e-01 -6.2850e-01 +1.9598e+00 -1.0327e+00 +1.3886e+00 +1.4064e+00
738 +2.394845623e+00 +2.394845623e+00 -3.905154377e+00 -3.905154377e+00 +9.4034e-01 +8.3631e-01 +7.0852e-01 -3.2665e-01 -5.1244e-01 -6.0135e-01 +1.9687e+00 -1.0908e+00 +1.3662e+00 +1.4415e+00
758 +2.279139061e+00 +2.279139061e+00 -4.020860939e+00 -4.020860939e+00 +9.3372e-01 +8.4148e-01 +7.1807e-01 -3.2135e-01 -5.3698e-01 -5.7248e-01 +1.9774e+00 -1.0526e+00 +1.3916e+00 +1.4251e+00
780 +2.235925042e+00 +2.235925042e+00 -4.064074958e+00 -4.064074958e+00 +9.5415e-01 +8.5347e-01 +7.1975e-01 -3.2411e-01 -5.4709e-01 -5.9419e-01 +1.9824e+00 -1.0411e+00 +1.4044e+00 +1.4239e+00
880 +2.184549175e+00 +2.184549175e+00 -4.115450825e+00 -4.115450825e+00 +9.9439e-01 +8.2889e-01 +7.3003e-01 -3.2408e-01 -5.8059e-01 -5.6411e-01 +1.9890e+00 -1.0124e+00 +1.3926e+00 +1.4185e+00
% function evaluation | noise-free fitness - Fopt (7.056400000000e+02) | best noise-free fitness - Fopt | measured fitness | best measured fitness | x1 | x2...
1 +1.033747614e+04 +1.033747614e+04 +1.104311614e+04 +1.104311614e+04 +0.0000e+00 +0.0000e+00 +0.0000e+00 +0.0000e+00 +0.0000e+00 +0.0000e+00 +0.0000e+00 +0.0000e+00 +0.0000e+00 +0.0000e+00
9 +4.073405552e+03 +4.073405552e+03 +4.779045552e+03 +4.779045552e+03 -7.6097e-01 +2.3026e+00 +6.2199e-01 -1.1337e+00 +1.6322e+00 -5.5735e-01 -8.5275e-01 +3.2483e-02 +1.4556e-01 +5.5439e-01
10 +3.603602017e+03 +3.603602017e+03 +4.309242017e+03 +4.309242017e+03 -3.8142e-02 -2.6257e-01 -1.4252e+00 -2.2423e+00 +2.7305e-01 +5.7166e-02 +1.4644e-01 +2.2189e-01 +7.9160e-01 +2.8126e-01
13 +1.889930150e+03 +1.889930150e+03 +2.595570150e+03 +2.595570150e+03 -2.7905e-01 -1.3513e+00 -2.7137e+00 -2.3400e+00 +7.3149e-01 -2.9170e-03 -6.2456e-01 -2.8979e-01 +2.7330e+00 +1.1189e+00
15 +1.848477070e+03 +1.848477070e+03 +2.554117070e+03 +2.554117070e+03 -5.4180e-01 -2.1283e+00 -1.7950e+00 -2.5170e+00 +1.5339e+00 +4.3560e-01 -5.7096e-01 +1.0703e+00 +3.2189e+00 +1.6628e+00
22 +5.071136274e+02 +5.071136274e+02 +1.212753627e+03 +1.212753627e+03 -1.6701e+00 -7.1076e-01 -6.3400e-01 -1.8510e+00 +8.3956e-01 -7.6054e-02 -3.2598e-01 +9.6979e-01 +2.9024e+00 +2.1232e+00
42 +1.214762797e+02 +1.214762797e+02 +8.271162797e+02 +8.271162797e+02 -2.4000e-01 -1.2194e+00 +1.7511e-01 +3.8466e-01 +1.3334e+00 -8.2830e-01 -9.7534e-01 +2.8611e-01 +1.1515e+00 +1.0702e+00
58 +1.873944246e+01 +1.873944246e+01 +7.243794425e+02 +7.243794425e+02 +1.1290e+00 -1.3047e+00 -6.1557e-02 -2.3331e-01 +2.2255e+00 -4.4974e-01 -1.3763e+00 +5.2994e-01 +2.3256e+00 +1.4815e+00
70 +1.428423881e+01 +1.428423881e+01 +7.199242388e+02 +7.199242388e+02 +9.6936e-01 -1.1570e-02 -7.3648e-01 -2.5779e-01 +2.1566e+00 +1.2878e-01 -1.2150e+00 +4.4490e-01 +1.4978e+00 +7.5191e-01
73 +3.650947252e+00 +3.650947252e+00 +7.092909473e+02 +7.092909473e+02 +1.4590e+00 -6.0022e-01 -7.4302e-01 -7.2726e-01 +2.4068e+00 -2.1757e-01 -1.6815e+00 +1.0162e+00 +2.2086e+00 +9.5760e-01
74 +3.324145229e+00 +3.324145229e+00 +7.089641452e+02 +7.089641452e+02 +5.8611e-01 +1.2794e+00 -1.6203e+00 -1.0459e+00 +2.3018e+00 -1.0285e+00 -1.8295e+00 +3.7880e-01 +2.1889e+00 +9.7225e-01
230 +2.992928527e+00 +2.992928527e+00 +7.086329285e+02 +7.086329285e+02 +1.6902e-01 +1.0312e+00 +4.7570e-01 +3.0696e-01 +4.8667e-01 -5.0748e-01 -2.0341e+00 +1.6120e+00 +1.8964e+00 +1.8120e+00
674 +2.942720729e+00 +2.942720729e+00 +7.085827207e+02 +7.085827207e+02 +4.0355e-01 +2.6313e+00 +3.9648e-02 +4.4503e-01 +5.1196e-01 -2.3414e+00 -1.4637e+00 +2.1657e+00 +2.0111e+00 +1.7453e+00
750 +2.884030552e+00 +2.884030552e+00 +7.085240306e+02 +7.085240306e+02 -3.2881e-01 +2.6486e+00 +4.9908e-02 +5.0972e-01 +7.8972e-01 -2.4859e+00 -2.0469e+00 +2.0727e+00 +1.9148e+00 +1.7566e+00
784 +2.769809753e+00 +2.769809753e+00 +7.084098098e+02 +7.084098098e+02 -1.5641e-01 +2.7160e+00 -3.7540e-01 +5.6784e-01 +5.7092e-01 -2.5218e+00 -1.8197e+00 +2.1669e+00 +1.9668e+00 +1.7441e+00
792 +2.030892506e+00 +2.030892506e+00 +7.076708925e+02 +7.076708925e+02 -1.3494e-01 +2.5008e+00 -5.4055e-01 +5.8610e-01 +5.9314e-01 -2.4820e+00 -2.0031e+00 +2.0909e+00 +2.0518e+00 +1.7027e+00
896 +1.832832455e+00 +1.832832455e+00 +7.074728325e+02 +7.074728325e+02 -8.6573e-02 +2.6044e+00 -5.6003e-01 +5.8829e-01 +6.3441e-01 -2.4559e+00 -2.0108e+00 +2.2106e+00 +2.0726e+00 +1.7344e+00
902 +1.772867632e+00 +1.772867632e+00 +7.074128676e+02 +7.074128676e+02 -9.1213e-02 +2.5967e+00 -5.0945e-01 +5.6936e-01 +6.3349e-01 -2.4617e+00 -1.9728e+00 +2.1809e+00 +2.0836e+00 +1.7427e+00
932 +1.698409728e+00 +1.698409728e+00 +7.073384097e+02 +7.073384097e+02 -1.0755e-01 +2.5934e+00 -4.6416e-01 +6.0506e-01 +5.8175e-01 -2.5449e+00 -1.9757e+00 +2.1770e+00 +2.0636e+00 +1.7461e+00
935 +1.623411703e+00 +1.623411703e+00 +7.072634117e+02 +7.072634117e+02 -8.7301e-02 +2.6116e+00 -5.0456e-01 +6.3477e-01 +5.3287e-01 -2.5579e+00 -1.9780e+00 +2.1346e+00 +2.0863e+00 +1.7445e+00
983 +1.524080746e+00 +1.524080746e+00 +7.071640807e+02 +7.071640807e+02 -7.9836e-02 +2.6313e+00 -2.9402e-01 +5.8503e-01 +5.9128e-01 -2.5126e+00 -1.9633e+00 +2.1763e+00 +2.0862e+00 +1.7673e+00
1005 +1.505037133e+00 +1.505037133e+00 +7.071450371e+02 +7.071450371e+02 -6.0327e-02 +2.6173e+00 -2.6513e-01 +5.6469e-01 +5.8284e-01 -2.5044e+00 -1.9707e+00 +2.1307e+00 +2.0772e+00 +1.7913e+00
1033 +1.468196217e+00 +1.468196217e+00 +7.071081962e+02 +7.071081962e+02 -6.9687e-02 +2.6056e+00 -2.5704e-01 +5.7570e-01 +5.9871e-01 -2.5065e+00 -2.0186e+00 +2.1187e+00 +2.0821e+00 +1.7921e+00
1091 +1.409636286e+00 +1.409636286e+00 +7.070496363e+02 +7.070496363e+02 -4.4571e-02 +2.5951e+00 -2.8151e-01 +5.7832e-01 +6.0002e-01 -2.4872e+00 -2.0169e+00 +2.1330e+00 +2.0822e+00 +1.7620e+00
% function evaluation | noise-free fitness - Fopt (1.839000000000e+02) | best noise-free fitness - Fopt | measured fitness | best measured fitness | x1 | x2...
1 +1.033747614e+04 +1.033747614e+04 +1.052137614e+04 +1.052137614e+04 +0.0000e+00 +0.0000e+00 +0.0000e+00 +0.0000e+00 +0.0000e+00 +0.0000e+00 +0.0000e+00 +0.0000e+00 +0.0000e+00 +0.0000e+00
5 +5.844041298e+03 +5.844041298e+03 +6.027941298e+03 +6.027941298e+03 -1.5498e+00 -1.6387e-01 +3.8825e-01 +2.1826e-01 -3.1980e-01 -4.2515e-01 +6.8289e-01 +2.9500e-01 +1.6501e+00 -2.4803e-01
14 +4.813082030e+03 +4.813082030e+03 +4.996982030e+03 +4.996982030e+03 -2.1134e+00 -6.4497e-01 +8.1160e-01 +1.6085e+00 +9.0524e-02 +2.6449e-01 -1.6867e-01 -2.3438e-01 +2.3622e+00 +9.0535e-02
40 +2.704928912e+03 +2.704928912e+03 +2.888828912e+03 +2.888828912e+03 -3.2046e-01 -2.6591e-01 +8.2902e-01 +2.4051e+00 +1.1684e+00 -2.4607e-01 -2.2747e-01 +6.7500e-01 +1.3373e+00 -1.1931e+00
47 +1.980399489e+03 +1.980399489e+03 +2.164299489e+03 +2.164299489e+03 -6.6445e-01 -9.1683e-02 +1.0829e+00 +2.0740e+00 +1.4889e+00 -7.7550e-01 -1.1983e+00 +1.0425e+00 +1.5463e+00 -1.5244e+00
51 +1.577346266e+03 +1.577346266e+03 +1.761246266e+03 +1.761246266e+03 -3.0184e-02 -1.0667e-01 +1.3785e-01 +8.8436e-01 +1.6663e+00 +1.1232e+00 +3.3733e-01 +2.5367e-01 +1.7783e+00 -5.7265e-01
53 +7.232553277e+02 +7.232553277e+02 +9.071553277e+02 +9.071553277e+02 +3.6848e-01 +1.6912e-01 +2.9269e-02 -1.8703e-01 +2.4539e+00 +2.0734e+00 +5.6899e-01 +1.1878e+00 +2.7097e+00 -1.2933e+00
60 +4.198927077e+02 +4.198927077e+02 +6.037927077e+02 +6.037927077e+02 +1.1677e-01 -5.5059e-01 +2.7832e-01 +6.3202e-01 +1.8530e+00 +1.2292e+00 +2.4744e-01 +1.2950e+00 +2.1834e+00 -5.0248e-01
64 +1.282558754e+02 +1.282558754e+02 +3.121558754e+02 +3.121558754e+02 -7.1250e-01 -3.1394e-01 +5.7348e-01 +4.9698e-01 +1.3081e+00 +1.0077e+00 +7.6226e-03 +2.1202e+00 +1.6604e+00 -7.1242e-01
65 +4.533825509e+01 +4.533825509e+01 +2.292382551e+02 +2.292382551e+02 +5.5827e-01 +2.1405e-01 -5.1070e-02 +7.1334e-01 +2.6215e+00 +1.2763e+00 -1.9073e-01 +8.3455e-01 +1.2056e+00 -8.9997e-01
68 +1.830179542e+01 +1.830179542e+01 +2.022017954e+02 +2.022017954e+02 +1.4298e+00 -3.5028e-01 -3.6661e-01 -1.4649e-02 +2.0783e+00 +1.8098e+00 -4.2000e-02 +8.2832e-01 +2.6317e+00 -9.1181e-01
75 +8.869252842e+00 +8.869252842e+00 +1.927692528e+02 +1.927692528e+02 +1.8660e+00 -9.3704e-02 -9.9911e-01 -5.8746e-01 +2.5469e+00 +1.6303e+00 -6.1777e-01 +1.0427e+00 +2.5263e+00 -8.8626e-01
85 +4.169725725e+00 +4.169725725e+00 +1.880697257e+02 +1.880697257e+02 +1.5326e+00 +5.8122e-01 -9.1612e-01 +1.3020e-01 +1.8187e+00 +2.1863e+00 -8.8156e-01 +1.3912e+00 +2.0242e+00 -1.2173e+00
117 +3.641583416e+00 +3.641583416e+00 +1.875415834e+02 +1.875415834e+02 +1.4505e+00 +1.6574e+00 -9.2641e-01 -1.5075e+00 +2.4039e+00 +1.9010e+00 -1.2517e+00 +2.2600e+00 +1.9634e+00 -1.5565e+00
140 +3.276508709e+00 +3.276508709e+00 +1.871765087e+02 +1.871765087e+02 +9.4139e-01 +2.0662e+00 -1.4706e+00 -1.2251e+00 +2.4320e+00 +1.3782e+00 -1.3635e+00 +1.5444e+00 +2.2166e+00 -1.7336e+00
152 +3.118512935e+00 +3.118512935e+00 +1.870185129e+02 +1.870185129e+02 +4.2483e-01 +2.3727e+00 -8.7060e-01 -1.1954e+00 +2.3317e+00 +1.0922e+00 -8.1936e-01 +9.0431e-01 +2.4951e+00 -2.0605e+00
295 +3.039180238e+00 +3.039180238e+00 +1.869391802e+02 +1.869391802e+02 +2.7309e-01 +1.7304e+00 -7.8600e-01 -3.3098e-01 +1.5707e+00 +1.5330e+00 -6.5140e-01 +9.9509e-01 +1.9791e+00 -1.2384e+00
375 +2.819651163e+00 +2.819651163e+00 +1.867196512e+02 +1.867196512e+02 +4.7073e-01 +1.8625e+00 -8.3064e-01 -3.4084e-01 +1.6707e+00 +1.5927e+00 -5.5150e-01 +9.5464e-01 +1.7235e+00 -1.0634e+00
390 +2.808923305e+00 +2.808923305e+00 +1.867089233e+02 +1.867089233e+02 +5.9906e-01 +2.0072e+00 -8.3715e-01 -4.5063e-01 +1.8350e+00 +1.4332e+00 -6.1049e-01 +9.7181e-01 +1.6192e+00 -1.1134e+00
406 +2.479856866e+00 +2.479856866e+00 +1.863798569e+02 +1.863798569e+02 +6.8117e-01 +2.0497e+00 -7.6302e-01 -4.0326e-01 +1.8453e+00 +1.6210e+00 -6.0385e-01 +1.0384e+00 +1.6066e+00 -1.0511e+00
429 +2.436530494e+00 +2.436530494e+00 +1.863365305e+02 +1.863365305e+02 +5.4499e-01 +1.9468e+00 -7.0710e-01 -3.2755e-01 +1.8493e+00 +1.6260e+00 -6.1231e-01 +9.8100e-01 +1.6850e+00 -1.0130e+00
433 +2.285577412e+00 +2.285577412e+00 +1.861855774e+02 +1.861855774e+02 +5.2908e-01 +1.8273e+00 -6.5619e-01 -3.6025e-01 +1.8578e+00 +1.6477e+00 -6.1557e-01 +1.0053e+00 +1.6947e+00 -1.1036e+00
495 +2.134133659e+00 +2.134133659e+00 +1.860341337e+02 +1.860341337e+02 +7.4609e-01 +1.8718e+00 -7.3129e-01 -3.3276e-01 +1.8937e+00 +1.5899e+00 -5.6101e-01 +1.0515e+00 +1.6928e+00 -1.0716e+00
516 +2.044561172e+00 +2.044561172e+00 +1.859445612e+02 +1.859445612e+02 +6.8499e-01 +1.8011e+00 -6.2207e-01 -3.3481e-01 +1.8980e+00 +1.6467e+00 -5.6565e-01 +1.0166e+00 +1.7453e+00 -1.0746e+00
570 +2.038323904e+00 +2.038323904e+00 +1.859383239e+02 +1.859383239e+02 +6.5851e-01 +1.7777e+00 -6.3495e-01 -3.1586e-01 +1.8807e+00 +1.5796e+00 -5.6652e-01 +9.8766e-01 +1.7076e+00 -1.0343e+00
582 +1.970663434e+00 +1.970663434e+00 +1.858706634e+02 +1.858706634e+02 +6.6887e-01 +1.8224e+00 -5.9896e-01 -3.4324e-01 +1.8848e+00 +1.5836e+00 -5.3923e-01 +1.0012e+00 +1.7228e+00 -1.0381e+00
613 +1.944957786e+00 +1.944957786e+00 +1.858449578e+02 +1.858449578e+02 +6.4347e-01 +1.8262e+00 -6.0485e-01 -2.7276e-01 +1.8889e+00 +1.5884e+00 -5.5485e-01 +1.0288e+00 +1.7420e+00 -1.0407e+00
725 +1.905111702e+00 +1.905111702e+00 +1.858051117e+02 +1.858051117e+02 +6.2558e-01 +1.8231e+00 -6.3561e-01 -3.2639e-01 +1.8843e+00 +1.5862e+00 -5.4383e-01 +1.0197e+00 +1.7426e+00 -1.0462e+00
% function evaluation | noise-free fitness - Fopt (1.321000000000e+02) | best noise-free fitness - Fopt | measured fitness | best measured fitness | x1 | x2...
1 +1.033747614e+04 +1.033747614e+04 +1.046957614e+04 +1.046957614e+04 +0.0000e+00 +0.0000e+00 +0.0000e+00 +0.0000e+00 +0.0000e+00 +0.0000e+00 +0.0000e+00 +0.0000e+00 +0.0000e+00 +0.0000e+00
8 +9.183972633e+03 +9.183972633e+03 +9.316072633e+03 +9.316072633e+03 -1.7765e+00 +7.2178e-01 +2.3533e+00 +2.3548e+00 +1.4552e+00 +4.3933e-01 -6.1048e-01 -6.3893e-02 +3.2053e-01 -5.3239e-01
10 +8.933383742e+03 +8.933383742e+03 +9.065483742e+03 +9.065483742e+03 +8.7273e-01 -5.4022e-01 +2.9978e-01 -9.2821e-01 +1.0614e+00 -1.6568e-01 -4.8648e-01 +7.5169e-01 -2.0994e-01 -1.4163e-01
13 +1.878989104e+03 +1.878989104e+03 +2.011089104e+03 +2.011089104e+03 +9.7343e-01 -1.5470e-01 +3.8849e-01 -8.5751e-01 -9.6107e-02 +1.2969e-01 +5.4307e-01 +1.6185e+00 +1.0265e+00 -1.3171e+00
20 +7.221968668e+02 +7.221968668e+02 +8.542968668e+02 +8.542968668e+02 +5.2098e-01 -6.5094e-01 +4.9253e-01 -1.8697e+00 +5.6955e-02 +2.3195e-01 -1.3949e-01 +1.7553e+00 +1.1396e-01 -1.1649e+00
22 +4.269727655e+02 +4.269727655e+02 +5.590727655e+02 +5.590727655e+02 +2.5433e+00 -6.0314e-01 +3.2206e-01 -1.9385e+00 -1.0584e+00 -5.0766e-01 -1.2885e+00 +1.6582e+00 +3.5177e-01 -1.7240e+00
30 +4.410797658e+00 +4.410797658e+00 +1.365107977e+02 +1.365107977e+02 +6.2300e-01 -3.3137e-01 +1.5732e+00 -1.4396e+00 -8.9546e-01 +7.5929e-01 -1.1367e+00 +1.1450e+00 +1.0017e+00 -1.7490e+00
82 +3.988772003e+00 +3.988772003e+00 +1.360887720e+02 +1.360887720e+02 +2.2465e+00 +1.3852e+00 +8.7831e-01 -1.1082e+00 -1.5225e+00 -1.3730e-01 -1.0832e+00 +1.0978e+00 +1.1072e+00 -1.1142e+00
120 +3.656617506e+00 +3.656617506e+00 +1.357566175e+02 +1.357566175e+02 +2.0851e+00 -1.7736e-02 +1.3997e+00 -1.0903e+00 -6.0774e-01 +1.6791e+00 -9.9172e-01 +1.9669e+00 +1.3097e+00 -1.4118e+00
127 +3.528706256e+00 +3.528706256e+00 +1.356287063e+02 +1.356287063e+02 +2.0241e+00 -2.2489e-01 +1.4982e+00 -1.4078e+00 -5.3889e-01 +1.8665e+00 -1.5119e+00 +1.8492e+00 +1.4698e+00 -1.4541e+00
136 +3.273172313e+00 +3.273172313e+00 +1.353731723e+02 +1.353731723e+02 +2.1013e+00 -3.2420e-01 +1.8409e+00 -8.5957e-01 -2.8220e-01 +1.4455e+00 -1.1865e+00 +2.1903e+00 +1.4758e+00 -1.8341e+00
147 +2.883068785e+00 +2.883068785e+00 +1.349830688e+02 +1.349830688e+02 +2.1544e+00 -2.9446e-01 +1.9638e+00 -9.2795e-01 -2.3030e-01 +7.4004e-01 -1.3246e+00 +1.6130e+00 +1.2851e+00 -1.7387e+00
286 +2.678749990e+00 +2.678749990e+00 +1.347787500e+02 +1.347787500e+02 +2.0543e+00 +1.2292e+00 +2.0022e+00 -1.4259e+00 -2.0654e-01 +6.1141e-01 -8.9911e-01 +2.3402e+00 +1.0412e+00 -1.4532e+00
358 +2.611180246e+00 +2.611180246e+00 +1.347111802e+02 +1.347111802e+02 +1.8528e+00 +1.2672e+00 +2.3924e+00 -8.7658e-01 -2.0846e-01 +6.1844e-01 -1.2082e+00 +1.9386e+00 +1.3598e+00 -1.3924e+00
397 +2.443775935e+00 +2.443775935e+00 +1.345437759e+02 +1.345437759e+02 +1.9220e+00 +1.2676e+00 +2.4170e+00 -1.4422e-01 -3.1099e-01 +7.2690e-01 -1.7505e+00 +2.1662e+00 +1.3672e+00 -1.1308e+00
423 +2.385017244e+00 +2.385017244e+00 +1.344850172e+02 +1.344850172e+02 +2.2414e+00 +1.1253e+00 +2.3361e+00 -4.3488e-01 -4.8170e-01 +6.5556e-01 -1.5404e+00 +1.7569e+00 +9.6261e-01 -1.2558e+00
501 +2.327742742e+00 +2.327742742e+00 +1.344277427e+02 +1.344277427e+02 +2.0339e+00 +1.1554e+00 +2.3430e+00 -7.3007e-01 -3.9998e-01 +5.6566e-01 -1.5502e+00 +1.7668e+00 +1.2157e+00 -1.2252e+00
526 +2.085072015e+00 +2.085072015e+00 +1.341850720e+02 +1.341850720e+02 +2.0871e+00 +1.1411e+00 +2.4152e+00 -7.1189e-01 -3.2030e-01 +6.5344e-01 -1.4011e+00 +1.8191e+00 +1.2400e+00 -1.1914e+00
548 +1.957715406e+00 +1.957715406e+00 +1.340577154e+02 +1.340577154e+02 +2.1236e+00 +1.1105e+00 +2.3784e+00 -7.9421e-01 -3.1714e-01 +6.9535e-01 -1.2534e+00 +1.8605e+00 +1.1609e+00 -1.1920e+00
550 +1.931902516e+00 +1.931902516e+00 +1.340319025e+02 +1.340319025e+02 +2.0609e+00 +1.1575e+00 +2.3366e+00 -8.0034e-01 -3.2335e-01 +6.8377e-01 -1.2373e+00 +1.8741e+00 +1.1680e+00 -1.2236e+00
569 +1.890569468e+00 +1.890569468e+00 +1.339905695e+02 +1.339905695e+02 +2.1086e+00 +1.2037e+00 +2.3441e+00 -8.1630e-01 -2.2586e-01 +6.8240e-01 -1.2053e+00 +1.9386e+00 +1.1572e+00 -1.2193e+00
644 +1.850995507e+00 +1.850995507e+00 +1.339509955e+02 +1.339509955e+02 +1.9823e+00 +1.1942e+00 +2.3029e+00 -8.5207e-01 -2.3174e-01 +6.4519e-01 -1.1887e+00 +1.8921e+00 +1.1865e+00 -1.2059e+00
652 +1.817137187e+00 +1.817137187e+00 +1.339171372e+02 +1.339171372e+02 +2.0417e+00 +1.2393e+00 +2.3228e+00 -8.2174e-01 -2.3519e-01 +6.4160e-01 -1.2092e+00 +1.8926e+00 +1.1715e+00 -1.1886e+00
722 +1.768162653e+00 +1.768162653e+00 +1.338681627e+02 +1.338681627e+02 +2.0591e+00 +1.1602e+00 +2.3434e+00 -8.5562e-01 -2.3599e-01 +6.5167e-01 -1.2167e+00 +1.8801e+00 +1.1708e+00 -1.1989e+00
1023 +1.737547330e+00 +1.737547330e+00 +1.338375473e+02 +1.338375473e+02 +2.1068e+00 +1.1478e+00 +2.3458e+00 -8.3671e-01 -2.5471e-01 +6.5886e-01 -1.1977e+00 +1.8891e+00 +1.1781e+00 -1.1912e+00
% function evaluation | noise-free fitness - Fopt (-6.067000000000e+01) | best noise-free fitness - Fopt | measured fitness | best measured fitness | x1 | x2...
1 +1.033747614e+04 +1.033747614e+04 +1.027680614e+04 +1.027680614e+04 +0.0000e+00 +0.0000e+00 +0.0000e+00 +0.0000e+00 +0.0000e+00 +0.0000e+00 +0.0000e+00 +0.0000e+00 +0.0000e+00 +0.0000e+00
3 +1.606359688e+03 +1.606359688e+03 +1.545689688e+03 +1.545689688e+03 +3.1763e-01 +1.7023e-01 -3.0366e-01 +2.7260e+00 -4.8386e-01 +1.6029e+00 +6.6659e-01 -1.0452e-01 +1.3007e+00 +3.3707e-01
21 +6.275329400e+02 +6.275329400e+02 +5.668629400e+02 +5.668629400e+02 -1.0354e-01 +3.2708e-01 -8.2763e-01 +3.3543e+00 -1.4107e+00 +2.2110e+00 +6.4351e-01 -5.3109e-01 +1.9088e+00 +6.2382e-01
27 +5.961240237e+02 +5.961240237e+02 +5.354540237e+02 +5.354540237e+02 +8.2514e-01 +9.0532e-01 -1.6879e+00 +3.1903e+00 -1.1524e+00 +1.5781e+00 -1.3225e-01 -8.9038e-01 +2.5591e+00 +7.6469e-01
44 +2.422936150e+02 +2.422936150e+02 +1.816236150e+02 +1.816236150e+02 -4.5875e-01 +1.7085e+00 -3.8218e-01 +2.8402e+00 +1.6323e-02 +1.4692e+00 +1.3781e+00 -4.1146e-01 +6.5056e-01 +1.2130e+00
55 +1.911427342e+02 +1.911427342e+02 +1.304727342e+02 +1.304727342e+02 +2.9409e-01 +1.8479e+00 -1.1201e+00 +2.9658e+00 -1.4871e-01 +7.0538e-01 +2.7409e+00 -7.6896e-01 +8.6698e-01 +2.3855e+00
71 +7.510743846e+01 +7.510743846e+01 +1.443743846e+01 +1.443743846e+01 -1.4484e-01 +8.3251e-01 -1.5288e+00 +2.7852e+00 -4.5581e-01 +2.3676e-01 +1.7668e+00 -8.4469e-01 +1.5480e+00 +1.3426e+00
79 +1.920060850e+01 +1.920060850e+01 -4.146939150e+01 -4.146939150e+01 -6.4215e-01 +8.6219e-01 -2.0791e+00 +2.5097e+00 +5.1863e-01 +5.9688e-01 +2.2049e+00 -1.2264e+00 +1.7477e+00 +1.3099e+00
91 +4.109061855e+00 +4.109061855e+00 -5.656093815e+01 -5.656093815e+01 +2.8903e-01 +9.1976e-01 -1.8706e+00 +2.4333e+00 +1.0583e+00 +2.9428e-01 +2.4695e+00 -8.9111e-01 +1.4279e+00 +1.4956e+00
102 +3.835494350e+00 +3.835494350e+00 -5.683450565e+01 -5.683450565e+01 +5.8712e-01 +3.4381e-01 -1.4538e+00 +2.2015e+00 +1.3612e+00 +8.4904e-01 +1.5581e+00 -9.1463e-01 +1.0726e+00 +1.3433e+00
112 +3.523381049e+00 +3.523381049e+00 -5.714661895e+01 -5.714661895e+01 +7.7001e-01 +1.3151e+00 -9.2417e-01 +2.2960e+00 -1.7168e-01 +6.5492e-01 +2.0153e+00 -1.3441e+00 +1.3303e+00 +1.4223e+00
217 +2.985726966e+00 +2.985726966e+00 -5.768427303e+01 -5.768427303e+01 -1.5246e+00 -1.3001e+00 -7.6256e-01 +2.5564e+00 -7.8777e-01 +8.4715e-01 +1.9899e+00 -2.0633e+00 +1.4929e+00 +1.1584e+00
281 +2.713074440e+00 +2.713074440e+00 -5.795692556e+01 -5.795692556e+01 -1.5244e+00 +1.7155e-01 -1.3055e+00 +2.4497e+00 -1.6747e-01 +7.3040e-01 +2.1092e+00 -1.9921e+00 +1.1362e+00 +1.6400e+00
366 +2.353056204e+00 +2.353056204e+00 -5.831694380e+01 -5.831694380e+01 -1.6237e+00 +1.7843e-01 -5.1567e-01 +2.3582e+00 -8.2251e-02 +7.6878e-01 +1.9926e+00 -2.1721e+00 +8.6490e-01 +1.4471e+00
376 +1.743293641e+00 +1.743293641e+00 -5.892670636e+01 -5.892670636e+01 -1.5083e+00 +1.6066e-01 -5.2191e-01 +2.4136e+00 -4.8674e-02 +6.5348e-01 +1.9475e+00 -2.1453e+00 +7.9210e-01 +1.5511e+00
509 +1.711862976e+00 +1.711862976e+00 -5.895813702e+01 -5.895813702e+01 -1.4675e+00 +8.8474e-02 -1.1343e+00 +2.3646e+00 -2.0179e-01 +7.8375e-01 +1.8862e+00 -2.1278e+00 +8.2220e-01 +2.0783e+00
552 +1.618658148e+00 +1.618658148e+00 -5.905134185e+01 -5.905134185e+01 -1.4235e+00 +1.7585e-01 -1.0527e+00 +2.3532e+00 -1.9570e-01 +7.7529e-01 +1.9031e+00 -2.1327e+00 +8.0009e-01 +2.1110e+00
562 +1.549287622e+00 +1.549287622e+00 -5.912071238e+01 -5.912071238e+01 -1.4396e+00 +1.5984e-01 -1.0618e+00 +2.3725e+00 -1.8466e-01 +7.7365e-01 +1.9061e+00 -2.1421e+00 +7.9315e-01 +2.1039e+00
572 +1.505449093e+00 +1.505449093e+00 -5.916455091e+01 -5.916455091e+01 -1.4504e+00 +1.5057e-01 -1.0345e+00 +2.3956e+00 -1.5504e-01 +7.6509e-01 +1.9134e+00 -2.1593e+00 +7.7881e-01 +2.0937e+00
649 +1.475415558e+00 +1.475415558e+00 -5.919458444e+01 -5.919458444e+01 -1.5170e+00 +1.9917e-01 -9.1836e-01 +2.4168e+00 -1.3621e-01 +7.6098e-01 +1.9043e+00 -2.1522e+00 +8.0511e-01 +2.0972e+00
662 +1.437161313e+00 +1.437161313e+00 -5.923283869e+01 -5.923283869e+01 -1.5083e+00 +1.9466e-01 -9.2583e-01 +2.3964e+00 -1.4046e-01 +7.6475e-01 +1.9211e+00 -2.1566e+00 +7.9184e-01 +2.0869e+00
% function evaluation | noise-free fitness - Fopt (7.560000000000e+01) | best noise-free fitness - Fopt | measured fitness | best measured fitness | x1 | x2...
1 +1.033747614e+04 +1.033747614e+04 +1.041307614e+04 +1.041307614e+04 +0.0000e+00 +0.0000e+00 +0.0000e+00 +0.0000e+00 +0.0000e+00 +0.0000e+00 +0.0000e+00 +0.0000e+00 +0.0000e+00 +0.0000e+00
2 +5.651038797e+03 +5.651038797e+03 +5.726638797e+03 +5.726638797e+03 -4.1870e-01 -6.4444e-01 -4.9940e-01 +2.3984e-01 +1.8834e-01 -1.9852e-02 +9.9886e-01 -1.5568e+00 -3.0122e+00 +2.3474e-01
6 +2.943502013e+03 +2.943502013e+03 +3.019102013e+03 +3.019102013e+03 +8.4462e-01 +2.3359e+00 -9.0735e-01 -2.4207e-01 -8.6081e-01 -7.5845e-01 +3.4539e-01 -8.6082e-01 -5.2218e-01 +1.4448e+00
9 +7.592319459e+02 +7.592319459e+02 +8.348319459e+02 +8.348319459e+02 -6.3574e-01 +3.4130e-01 +1.4380e-02 -1.5890e+00 -5.6254e-01 -2.6800e-02 -5.7813e-01 -8.3774e-01 -2.7676e-01 +1.4485e+00
13 +5.318978922e+01 +5.318978922e+01 +1.287897892e+02 +1.287897892e+02 +2.5552e-01 -1.0390e+00 +9.6175e-01 -7.9770e-01 -5.6646e-01 +1.7420e+00 -9.3361e-01 -8.0858e-01 -6.4822e-01 +1.3737e+00
17 +3.283284881e+00 +3.283284881e+00 +7.888328488e+01 +7.888328488e+01 -1.0256e+00 +5.7105e-01 +3.6297e-01 -2.4680e+00 -4.9827e-01 +9.8090e-01 -1.5712e+00 -2.1101e+00 -1.6686e+00 +1.6197e+00
121 +3.006151387e+00 +3.006151387e+00 +7.860615139e+01 +7.860615139e+01 -5.8970e-01 +2.4870e+00 +1.1777e+00 +1.5619e-01 -9.9540e-01 +7.7991e-01 -1.8505e+00 -1.0824e+00 -1.5470e+00 +1.1270e+00
225 +2.699847639e+00 +2.699847639e+00 +7.829984764e+01 +7.829984764e+01 -1.2789e+00 +2.4143e+00 +1.1745e+00 -4.8432e-01 -2.9142e-01 +6.4180e-01 -1.2769e+00 -9.0986e-01 -1.1547e+00 +1.5584e+00
256 +2.626526276e+00 +2.626526276e+00 +7.822652628e+01 +7.822652628e+01 -9.5947e-01 +2.4488e+00 +1.3143e+00 +1.2722e-02 -5.2196e-01 +5.8940e-01 -1.3256e+00 -7.0360e-01 -1.1168e+00 +1.4966e+00
398 +2.564866315e+00 +2.564866315e+00 +7.816486631e+01 +7.816486631e+01 -1.1703e+00 +2.2671e+00 +1.2800e+00 +9.8136e-02 -4.0878e-01 +5.9503e-01 -9.6169e-01 -1.0587e+00 -1.4088e+00 +1.1265e+00
403 +2.233983664e+00 +2.233983664e+00 +7.783398366e+01 +7.783398366e+01 -1.0759e+00 +2.5196e+00 +1.0916e+00 +1.1215e-01 -4.1946e-01 +6.5020e-01 -8.7015e-01 -1.0506e+00 -1.3967e+00 +1.1709e+00
409 +2.161087119e+00 +2.161087119e+00 +7.776108712e+01 +7.776108712e+01 -1.0431e+00 +2.2528e+00 +1.3073e+00 +7.9492e-02 -5.4058e-01 +6.1708e-01 -8.9505e-01 -1.0104e+00 -1.4116e+00 +1.1750e+00
413 +2.089272394e+00 +2.089272394e+00 +7.768927239e+01 +7.768927239e+01 -9.9381e-01 +2.2647e+00 +1.3254e+00 +2.7950e-02 -5.4180e-01 +6.4179e-01 -8.1814e-01 -1.0228e+00 -1.3940e+00 +1.1223e+00
470 +1.848718660e+00 +1.848718660e+00 +7.744871866e+01 +7.744871866e+01 -9.9299e-01 +2.2891e+00 +1.2122e+00 +8.2257e-02 -5.6246e-01 +5.7086e-01 -8.6007e-01 -9.5731e-01 -1.4186e+00 +1.0740e+00
499 +1.751964338e+00 +1.751964338e+00 +7.735196434e+01 +7.735196434e+01 -9.8850e-01 +2.3315e+00 +1.2089e+00 +9.8760e-02 -5.1653e-01 +5.5906e-01 -8.6394e-01 -9.0824e-01 -1.3557e+00 +1.1411e+00
504 +1.683716465e+00 +1.683716465e+00 +7.728371646e+01 +7.728371646e+01 -9.8833e-01 +2.3347e+00 +1.1966e+00 +7.2700e-02 -5.0784e-01 +5.6387e-01 -8.2925e-01 -9.4216e-01 -1.3703e+00 +1.1835e+00
548 +1.658540472e+00 +1.658540472e+00 +7.725854047e+01 +7.725854047e+01 -1.0151e+00 +2.3312e+00 +1.2129e+00 +1.2876e-01 -4.7477e-01 +5.7328e-01 -7.3910e-01 -1.0017e+00 -1.4182e+00 +1.1556e+00
553 +1.595314288e+00 +1.595314288e+00 +7.719531429e+01 +7.719531429e+01 -1.0295e+00 +2.3261e+00 +1.2348e+00 +1.0271e-01 -4.8889e-01 +6.3023e-01 -7.8130e-01 -9.9207e-01 -1.3782e+00 +1.1712e+00
564 +1.563819846e+00 +1.563819846e+00 +7.716381985e+01 +7.716381985e+01 -9.9568e-01 +2.3314e+00 +1.2531e+00 +1.3810e-01 -4.8836e-01 +6.2109e-01 -7.7561e-01 -9.8787e-01 -1.4009e+00 +1.1663e+00
611 +1.526907277e+00 +1.526907277e+00 +7.712690728e+01 +7.712690728e+01 -1.0107e+00 +2.3201e+00 +1.2117e+00 +1.2012e-01 -5.1844e-01 +5.6474e-01 -7.8640e-01 -9.7770e-01 -1.3903e+00 +1.1413e+00
628 +1.500274846e+00 +1.500274846e+00 +7.710027485e+01 +7.710027485e+01 -1.0132e+00 +2.3431e+00 +1.1799e+00 +1.4109e-01 -5.2343e-01 +5.7880e-01 -8.0031e-01 -9.7491e-01 -1.3928e+00 +1.1527e+00
657 +1.472552179e+00 +1.472552179e+00 +7.707255218e+01 +7.707255218e+01 -1.0013e+00 +2.3501e+00 +1.1988e+00 +1.2704e-01 -5.0769e-01 +5.7726e-01 -7.9407e-01 -9.6532e-01 -1.3991e+00 +1.1450e+00
794 +1.444456304e+00 +1.444456304e+00 +7.704445630e+01 +7.704445630e+01 -1.0263e+00 +2.3602e+00 +1.1941e+00 +1.2628e-01 -4.9977e-01 +5.9919e-01 -8.0000e-01 -9.4997e-01 -1.4142e+00 +1.1348e+00
% function evaluation | noise-free fitness - Fopt (-1.699200000000e+02) | best noise-free fitness - Fopt | measured fitness | best measured fitness | x1 | x2...
1 +1.033747614e+04 +1.033747614e+04 +1.016755614e+04 +1.016755614e+04 +0.0000e+00 +0.0000e+00 +0.0000e+00 +0.0000e+00 +0.0000e+00 +0.0000e+00 +0.0000e+00 +0.0000e+00 +0.0000e+00 +0.0000e+00
6 +7.672729912e+03 +7.672729912e+03 +7.502809912e+03 +7.502809912e+03 +2.3280e+00 -1.3560e+00 -7.4792e-01 +7.7424e-01 +7.0852e-01 -1.0548e+00 -1.2140e+00 +3.0487e-01 +3.3280e-01 +1.0158e+00
7 +7.395297375e+03 +7.395297375e+03 +7.225377375e+03 +7.225377375e+03 +5.5746e-01 +1.3776e+00 -8.5251e-01 -7.8069e-03 -1.1532e-01 -1.6647e+00 +6.8671e-01 -6.5935e-01 +5.9687e-01 +1.2995e+00
15 +7.124769971e+03 +7.124769971e+03 +6.954849971e+03 +6.954849971e+03 +1.2330e+00 +1.7024e+00 -4.0762e-01 +3.8909e-01 -4.4858e-01 -1.6483e+00 +1.2528e+00 -6.4381e-02 -3.2549e-01 +9.2094e-01
20 +3.689991650e+03 +3.689991650e+03 +3.520071650e+03 +3.520071650e+03 +1.2145e+00 +2.4362e+00 -9.4579e-01 -1.2079e+00 -2.1322e-01 -3.4377e-01 +5.8460e-01 -1.9234e+00 +2.0212e-01 +1.8689e+00
21 +2.869433456e+02 +2.869433456e+02 +1.170233456e+02 +1.170233456e+02 +3.1128e-01 +1.0603e+00 -1.3695e+00 +1.2506e-01 -6.9189e-02 -2.3963e+00 -1.0061e+00 -1.6969e+00 -4.3205e-01 +8.2295e-01
26 +4.346187316e+00 +4.346187316e+00 -1.655738127e+02 -1.655738127e+02 -2.5101e-01 -1.7385e-02 -1.1007e+00 +9.0340e-01 +1.4864e-02 -1.0860e+00 -1.1470e+00 -9.2876e-01 -8.4157e-01 +1.3195e+00
48 +4.082017372e+00 +4.082017372e+00 -1.658379826e+02 -1.658379826e+02 +3.6477e-01 +9.2676e-02 -1.0493e+00 +1.7527e+00 +1.4334e+00 -1.2122e+00 -1.5990e+00 -3.7370e-01 -1.2185e+00 +1.0900e+00
55 +3.794010618e+00 +3.794010618e+00 -1.661259894e+02 -1.661259894e+02 -2.7931e-01 -9.4434e-01 -2.0339e+00 +1.1831e+00 +1.4515e+00 -2.2065e+00 -1.6294e+00 -8.9937e-01 -1.1658e+00 +1.6899e+00
69 +3.299336600e+00 +3.299336600e+00 -1.666206634e+02 -1.666206634e+02 +3.5878e-01 -8.4197e-01 -1.8704e+00 +1.3056e+00 +8.1043e-01 -2.3894e+00 -1.4788e+00 -1.2580e+00 -1.0538e+00 +2.3614e+00
204 +3.109414956e+00 +3.109414956e+00 -1.668105850e+02 -1.668105850e+02 +1.3254e-01 -8.2716e-01 -2.0076e+00 +1.5913e-01 +3.9607e-01 -1.7615e+00 -4.6514e-01 -1.3651e+00 -1.9538e+00 +2.1512e+00
245 +3.028060610e+00 +3.028060610e+00 -1.668919394e+02 -1.668919394e+02 +2.1629e-01 -3.4382e-01 -1.6752e+00 -1.6671e-01 +1.0612e+00 -1.5160e+00 -1.0419e+00 -1.6057e+00 -2.2241e+00 +2.0166e+00
307 +3.009980079e+00 +3.009980079e+00 -1.669100199e+02 -1.669100199e+02 -2.0485e-01 -4.8742e-01 -1.6864e+00 -2.0538e-01 +1.4933e+00 -1.4652e+00 -5.9614e-01 -1.1573e+00 -2.3130e+00 +2.0919e+00
360 +2.241078800e+00 +2.241078800e+00 -1.676789212e+02 -1.676789212e+02 -1.9033e-01 -5.3226e-01 -1.9227e+00 -3.1996e-01 +1.3108e+00 -1.7185e+00 -1.1550e+00 -8.4039e-01 -2.3607e+00 +2.0288e+00
468 +2.203046306e+00 +2.203046306e+00 -1.677169537e+02 -1.677169537e+02 -1.6018e-01 -5.1618e-01 -1.8929e+00 -3.5345e-01 +1.5475e+00 -1.7304e+00 -1.3526e+00 -7.9523e-01 -2.4052e+00 +2.0250e+00
487 +2.063352685e+00 +2.063352685e+00 -1.678566473e+02 -1.678566473e+02 -2.3481e-01 -6.1739e-01 -1.8427e+00 -3.0580e-01 +1.6389e+00 -1.6666e+00 -1.4058e+00 -7.7896e-01 -2.4007e+00 +2.0451e+00
594 +2.039641866e+00 +2.039641866e+00 -1.678803581e+02 -1.678803581e+02 -2.1758e-01 -5.8687e-01 -1.9286e+00 -3.1812e-01 +1.5936e+00 -1.7049e+00 -1.3568e+00 -8.3790e-01 -2.3968e+00 +2.0443e+00
610 +1.989448931e+00 +1.989448931e+00 -1.679305511e+02 -1.679305511e+02 -2.7161e-01 -6.1491e-01 -1.9313e+00 -3.1719e-01 +1.5719e+00 -1.6850e+00 -1.3364e+00 -8.1901e-01 -2.4149e+00 +2.0269e+00
646 +1.939628807e+00 +1.939628807e+00 -1.679803712e+02 -1.679803712e+02 -2.9591e-01 -6.6101e-01 -1.9232e+00 -2.9152e-01 +1.6273e+00 -1.6672e+00 -1.3842e+00 -8.4578e-01 -2.4103e+00 +2.0362e+00
668 +1.901772625e+00 +1.901772625e+00 -1.680182274e+02 -1.680182274e+02 -2.9914e-01 -6.4632e-01 -1.9371e+00 -2.8146e-01 +1.6646e+00 -1.6386e+00 -1.3799e+00 -8.0830e-01 -2.4352e+00 +2.0301e+00
856 +1.861582419e+00 +1.861582419e+00 -1.680584176e+02 -1.680584176e+02 -3.2388e-01 -6.2068e-01 -1.9425e+00 -3.2847e-01 +1.6502e+00 -1.6455e+00 -1.3918e+00 -8.0993e-01 -2.4348e+00 +2.0277e+00
% function evaluation | noise-free fitness - Fopt (-1.805400000000e+02) | best noise-free fitness - Fopt | measured fitness | best measured fitness | x1 | x2...
1 +1.033747614e+04 +1.033747614e+04 +1.015693614e+04 +1.015693614e+04 +0.0000e+00 +0.0000e+00 +0.0000e+00 +0.0000e+00 +0.0000e+00 +0.0000e+00 +0.0000e+00 +0.0000e+00 +0.0000e+00 +0.0000e+00
14 +3.480686064e+03 +3.480686064e+03 +3.300146064e+03 +3.300146064e+03 +1.1678e+00 +1.5373e+00 +6.7306e-01 +3.9194e-01 +4.1812e-01 -2.2016e-01 +2.2082e+00 +4.6473e-01 -2.1454e+00 -1.3166e-01
23 +2.259271703e+03 +2.259271703e+03 +2.078731703e+03 +2.078731703e+03 +1.5113e+00 +1.9927e+00 -1.5464e-01 +4.3980e-01 +1.3501e+00 -3.6923e-01 +2.2749e+00 -6.2979e-02 -2.9652e+00 +2.3112e-02
58 +1.536235361e+03 +1.536235361e+03 +1.355695361e+03 +1.355695361e+03 +9.9562e-01 +1.8887e+00 -1.4494e+00 +1.5337e+00 +3.3389e-01 +1.3744e-01 +1.1664e+00 +2.5210e-02 -3.1467e+00 +1.1695e-01
59 +1.410863251e+03 +1.410863251e+03 +1.230323251e+03 +1.230323251e+03 +9.8692e-01 -2.9368e-01 -1.1530e+00 +1.6325e+00 +7.2208e-01 -9.1399e-01 -4.6241e-01 -7.2123e-01 -2.9230e+00 +5.6423e-01
63 +3.078396314e+01 +3.078396314e+01 -1.497560369e+02 -1.497560369e+02 -8.6945e-01 -3.2786e-01 -7.8004e-01 +2.7903e+00 +4.2876e-01 -1.8365e+00 -6.7040e-02 -9.5213e-01 -2.1879e+00 +7.7710e-01
75 +2.041132615e+01 +2.041132615e+01 -1.601286738e+02 -1.601286738e+02 -1.6589e+00 +6.8989e-02 +3.4490e-01 +2.2150e+00 -7.1315e-02 -1.8398e+00 +9.2182e-02 -6.4483e-01 -2.5438e+00 +5.7892e-01
85 +1.095134334e+01 +1.095134334e+01 -1.695886567e+02 -1.695886567e+02 -1.0551e+00 +7.1095e-01 +1.0838e+00 +1.7139e+00 +2.1887e-01 -2.5027e+00 -1.9611e-01 -7.9605e-01 -1.4642e+00 +8.2156e-01
110 +3.814075441e+00 +3.814075441e+00 -1.767259246e+02 -1.767259246e+02 -2.0667e+00 +5.4527e-01 +4.8894e-01 +2.5997e+00 +4.8496e-01 -2.8202e+00 +5.0677e-01 -6.7063e-01 -1.7161e+00 +1.4420e+00
147 +3.548456899e+00 +3.548456899e+00 -1.769915431e+02 -1.769915431e+02 -1.1503e+00 +1.1280e+00 +3.9924e-01 +2.6148e+00 -8.6205e-02 -2.7530e+00 +6.8060e-01 -1.7382e+00 -9.6690e-01 +1.1331e+00
176 +3.458820128e+00 +3.458820128e+00 -1.770811799e+02 -1.770811799e+02 -1.2562e+00 +1.9048e+00 +8.4451e-01 +2.0596e+00 +1.2378e-01 -2.5862e+00 +7.3153e-01 -2.0689e+00 -1.8192e+00 +1.3147e+00
184 +3.288756003e+00 +3.288756003e+00 -1.772512440e+02 -1.772512440e+02 -3.3000e-01 +2.2086e-01 +2.8733e-01 +1.9106e+00 -8.4015e-02 -2.7072e+00 +9.3305e-01 -1.5432e+00 -1.0995e+00 +1.2932e+00
218 +2.611287046e+00 +2.611287046e+00 -1.779287130e+02 -1.779287130e+02 -1.1193e+00 -9.7708e-01 -7.4121e-02 +1.8216e+00 +5.3320e-02 -2.7302e+00 +8.7301e-01 -1.6217e+00 -2.2654e+00 +1.6214e+00
270 +2.387934680e+00 +2.387934680e+00 -1.781520653e+02 -1.781520653e+02 -1.0124e+00 -7.6447e-01 +3.9046e-02 +1.8738e+00 -1.0166e-01 -2.5146e+00 +7.6892e-01 -1.6655e+00 -1.8979e+00 +9.9762e-01
492 +2.266159241e+00 +2.266159241e+00 -1.782738408e+02 -1.782738408e+02 -1.0999e+00 -1.6641e+00 -2.1576e-01 +2.6609e+00 +2.2538e-01 -2.6260e+00 +7.7435e-01 -9.3020e-01 -1.9495e+00 +1.5183e+00
504 +1.994959949e+00 +1.994959949e+00 -1.785450401e+02 -1.785450401e+02 -1.0789e+00 -1.6899e+00 -2.2795e-01 +2.6500e+00 +2.0288e-01 -2.6093e+00 +7.2379e-01 -9.3433e-01 -1.9906e+00 +1.5205e+00
596 +1.913555819e+00 +1.913555819e+00 -1.786264442e+02 -1.786264442e+02 -1.0088e+00 -1.6622e+00 -2.8195e-01 +2.6138e+00 +2.2805e-01 -2.7072e+00 +7.0152e-01 -9.5416e-01 -1.9639e+00 +1.4581e+00
600 +1.876372544e+00 +1.876372544e+00 -1.786636275e+02 -1.786636275e+02 -1.0144e+00 -1.6743e+00 -2.6906e-01 +2.5797e+00 +2.4867e-01 -2.6763e+00 +7.5388e-01 -9.7773e-01 -1.9938e+00 +1.4398e+00
606 +1.797168513e+00 +1.797168513e+00 -1.787428315e+02 -1.787428315e+02 -1.0274e+00 -1.6769e+00 -2.5566e-01 +2.5782e+00 +2.1242e-01 -2.6830e+00 +7.1867e-01 -9.9648e-01 -2.0013e+00 +1.4561e+00
755 +1.778134923e+00 +1.778134923e+00 -1.787618651e+02 -1.787618651e+02 -1.0606e+00 -1.6899e+00 -2.0145e-01 +2.5860e+00 +2.1223e-01 -2.6760e+00 +6.9618e-01 -9.8116e-01 -1.9865e+00 +1.4451e+00
920 +1.732483864e+00 +1.732483864e+00 -1.788075161e+02 -1.788075161e+02 -1.0090e+00 -1.6747e+00 -2.1245e-01 +2.5823e+00 +1.7345e-01 -2.6684e+00 +7.0011e-01 -9.8146e-01 -1.9930e+00 +1.4212e+00
% function evaluation | noise-free fitness - Fopt (9.752000000000e+01) | best noise-free fitness - Fopt | measured fitness | best measured fitness | x1 | x2...
1 +1.033747614e+04 +1.033747614e+04 +1.043499614e+04 +1.043499614e+04 +0.0000e+00 +0.0000e+00 +0.0000e+00 +0.0000e+00 +0.0000e+00 +0.0000e+00 +0.0000e+00 +0.0000e+00 +0.0000e+00 +0.0000e+00
7 +6.901546366e+03 +6.901546366e+03 +6.999066366e+03 +6.999066366e+03 -8.6241e-01 -1.5297e+00 -8.6724e-01 -9.2645e-02 -1.4418e+00 -1.3932e+00 -6.3272e-01 -1.4138e-01 +1.1990e+00 +1.1267e-01
17 +3.828740753e+03 +3.828740753e+03 +3.926260753e+03 +3.926260753e+03 -7.1808e-01 +4.3651e-01 -3.9507e-01 -1.1927e+00 +8.1917e-01 +2.5464e-01 -7.1681e-01 -1.8529e+00 +1.4989e+00 +4.7595e-01
27 +1.153733011e+03 +1.153733011e+03 +1.251253011e+03 +1.251253011e+03 -5.1856e-01 +2.9719e-03 +2.2200e-01 -1.4282e+00 +1.5509e+00 -2.3033e-01 +6.9789e-01 -3.3601e-01 +1.4323e+00 +6.0015e-01
34 +5.716540257e+02 +5.716540257e+02 +6.691740257e+02 +6.691740257e+02 -9.0156e-01 +6.0341e-01 -4.0272e-01 -1.0881e+00 +2.6771e-01 -7.6689e-01 +5.0048e-02 -4.1534e-01 +1.0534e+00 +1.7480e+00
46 +2.255200203e+02 +2.255200203e+02 +3.230400203e+02 +3.230400203e+02 -1.6918e+00 +1.0471e+00 +4.4944e-01 -6.8648e-01 +2.1880e-01 -1.3355e+00 +1.9126e-01 -9.9329e-01 +1.1555e+00 +2.6595e+00
50 +2.113920651e+02 +2.113920651e+02 +3.089120651e+02 +3.089120651e+02 -4.3737e-01 +2.5919e-01 -1.8357e-01 -9.0784e-01 -2.0064e-01 -1.0551e+00 +2.6786e-01 -1.0350e+00 +1.0246e+00 +1.5735e+00
58 +3.407999246e+01 +3.407999246e+01 +1.315999925e+02 +1.315999925e+02 -1.0161e-01 +7.8470e-01 -7.4514e-01 -8.7682e-01 +1.5523e-01 -4.4718e-01 +6.0758e-01 -8.4960e-01 +2.1836e+00 +1.5348e+00
62 +1.079727844e+01 +1.079727844e+01 +1.083172784e+02 +1.083172784e+02 -9.0856e-01 +4.1939e-01 -6.6753e-01 +3.1047e-02 +1.0350e+00 +1.2742e-01 +1.3303e+00 -9.9747e-01 +1.8907e+00 +1.3331e+00
66 +4.835280712e+00 +4.835280712e+00 +1.023552807e+02 +1.023552807e+02 +2.5820e-02 -6.0656e-02 -1.5614e+00 -6.4227e-01 +1.0288e+00 -6.3294e-01 +1.0253e+00 -1.1492e+00 +2.3427e+00 +1.7562e+00
86 +4.226346969e+00 +4.226346969e+00 +1.017463470e+02 +1.017463470e+02 -1.0856e-02 -1.7800e-02 -2.3543e+00 -6.6368e-01 +1.2736e+00 -1.1402e+00 +1.3170e+00 -1.0467e+00 +2.3108e+00 +1.7080e+00
89 +3.523774832e+00 +3.523774832e+00 +1.010437748e+02 +1.010437748e+02 +4.3042e-01 +5.1904e-01 -2.2065e+00 +6.2759e-02 +1.8187e+00 -2.7479e-01 +6.0308e-01 -9.5892e-01 +2.4297e+00 +2.0612e+00
191 +3.422922926e+00 +3.422922926e+00 +1.009429229e+02 +1.009429229e+02 +1.3487e+00 +5.5994e-01 -2.5917e+00 -5.9357e-01 +1.7139e+00 -1.9744e-01 +1.9750e+00 -2.4863e-01 +1.6624e+00 +2.1454e+00
234 +2.768857382e+00 +2.768857382e+00 +1.002888574e+02 +1.002888574e+02 +1.2709e+00 +1.4163e+00 -2.1649e+00 -5.3505e-01 +1.6254e+00 -2.3143e-01 +2.5539e+00 -8.6735e-01 +1.2103e+00 +1.9897e+00
291 +2.721018720e+00 +2.721018720e+00 +1.002410187e+02 +1.002410187e+02 +1.2035e+00 +9.9395e-01 -2.4228e+00 -3.5727e-01 +1.1417e+00 -5.0790e-01 +2.4032e+00 -6.1381e-01 +1.8077e+00 +1.8117e+00
308 +2.525502697e+00 +2.525502697e+00 +1.000455027e+02 +1.000455027e+02 +1.0306e+00 +7.8767e-01 -2.4093e+00 -5.1188e-01 +1.0254e+00 -3.8255e-01 +2.5050e+00 -7.9299e-01 +1.8022e+00 +1.8369e+00
314 +2.046051631e+00 +2.046051631e+00 +9.956605163e+01 +9.956605163e+01 +1.0253e+00 +7.8071e-01 -2.4257e+00 -4.6572e-01 +1.1169e+00 -4.4377e-01 +2.5108e+00 -8.6870e-01 +2.0740e+00 +1.8115e+00
471 +1.904429606e+00 +1.904429606e+00 +9.942442961e+01 +9.942442961e+01 +9.6281e-01 +8.3891e-01 -2.3871e+00 -4.2644e-01 +1.1171e+00 -4.7857e-01 +2.5334e+00 -8.7040e-01 +2.0240e+00 +1.7801e+00
605 +1.860902970e+00 +1.860902970e+00 +9.938090297e+01 +9.938090297e+01 +9.8740e-01 +8.1595e-01 -2.4267e+00 -4.2952e-01 +1.0745e+00 -4.6778e-01 +2.5259e+00 -8.8374e-01 +2.0231e+00 +1.7845e+00
% function evaluation | noise-free fitness - Fopt (1.241000000000e+01) | best noise-free fitness - Fopt | measured fitness | best measured fitness | x1 | x2...
1 +1.033747614e+04 +1.033747614e+04 +1.034988614e+04 +1.034988614e+04 +0.0000e+00 +0.0000e+00 +0.0000e+00 +0.0000e+00 +0.0000e+00 +0.0000e+00 +0.0000e+00 +0.0000e+00 +0.0000e+00 +0.0000e+00
3 +8.489015359e+03 +8.489015359e+03 +8.501425359e+03 +8.501425359e+03 +1.6020e-01 -1.5335e-01 -3.5145e+00 -7.4442e-01 -1.6905e+00 -6.6933e-01 -2.9352e-01 -7.1738e-01 +4.4347e-01 -2.4107e-01
6 +5.902337681e+03 +5.902337681e+03 +5.914747681e+03 +5.914747681e+03 +8.1377e-02 +7.3290e-02 +4.6299e-01 -1.0225e+00 -1.1077e+00 -1.2384e+00 -1.1905e+00 +5.8866e-01 +4.8621e-01 -3.6354e-01
12 +5.545109672e+03 +5.545109672e+03 +5.557519672e+03 +5.557519672e+03 -1.7225e-01 -8.5655e-02 +2.4449e-01 -6.3387e-01 -1.0009e+00 -3.2311e+00 -1.1049e+00 +9.6201e-01 +1.4252e+00 -1.7098e+00
15 +4.461098354e+03 +4.461098354e+03 +4.473508354e+03 +4.473508354e+03 -2.4300e-02 +4.7914e-01 +1.7991e+00 -1.6982e+00 -1.2717e+00 -2.7988e+00 -2.8849e+00 +1.0454e+00 +2.3632e+00 -1.0628e+00
17 +1.050291558e+03 +1.050291558e+03 +1.062701558e+03 +1.062701558e+03 +2.6307e-01 -6.8733e-01 -1.3592e+00 -3.3408e-01 -1.2663e+00 -1.6885e+00 -7.9969e-02 -9.0777e-02 +1.1975e+00 -1.1956e+00
26 +8.406352555e+02 +8.406352555e+02 +8.530452555e+02 +8.530452555e+02 +8.8541e-01 -1.9116e+00 -1.4622e+00 -1.0998e-01 -2.8365e+00 -2.2744e+00 -7.9441e-01 +2.7703e-02 +1.4443e+00 -1.1331e+00
64 +5.511418883e+02 +5.511418883e+02 +5.635518883e+02 +5.635518883e+02 +4.2856e-01 -2.2793e+00 -1.6923e+00 -6.2331e-01 -1.7817e+00 -1.0572e+00 +1.5335e-01 -1.1393e+00 +1.0483e+00 -1.8094e+00
71 +5.013899845e+02 +5.013899845e+02 +5.137999845e+02 +5.137999845e+02 -2.8785e-01 -1.0995e+00 -7.4311e-01 +1.5047e-01 -1.4129e+00 -2.6177e+00 +4.7421e-01 -5.2207e-01 +1.9643e+00 -1.6899e+00
80 +3.508136205e+02 +3.508136205e+02 +3.632236205e+02 +3.632236205e+02 +8.3005e-02 -5.8361e-01 +9.3768e-01 +6.8649e-01 -1.0457e+00 -2.9257e+00 +5.1485e-01 -7.6553e-01 +1.9279e+00 -2.2343e+00
89 +2.588356672e+02 +2.588356672e+02 +2.712456672e+02 +2.712456672e+02 +2.9255e-01 -4.5034e-01 +6.8238e-01 +1.7897e+00 -1.4870e+00 -2.7959e+00 +4.3786e-01 -1.5205e+00 +1.2739e+00 -2.2159e+00
95 +2.501257093e+02 +2.501257093e+02 +2.625357093e+02 +2.625357093e+02 +4.3147e-01 -5.4958e-01 +1.1249e+00 +1.8289e+00 -6.7688e-01 -2.1467e+00 +4.0243e-01 -2.9392e+00 +1.1075e+00 -2.0204e+00
99 +1.262688624e+02 +1.262688624e+02 +1.386788624e+02 +1.386788624e+02 -1.8146e-01 -6.8848e-01 -5.7467e-02 -5.6125e-02 -1.8435e+00 -2.3612e+00 +3.5273e-01 -1.6485e+00 +1.3051e+00 -2.0687e+00
100 +4.032367176e+01 +4.032367176e+01 +5.273367176e+01 +5.273367176e+01 -6.3889e-01 -8.6423e-01 +8.6143e-01 +1.8738e+00 -6.3859e-01 -2.5429e+00 +2.8273e-01 -1.6384e+00 +1.6971e+00 -1.4812e+00
106 +3.253235445e+01 +3.253235445e+01 +4.494235445e+01 +4.494235445e+01 -6.2748e-01 -1.9049e+00 +2.1672e-01 +2.5401e+00 -1.2636e+00 -2.6611e+00 +2.2610e-02 -1.4119e+00 +1.9252e+00 -7.7317e-01
110 +3.987737226e+00 +3.987737226e+00 +1.639773723e+01 +1.639773723e+01 -1.6176e+00 -7.3827e-01 +1.3774e+00 +2.3905e+00 -8.7418e-01 -2.1130e+00 -4.4729e-01 -2.3809e+00 +1.6392e+00 -1.3144e+00
113 +3.977120833e+00 +3.977120833e+00 +1.638712083e+01 +1.638712083e+01 -1.7951e+00 -1.5752e+00 +8.6019e-01 +1.6246e+00 -6.6720e-01 -1.3622e+00 -3.5800e-01 -2.0791e+00 +2.0094e+00 -1.0074e+00
116 +3.696648257e+00 +3.696648257e+00 +1.610664826e+01 +1.610664826e+01 -3.6416e-01 -1.3297e+00 +8.5958e-01 +1.2344e+00 -4.5503e-01 -2.5978e+00 -1.4949e+00 -1.1701e+00 +1.8040e+00 -1.0959e+00
133 +3.622774218e+00 +3.622774218e+00 +1.603277422e+01 +1.603277422e+01 +3.2440e-02 -1.6278e+00 +7.1824e-01 +1.8060e+00 -1.0816e-01 -1.2217e+00 -1.2569e+00 -1.3591e+00 +1.2909e+00 -1.8850e+00
161 +3.541399277e+00 +3.541399277e+00 +1.595139928e+01 +1.595139928e+01 -5.4459e-01 -5.1070e-01 +3.7703e-01 +1.2880e+00 -2.0619e+00 -2.0151e+00 -2.0253e+00 -1.4345e+00 +1.9170e+00 -1.5958e+00
197 +3.175226414e+00 +3.175226414e+00 +1.558522641e+01 +1.558522641e+01 -2.1207e+00 -8.1037e-01 +6.5356e-01 +2.2380e+00 -1.7887e+00 -2.1794e+00 -1.0169e+00 -2.2457e+00 +2.0478e+00 -1.8151e+00
207 +2.971087422e+00 +2.971087422e+00 +1.538108742e+01 +1.538108742e+01 -1.9117e+00 -1.2684e+00 +1.3800e+00 +2.2759e+00 -1.5649e+00 -1.9295e+00 -3.5430e-01 -2.1132e+00 +2.0746e+00 -1.4277e+00
231 +2.571862466e+00 +2.571862466e+00 +1.498186247e+01 +1.498186247e+01 -2.0001e+00 -2.1968e+00 +1.2719e+00 +2.3072e+00 -1.0086e+00 -2.1908e+00 -9.8072e-01 -1.9641e+00 +1.8200e+00 -1.8850e+00
242 +2.422940675e+00 +2.422940675e+00 +1.483294068e+01 +1.483294068e+01 -2.2734e+00 -1.8562e+00 +5.0624e-01 +2.4266e+00 -8.3382e-01 -2.3377e+00 -9.8098e-01 -1.6747e+00 +2.2103e+00 -2.0092e+00
491 +2.144102057e+00 +2.144102057e+00 +1.455410206e+01 +1.455410206e+01 -1.9738e+00 -1.0663e+00 +1.9993e-01 +1.6119e+00 -1.5409e+00 -2.2042e+00 -7.6616e-01 -9.4272e-01 +2.3352e+00 -2.0776e+00
581 +1.523508119e+00 +1.523508119e+00 +1.393350812e+01 +1.393350812e+01 -2.2234e+00 -9.9384e-01 +2.6720e-01 +7.2298e-01 -2.4810e+00 -1.9488e+00 -1.6180e+00 -1.7673e+00 +2.2085e+00 -2.0784e+00
640 +1.499141419e+00 +1.499141419e+00 +1.390914142e+01 +1.390914142e+01 -2.0297e+00 -1.3400e+00 -4.9382e-01 +3.6882e-01 -2.6199e+00 -1.9242e+00 -2.0132e+00 -6.7172e-01 +2.4070e+00 -2.0011e+00
642 +1.457792711e+00 +1.457792711e+00 +1.386779271e+01 +1.386779271e+01 -1.9238e+00 -1.3611e+00 -5.0850e-01 +1.0033e-01 -2.6810e+00 -1.9524e+00 -2.0945e+00 -6.7743e-01 +2.4723e+00 -2.0378e+00
786 +1.390932788e+00 +1.390932788e+00 +1.380093279e+01 +1.380093279e+01 -1.9779e+00 -1.2905e+00 -5.4881e-01 +3.2533e-01 -2.5901e+00 -2.0040e+00 -2.1261e+00 -7.7631e-01 +2.3688e+00 -2.0373e+00
797 +1.307144470e+00 +1.307144470e+00 +1.371714447e+01 +1.371714447e+01 -2.0311e+00 -1.2027e+00 -5.6222e-01 +3.0824e-01 -2.5656e+00 -1.9475e+00 -2.2373e+00 -6.9035e-01 +2.3887e+00 -2.0274e+00
801 +1.241626198e+00 +1.241626198e+00 +1.365162620e+01 +1.365162620e+01 -1.9825e+00 -1.2921e+00 -4.9617e-01 +2.5658e-01 -2.5814e+00 -2.0310e+00 -2.1382e+00 -8.8669e-01 +2.3653e+00 -2.0397e+00
803 +1.224292655e+00 +1.224292655e+00 +1.363429266e+01 +1.363429266e+01 -2.0071e+00 -1.3477e+00 -4.9859e-01 +1.8903e-01 -2.6001e+00 -1.9965e+00 -2.1554e+00 -9.1477e-01 +2.3855e+00 -2.0412e+00
818 +1.166129020e+00 +1.166129020e+00 +1.357612902e+01 +1.357612902e+01 -2.0123e+00 -1.3187e+00 -4.5019e-01 +2.1664e-01 -2.5348e+00 -1.9877e+00 -2.1262e+00 -9.2668e-01 +2.4090e+00 -2.0625e+00
827 +1.145626909e+00 +1.145626909e+00 +1.355562691e+01 +1.355562691e+01 -2.0165e+00 -1.3378e+00 -4.7183e-01 +2.2077e-01 -2.5161e+00 -2.0091e+00 -2.1296e+00 -9.7130e-01 +2.4004e+00 -2.0717e+00
869 +1.082160592e+00 +1.082160592e+00 +1.349216059e+01 +1.349216059e+01 -1.9612e+00 -1.3128e+00 -5.1497e-01 +2.8799e-01 -2.5142e+00 -1.9758e+00 -2.1597e+00 -9.3729e-01 +2.3686e+00 -2.0337e+00
882 +9.957144453e-01 +9.957144453e-01 +1.340571445e+01 +1.340571445e+01 -1.9673e+00 -1.2620e+00 -5.3230e-01 +3.2072e-01 -2.4946e+00 -2.0250e+00 -2.1419e+00 -9.4814e-01 +2.3922e+00 -2.0250e+00
896 +9.482323681e-01 +9.482323681e-01 +1.335823237e+01 +1.335823237e+01 -1.9639e+00 -1.2552e+00 -5.3626e-01 +3.4220e-01 -2.5222e+00 -1.9990e+00 -2.1467e+00 -9.6024e-01 +2.3934e+00 -2.0244e+00
984 +9.310400913e-01 +9.310400913e-01 +1.334104009e+01 +1.334104009e+01 -1.9595e+00 -1.1895e+00 -4.8711e-01 +2.9621e-01 -2.5059e+00 -1.9926e+00 -2.1427e+00 -9.4755e-01 +2.4003e+00 -2.0284e+00
1006 +8.874241057e-01 +8.874241057e-01 +1.329742411e+01 +1.329742411e+01 -1.9785e+00 -1.1867e+00 -4.9593e-01 +3.1133e-01 -2.5075e+00 -1.9971e+00 -2.1333e+00 -9.9514e-01 +2.3993e+00 -2.0380e+00
1052 +8.704215392e-01 +8.704215392e-01 +1.328042154e+01 +1.328042154e+01 -1.9839e+00 -1.2208e+00 -5.2421e-01 +3.2199e-01 -2.5307e+00 -1.9927e+00 -2.1393e+00 -9.7162e-01 +2.3933e+00 -2.0348e+00
1092 +8.390411776e-01 +8.390411776e-01 +1.324904118e+01 +1.324904118e+01 -2.0141e+00 -1.2197e+00 -4.8531e-01 +3.1402e-01 -2.5250e+00 -2.0023e+00 -2.1531e+00 -9.8515e-01 +2.3885e+00 -2.0311e+00
1120 +8.271104787e-01 +8.271104787e-01 +1.323711048e+01 +1.323711048e+01 -2.0276e+00 -1.2275e+00 -4.8091e-01 +2.9513e-01 -2.5366e+00 -1.9880e+00 -2.1378e+00 -9.9531e-01 +2.3724e+00 -2.0260e+00
1132 +8.126428007e-01 +8.126428007e-01 +1.322264280e+01 +1.322264280e+01 -2.0268e+00 -1.2217e+00 -4.7295e-01 +2.7556e-01 -2.5559e+00 -1.9885e+00 -2.1306e+00 -9.8948e-01 +2.3681e+00 -2.0332e+00
1165 +7.905350406e-01 +7.905350406e-01 +1.320053504e+01 +1.320053504e+01 -2.0304e+00 -1.2013e+00 -4.7590e-01 +2.7835e-01 -2.5507e+00 -1.9880e+00 -2.1259e+00 -9.9064e-01 +2.3825e+00 -2.0368e+00
1229 +7.753620176e-01 +7.753620176e-01 +1.318536202e+01 +1.318536202e+01 -2.0554e+00 -1.1911e+00 -4.6041e-01 +2.6669e-01 -2.5731e+00 -1.9839e+00 -2.1247e+00 -9.8287e-01 +2.3823e+00 -2.0348e+00
1346 +7.567264193e-01 +7.567264193e-01 +1.316672642e+01 +1.316672642e+01 -2.0818e+00 -1.1594e+00 -4.6054e-01 +2.7340e-01 -2.5736e+00 -1.9891e+00 -2.1344e+00 -9.8414e-01 +2.3794e+00 -2.0375e+00
% function evaluation | noise-free fitness - Fopt (1.090700000000e+02) | best noise-free fitness - Fopt | measured fitness | best measured fitness | x1 | x2...
1 +1.033747614e+04 +1.033747614e+04 +1.044654614e+04 +1.044654614e+04 +0.0000e+00 +0.0000e+00 +0.0000e+00 +0.0000e+00 +0.0000e+00 +0.0000e+00 +0.0000e+00 +0.0000e+00 +0.0000e+00 +0.0000e+00
4 +9.519225778e+03 +9.519225778e+03 +9.628295778e+03 +9.628295778e+03 +5.2524e-01 -9.6647e-01 -6.8988e-01 -6.6044e-01 -1.0401e+00 +2.1766e+00 +5.0849e-01 -1.0034e+00 -5.8315e-01 +5.2455e-01
7 +1.330876963e+03 +1.330876963e+03 +1.439946963e+03 +1.439946963e+03 -7.9005e-01 -3.3203e-01 -1.5152e+00 +1.4504e+00 +1.7785e+00 +9.3651e-01 -1.2385e+00 -1.6568e+00 -9.2681e-02 +1.5813e+00
13 +9.881981887e+02 +9.881981887e+02 +1.097268189e+03 +1.097268189e+03 -9.2415e-01 +1.4460e+00 -1.1097e+00 +5.8251e-01 +1.1817e+00 +2.2532e+00 -2.2224e+00 -1.6312e+00 +4.4545e-03 +1.2203e+00
19 +1.980426616e+02 +1.980426616e+02 +3.071126616e+02 +3.071126616e+02 -1.1111e-01 +1.5896e-01 -9.2668e-01 -6.6826e-01 +1.6485e+00 +6.3047e-01 -1.3038e+00 -1.3586e+00 +3.8654e-01 +2.2772e+00
84 +1.981679104e+01 +1.981679104e+01 +1.288867910e+02 +1.288867910e+02 +5.9813e-01 -1.3431e+00 -1.6665e+00 -1.0388e+00 +2.2644e+00 +1.8663e+00 -1.4622e+00 -3.5181e-01 +1.9715e+00 +1.4444e+00
95 +4.750767661e+00 +4.750767661e+00 +1.138207677e+02 +1.138207677e+02 +2.4545e-01 -1.3893e+00 -2.7079e+00 -2.8446e-01 +2.6382e+00 +1.7398e+00 -4.9193e-01 -8.6965e-01 +8.4480e-01 +1.3920e+00
105 +4.248343538e+00 +4.248343538e+00 +1.133183435e+02 +1.133183435e+02 -8.4731e-02 -1.0593e+00 -2.2078e+00 +8.4477e-01 +1.5121e+00 +1.6746e+00 -4.7648e-01 -9.1158e-01 +1.2349e+00 +2.2462e+00
110 +3.407117458e+00 +3.407117458e+00 +1.124771175e+02 +1.124771175e+02 -3.8839e-01 -8.9542e-01 -2.6143e+00 +1.1466e-01 +2.8103e+00 +1.2261e+00 -6.9962e-01 -1.0297e+00 +1.3202e+00 +1.1448e+00
130 +3.248024034e+00 +3.248024034e+00 +1.123180240e+02 +1.123180240e+02 -9.1108e-01 -7.6958e-01 -2.0661e+00 -9.2104e-01 +2.0765e+00 +1.9189e+00 -4.2978e-01 -1.3606e+00 +1.2133e+00 +2.2962e+00
148 +2.900126325e+00 +2.900126325e+00 +1.119701263e+02 +1.119701263e+02 -9.4980e-01 -2.2210e-01 -2.7621e+00 -6.4057e-01 +2.0657e+00 +8.2483e-01 -2.8453e-01 -1.1361e+00 +1.0819e+00 +1.5698e+00
270 +2.530401114e+00 +2.530401114e+00 +1.116004011e+02 +1.116004011e+02 -7.6684e-01 -1.4335e-01 -2.5582e+00 -3.5955e-01 +2.0042e+00 +2.0777e+00 -3.9371e-01 -1.1245e+00 +9.5436e-01 +1.2585e+00
474 +2.132695288e+00 +2.132695288e+00 +1.112026953e+02 +1.112026953e+02 -8.5786e-01 +2.7638e-03 -2.6676e+00 -4.7933e-01 +1.6764e+00 +2.2268e+00 -8.8381e-01 -9.2422e-01 +1.4635e+00 +1.1152e+00
555 +2.056107980e+00 +2.056107980e+00 +1.111261080e+02 +1.111261080e+02 -1.0017e+00 +5.8917e-02 -2.5982e+00 -4.8793e-01 +1.7347e+00 +2.0901e+00 -8.9431e-01 -9.6719e-01 +1.1271e+00 +1.1986e+00
584 +1.935095951e+00 +1.935095951e+00 +1.110050960e+02 +1.110050960e+02 -1.0694e+00 -3.4545e-02 -2.5652e+00 -4.0981e-01 +1.6729e+00 +2.1937e+00 -9.7195e-01 -9.0252e-01 +1.0998e+00 +1.2020e+00
656 +1.773822502e+00 +1.773822502e+00 +1.108438225e+02 +1.108438225e+02 -1.0030e+00 -4.7494e-02 -2.6046e+00 -4.9823e-01 +1.7143e+00 +2.1909e+00 -8.3315e-01 -9.6727e-01 +1.1357e+00 +1.2115e+00
700 +1.724865084e+00 +1.724865084e+00 +1.107948651e+02 +1.107948651e+02 -1.0324e+00 -8.5711e-02 -2.6281e+00 -4.7304e-01 +1.6938e+00 +2.2218e+00 -8.1195e-01 -9.2595e-01 +1.1112e+00 +1.1863e+00
749 +1.694406401e+00 +1.694406401e+00 +1.107644064e+02 +1.107644064e+02 -1.0253e+00 -2.2949e-02 -2.6165e+00 -4.7353e-01 +1.7192e+00 +2.1948e+00 -8.3777e-01 -9.6785e-01 +1.0975e+00 +1.2094e+00
826 +1.658773822e+00 +1.658773822e+00 +1.107287738e+02 +1.107287738e+02 -1.0029e+00 -4.0357e-02 -2.6197e+00 -4.8300e-01 +1.6802e+00 +2.2184e+00 -8.0397e-01 -9.4044e-01 +1.0955e+00 +1.2029e+00
