% function evaluation | noise-free fitness - Fopt (-5.465000000000e+02) | best noise-free fitness - Fopt | measured fitness | best measured fitness | x1 | x2...
1 +3.449670211e+04 +3.449670211e+04 +3.395020211e+04 +3.395020211e+04
4 +2.332951116e+04 +2.332951116e+04 +2.278301116e+04 +2.278301116e+04
22 +2.141898257e+04 +2.141898257e+04 +2.087248257e+04 +2.087248257e+04
52 +1.122918035e+04 +1.122918035e+04 +1.068268035e+04 +1.068268035e+04
71 +5.637567149e+03 +5.637567149e+03 +5.091067149e+03 +5.091067149e+03
322 +5.588156137e+03 +5.588156137e+03 +5.041656137e+03 +5.041656137e+03
333 +4.319690230e+03 +4.319690230e+03 +3.773190230e+03 +3.773190230e+03
344 +3.538235026e+03 +3.538235026e+03 +2.991735026e+03 +2.991735026e+03
347 +1.964371810e+03 +1.964371810e+03 +1.417871810e+03 +1.417871810e+03
354 +1.719585125e+03 +1.719585125e+03 +1.173085125e+03 +1.173085125e+03
373 +1.046545706e+03 +1.046545706e+03 +5.000457059e+02 +5.000457059e+02
391 +4.232315584e+02 +4.232315584e+02 -1.232684416e+02 -1.232684416e+02
395 +2.946017507e+02 +2.946017507e+02 -2.518982493e+02 -2.518982493e+02
460 +2.645503981e+02 +2.645503981e+02 -2.819496019e+02 -2.819496019e+02
476 +1.654755682e+02 +1.654755682e+02 -3.810244318e+02 -3.810244318e+02
489 +5.822066866e+01 +5.822066866e+01 -4.882793313e+02 -4.882793313e+02
516 +5.014997393e+01 +5.014997393e+01 -4.963500261e+02 -4.963500261e+02
546 +3.618525677e+01 +3.618525677e+01 -5.103147432e+02 -5.103147432e+02
570 +3.197948099e+01 +3.197948099e+01 -5.145205190e+02 -5.145205190e+02
574 +1.936078696e+01 +1.936078696e+01 -5.271392130e+02 -5.271392130e+02
580 +1.283559896e+01 +1.283559896e+01 -5.336644010e+02 -5.336644010e+02
597 +9.577029517e+00 +9.577029517e+00 -5.369229705e+02 -5.369229705e+02
602 +4.606602209e+00 +4.606602209e+00 -5.418933978e+02 -5.418933978e+02
612 +4.196292471e+00 +4.196292471e+00 -5.423037075e+02 -5.423037075e+02
652 +4.071205670e+00 +4.071205670e+00 -5.424287943e+02 -5.424287943e+02
705 +3.868868689e+00 +3.868868689e+00 -5.426311313e+02 -5.426311313e+02
740 +3.683860595e+00 +3.683860595e+00 -5.428161394e+02 -5.428161394e+02
1120 +3.621648982e+00 +3.621648982e+00 -5.428783510e+02 -5.428783510e+02
1121 +3.384948406e+00 +3.384948406e+00 -5.431150516e+02 -5.431150516e+02
1143 +3.307916909e+00 +3.307916909e+00 -5.431920831e+02 -5.431920831e+02
1507 +3.168030233e+00 +3.168030233e+00 -5.433319698e+02 -5.433319698e+02
1516 +3.136149368e+00 +3.136149368e+00 -5.433638506e+02 -5.433638506e+02
1586 +3.054356989e+00 +3.054356989e+00 -5.434456430e+02 -5.434456430e+02
1596 +2.940501860e+00 +2.940501860e+00 -5.435594981e+02 -5.435594981e+02
1602 +2.863654770e+00 +2.863654770e+00 -5.436363452e+02 -5.436363452e+02
1618 +2.811211570e+00 +2.811211570e+00 -5.436887884e+02 -5.436887884e+02
1855 +2.753168804e+00 +2.753168804e+00 -5.437468312e+02 -5.437468312e+02
2108 +2.631753496e+00 +2.631753496e+00 -5.438682465e+02 -5.438682465e+02
2112 +2.569756231e+00 +2.569756231e+00 -5.439302438e+02 -5.439302438e+02
2181 +2.477833721e+00 +2.477833721e+00 -5.440221663e+02 -5.440221663e+02
2259 +2.450818274e+00 +2.450818274e+00 -5.440491817e+02 -5.440491817e+02
2272 +2.379815913e+00 +2.379815913e+00 -5.441201841e+02 -5.441201841e+02
2339 +2.325973289e+00 +2.325973289e+00 -5.441740267e+02 -5.441740267e+02
2359 +2.240462966e+00 +2.240462966e+00 -5.442595370e+02 -5.442595370e+02
2548 +2.230025920e+00 +2.230025920e+00 -5.442699741e+02 -5.442699741e+02
2612 +2.168242694e+00 +2.168242694e+00 -5.443317573e+02 -5.443317573e+02
2655 +2.137313306e+00 +2.137313306e+00 -5.443626867e+02 -5.443626867e+02
2735 +2.088690227e+00 +2.088690227e+00 -5.444113098e+02 -5.444113098e+02
2918 +2.038441396e+00 +2.038441396e+00 -5.444615586e+02 -5.444615586e+02
3219 +1.994383991e+00 +1.994383991e+00 -5.445056160e+02 -5.445056160e+02
3592 +1.948083746e+00 +1.948083746e+00 -5.445519163e+02 -5.445519163e+02
4113 +1.902114489e+00 +1.902114489e+00 -5.445978855e+02 -5.445978855e+02
5232 +1.861249883e+00 +1.861249883e+00 -5.446387501e+02 -5.446387501e+02
% function evaluation | noise-free fitness - Fopt (1.000000000000e+03) | best noise-free fitness - Fopt | measured fitness | best measured fitness | x1 | x2...
1 +3.449670211e+04 +3.449670211e+04 +3.549670211e+04 +3.549670211e+04
13 +2.431196599e+04 +2.431196599e+04 +2.531196599e+04 +2.531196599e+04
49 +2.281051120e+04 +2.281051120e+04 +2.381051120e+04 +2.381051120e+04
55 +2.222046943e+04 +2.222046943e+04 +2.322046943e+04 +2.322046943e+04
65 +9.966384034e+03 +9.966384034e+03 +1.096638403e+04 +1.096638403e+04
215 +6.731019723e+03 +6.731019723e+03 +7.731019723e+03 +7.731019723e+03
231 +4.448463435e+03 +4.448463435e+03 +5.448463435e+03 +5.448463435e+03
262 +4.224394495e+03 +4.224394495e+03 +5.224394495e+03 +5.224394495e+03
297 +1.891433339e+03 +1.891433339e+03 +2.891433339e+03 +2.891433339e+03
324 +1.757411863e+03 +1.757411863e+03 +2.757411863e+03 +2.757411863e+03
326 +7.527830473e+02 +7.527830473e+02 +1.752783047e+03 +1.752783047e+03
477 +4.072433259e+02 +4.072433259e+02 +1.407243326e+03 +1.407243326e+03
482 +3.116530632e+02 +3.116530632e+02 +1.311653063e+03 +1.311653063e+03
495 +2.455203026e+02 +2.455203026e+02 +1.245520303e+03 +1.245520303e+03
499 +2.891170046e+01 +2.891170046e+01 +1.028911700e+03 +1.028911700e+03
509 +1.912750048e+01 +1.912750048e+01 +1.019127500e+03 +1.019127500e+03
531 +9.651918719e+00 +9.651918719e+00 +1.009651919e+03 +1.009651919e+03
544 +7.766782216e+00 +7.766782216e+00 +1.007766782e+03 +1.007766782e+03
564 +3.898330512e+00 +3.898330512e+00 +1.003898331e+03 +1.003898331e+03
722 +3.874609540e+00 +3.874609540e+00 +1.003874610e+03 +1.003874610e+03
1076 +3.795950304e+00 +3.795950304e+00 +1.003795950e+03 +1.003795950e+03
1081 +3.707839937e+00 +3.707839937e+00 +1.003707840e+03 +1.003707840e+03
1237 +3.618535315e+00 +3.618535315e+00 +1.003618535e+03 +1.003618535e+03
1240 +3.522345466e+00 +3.522345466e+00 +1.003522345e+03 +1.003522345e+03
1337 +3.370652831e+00 +3.370652831e+00 +1.003370653e+03 +1.003370653e+03
1408 +3.244030874e+00 +3.244030874e+00 +1.003244031e+03 +1.003244031e+03
1459 +3.198741282e+00 +3.198741282e+00 +1.003198741e+03 +1.003198741e+03
1477 +3.154997761e+00 +3.154997761e+00 +1.003154998e+03 +1.003154998e+03
1527 +3.066817947e+00 +3.066817947e+00 +1.003066818e+03 +1.003066818e+03
1557 +3.010101674e+00 +3.010101674e+00 +1.003010102e+03 +1.003010102e+03
1558 +2.746638683e+00 +2.746638683e+00 +1.002746639e+03 +1.002746639e+03
1620 +2.631366874e+00 +2.631366874e+00 +1.002631367e+03 +1.002631367e+03
1726 +2.615113082e+00 +2.615113082e+00 +1.002615113e+03 +1.002615113e+03
1793 +2.531289480e+00 +2.531289480e+00 +1.002531289e+03 +1.002531289e+03
1968 +2.473045735e+00 +2.473045735e+00 +1.002473046e+03 +1.002473046e+03
1990 +2.434701499e+00 +2.434701499e+00 +1.002434701e+03 +1.002434701e+03
2028 +2.391640438e+00 +2.391640438e+00 +1.002391640e+03 +1.002391640e+03
2053 +2.321183304e+00 +2.321183304e+00 +1.002321183e+03 +1.002321183e+03
2054 +2.286846932e+00 +2.286846932e+00 +1.002286847e+03 +1.002286847e+03
2092 +2.227228248e+00 +2.227228248e+00 +1.002227228e+03 +1.002227228e+03
2170 +2.171111311e+00 +2.171111311e+00 +1.002171111e+03 +1.002171111e+03
2244 +2.135396973e+00 +2.135396973e+00 +1.002135397e+03 +1.002135397e+03
2320 +2.085879415e+00 +2.085879415e+00 +1.002085879e+03 +1.002085879e+03
2411 +2.038529690e+00 +2.038529690e+00 +1.002038530e+03 +1.002038530e+03
2732 +1.989618472e+00 +1.989618472e+00 +1.001989618e+03 +1.001989618e+03
2785 +1.949133708e+00 +1.949133708e+00 +1.001949134e+03 +1.001949134e+03
2807 +1.904107279e+00 +1.904107279e+00 +1.001904107e+03 +1.001904107e+03
2850 +1.854964917e+00 +1.854964917e+00 +1.001854965e+03 +1.001854965e+03
2931 +1.818009110e+00 +1.818009110e+00 +1.001818009e+03 +1.001818009e+03
3274 +1.777887143e+00 +1.777887143e+00 +1.001777887e+03 +1.001777887e+03
3353 +1.736656198e+00 +1.736656198e+00 +1.001736656e+03 +1.001736656e+03
3796 +1.696555829e+00 +1.696555829e+00 +1.001696556e+03 +1.001696556e+03
4268 +1.659001365e+00 +1.659001365e+00 +1.001659001e+03 +1.001659001e+03
% function evaluation | noise-free fitness - Fopt (2.083800000000e+02) | best noise-free fitness - Fopt | measured fitness | best measured fitness | x1 | x2...
1 +3.449670211e+04 +3.449670211e+04 +3.470508211e+04 +3.470508211e+04
148 +3.326908752e+04 +3.326908752e+04 +3.347746752e+04 +3.347746752e+04
155 +3.068435791e+04 +3.068435791e+04 +3.089273791e+04 +3.089273791e+04
165 +1.900966849e+04 +1.900966849e+04 +1.921804849e+04 +1.921804849e+04
181 +1.407516427e+04 +1.407516427e+04 +1.428354427e+04 +1.428354427e+04
283 +1.209602478e+04 +1.209602478e+04 +1.230440478e+04 +1.230440478e+04
293 +1.089055925e+04 +1.089055925e+04 +1.109893925e+04 +1.109893925e+04
294 +1.069516246e+04 +1.069516246e+04 +1.090354246e+04 +1.090354246e+04
308 +7.691863610e+03 +7.691863610e+03 +7.900243610e+03 +7.900243610e+03
320 +7.389380120e+03 +7.389380120e+03 +7.597760120e+03 +7.597760120e+03
321 +7.154083288e+03 +7.154083288e+03 +7.362463288e+03 +7.362463288e+03
324 +5.984373884e+03 +5.984373884e+03 +6.192753884e+03 +6.192753884e+03
343 +5.592809377e+03 +5.592809377e+03 +5.801189377e+03 +5.801189377e+03
360 +5.447445976e+03 +5.447445976e+03 +5.655825976e+03 +5.655825976e+03
375 +4.110975472e+03 +4.110975472e+03 +4.319355472e+03 +4.319355472e+03
410 +2.877276393e+03 +2.877276393e+03 +3.085656393e+03 +3.085656393e+03
464 +1.871805605e+03 +1.871805605e+03 +2.080185605e+03 +2.080185605e+03
479 +1.720194004e+03 +1.720194004e+03 +1.928574004e+03 +1.928574004e+03
485 +1.472737225e+03 +1.472737225e+03 +1.681117225e+03 +1.681117225e+03
502 +1.379325726e+03 +1.379325726e+03 +1.587705726e+03 +1.587705726e+03
522 +1.004720790e+03 +1.004720790e+03 +1.213100790e+03 +1.213100790e+03
533 +9.569593153e+02 +9.569593153e+02 +1.165339315e+03 +1.165339315e+03
538 +8.353756077e+02 +8.353756077e+02 +1.043755608e+03 +1.043755608e+03
544 +5.947483357e+02 +5.947483357e+02 +8.031283357e+02 +8.031283357e+02
563 +4.020759299e+02 +4.020759299e+02 +6.104559299e+02 +6.104559299e+02
618 +2.565427752e+02 +2.565427752e+02 +4.649227752e+02 +4.649227752e+02
645 +2.408186521e+02 +2.408186521e+02 +4.491986521e+02 +4.491986521e+02
656 +1.089012263e+02 +1.089012263e+02 +3.172812263e+02 +3.172812263e+02
872 +4.780167598e+01 +4.780167598e+01 +2.561816760e+02 +2.561816760e+02
906 +2.806798429e+01 +2.806798429e+01 +2.364479843e+02 +2.364479843e+02
922 +4.557182459e+00 +4.557182459e+00 +2.129371825e+02 +2.129371825e+02
958 +4.112449251e+00 +4.112449251e+00 +2.124924493e+02 +2.124924493e+02
1089 +3.848523962e+00 +3.848523962e+00 +2.122285240e+02 +2.122285240e+02
1133 +3.782779164e+00 +3.782779164e+00 +2.121627792e+02 +2.121627792e+02
1150 +3.553013456e+00 +3.553013456e+00 +2.119330135e+02 +2.119330135e+02
1205 +3.442491111e+00 +3.442491111e+00 +2.118224911e+02 +2.118224911e+02
1419 +3.365489464e+00 +3.365489464e+00 +2.117454895e+02 +2.117454895e+02
1436 +3.128152155e+00 +3.128152155e+00 +2.115081522e+02 +2.115081522e+02
1448 +3.030913616e+00 +3.030913616e+00 +2.114109136e+02 +2.114109136e+02
1642 +2.848168387e+00 +2.848168387e+00 +2.112281684e+02 +2.112281684e+02
1809 +2.798926459e+00 +2.798926459e+00 +2.111789265e+02 +2.111789265e+02
1894 +2.753895542e+00 +2.753895542e+00 +2.111338955e+02 +2.111338955e+02
1932 +2.608255127e+00 +2.608255127e+00 +2.109882551e+02 +2.109882551e+02
1980 +2.483000197e+00 +2.483000197e+00 +2.108630002e+02 +2.108630002e+02
1983 +2.452230643e+00 +2.452230643e+00 +2.108322306e+02 +2.108322306e+02
2163 +2.386882890e+00 +2.386882890e+00 +2.107668829e+02 +2.107668829e+02
2172 +2.267139867e+00 +2.267139867e+00 +2.106471399e+02 +2.106471399e+02
2227 +2.199832188e+00 +2.199832188e+00 +2.105798322e+02 +2.105798322e+02
2281 +2.159457725e+00 +2.159457725e+00 +2.105394577e+02 +2.105394577e+02
2291 +2.100228455e+00 +2.100228455e+00 +2.104802285e+02 +2.104802285e+02
2297 +2.086052605e+00 +2.086052605e+00 +2.104660526e+02 +2.104660526e+02
2358 +2.023369386e+00 +2.023369386e+00 +2.104033694e+02 +2.104033694e+02
2421 +1.989303159e+00 +1.989303159e+00 +2.103693032e+02 +2.103693032e+02
2426 +1.944069769e+00 +1.944069769e+00 +2.103240698e+02 +2.103240698e+02
2455 +1.904204364e+00 +1.904204364e+00 +2.102842044e+02 +2.102842044e+02
2624 +1.859419158e+00 +1.859419158e+00 +2.102394192e+02 +2.102394192e+02
2657 +1.818313625e+00 +1.818313625e+00 +2.101983136e+02 +2.101983136e+02
2686 +1.777097068e+00 +1.777097068e+00 +2.101570971e+02 +2.101570971e+02
2762 +1.734178906e+00 +1.734178906e+00 +2.101141789e+02 +2.101141789e+02
2887 +1.692079215e+00 +1.692079215e+00 +2.100720792e+02 +2.100720792e+02
2973 +1.659052039e+00 +1.659052039e+00 +2.100390520e+02 +2.100390520e+02
3087 +1.616409530e+00 +1.616409530e+00 +2.099964095e+02 +2.099964095e+02
3454 +1.579766584e+00 +1.579766584e+00 +2.099597666e+02 +2.099597666e+02
3887 +1.548317767e+00 +1.548317767e+00 +2.099283178e+02 +2.099283178e+02
4806 +1.512774311e+00 +1.512774311e+00 +2.098927743e+02 +2.098927743e+02
% function evaluation | noise-free fitness - Fopt (-1.449600000000e+02) | best noise-free fitness - Fopt | measured fitness | best measured fitness | x1 | x2...
1 +3.449670211e+04 +3.449670211e+04 +3.435174211e+04 +3.435174211e+04
78 +3.104479846e+04 +3.104479846e+04 +3.089983846e+04 +3.089983846e+04
84 +2.948907720e+04 +2.948907720e+04 +2.934411720e+04 +2.934411720e+04
90 +2.262870242e+04 +2.262870242e+04 +2.248374242e+04 +2.248374242e+04
93 +2.083927638e+04 +2.083927638e+04 +2.069431638e+04 +2.069431638e+04
106 +1.467929111e+04 +1.467929111e+04 +1.453433111e+04 +1.453433111e+04
139 +1.428500048e+04 +1.428500048e+04 +1.414004048e+04 +1.414004048e+04
151 +1.339245193e+04 +1.339245193e+04 +1.324749193e+04 +1.324749193e+04
176 +6.743835218e+03 +6.743835218e+03 +6.598875218e+03 +6.598875218e+03
191 +4.075302326e+03 +4.075302326e+03 +3.930342326e+03 +3.930342326e+03
204 +2.658504382e+03 +2.658504382e+03 +2.513544382e+03 +2.513544382e+03
413 +2.109609912e+03 +2.109609912e+03 +1.964649912e+03 +1.964649912e+03
431 +1.483192068e+03 +1.483192068e+03 +1.338232068e+03 +1.338232068e+03
481 +1.475176084e+03 +1.475176084e+03 +1.330216084e+03 +1.330216084e+03
492 +4.371715246e+02 +4.371715246e+02 +2.922115246e+02 +2.922115246e+02
666 +4.355928720e+02 +4.355928720e+02 +2.906328720e+02 +2.906328720e+02
680 +1.536659230e+02 +1.536659230e+02 +8.705923037e+00 +8.705923037e+00
892 +7.393792622e+01 +7.393792622e+01 -7.102207378e+01 -7.102207378e+01
915 +1.990961358e+01 +1.990961358e+01 -1.250503864e+02 -1.250503864e+02
918 +7.357514801e+00 +7.357514801e+00 -1.376024852e+02 -1.376024852e+02
929 +4.693300635e+00 +4.693300635e+00 -1.402666994e+02 -1.402666994e+02
934 +4.626379897e+00 +4.626379897e+00 -1.403336201e+02 -1.403336201e+02
937 +3.513142892e+00 +3.513142892e+00 -1.414468571e+02 -1.414468571e+02
1354 +3.367435338e+00 +3.367435338e+00 -1.415925647e+02 -1.415925647e+02
1569 +3.188569968e+00 +3.188569968e+00 -1.417714300e+02 -1.417714300e+02
1782 +2.962773798e+00 +2.962773798e+00 -1.419972262e+02 -1.419972262e+02
2094 +2.938260439e+00 +2.938260439e+00 -1.420217396e+02 -1.420217396e+02
2221 +2.821735263e+00 +2.821735263e+00 -1.421382647e+02 -1.421382647e+02
2263 +2.817887054e+00 +2.817887054e+00 -1.421421129e+02 -1.421421129e+02
2277 +2.744279654e+00 +2.744279654e+00 -1.422157203e+02 -1.422157203e+02
2336 +2.677052087e+00 +2.677052087e+00 -1.422829479e+02 -1.422829479e+02
2373 +2.538820346e+00 +2.538820346e+00 -1.424211797e+02 -1.424211797e+02
2425 +2.504319180e+00 +2.504319180e+00 -1.424556808e+02 -1.424556808e+02
2502 +2.442983170e+00 +2.442983170e+00 -1.425170168e+02 -1.425170168e+02
2513 +2.356056284e+00 +2.356056284e+00 -1.426039437e+02 -1.426039437e+02
2686 +2.327212332e+00 +2.327212332e+00 -1.426327877e+02 -1.426327877e+02
2779 +2.284667142e+00 +2.284667142e+00 -1.426753329e+02 -1.426753329e+02
2804 +2.236479273e+00 +2.236479273e+00 -1.427235207e+02 -1.427235207e+02
3063 +2.171452462e+00 +2.171452462e+00 -1.427885475e+02 -1.427885475e+02
3106 +2.131905107e+00 +2.131905107e+00 -1.428280949e+02 -1.428280949e+02
3226 +2.065207288e+00 +2.065207288e+00 -1.428947927e+02 -1.428947927e+02
3252 +2.039997756e+00 +2.039997756e+00 -1.429200022e+02 -1.429200022e+02
3392 +1.993153796e+00 +1.993153796e+00 -1.429668462e+02 -1.429668462e+02
3490 +1.948311742e+00 +1.948311742e+00 -1.430116883e+02 -1.430116883e+02
4526 +1.905175798e+00 +1.905175798e+00 -1.430548242e+02 -1.430548242e+02
% function evaluation | noise-free fitness - Fopt (-6.300000000000e+00) | best noise-free fitness - Fopt | measured fitness | best measured fitness | x1 | x2...
1 +3.449670211e+04 +3.449670211e+04 +3.449040211e+04 +3.449040211e+04
7 +3.336203467e+04 +3.336203467e+04 +3.335573467e+04 +3.335573467e+04
20 +3.234642018e+04 +3.234642018e+04 +3.234012018e+04 +3.234012018e+04
24 +2.749647915e+04 +2.749647915e+04 +2.749017915e+04 +2.749017915e+04
35 +2.417691484e+04 +2.417691484e+04 +2.417061484e+04 +2.417061484e+04
47 +2.287902498e+04 +2.287902498e+04 +2.287272498e+04 +2.287272498e+04
48 +1.993668975e+04 +1.993668975e+04 +1.993038975e+04 +1.993038975e+04
305 +1.949580074e+04 +1.949580074e+04 +1.948950074e+04 +1.948950074e+04
316 +1.802540347e+04 +1.802540347e+04 +1.801910347e+04 +1.801910347e+04
326 +1.458979017e+04 +1.458979017e+04 +1.458349017e+04 +1.458349017e+04
386 +1.294451030e+04 +1.294451030e+04 +1.293821030e+04 +1.293821030e+04
441 +1.072987795e+04 +1.072987795e+04 +1.072357795e+04 +1.072357795e+04
443 +9.783449864e+03 +9.783449864e+03 +9.777149864e+03 +9.777149864e+03
453 +8.413740919e+03 +8.413740919e+03 +8.407440919e+03 +8.407440919e+03
454 +6.012512908e+03 +6.012512908e+03 +6.006212908e+03 +6.006212908e+03
533 +5.730342170e+03 +5.730342170e+03 +5.724042170e+03 +5.724042170e+03
535 +4.796912641e+03 +4.796912641e+03 +4.790612641e+03 +4.790612641e+03
553 +3.827892178e+03 +3.827892178e+03 +3.821592178e+03 +3.821592178e+03
602 +3.772668111e+03 +3.772668111e+03 +3.766368111e+03 +3.766368111e+03
616 +2.871224479e+03 +2.871224479e+03 +2.864924479e+03 +2.864924479e+03
653 +2.148134788e+03 +2.148134788e+03 +2.141834788e+03 +2.141834788e+03
685 +1.752143282e+03 +1.752143282e+03 +1.745843282e+03 +1.745843282e+03
692 +1.626593587e+03 +1.626593587e+03 +1.620293587e+03 +1.620293587e+03
694 +1.606438691e+03 +1.606438691e+03 +1.600138691e+03 +1.600138691e+03
708 +1.566332240e+03 +1.566332240e+03 +1.560032240e+03 +1.560032240e+03
713 +1.241431205e+03 +1.241431205e+03 +1.235131205e+03 +1.235131205e+03
724 +1.076259421e+03 +1.076259421e+03 +1.069959421e+03 +1.069959421e+03
733 +1.027061981e+03 +1.027061981e+03 +1.020761981e+03 +1.020761981e+03
751 +9.947638927e+02 +9.947638927e+02 +9.884638927e+02 +9.884638927e+02
759 +8.270766835e+02 +8.270766835e+02 +8.207766835e+02 +8.207766835e+02
787 +7.777877527e+02 +7.777877527e+02 +7.714877527e+02 +7.714877527e+02
796 +7.693077265e+02 +7.693077265e+02 +7.630077265e+02 +7.630077265e+02
806 +7.095255479e+02 +7.095255479e+02 +7.032255479e+02 +7.032255479e+02
811 +4.525358569e+02 +4.525358569e+02 +4.462358569e+02 +4.462358569e+02
813 +1.760391001e+02 +1.760391001e+02 +1.697391001e+02 +1.697391001e+02
843 +1.571190151e+02 +1.571190151e+02 +1.508190151e+02 +1.508190151e+02
848 +5.841372132e+01 +5.841372132e+01 +5.211372132e+01 +5.211372132e+01
855 +9.832597616e+00 +9.832597616e+00 +3.532597616e+00 +3.532597616e+00
870 +7.968672367e+00 +7.968672367e+00 +1.668672367e+00 +1.668672367e+00
877 +6.082244074e+00 +6.082244074e+00 -2.177559264e-01 -2.177559264e-01
885 +4.235075721e+00 +4.235075721e+00 -2.064924279e+00 -2.064924279e+00
898 +3.745416145e+00 +3.745416145e+00 -2.554583855e+00 -2.554583855e+00
956 +3.511169945e+00 +3.511169945e+00 -2.788830055e+00 -2.788830055e+00
1212 +3.450807030e+00 +3.450807030e+00 -2.849192970e+00 -2.849192970e+00
1243 +3.340161647e+00 +3.340161647e+00 -2.959838353e+00 -2.959838353e+00
1245 +3.296165253e+00 +3.296165253e+00 -3.003834747e+00 -3.003834747e+00
1508 +3.135419945e+00 +3.135419945e+00 -3.164580055e+00 -3.164580055e+00
1657 +3.066509980e+00 +3.066509980e+00 -3.233490020e+00 -3.233490020e+00
1663 +2.886203905e+00 +2.886203905e+00 -3.413796095e+00 -3.413796095e+00
1838 +2.810481226e+00 +2.810481226e+00 -3.489518774e+00 -3.489518774e+00
2367 +2.682937747e+00 +2.682937747e+00 -3.617062253e+00 -3.617062253e+00
2436 +2.517322054e+00 +2.517322054e+00 -3.782677946e+00 -3.782677946e+00
2633 +2.508439066e+00 +2.508439066e+00 -3.791560934e+00 -3.791560934e+00
2727 +2.447040785e+00 +2.447040785e+00 -3.852959215e+00 -3.852959215e+00
2743 +2.382732839e+00 +2.382732839e+00 -3.917267161e+00 -3.917267161e+00
2815 +2.327440512e+00 +2.327440512e+00 -3.972559488e+00 -3.972559488e+00
2891 +2.283792077e+00 +2.283792077e+00 -4.016207923e+00 -4.016207923e+00
3065 +2.232534696e+00 +2.232534696e+00 -4.067465304e+00 -4.067465304e+00
3158 +2.178621529e+00 +2.178621529e+00 -4.121378471e+00 -4.121378471e+00
3229 +2.121930310e+00 +2.121930310e+00 -4.178069690e+00 -4.178069690e+00
3312 +2.088750062e+00 +2.088750062e+00 -4.211249938e+00 -4.211249938e+00
3774 +2.040097186e+00 +2.040097186e+00 -4.259902814e+00 -4.259902814e+00
5509 +1.995099431e+00 +1.995099431e+00 -4.304900569e+00 -4.304900569e+00
% function evaluation | noise-free fitness - Fopt (7.056400000000e+02) | best noise-free fitness - Fopt | measured fitness | best measured fitness | x1 | x2...
1 +3.449670211e+04 +3.449670211e+04 +3.520234211e+04 +3.520234211e+04
4 +2.718165463e+04 +2.718165463e+04 +2.788729463e+04 +2.788729463e+04
213 +2.679915894e+04 +2.679915894e+04 +2.750479894e+04 +2.750479894e+04
227 +2.557158043e+04 +2.557158043e+04 +2.627722043e+04 +2.627722043e+04
228 +2.339311284e+04 +2.339311284e+04 +2.409875284e+04 +2.409875284e+04
241 +2.193341591e+04 +2.193341591e+04 +2.263905591e+04 +2.263905591e+04
248 +1.974584180e+04 +1.974584180e+04 +2.045148180e+04 +2.045148180e+04
276 +1.710395929e+04 +1.710395929e+04 +1.780959929e+04 +1.780959929e+04
282 +1.406254750e+04 +1.406254750e+04 +1.476818750e+04 +1.476818750e+04
338 +1.308475319e+04 +1.308475319e+04 +1.379039319e+04 +1.379039319e+04
343 +1.101762847e+04 +1.101762847e+04 +1.172326847e+04 +1.172326847e+04
355 +1.072627041e+04 +1.072627041e+04 +1.143191041e+04 +1.143191041e+04
357 +8.474757368e+03 +8.474757368e+03 +9.180397368e+03 +9.180397368e+03
378 +7.714013533e+03 +7.714013533e+03 +8.419653533e+03 +8.419653533e+03
476 +6.940644250e+03 +6.940644250e+03 +7.646284250e+03 +7.646284250e+03
483 +5.810702341e+03 +5.810702341e+03 +6.516342341e+03 +6.516342341e+03
486 +5.188474757e+03 +5.188474757e+03 +5.894114757e+03 +5.894114757e+03
563 +4.284245427e+03 +4.284245427e+03 +4.989885427e+03 +4.989885427e+03
576 +3.988223858e+03 +3.988223858e+03 +4.693863858e+03 +4.693863858e+03
584 +2.983716688e+03 +2.983716688e+03 +3.689356688e+03 +3.689356688e+03
586 +2.786404621e+03 +2.786404621e+03 +3.492044621e+03 +3.492044621e+03
595 +2.491052807e+03 +2.491052807e+03 +3.196692807e+03 +3.196692807e+03
610 +2.383470844e+03 +2.383470844e+03 +3.089110844e+03 +3.089110844e+03
623 +1.904453503e+03 +1.904453503e+03 +2.610093503e+03 +2.610093503e+03
629 +1.316597796e+03 +1.316597796e+03 +2.022237796e+03 +2.022237796e+03
649 +1.275536983e+03 +1.275536983e+03 +1.981176983e+03 +1.981176983e+03
651 +6.597474350e+02 +6.597474350e+02 +1.365387435e+03 +1.365387435e+03
669 +5.891224779e+02 +5.891224779e+02 +1.294762478e+03 +1.294762478e+03
672 +3.202602071e+02 +3.202602071e+02 +1.025900207e+03 +1.025900207e+03
682 +2.408149359e+02 +2.408149359e+02 +9.464549359e+02 +9.464549359e+02
696 +2.202364551e+02 +2.202364551e+02 +9.258764551e+02 +9.258764551e+02
730 +1.581753003e+02 +1.581753003e+02 +8.638153003e+02 +8.638153003e+02
766 +4.088310368e+00 +4.088310368e+00 +7.097283104e+02 +7.097283104e+02
1170 +3.646481375e+00 +3.646481375e+00 +7.092864814e+02 +7.092864814e+02
1284 +3.469443949e+00 +3.469443949e+00 +7.091094439e+02 +7.091094439e+02
1289 +3.438997676e+00 +3.438997676e+00 +7.090789977e+02 +7.090789977e+02
1301 +3.132648112e+00 +3.132648112e+00 +7.087726481e+02 +7.087726481e+02
1946 +3.055497046e+00 +3.055497046e+00 +7.086954970e+02 +7.086954970e+02
2041 +3.016876481e+00 +3.016876481e+00 +7.086568765e+02 +7.086568765e+02
2051 +2.942005293e+00 +2.942005293e+00 +7.085820053e+02 +7.085820053e+02
2171 +2.857378010e+00 +2.857378010e+00 +7.084973780e+02 +7.084973780e+02
2243 +2.782930648e+00 +2.782930648e+00 +7.084229306e+02 +7.084229306e+02
2265 +2.739263586e+00 +2.739263586e+00 +7.083792636e+02 +7.083792636e+02
2279 +2.628485749e+00 +2.628485749e+00 +7.082684857e+02 +7.082684857e+02
2540 +2.559107540e+00 +2.559107540e+00 +7.081991075e+02 +7.081991075e+02
2546 +2.483003802e+00 +2.483003802e+00 +7.081230038e+02 +7.081230038e+02
2614 +2.447116225e+00 +2.447116225e+00 +7.080871162e+02 +7.080871162e+02
2766 +2.338005578e+00 +2.338005578e+00 +7.079780056e+02 +7.079780056e+02
2902 +2.267092593e+00 +2.267092593e+00 +7.079070926e+02 +7.079070926e+02
2922 +2.222838603e+00 +2.222838603e+00 +7.078628386e+02 +7.078628386e+02
3037 +2.159173552e+00 +2.159173552e+00 +7.077991736e+02 +7.077991736e+02
3246 +2.118798621e+00 +2.118798621e+00 +7.077587986e+02 +7.077587986e+02
3267 +2.082483948e+00 +2.082483948e+00 +7.077224839e+02 +7.077224839e+02
3527 +2.025917332e+00 +2.025917332e+00 +7.076659173e+02 +7.076659173e+02
3581 +1.990727058e+00 +1.990727058e+00 +7.076307271e+02 +7.076307271e+02
3839 +1.947178604e+00 +1.947178604e+00 +7.075871786e+02 +7.075871786e+02
4051 +1.904530317e+00 +1.904530317e+00 +7.075445303e+02 +7.075445303e+02
4887 +1.861836409e+00 +1.861836409e+00 +7.075018364e+02 +7.075018364e+02
% function evaluation | noise-free fitness - Fopt (1.839000000000e+02) | best noise-free fitness - Fopt | measured fitness | best measured fitness | x1 | x2...
1 +3.449670211e+04 +3.449670211e+04 +3.468060211e+04 +3.468060211e+04
30 +3.078632496e+04 +3.078632496e+04 +3.097022496e+04 +3.097022496e+04
56 +2.882163537e+04 +2.882163537e+04 +2.900553537e+04 +2.900553537e+04
70 +2.476206915e+04 +2.476206915e+04 +2.494596915e+04 +2.494596915e+04
73 +2.368704013e+04 +2.368704013e+04 +2.387094013e+04 +2.387094013e+04
81 +1.714932258e+04 +1.714932258e+04 +1.733322258e+04 +1.733322258e+04
155 +1.675841290e+04 +1.675841290e+04 +1.694231290e+04 +1.694231290e+04
162 +1.523263927e+04 +1.523263927e+04 +1.541653927e+04 +1.541653927e+04
176 +1.367659017e+04 +1.367659017e+04 +1.386049017e+04 +1.386049017e+04
177 +1.200344335e+04 +1.200344335e+04 +1.218734335e+04 +1.218734335e+04
186 +7.725845558e+03 +7.725845558e+03 +7.909745558e+03 +7.909745558e+03
196 +7.238905853e+03 +7.238905853e+03 +7.422805853e+03 +7.422805853e+03
210 +6.140686061e+03 +6.140686061e+03 +6.324586061e+03 +6.324586061e+03
263 +5.997466708e+03 +5.997466708e+03 +6.181366708e+03 +6.181366708e+03
328 +5.765722740e+03 +5.765722740e+03 +5.949622740e+03 +5.949622740e+03
344 +5.745631940e+03 +5.745631940e+03 +5.929531940e+03 +5.929531940e+03
347 +5.066883520e+03 +5.066883520e+03 +5.250783520e+03 +5.250783520e+03
356 +4.794338298e+03 +4.794338298e+03 +4.978238298e+03 +4.978238298e+03
357 +4.285218163e+03 +4.285218163e+03 +4.469118163e+03 +4.469118163e+03
361 +4.245695904e+03 +4.245695904e+03 +4.429595904e+03 +4.429595904e+03
366 +3.419083422e+03 +3.419083422e+03 +3.602983422e+03 +3.602983422e+03
373 +1.429369474e+03 +1.429369474e+03 +1.613269474e+03 +1.613269474e+03
452 +1.289956993e+03 +1.289956993e+03 +1.473856993e+03 +1.473856993e+03
470 +8.169692595e+02 +8.169692595e+02 +1.000869259e+03 +1.000869259e+03
502 +3.382426049e+02 +3.382426049e+02 +5.221426049e+02 +5.221426049e+02
535 +2.810301613e+02 +2.810301613e+02 +4.649301613e+02 +4.649301613e+02
543 +1.615073737e+02 +1.615073737e+02 +3.454073737e+02 +3.454073737e+02
554 +1.520891304e+02 +1.520891304e+02 +3.359891304e+02 +3.359891304e+02
624 +1.141844051e+02 +1.141844051e+02 +2.980844051e+02 +2.980844051e+02
676 +5.805551348e+01 +5.805551348e+01 +2.419555135e+02 +2.419555135e+02
785 +4.551459384e+01 +4.551459384e+01 +2.294145938e+02 +2.294145938e+02
814 +3.634295282e+01 +3.634295282e+01 +2.202429528e+02 +2.202429528e+02
849 +8.628367664e+00 +8.628367664e+00 +1.925283677e+02 +1.925283677e+02
862 +5.677908997e+00 +5.677908997e+00 +1.895779090e+02 +1.895779090e+02
875 +4.625641114e+00 +4.625641114e+00 +1.885256411e+02 +1.885256411e+02
892 +4.493541810e+00 +4.493541810e+00 +1.883935418e+02 +1.883935418e+02
895 +3.380175866e+00 +3.380175866e+00 +1.872801759e+02 +1.872801759e+02
1065 +3.207502583e+00 +3.207502583e+00 +1.871075026e+02 +1.871075026e+02
1701 +3.152044757e+00 +3.152044757e+00 +1.870520448e+02 +1.870520448e+02
1782 +3.049218350e+00 +3.049218350e+00 +1.869492184e+02 +1.869492184e+02
1800 +2.915387016e+00 +2.915387016e+00 +1.868153870e+02 +1.868153870e+02
2235 +2.796467569e+00 +2.796467569e+00 +1.866964676e+02 +1.866964676e+02
2657 +2.711028606e+00 +2.711028606e+00 +1.866110286e+02 +1.866110286e+02
2682 +2.638403593e+00 +2.638403593e+00 +1.865384036e+02 +1.865384036e+02
2697 +2.596385928e+00 +2.596385928e+00 +1.864963859e+02 +1.864963859e+02
2716 +2.565939051e+00 +2.565939051e+00 +1.864659391e+02 +1.864659391e+02
2724 +2.511183922e+00 +2.511183922e+00 +1.864111839e+02 +1.864111839e+02
3262 +2.452495611e+00 +2.452495611e+00 +1.863524956e+02 +1.863524956e+02
3282 +2.369213794e+00 +2.369213794e+00 +1.862692138e+02 +1.862692138e+02
3294 +2.303372777e+00 +2.303372777e+00 +1.862033728e+02 +1.862033728e+02
3392 +2.276634201e+00 +2.276634201e+00 +1.861766342e+02 +1.861766342e+02
3403 +2.238432057e+00 +2.238432057e+00 +1.861384321e+02 +1.861384321e+02
3512 +2.185232461e+00 +2.185232461e+00 +1.860852325e+02 +1.860852325e+02
3884 +2.129299460e+00 +2.129299460e+00 +1.860292995e+02 +1.860292995e+02
4081 +2.086355191e+00 +2.086355191e+00 +1.859863552e+02 +1.859863552e+02
4173 +2.036345745e+00 +2.036345745e+00 +1.859363457e+02 +1.859363457e+02
4343 +1.993754067e+00 +1.993754067e+00 +1.858937541e+02 +1.858937541e+02
4754 +1.949177055e+00 +1.949177055e+00 +1.858491771e+02 +1.858491771e+02
5872 +1.905092595e+00 +1.905092595e+00 +1.858050926e+02 +1.858050926e+02
% function evaluation | noise-free fitness - Fopt (1.321000000000e+02) | best noise-free fitness - Fopt | measured fitness | best measured fitness | x1 | x2...
1 +3.449670211e+04 +3.449670211e+04 +3.462880211e+04 +3.462880211e+04
31 +3.091614260e+04 +3.091614260e+04 +3.104824260e+04 +3.104824260e+04
53 +2.830769611e+04 +2.830769611e+04 +2.843979611e+04 +2.843979611e+04
68 +2.147828947e+04 +2.147828947e+04 +2.161038947e+04 +2.161038947e+04
74 +1.113906987e+04 +1.113906987e+04 +1.127116987e+04 +1.127116987e+04
383 +7.315942259e+03 +7.315942259e+03 +7.448042259e+03 +7.448042259e+03
392 +3.776674154e+03 +3.776674154e+03 +3.908774154e+03 +3.908774154e+03
408 +3.114575023e+03 +3.114575023e+03 +3.246675023e+03 +3.246675023e+03
417 +2.931309393e+03 +2.931309393e+03 +3.063409393e+03 +3.063409393e+03
464 +2.667448618e+03 +2.667448618e+03 +2.799548618e+03 +2.799548618e+03
490 +1.068827003e+03 +1.068827003e+03 +1.200927003e+03 +1.200927003e+03
536 +9.414211954e+02 +9.414211954e+02 +1.073521195e+03 +1.073521195e+03
547 +8.454373065e+02 +8.454373065e+02 +9.775373065e+02 +9.775373065e+02
555 +5.081326788e+02 +5.081326788e+02 +6.402326788e+02 +6.402326788e+02
695 +4.092412061e+02 +4.092412061e+02 +5.413412061e+02 +5.413412061e+02
705 +4.009301863e+02 +4.009301863e+02 +5.330301863e+02 +5.330301863e+02
736 +3.382924769e+02 +3.382924769e+02 +4.703924769e+02 +4.703924769e+02
743 +2.146065014e+02 +2.146065014e+02 +3.467065014e+02 +3.467065014e+02
808 +2.118885092e+02 +2.118885092e+02 +3.439885092e+02 +3.439885092e+02
812 +3.266791307e+01 +3.266791307e+01 +1.647679131e+02 +1.647679131e+02
836 +1.120082814e+01 +1.120082814e+01 +1.433008281e+02 +1.433008281e+02
855 +4.771563540e+00 +4.771563540e+00 +1.368715635e+02 +1.368715635e+02
863 +4.583287743e+00 +4.583287743e+00 +1.366832877e+02 +1.366832877e+02
872 +4.278876116e+00 +4.278876116e+00 +1.363788761e+02 +1.363788761e+02
952 +4.107933101e+00 +4.107933101e+00 +1.362079331e+02 +1.362079331e+02
1015 +3.650849521e+00 +3.650849521e+00 +1.357508495e+02 +1.357508495e+02
1116 +3.532037683e+00 +3.532037683e+00 +1.356320377e+02 +1.356320377e+02
1202 +3.462138838e+00 +3.462138838e+00 +1.355621388e+02 +1.355621388e+02
1241 +3.333889671e+00 +3.333889671e+00 +1.354338897e+02 +1.354338897e+02
1250 +3.309766229e+00 +3.309766229e+00 +1.354097662e+02 +1.354097662e+02
1265 +3.137205669e+00 +3.137205669e+00 +1.352372057e+02 +1.352372057e+02
1396 +2.964697911e+00 +2.964697911e+00 +1.350646979e+02 +1.350646979e+02
1885 +2.872670459e+00 +2.872670459e+00 +1.349726705e+02 +1.349726705e+02
1893 +2.736153997e+00 +2.736153997e+00 +1.348361540e+02 +1.348361540e+02
1915 +2.646407021e+00 +2.646407021e+00 +1.347464070e+02 +1.347464070e+02
1931 +2.524418827e+00 +2.524418827e+00 +1.346244188e+02 +1.346244188e+02
1955 +2.484484528e+00 +2.484484528e+00 +1.345844845e+02 +1.345844845e+02
1963 +2.396026682e+00 +2.396026682e+00 +1.344960267e+02 +1.344960267e+02
2191 +2.311236866e+00 +2.311236866e+00 +1.344112369e+02 +1.344112369e+02
2251 +2.237856578e+00 +2.237856578e+00 +1.343378566e+02 +1.343378566e+02
2274 +2.173582979e+00 +2.173582979e+00 +1.342735830e+02 +1.342735830e+02
2354 +2.129250742e+00 +2.129250742e+00 +1.342292507e+02 +1.342292507e+02
2478 +2.054545765e+00 +2.054545765e+00 +1.341545458e+02 +1.341545458e+02
2526 +2.037877688e+00 +2.037877688e+00 +1.341378777e+02 +1.341378777e+02
2600 +1.987517458e+00 +1.987517458e+00 +1.340875175e+02 +1.340875175e+02
2642 +1.947793993e+00 +1.947793993e+00 +1.340477940e+02 +1.340477940e+02
2768 +1.902600364e+00 +1.902600364e+00 +1.340026004e+02 +1.340026004e+02
2795 +1.842969118e+00 +1.842969118e+00 +1.339429691e+02 +1.339429691e+02
2866 +1.818985354e+00 +1.818985354e+00 +1.339189854e+02 +1.339189854e+02
3096 +1.774250571e+00 +1.774250571e+00 +1.338742506e+02 +1.338742506e+02
3235 +1.736216027e+00 +1.736216027e+00 +1.338362160e+02 +1.338362160e+02
3897 +1.698091707e+00 +1.698091707e+00 +1.337980917e+02 +1.337980917e+02
% function evaluation | noise-free fitness - Fopt (-6.067000000000e+01) | best noise-free fitness - Fopt | measured fitness | best measured fitness | x1 | x2...
1 +3.449670211e+04 +3.449670211e+04 +3.443603211e+04 +3.443603211e+04
6 +3.093414812e+04 +3.093414812e+04 +3.087347812e+04 +3.087347812e+04
56 +2.706638344e+04 +2.706638344e+04 +2.700571344e+04 +2.700571344e+04
74 +1.922778792e+04 +1.922778792e+04 +1.916711792e+04 +1.916711792e+04
104 +1.718894269e+04 +1.718894269e+04 +1.712827269e+04 +1.712827269e+04
122 +1.566164420e+04 +1.566164420e+04 +1.560097420e+04 +1.560097420e+04
134 +1.298864234e+04 +1.298864234e+04 +1.292797234e+04 +1.292797234e+04
142 +1.264351931e+04 +1.264351931e+04 +1.258284931e+04 +1.258284931e+04
155 +1.145669138e+04 +1.145669138e+04 +1.139602138e+04 +1.139602138e+04
162 +7.296410593e+03 +7.296410593e+03 +7.235740593e+03 +7.235740593e+03
179 +7.057824720e+03 +7.057824720e+03 +6.997154720e+03 +6.997154720e+03
483 +6.099479971e+03 +6.099479971e+03 +6.038809971e+03 +6.038809971e+03
492 +5.649176395e+03 +5.649176395e+03 +5.588506395e+03 +5.588506395e+03
503 +4.184704529e+03 +4.184704529e+03 +4.124034529e+03 +4.124034529e+03
519 +3.600163449e+03 +3.600163449e+03 +3.539493449e+03 +3.539493449e+03
604 +2.235859414e+03 +2.235859414e+03 +2.175189414e+03 +2.175189414e+03
616 +2.091063119e+03 +2.091063119e+03 +2.030393119e+03 +2.030393119e+03
657 +1.582003248e+03 +1.582003248e+03 +1.521333248e+03 +1.521333248e+03
665 +7.908560227e+02 +7.908560227e+02 +7.301860227e+02 +7.301860227e+02
756 +7.707318215e+02 +7.707318215e+02 +7.100618215e+02 +7.100618215e+02
765 +7.085126407e+02 +7.085126407e+02 +6.478426407e+02 +6.478426407e+02
783 +6.053476108e+02 +6.053476108e+02 +5.446776108e+02 +5.446776108e+02
784 +5.459308677e+02 +5.459308677e+02 +4.852608677e+02 +4.852608677e+02
810 +4.915171305e+02 +4.915171305e+02 +4.308471305e+02 +4.308471305e+02
812 +4.178219562e+02 +4.178219562e+02 +3.571519562e+02 +3.571519562e+02
819 +2.975149223e+02 +2.975149223e+02 +2.368449223e+02 +2.368449223e+02
887 +1.823956194e+02 +1.823956194e+02 +1.217256194e+02 +1.217256194e+02
953 +8.620551880e+01 +8.620551880e+01 +2.553551880e+01 +2.553551880e+01
1007 +5.938926181e+01 +5.938926181e+01 -1.280738193e+00 -1.280738193e+00
1064 +1.146001383e+01 +1.146001383e+01 -4.920998617e+01 -4.920998617e+01
1144 +5.626858229e+00 +5.626858229e+00 -5.504314177e+01 -5.504314177e+01
1179 +4.054124486e+00 +4.054124486e+00 -5.661587551e+01 -5.661587551e+01
1272 +3.891608908e+00 +3.891608908e+00 -5.677839109e+01 -5.677839109e+01
1291 +3.568615668e+00 +3.568615668e+00 -5.710138433e+01 -5.710138433e+01
1300 +3.332075311e+00 +3.332075311e+00 -5.733792469e+01 -5.733792469e+01
1886 +3.281998093e+00 +3.281998093e+00 -5.738800191e+01 -5.738800191e+01
1889 +3.205659137e+00 +3.205659137e+00 -5.746434086e+01 -5.746434086e+01
2062 +3.002522426e+00 +3.002522426e+00 -5.766747757e+01 -5.766747757e+01
2063 +2.859718874e+00 +2.859718874e+00 -5.781028113e+01 -5.781028113e+01
2373 +2.733491766e+00 +2.733491766e+00 -5.793650823e+01 -5.793650823e+01
2382 +2.689664260e+00 +2.689664260e+00 -5.798033574e+01 -5.798033574e+01
2728 +2.560214476e+00 +2.560214476e+00 -5.810978552e+01 -5.810978552e+01
2740 +2.506920617e+00 +2.506920617e+00 -5.816307938e+01 -5.816307938e+01
2861 +2.446234858e+00 +2.446234858e+00 -5.822376514e+01 -5.822376514e+01
2921 +2.394427275e+00 +2.394427275e+00 -5.827557273e+01 -5.827557273e+01
3069 +2.272699706e+00 +2.272699706e+00 -5.839730029e+01 -5.839730029e+01
3145 +2.224279570e+00 +2.224279570e+00 -5.844572043e+01 -5.844572043e+01
3230 +2.154873083e+00 +2.154873083e+00 -5.851512692e+01 -5.851512692e+01
3237 +2.135009032e+00 +2.135009032e+00 -5.853499097e+01 -5.853499097e+01
3280 +2.069255072e+00 +2.069255072e+00 -5.860074493e+01 -5.860074493e+01
3282 +2.041706497e+00 +2.041706497e+00 -5.862829350e+01 -5.862829350e+01
3506 +1.992148918e+00 +1.992148918e+00 -5.867785108e+01 -5.867785108e+01
3651 +1.936560318e+00 +1.936560318e+00 -5.873343968e+01 -5.873343968e+01
3732 +1.904130657e+00 +1.904130657e+00 -5.876586934e+01 -5.876586934e+01
4148 +1.856661801e+00 +1.856661801e+00 -5.881333820e+01 -5.881333820e+01
4642 +1.818872690e+00 +1.818872690e+00 -5.885112731e+01 -5.885112731e+01
% function evaluation | noise-free fitness - Fopt (7.560000000000e+01) | best noise-free fitness - Fopt | measured fitness | best measured fitness | x1 | x2...
1 +3.449670211e+04 +3.449670211e+04 +3.457230211e+04 +3.457230211e+04
14 +3.125074280e+04 +3.125074280e+04 +3.132634280e+04 +3.132634280e+04
54 +2.861715787e+04 +2.861715787e+04 +2.869275787e+04 +2.869275787e+04
58 +1.471894384e+04 +1.471894384e+04 +1.479454384e+04 +1.479454384e+04
69 +1.129741740e+04 +1.129741740e+04 +1.137301740e+04 +1.137301740e+04
255 +1.118264921e+04 +1.118264921e+04 +1.125824921e+04 +1.125824921e+04
280 +1.044537604e+04 +1.044537604e+04 +1.052097604e+04 +1.052097604e+04
310 +7.081890487e+03 +7.081890487e+03 +7.157490487e+03 +7.157490487e+03
317 +2.395678197e+03 +2.395678197e+03 +2.471278197e+03 +2.471278197e+03
345 +1.646247319e+03 +1.646247319e+03 +1.721847319e+03 +1.721847319e+03
354 +1.106916716e+03 +1.106916716e+03 +1.182516716e+03 +1.182516716e+03
355 +7.890484571e+02 +7.890484571e+02 +8.646484571e+02 +8.646484571e+02
378 +6.088402063e+02 +6.088402063e+02 +6.844402063e+02 +6.844402063e+02
399 +5.722504819e+02 +5.722504819e+02 +6.478504819e+02 +6.478504819e+02
405 +4.499533170e+02 +4.499533170e+02 +5.255533170e+02 +5.255533170e+02
427 +3.063910206e+02 +3.063910206e+02 +3.819910206e+02 +3.819910206e+02
542 +2.822115852e+02 +2.822115852e+02 +3.578115852e+02 +3.578115852e+02
571 +5.515861258e+00 +5.515861258e+00 +8.111586126e+01 +8.111586126e+01
879 +4.692912974e+00 +4.692912974e+00 +8.029291297e+01 +8.029291297e+01
904 +3.818112644e+00 +3.818112644e+00 +7.941811264e+01 +7.941811264e+01
928 +3.615055044e+00 +3.615055044e+00 +7.921505504e+01 +7.921505504e+01
1027 +3.514996854e+00 +3.514996854e+00 +7.911499685e+01 +7.911499685e+01
1036 +3.377609770e+00 +3.377609770e+00 +7.897760977e+01 +7.897760977e+01
1646 +3.170990303e+00 +3.170990303e+00 +7.877099030e+01 +7.877099030e+01
1817 +3.155137270e+00 +3.155137270e+00 +7.875513727e+01 +7.875513727e+01
1850 +3.075146841e+00 +3.075146841e+00 +7.867514684e+01 +7.867514684e+01
1888 +3.018548617e+00 +3.018548617e+00 +7.861854862e+01 +7.861854862e+01
1911 +2.901541362e+00 +2.901541362e+00 +7.850154136e+01 +7.850154136e+01
1923 +2.864431399e+00 +2.864431399e+00 +7.846443140e+01 +7.846443140e+01
1968 +2.775519547e+00 +2.775519547e+00 +7.837551955e+01 +7.837551955e+01
2066 +2.633550333e+00 +2.633550333e+00 +7.823355033e+01 +7.823355033e+01
2269 +2.628233796e+00 +2.628233796e+00 +7.822823380e+01 +7.822823380e+01
2445 +2.557144149e+00 +2.557144149e+00 +7.815714415e+01 +7.815714415e+01
2473 +2.495798513e+00 +2.495798513e+00 +7.809579851e+01 +7.809579851e+01
2493 +2.400348942e+00 +2.400348942e+00 +7.800034894e+01 +7.800034894e+01
2510 +2.389665102e+00 +2.389665102e+00 +7.798966510e+01 +7.798966510e+01
2547 +2.343495120e+00 +2.343495120e+00 +7.794349512e+01 +7.794349512e+01
2653 +2.274069357e+00 +2.274069357e+00 +7.787406936e+01 +7.787406936e+01
2688 +2.232949738e+00 +2.232949738e+00 +7.783294974e+01 +7.783294974e+01
3025 +2.183911876e+00 +2.183911876e+00 +7.778391188e+01 +7.778391188e+01
3252 +2.133762835e+00 +2.133762835e+00 +7.773376283e+01 +7.773376283e+01
3694 +2.087071302e+00 +2.087071302e+00 +7.768707130e+01 +7.768707130e+01
4417 +2.040081246e+00 +2.040081246e+00 +7.764008125e+01 +7.764008125e+01
% function evaluation | noise-free fitness - Fopt (-1.699200000000e+02) | best noise-free fitness - Fopt | measured fitness | best measured fitness | x1 | x2...
1 +3.449670211e+04 +3.449670211e+04 +3.432678211e+04 +3.432678211e+04
13 +2.755183902e+04 +2.755183902e+04 +2.738191902e+04 +2.738191902e+04
29 +2.412178559e+04 +2.412178559e+04 +2.395186559e+04 +2.395186559e+04
101 +1.695223997e+04 +1.695223997e+04 +1.678231997e+04 +1.678231997e+04
194 +1.317485125e+04 +1.317485125e+04 +1.300493125e+04 +1.300493125e+04
205 +1.217227529e+04 +1.217227529e+04 +1.200235529e+04 +1.200235529e+04
209 +1.163081992e+04 +1.163081992e+04 +1.146089992e+04 +1.146089992e+04
212 +1.118186713e+04 +1.118186713e+04 +1.101194713e+04 +1.101194713e+04
227 +9.058511685e+03 +9.058511685e+03 +8.888591685e+03 +8.888591685e+03
238 +7.603307790e+03 +7.603307790e+03 +7.433387790e+03 +7.433387790e+03
255 +7.370613881e+03 +7.370613881e+03 +7.200693881e+03 +7.200693881e+03
257 +7.112728308e+03 +7.112728308e+03 +6.942808308e+03 +6.942808308e+03
273 +6.273553222e+03 +6.273553222e+03 +6.103633222e+03 +6.103633222e+03
278 +4.272686516e+03 +4.272686516e+03 +4.102766516e+03 +4.102766516e+03
402 +3.229280125e+03 +3.229280125e+03 +3.059360125e+03 +3.059360125e+03
412 +2.728401433e+03 +2.728401433e+03 +2.558481433e+03 +2.558481433e+03
413 +2.546922947e+03 +2.546922947e+03 +2.377002947e+03 +2.377002947e+03
422 +1.456482228e+03 +1.456482228e+03 +1.286562228e+03 +1.286562228e+03
423 +1.392958659e+03 +1.392958659e+03 +1.223038659e+03 +1.223038659e+03
427 +1.146302505e+03 +1.146302505e+03 +9.763825046e+02 +9.763825046e+02
471 +8.120784834e+02 +8.120784834e+02 +6.421584834e+02 +6.421584834e+02
516 +5.463538238e+02 +5.463538238e+02 +3.764338238e+02 +3.764338238e+02
525 +4.581126728e+02 +4.581126728e+02 +2.881926728e+02 +2.881926728e+02
534 +3.081876310e+02 +3.081876310e+02 +1.382676310e+02 +1.382676310e+02
554 +2.307716804e+02 +2.307716804e+02 +6.085168041e+01 +6.085168041e+01
654 +1.203590569e+02 +1.203590569e+02 -4.956094306e+01 -4.956094306e+01
666 +1.168622483e+02 +1.168622483e+02 -5.305775169e+01 -5.305775169e+01
668 +9.042489527e+01 +9.042489527e+01 -7.949510473e+01 -7.949510473e+01
682 +4.024516687e+01 +4.024516687e+01 -1.296748331e+02 -1.296748331e+02
705 +5.812599454e+00 +5.812599454e+00 -1.641074005e+02 -1.641074005e+02
718 +5.727782775e+00 +5.727782775e+00 -1.641922172e+02 -1.641922172e+02
736 +5.533020215e+00 +5.533020215e+00 -1.643869798e+02 -1.643869798e+02
743 +4.711948273e+00 +4.711948273e+00 -1.652080517e+02 -1.652080517e+02
751 +4.404298797e+00 +4.404298797e+00 -1.655157012e+02 -1.655157012e+02
753 +4.039040552e+00 +4.039040552e+00 -1.658809594e+02 -1.658809594e+02
921 +3.768789864e+00 +3.768789864e+00 -1.661512101e+02 -1.661512101e+02
935 +3.653130270e+00 +3.653130270e+00 -1.662668697e+02 -1.662668697e+02
1029 +3.612338174e+00 +3.612338174e+00 -1.663076618e+02 -1.663076618e+02
1052 +3.467165268e+00 +3.467165268e+00 -1.664528347e+02 -1.664528347e+02
1182 +3.335631542e+00 +3.335631542e+00 -1.665843685e+02 -1.665843685e+02
1204 +3.185563574e+00 +3.185563574e+00 -1.667344364e+02 -1.667344364e+02
1264 +3.039770250e+00 +3.039770250e+00 -1.668802297e+02 -1.668802297e+02
1502 +2.907427402e+00 +2.907427402e+00 -1.670125726e+02 -1.670125726e+02
1542 +2.868987336e+00 +2.868987336e+00 -1.670510127e+02 -1.670510127e+02
1596 +2.701245389e+00 +2.701245389e+00 -1.672187546e+02 -1.672187546e+02
1606 +2.636331020e+00 +2.636331020e+00 -1.672836690e+02 -1.672836690e+02
1732 +2.619037873e+00 +2.619037873e+00 -1.673009621e+02 -1.673009621e+02
1772 +2.484664484e+00 +2.484664484e+00 -1.674353355e+02 -1.674353355e+02
1804 +2.446904322e+00 +2.446904322e+00 -1.674730957e+02 -1.674730957e+02
1833 +2.348890950e+00 +2.348890950e+00 -1.675711090e+02 -1.675711090e+02
1843 +2.323414580e+00 +2.323414580e+00 -1.675965854e+02 -1.675965854e+02
1858 +2.255616673e+00 +2.255616673e+00 -1.676643833e+02 -1.676643833e+02
2014 +2.226582373e+00 +2.226582373e+00 -1.676934176e+02 -1.676934176e+02
2151 +2.161630700e+00 +2.161630700e+00 -1.677583693e+02 -1.677583693e+02
2185 +2.137946613e+00 +2.137946613e+00 -1.677820534e+02 -1.677820534e+02
2214 +2.068530417e+00 +2.068530417e+00 -1.678514696e+02 -1.678514696e+02
2313 +2.033180309e+00 +2.033180309e+00 -1.678868197e+02 -1.678868197e+02
2413 +1.992876389e+00 +1.992876389e+00 -1.679271236e+02 -1.679271236e+02
2637 +1.947961436e+00 +1.947961436e+00 -1.679720386e+02 -1.679720386e+02
3252 +1.905411062e+00 +1.905411062e+00 -1.680145889e+02 -1.680145889e+02
% function evaluation | noise-free fitness - Fopt (-1.805400000000e+02) | best noise-free fitness - Fopt | measured fitness | best measured fitness | x1 | x2...
1 +3.449670211e+04 +3.449670211e+04 +3.431616211e+04 +3.431616211e+04
40 +2.980886938e+04 +2.980886938e+04 +2.962832938e+04 +2.962832938e+04
42 +2.445718065e+04 +2.445718065e+04 +2.427664065e+04 +2.427664065e+04
81 +2.086636502e+04 +2.086636502e+04 +2.068582502e+04 +2.068582502e+04
174 +1.830850975e+04 +1.830850975e+04 +1.812796975e+04 +1.812796975e+04
218 +1.609152379e+04 +1.609152379e+04 +1.591098379e+04 +1.591098379e+04
236 +1.509158905e+04 +1.509158905e+04 +1.491104905e+04 +1.491104905e+04
287 +1.423555240e+04 +1.423555240e+04 +1.405501240e+04 +1.405501240e+04
288 +1.114452112e+04 +1.114452112e+04 +1.096398112e+04 +1.096398112e+04
302 +8.999721943e+03 +8.999721943e+03 +8.819181943e+03 +8.819181943e+03
344 +5.502836612e+03 +5.502836612e+03 +5.322296612e+03 +5.322296612e+03
352 +3.984505451e+03 +3.984505451e+03 +3.803965451e+03 +3.803965451e+03
520 +2.860297253e+03 +2.860297253e+03 +2.679757253e+03 +2.679757253e+03
527 +2.657027580e+03 +2.657027580e+03 +2.476487580e+03 +2.476487580e+03
531 +2.274443896e+03 +2.274443896e+03 +2.093903896e+03 +2.093903896e+03
532 +2.210978615e+03 +2.210978615e+03 +2.030438615e+03 +2.030438615e+03
535 +1.637421813e+03 +1.637421813e+03 +1.456881813e+03 +1.456881813e+03
548 +8.994790774e+02 +8.994790774e+02 +7.189390774e+02 +7.189390774e+02
558 +8.571061358e+02 +8.571061358e+02 +6.765661358e+02 +6.765661358e+02
566 +3.993335170e+02 +3.993335170e+02 +2.187935170e+02 +2.187935170e+02
573 +3.772281981e+02 +3.772281981e+02 +1.966881981e+02 +1.966881981e+02
671 +2.131162721e+02 +2.131162721e+02 +3.257627206e+01 +3.257627206e+01
683 +1.609577655e+02 +1.609577655e+02 -1.958223453e+01 -1.958223453e+01
696 +1.123442969e+02 +1.123442969e+02 -6.819570311e+01 -6.819570311e+01
700 +3.051468402e+01 +3.051468402e+01 -1.500253160e+02 -1.500253160e+02
731 +4.373300779e+00 +4.373300779e+00 -1.761666992e+02 -1.761666992e+02
1047 +3.846843439e+00 +3.846843439e+00 -1.766931566e+02 -1.766931566e+02
1132 +3.765408369e+00 +3.765408369e+00 -1.767745916e+02 -1.767745916e+02
1298 +3.614316745e+00 +3.614316745e+00 -1.769256833e+02 -1.769256833e+02
1317 +3.534521320e+00 +3.534521320e+00 -1.770054787e+02 -1.770054787e+02
1532 +3.427895739e+00 +3.427895739e+00 -1.771121043e+02 -1.771121043e+02
1588 +3.252456653e+00 +3.252456653e+00 -1.772875433e+02 -1.772875433e+02
1645 +3.080501566e+00 +3.080501566e+00 -1.774594984e+02 -1.774594984e+02
1974 +3.003771605e+00 +3.003771605e+00 -1.775362284e+02 -1.775362284e+02
2205 +2.907634438e+00 +2.907634438e+00 -1.776323656e+02 -1.776323656e+02
2212 +2.865371667e+00 +2.865371667e+00 -1.776746283e+02 -1.776746283e+02
2213 +2.811975151e+00 +2.811975151e+00 -1.777280248e+02 -1.777280248e+02
2379 +2.729976964e+00 +2.729976964e+00 -1.778100230e+02 -1.778100230e+02
2422 +2.655262775e+00 +2.655262775e+00 -1.778847372e+02 -1.778847372e+02
2488 +2.605999347e+00 +2.605999347e+00 -1.779340007e+02 -1.779340007e+02
2562 +2.568860336e+00 +2.568860336e+00 -1.779711397e+02 -1.779711397e+02
2578 +2.500143694e+00 +2.500143694e+00 -1.780398563e+02 -1.780398563e+02
2816 +2.419298772e+00 +2.419298772e+00 -1.781207012e+02 -1.781207012e+02
2967 +2.358272918e+00 +2.358272918e+00 -1.781817271e+02 -1.781817271e+02
3139 +2.344079768e+00 +2.344079768e+00 -1.781959202e+02 -1.781959202e+02
3185 +2.277349694e+00 +2.277349694e+00 -1.782626503e+02 -1.782626503e+02
3315 +2.222440166e+00 +2.222440166e+00 -1.783175598e+02 -1.783175598e+02
3482 +2.180999235e+00 +2.180999235e+00 -1.783590008e+02 -1.783590008e+02
3727 +2.135284878e+00 +2.135284878e+00 -1.784047151e+02 -1.784047151e+02
5226 +2.088949475e+00 +2.088949475e+00 -1.784510505e+02 -1.784510505e+02
% function evaluation | noise-free fitness - Fopt (9.752000000000e+01) | best noise-free fitness - Fopt | measured fitness | best measured fitness | x1 | x2...
1 +3.449670211e+04 +3.449670211e+04 +3.459422211e+04 +3.459422211e+04
7 +1.953123802e+04 +1.953123802e+04 +1.962875802e+04 +1.962875802e+04
20 +1.677127450e+04 +1.677127450e+04 +1.686879450e+04 +1.686879450e+04
130 +1.301081812e+04 +1.301081812e+04 +1.310833812e+04 +1.310833812e+04
194 +1.211527533e+04 +1.211527533e+04 +1.221279533e+04 +1.221279533e+04
238 +1.183809908e+04 +1.183809908e+04 +1.193561908e+04 +1.193561908e+04
240 +9.278345003e+03 +9.278345003e+03 +9.375865003e+03 +9.375865003e+03
277 +7.276661454e+03 +7.276661454e+03 +7.374181454e+03 +7.374181454e+03
329 +6.352144350e+03 +6.352144350e+03 +6.449664350e+03 +6.449664350e+03
520 +5.980653547e+03 +5.980653547e+03 +6.078173547e+03 +6.078173547e+03
523 +5.093400278e+03 +5.093400278e+03 +5.190920278e+03 +5.190920278e+03
534 +3.438823104e+03 +3.438823104e+03 +3.536343104e+03 +3.536343104e+03
557 +3.327464683e+03 +3.327464683e+03 +3.424984683e+03 +3.424984683e+03
567 +3.192385535e+03 +3.192385535e+03 +3.289905535e+03 +3.289905535e+03
570 +2.501531310e+03 +2.501531310e+03 +2.599051310e+03 +2.599051310e+03
573 +2.216039633e+03 +2.216039633e+03 +2.313559633e+03 +2.313559633e+03
577 +1.818958842e+03 +1.818958842e+03 +1.916478842e+03 +1.916478842e+03
629 +1.725682457e+03 +1.725682457e+03 +1.823202457e+03 +1.823202457e+03
683 +1.491368030e+03 +1.491368030e+03 +1.588888030e+03 +1.588888030e+03
787 +1.438687148e+03 +1.438687148e+03 +1.536207148e+03 +1.536207148e+03
804 +1.122326802e+03 +1.122326802e+03 +1.219846802e+03 +1.219846802e+03
820 +7.961835499e+02 +7.961835499e+02 +8.937035499e+02 +8.937035499e+02
822 +5.886448456e+02 +5.886448456e+02 +6.861648456e+02 +6.861648456e+02
854 +3.846218190e+02 +3.846218190e+02 +4.821418190e+02 +4.821418190e+02
864 +3.629656418e+02 +3.629656418e+02 +4.604856418e+02 +4.604856418e+02
885 +2.271986693e+02 +2.271986693e+02 +3.247186693e+02 +3.247186693e+02
892 +1.435653573e+02 +1.435653573e+02 +2.410853573e+02 +2.410853573e+02
896 +8.531188118e+01 +8.531188118e+01 +1.828318812e+02 +1.828318812e+02
964 +6.761186940e+01 +6.761186940e+01 +1.651318694e+02 +1.651318694e+02
966 +3.276008391e+01 +3.276008391e+01 +1.302800839e+02 +1.302800839e+02
1045 +9.350490728e+00 +9.350490728e+00 +1.068704907e+02 +1.068704907e+02
1056 +4.720710441e+00 +4.720710441e+00 +1.022407104e+02 +1.022407104e+02
1120 +4.405419320e+00 +4.405419320e+00 +1.019254193e+02 +1.019254193e+02
1146 +4.292484566e+00 +4.292484566e+00 +1.018124846e+02 +1.018124846e+02
1147 +4.213015380e+00 +4.213015380e+00 +1.017330154e+02 +1.017330154e+02
1166 +4.155296166e+00 +4.155296166e+00 +1.016752962e+02 +1.016752962e+02
1180 +3.899588780e+00 +3.899588780e+00 +1.014195888e+02 +1.014195888e+02
1223 +3.856146775e+00 +3.856146775e+00 +1.013761468e+02 +1.013761468e+02
1451 +3.671029659e+00 +3.671029659e+00 +1.011910297e+02 +1.011910297e+02
1557 +3.469481898e+00 +3.469481898e+00 +1.009894819e+02 +1.009894819e+02
1569 +3.442406285e+00 +3.442406285e+00 +1.009624063e+02 +1.009624063e+02
1583 +3.324438859e+00 +3.324438859e+00 +1.008444389e+02 +1.008444389e+02
1590 +3.301614633e+00 +3.301614633e+00 +1.008216146e+02 +1.008216146e+02
1866 +3.223974107e+00 +3.223974107e+00 +1.007439741e+02 +1.007439741e+02
1875 +3.107158714e+00 +3.107158714e+00 +1.006271587e+02 +1.006271587e+02
1877 +3.042907852e+00 +3.042907852e+00 +1.005629079e+02 +1.005629079e+02
1896 +2.968257788e+00 +2.968257788e+00 +1.004882578e+02 +1.004882578e+02
1928 +2.936927631e+00 +2.936927631e+00 +1.004569276e+02 +1.004569276e+02
1962 +2.811681143e+00 +2.811681143e+00 +1.003316811e+02 +1.003316811e+02
2110 +2.732998748e+00 +2.732998748e+00 +1.002529987e+02 +1.002529987e+02
2134 +2.684849063e+00 +2.684849063e+00 +1.002048491e+02 +1.002048491e+02
2158 +2.602706342e+00 +2.602706342e+00 +1.001227063e+02 +1.001227063e+02
2216 +2.560725799e+00 +2.560725799e+00 +1.000807258e+02 +1.000807258e+02
2238 +2.494420991e+00 +2.494420991e+00 +1.000144210e+02 +1.000144210e+02
2274 +2.442306607e+00 +2.442306607e+00 +9.996230661e+01 +9.996230661e+01
2306 +2.388841707e+00 +2.388841707e+00 +9.990884171e+01 +9.990884171e+01
2382 +2.289635587e+00 +2.289635587e+00 +9.980963559e+01 +9.980963559e+01
2416 +2.218906600e+00 +2.218906600e+00 +9.973890660e+01 +9.973890660e+01
2473 +2.180449677e+00 +2.180449677e+00 +9.970044968e+01 +9.970044968e+01
2539 +2.102574954e+00 +2.102574954e+00 +9.962257495e+01 +9.962257495e+01
2699 +2.083649538e+00 +2.083649538e+00 +9.960364954e+01 +9.960364954e+01
2719 +2.038949000e+00 +2.038949000e+00 +9.955894900e+01 +9.955894900e+01
2855 +1.990913617e+00 +1.990913617e+00 +9.951091362e+01 +9.951091362e+01
3042 +1.947894976e+00 +1.947894976e+00 +9.946789498e+01 +9.946789498e+01
3263 +1.901244058e+00 +1.901244058e+00 +9.942124406e+01 +9.942124406e+01
3841 +1.861133713e+00 +1.861133713e+00 +9.938113371e+01 +9.938113371e+01
4457 +1.817801575e+00 +1.817801575e+00 +9.933780158e+01 +9.933780158e+01
5871 +1.777973526e+00 +1.777973526e+00 +9.929797353e+01 +9.929797353e+01
% function evaluation | noise-free fitness - Fopt (1.241000000000e+01) | best noise-free fitness - Fopt | measured fitness | best measured fitness | x1 | x2...
1 +3.449670211e+04 +3.449670211e+04 +3.450911211e+04 +3.450911211e+04
8 +2.485206805e+04 +2.485206805e+04 +2.486447805e+04 +2.486447805e+04
30 +1.667451338e+04 +1.667451338e+04 +1.668692338e+04 +1.668692338e+04
67 +1.345931454e+04 +1.345931454e+04 +1.347172454e+04 +1.347172454e+04
72 +7.923684761e+03 +7.923684761e+03 +7.936094761e+03 +7.936094761e+03
96 +7.070398866e+03 +7.070398866e+03 +7.082808866e+03 +7.082808866e+03
170 +6.214393339e+03 +6.214393339e+03 +6.226803339e+03 +6.226803339e+03
177 +5.604776333e+03 +5.604776333e+03 +5.617186333e+03 +5.617186333e+03
183 +4.475798171e+03 +4.475798171e+03 +4.488208171e+03 +4.488208171e+03
195 +3.455388609e+03 +3.455388609e+03 +3.467798609e+03 +3.467798609e+03
217 +3.332498399e+03 +3.332498399e+03 +3.344908399e+03 +3.344908399e+03
228 +2.926361695e+03 +2.926361695e+03 +2.938771695e+03 +2.938771695e+03
248 +1.865179754e+03 +1.865179754e+03 +1.877589754e+03 +1.877589754e+03
330 +1.053781553e+03 +1.053781553e+03 +1.066191553e+03 +1.066191553e+03
335 +9.730992014e+02 +9.730992014e+02 +9.855092014e+02 +9.855092014e+02
336 +5.029856945e+02 +5.029856945e+02 +5.153956945e+02 +5.153956945e+02
381 +2.500660415e+02 +2.500660415e+02 +2.624760415e+02 +2.624760415e+02
385 +7.789422929e+01 +7.789422929e+01 +9.030422929e+01 +9.030422929e+01
766 +7.478921979e+01 +7.478921979e+01 +8.719921979e+01 +8.719921979e+01
782 +1.427997524e+01 +1.427997524e+01 +2.668997524e+01 +2.668997524e+01
797 +5.025959967e+00 +5.025959967e+00 +1.743595997e+01 +1.743595997e+01
819 +4.630674578e+00 +4.630674578e+00 +1.704067458e+01 +1.704067458e+01
834 +4.440710095e+00 +4.440710095e+00 +1.685071009e+01 +1.685071009e+01
1058 +4.360791985e+00 +4.360791985e+00 +1.677079199e+01 +1.677079199e+01
1098 +3.987663734e+00 +3.987663734e+00 +1.639766373e+01 +1.639766373e+01
1102 +3.921085058e+00 +3.921085058e+00 +1.633108506e+01 +1.633108506e+01
1105 +3.882500951e+00 +3.882500951e+00 +1.629250095e+01 +1.629250095e+01
1125 +3.738978638e+00 +3.738978638e+00 +1.614897864e+01 +1.614897864e+01
1217 +3.703234178e+00 +3.703234178e+00 +1.611323418e+01 +1.611323418e+01
1228 +3.477552773e+00 +3.477552773e+00 +1.588755277e+01 +1.588755277e+01
1393 +3.461808949e+00 +3.461808949e+00 +1.587180895e+01 +1.587180895e+01
1459 +3.300789200e+00 +3.300789200e+00 +1.571078920e+01 +1.571078920e+01
1466 +3.121607361e+00 +3.121607361e+00 +1.553160736e+01 +1.553160736e+01
1496 +3.060989573e+00 +3.060989573e+00 +1.547098957e+01 +1.547098957e+01
1686 +2.853616080e+00 +2.853616080e+00 +1.526361608e+01 +1.526361608e+01
1791 +2.778110308e+00 +2.778110308e+00 +1.518811031e+01 +1.518811031e+01
1796 +2.722786029e+00 +2.722786029e+00 +1.513278603e+01 +1.513278603e+01
1810 +2.689970658e+00 +2.689970658e+00 +1.509997066e+01 +1.509997066e+01
1887 +2.566520261e+00 +2.566520261e+00 +1.497652026e+01 +1.497652026e+01
1977 +2.465766543e+00 +2.465766543e+00 +1.487576654e+01 +1.487576654e+01
1995 +2.452857149e+00 +2.452857149e+00 +1.486285715e+01 +1.486285715e+01
2005 +2.388338570e+00 +2.388338570e+00 +1.479833857e+01 +1.479833857e+01
2081 +2.264919276e+00 +2.264919276e+00 +1.467491928e+01 +1.467491928e+01
2092 +2.223966850e+00 +2.223966850e+00 +1.463396685e+01 +1.463396685e+01
2172 +2.168565624e+00 +2.168565624e+00 +1.457856562e+01 +1.457856562e+01
2195 +2.132399102e+00 +2.132399102e+00 +1.454239910e+01 +1.454239910e+01
2268 +2.077515835e+00 +2.077515835e+00 +1.448751583e+01 +1.448751583e+01
2298 +2.018338915e+00 +2.018338915e+00 +1.442833892e+01 +1.442833892e+01
2310 +1.979856448e+00 +1.979856448e+00 +1.438985645e+01 +1.438985645e+01
2425 +1.947954459e+00 +1.947954459e+00 +1.435795446e+01 +1.435795446e+01
2594 +1.904463431e+00 +1.904463431e+00 +1.431446343e+01 +1.431446343e+01
2776 +1.861918915e+00 +1.861918915e+00 +1.427191891e+01 +1.427191891e+01
2957 +1.819700087e+00 +1.819700087e+00 +1.422970009e+01 +1.422970009e+01
% function evaluation | noise-free fitness - Fopt (1.090700000000e+02) | best noise-free fitness - Fopt | measured fitness | best measured fitness | x1 | x2...
1 +3.449670211e+04 +3.449670211e+04 +3.460577211e+04 +3.460577211e+04
7 +3.032028955e+04 +3.032028955e+04 +3.042935955e+04 +3.042935955e+04
20 +2.987750443e+04 +2.987750443e+04 +2.998657443e+04 +2.998657443e+04
31 +2.210906851e+04 +2.210906851e+04 +2.221813851e+04 +2.221813851e+04
44 +2.116329226e+04 +2.116329226e+04 +2.127236226e+04 +2.127236226e+04
54 +2.061926194e+04 +2.061926194e+04 +2.072833194e+04 +2.072833194e+04
126 +1.881172332e+04 +1.881172332e+04 +1.892079332e+04 +1.892079332e+04
148 +1.611083352e+04 +1.611083352e+04 +1.621990352e+04 +1.621990352e+04
153 +1.315395765e+04 +1.315395765e+04 +1.326302765e+04 +1.326302765e+04
163 +1.149454121e+04 +1.149454121e+04 +1.160361121e+04 +1.160361121e+04
172 +1.144127582e+04 +1.144127582e+04 +1.155034582e+04 +1.155034582e+04
177 +8.890018127e+03 +8.890018127e+03 +8.999088127e+03 +8.999088127e+03
183 +8.334262822e+03 +8.334262822e+03 +8.443332822e+03 +8.443332822e+03
184 +7.843607594e+03 +7.843607594e+03 +7.952677594e+03 +7.952677594e+03
190 +6.790737718e+03 +6.790737718e+03 +6.899807718e+03 +6.899807718e+03
229 +6.694913701e+03 +6.694913701e+03 +6.803983701e+03 +6.803983701e+03
284 +6.580518175e+03 +6.580518175e+03 +6.689588175e+03 +6.689588175e+03
285 +6.275768962e+03 +6.275768962e+03 +6.384838962e+03 +6.384838962e+03
317 +5.790224980e+03 +5.790224980e+03 +5.899294980e+03 +5.899294980e+03
320 +4.335555759e+03 +4.335555759e+03 +4.444625759e+03 +4.444625759e+03
332 +4.168459453e+03 +4.168459453e+03 +4.277529453e+03 +4.277529453e+03
334 +3.170984607e+03 +3.170984607e+03 +3.280054607e+03 +3.280054607e+03
343 +2.630016947e+03 +2.630016947e+03 +2.739086947e+03 +2.739086947e+03
358 +2.050013945e+03 +2.050013945e+03 +2.159083945e+03 +2.159083945e+03
362 +1.877688676e+03 +1.877688676e+03 +1.986758676e+03 +1.986758676e+03
365 +1.304829243e+03 +1.304829243e+03 +1.413899243e+03 +1.413899243e+03
378 +8.630252516e+02 +8.630252516e+02 +9.720952516e+02 +9.720952516e+02
390 +7.746491003e+02 +7.746491003e+02 +8.837191003e+02 +8.837191003e+02
395 +2.933326218e+02 +2.933326218e+02 +4.024026218e+02 +4.024026218e+02
396 +2.427526493e+02 +2.427526493e+02 +3.518226493e+02 +3.518226493e+02
402 +1.950177177e+02 +1.950177177e+02 +3.040877177e+02 +3.040877177e+02
430 +8.730463384e+01 +8.730463384e+01 +1.963746338e+02 +1.963746338e+02
436 +4.010268706e+01 +4.010268706e+01 +1.491726871e+02 +1.491726871e+02
473 +1.208606856e+01 +1.208606856e+01 +1.211560686e+02 +1.211560686e+02
493 +7.451095252e+00 +7.451095252e+00 +1.165210953e+02 +1.165210953e+02
501 +4.323722133e+00 +4.323722133e+00 +1.133937221e+02 +1.133937221e+02
508 +3.927280321e+00 +3.927280321e+00 +1.129972803e+02 +1.129972803e+02
567 +3.814192954e+00 +3.814192954e+00 +1.128841930e+02 +1.128841930e+02
638 +3.786060668e+00 +3.786060668e+00 +1.128560607e+02 +1.128560607e+02
718 +3.637018185e+00 +3.637018185e+00 +1.127070182e+02 +1.127070182e+02
1016 +3.466555212e+00 +3.466555212e+00 +1.125365552e+02 +1.125365552e+02
1098 +3.255895014e+00 +3.255895014e+00 +1.123258950e+02 +1.123258950e+02
1510 +3.177982036e+00 +3.177982036e+00 +1.122479820e+02 +1.122479820e+02
1522 +3.112988537e+00 +3.112988537e+00 +1.121829885e+02 +1.121829885e+02
1541 +3.064893758e+00 +3.064893758e+00 +1.121348938e+02 +1.121348938e+02
1573 +3.002421979e+00 +3.002421979e+00 +1.120724220e+02 +1.120724220e+02
1585 +2.942095270e+00 +2.942095270e+00 +1.120120953e+02 +1.120120953e+02
1683 +2.872996463e+00 +2.872996463e+00 +1.119429965e+02 +1.119429965e+02
1709 +2.818068441e+00 +2.818068441e+00 +1.118880684e+02 +1.118880684e+02
1720 +2.684548660e+00 +2.684548660e+00 +1.117545487e+02 +1.117545487e+02
1757 +2.628794842e+00 +2.628794842e+00 +1.116987948e+02 +1.116987948e+02
1793 +2.542144798e+00 +2.542144798e+00 +1.116121448e+02 +1.116121448e+02
1857 +2.461282215e+00 +2.461282215e+00 +1.115312822e+02 +1.115312822e+02
1877 +2.356279338e+00 +2.356279338e+00 +1.114262793e+02 +1.114262793e+02
1890 +2.323372255e+00 +2.323372255e+00 +1.113933723e+02 +1.113933723e+02
1952 +2.284011821e+00 +2.284011821e+00 +1.113540118e+02 +1.113540118e+02
2007 +2.232210872e+00 +2.232210872e+00 +1.113022109e+02 +1.113022109e+02
2156 +2.169812572e+00 +2.169812572e+00 +1.112398126e+02 +1.112398126e+02
2305 +2.127916950e+00 +2.127916950e+00 +1.111979169e+02 +1.111979169e+02
2473 +2.078805882e+00 +2.078805882e+00 +1.111488059e+02 +1.111488059e+02
2615 +2.041367882e+00 +2.041367882e+00 +1.111113679e+02 +1.111113679e+02
2961 +1.992335036e+00 +1.992335036e+00 +1.110623350e+02 +1.110623350e+02
3356 +1.949631144e+00 +1.949631144e+00 +1.110196311e+02 +1.110196311e+02
