% function evaluation | noise-free fitness - Fopt (-5.235000000000e+01) | best noise-free fitness - Fopt | measured fitness | best measured fitness | x1 | x2...
1 +1.487914355e+00 +1.487914355e+00 -5.086208564e+01 -5.086208564e+01 +0.0000e+00 +0.0000e+00
4 +3.375363691e-01 +3.375363691e-01 -5.201246363e+01 -5.201246363e+01 -7.3648e-01 -6.3265e-01
16 +1.533660726e-01 +1.533660726e-01 -5.219663393e+01 -5.219663393e+01 -6.3597e-01 -1.5610e+00
38 +6.952294829e-02 +6.952294829e-02 -5.228047705e+01 -5.228047705e+01 -7.8057e-01 -1.3165e+00
57 +6.699396382e-02 +6.699396382e-02 -5.228300604e+01 -5.228300604e+01 -7.6509e-01 -1.3838e+00
59 +3.170652424e-02 +3.170652424e-02 -5.231829348e+01 -5.231829348e+01 -8.2883e-01 -1.2829e+00
106 +2.221796326e-02 +2.221796326e-02 -5.232778204e+01 -5.232778204e+01 -8.3422e-01 -1.4597e+00
123 +6.472791477e-03 +6.472791477e-03 -5.234352721e+01 -5.234352721e+01 -8.2222e-01 -1.4220e+00
126 +2.505102123e-03 +2.505102123e-03 -5.234749490e+01 -5.234749490e+01 -8.8786e-01 -1.1767e+00
137 +2.165276071e-03 +2.165276071e-03 -5.234783472e+01 -5.234783472e+01 -8.4549e-01 -1.3351e+00
212 +7.140604595e-04 +7.140604595e-04 -5.234928594e+01 -5.234928594e+01 -8.5990e-01 -1.2922e+00
247 +3.164479994e-04 +3.164479994e-04 -5.234968355e+01 -5.234968355e+01 -8.6394e-01 -1.2758e+00
396 +4.851980171e-05 +4.851980171e-05 -5.234995148e+01 -5.234995148e+01 -8.8020e-01 -1.2147e+00
1192 +4.230749767e-05 +4.230749767e-05 -5.234995769e+01 -5.234995769e+01 -8.6300e-01 -1.2780e+00
1203 +3.941622380e-05 +3.941622380e-05 -5.234996058e+01 -5.234996058e+01 -8.6348e-01 -1.2762e+00
1210 +3.780730753e-05 +3.780730753e-05 -5.234996219e+01 -5.234996219e+01 -8.6361e-01 -1.2757e+00
1223 +3.530171109e-05 +3.530171109e-05 -5.234996470e+01 -5.234996470e+01 -8.6386e-01 -1.2748e+00
1232 +3.308778872e-05 +3.308778872e-05 -5.234996691e+01 -5.234996691e+01 -8.6396e-01 -1.2744e+00
1236 +2.831723965e-05 +2.831723965e-05 -5.234997168e+01 -5.234997168e+01 -8.6410e-01 -1.2739e+00
1238 +2.670086539e-05 +2.670086539e-05 -5.234997330e+01 -5.234997330e+01 -8.6425e-01 -1.2734e+00
1246 +2.532072367e-05 +2.532072367e-05 -5.234997468e+01 -5.234997468e+01 -8.6434e-01 -1.2731e+00
1251 +2.507062802e-05 +2.507062802e-05 -5.234997493e+01 -5.234997493e+01 -8.6515e-01 -1.2702e+00
1255 +2.329059809e-05 +2.329059809e-05 -5.234997671e+01 -5.234997671e+01 -8.6454e-01 -1.2724e+00
1266 +2.197940986e-05 +2.197940986e-05 -5.234997802e+01 -5.234997802e+01 -8.6488e-01 -1.2711e+00
1267 +2.123986802e-05 +2.123986802e-05 -5.234997876e+01 -5.234997876e+01 -8.6503e-01 -1.2706e+00
1274 +2.018757699e-05 +2.018757699e-05 -5.234997981e+01 -5.234997981e+01 -8.6496e-01 -1.2708e+00
1275 +1.959720226e-05 +1.959720226e-05 -5.234998040e+01 -5.234998040e+01 -8.6521e-01 -1.2699e+00
1287 +1.719250014e-05 +1.719250014e-05 -5.234998281e+01 -5.234998281e+01 -8.6546e-01 -1.2690e+00
1293 +1.452894354e-05 +1.452894354e-05 -5.234998547e+01 -5.234998547e+01 -8.6565e-01 -1.2683e+00
1295 +1.403684085e-05 +1.403684085e-05 -5.234998596e+01 -5.234998596e+01 -8.6584e-01 -1.2676e+00
1302 +1.357996089e-05 +1.357996089e-05 -5.234998642e+01 -5.234998642e+01 -8.6577e-01 -1.2678e+00
1303 +1.334905305e-05 +1.334905305e-05 -5.234998665e+01 -5.234998665e+01 -8.6589e-01 -1.2674e+00
1308 +8.606282336e-06 +8.606282336e-06 -5.234999139e+01 -5.234999139e+01 -8.6666e-01 -1.2645e+00
1315 +7.165222854e-06 +7.165222854e-06 -5.234999283e+01 -5.234999283e+01 -8.6705e-01 -1.2631e+00
1318 +6.309132417e-06 +6.309132417e-06 -5.234999369e+01 -5.234999369e+01 -8.6731e-01 -1.2621e+00
1322 +6.051985572e-06 +6.051985572e-06 -5.234999395e+01 -5.234999395e+01 -8.6740e-01 -1.2618e+00
1329 +5.216107432e-06 +5.216107432e-06 -5.234999478e+01 -5.234999478e+01 -8.6833e-01 -1.2583e+00
1330 +4.607387957e-06 +4.607387957e-06 -5.234999539e+01 -5.234999539e+01 -8.6818e-01 -1.2589e+00
1336 +5.878379739e-07 +5.878379739e-07 -5.234999941e+01 -5.234999941e+01 -8.6982e-01 -1.2529e+00
1534 +4.936844462e-07 +4.936844462e-07 -5.234999951e+01 -5.234999951e+01 -8.6994e-01 -1.2524e+00
1553 +4.533325750e-07 +4.533325750e-07 -5.234999955e+01 -5.234999955e+01 -8.7003e-01 -1.2521e+00
1577 +3.927974319e-07 +3.927974319e-07 -5.234999961e+01 -5.234999961e+01 -8.7009e-01 -1.2519e+00
1587 +3.729884455e-07 +3.729884455e-07 -5.234999963e+01 -5.234999963e+01 -8.7014e-01 -1.2517e+00
1601 +3.307460545e-07 +3.307460545e-07 -5.234999967e+01 -5.234999967e+01 -8.7022e-01 -1.2514e+00
1640 +2.694756347e-07 +2.694756347e-07 -5.234999973e+01 -5.234999973e+01 -8.7031e-01 -1.2510e+00
1863 +2.503639820e-07 +2.503639820e-07 -5.234999975e+01 -5.234999975e+01 -8.7038e-01 -1.2508e+00
1872 +2.303462026e-07 +2.303462026e-07 -5.234999977e+01 -5.234999977e+01 -8.7042e-01 -1.2506e+00
1919 +2.237324139e-07 +2.237324139e-07 -5.234999978e+01 -5.234999978e+01 -8.7042e-01 -1.2506e+00
1935 +2.164026398e-07 +2.164026398e-07 -5.234999978e+01 -5.234999978e+01 -8.7046e-01 -1.2505e+00
1947 +1.931483666e-07 +1.931483666e-07 -5.234999981e+01 -5.234999981e+01 -8.7050e-01 -1.2503e+00
1952 +1.706927648e-07 +1.706927648e-07 -5.234999983e+01 -5.234999983e+01 -8.7056e-01 -1.2501e+00
1963 +1.591012122e-07 +1.591012122e-07 -5.234999984e+01 -5.234999984e+01 -8.7058e-01 -1.2500e+00
1975 +1.509459651e-07 +1.509459651e-07 -5.234999985e+01 -5.234999985e+01 -8.7062e-01 -1.2499e+00
1987 +1.357117085e-07 +1.357117085e-07 -5.234999986e+01 -5.234999986e+01 -8.7066e-01 -1.2498e+00
1991 +1.331645905e-07 +1.331645905e-07 -5.234999987e+01 -5.234999987e+01 -8.7068e-01 -1.2497e+00
1994 +1.191310233e-07 +1.191310233e-07 -5.234999988e+01 -5.234999988e+01 -8.7073e-01 -1.2495e+00
2000 +1.136423293e-07 +1.136423293e-07 -5.234999989e+01 -5.234999989e+01 -8.7074e-01 -1.2495e+00
2009 +1.105923815e-07 +1.105923815e-07 -5.234999989e+01 -5.234999989e+01 -8.7077e-01 -1.2493e+00
2013 +1.007213868e-07 +1.007213868e-07 -5.234999990e+01 -5.234999990e+01 -8.7099e-01 -1.2485e+00
2014 +9.703433079e-08 +9.703433079e-08 -5.234999990e+01 -5.234999990e+01 -8.7081e-01 -1.2492e+00
2027 +8.323132761e-08 +8.323132761e-08 -5.234999992e+01 -5.234999992e+01 -8.7086e-01 -1.2490e+00
2028 +7.783077649e-08 +7.783077649e-08 -5.234999992e+01 -5.234999992e+01 -8.7091e-01 -1.2488e+00
2041 +6.203278247e-08 +6.203278247e-08 -5.234999994e+01 -5.234999994e+01 -8.7097e-01 -1.2486e+00
2045 +5.361859223e-08 +5.361859223e-08 -5.234999995e+01 -5.234999995e+01 -8.7101e-01 -1.2484e+00
2052 +4.371432993e-08 +4.371432993e-08 -5.234999996e+01 -5.234999996e+01 -8.7108e-01 -1.2482e+00
2063 +4.284174082e-08 +4.284174082e-08 -5.234999996e+01 -5.234999996e+01 -8.7113e-01 -1.2480e+00
2073 +3.397887127e-08 +3.397887127e-08 -5.234999997e+01 -5.234999997e+01 -8.7130e-01 -1.2474e+00
2089 +2.589908377e-08 +2.589908377e-08 -5.234999997e+01 -5.234999997e+01 -8.7128e-01 -1.2474e+00
2094 +1.411286377e-08 +1.411286377e-08 -5.234999999e+01 -5.234999999e+01 -8.7138e-01 -1.2471e+00
2095 +1.126903726e-08 +1.126903726e-08 -5.234999999e+01 -5.234999999e+01 -8.7149e-01 -1.2467e+00
2109 +5.540243819e-10 +5.540243819e-10 -5.235000000e+01 -5.235000000e+01 -8.7179e-01 -1.2456e+00
% function evaluation | noise-free fitness - Fopt (-1.795400000000e+02) | best noise-free fitness - Fopt | measured fitness | best measured fitness | x1 | x2...
1 +7.250272884e-01 +7.250272884e-01 -1.788149727e+02 -1.788149727e+02 +0.0000e+00 +0.0000e+00
3 +3.535214556e-01 +3.535214556e-01 -1.791864785e+02 -1.791864785e+02 +8.0954e-01 -1.2427e-01
5 +1.406592706e-01 +1.406592706e-01 -1.793993407e+02 -1.793993407e+02 +6.9065e-01 +7.1198e-02
14 +3.575222499e-03 +3.575222499e-03 -1.795364248e+02 -1.795364248e+02 +7.9061e-01 +5.1561e-01
153 +6.611992820e-04 +6.611992820e-04 -1.795393388e+02 -1.795393388e+02 +7.5370e-01 +4.3632e-01
276 +4.179153692e-04 +4.179153692e-04 -1.795395821e+02 -1.795395821e+02 +7.6400e-01 +4.5709e-01
306 +5.824114575e-05 +5.824114575e-05 -1.795399418e+02 -1.795399418e+02 +8.0626e-01 +5.3819e-01
577 +5.481521112e-05 +5.481521112e-05 -1.795399452e+02 -1.795399452e+02 +8.1092e-01 +5.4710e-01
587 +5.158415019e-05 +5.158415019e-05 -1.795399484e+02 -1.795399484e+02 +8.1061e-01 +5.4646e-01
1114 +5.120363844e-05 +5.120363844e-05 -1.795399488e+02 -1.795399488e+02 +8.1065e-01 +5.4657e-01
1148 +4.994952829e-05 +4.994952829e-05 -1.795399501e+02 -1.795399501e+02 +8.1043e-01 +5.4615e-01
1156 +4.858228812e-05 +4.858228812e-05 -1.795399514e+02 -1.795399514e+02 +8.1031e-01 +5.4592e-01
1162 +4.746743014e-05 +4.746743014e-05 -1.795399525e+02 -1.795399525e+02 +8.1018e-01 +5.4567e-01
1174 +4.486520416e-05 +4.486520416e-05 -1.795399551e+02 -1.795399551e+02 +8.0982e-01 +5.4498e-01
1183 +4.465239547e-05 +4.465239547e-05 -1.795399553e+02 -1.795399553e+02 +8.0990e-01 +5.4511e-01
1190 +4.323762951e-05 +4.323762951e-05 -1.795399568e+02 -1.795399568e+02 +8.0962e-01 +5.4459e-01
1191 +4.265310582e-05 +4.265310582e-05 -1.795399573e+02 -1.795399573e+02 +8.0953e-01 +5.4441e-01
1194 +4.141923418e-05 +4.141923418e-05 -1.795399586e+02 -1.795399586e+02 +8.0942e-01 +5.4420e-01
1199 +4.043275547e-05 +4.043275547e-05 -1.795399596e+02 -1.795399596e+02 +8.0915e-01 +5.4369e-01
1201 +3.713550240e-05 +3.713550240e-05 -1.795399629e+02 -1.795399629e+02 +8.0878e-01 +5.4297e-01
1202 +3.066361472e-05 +3.066361472e-05 -1.795399693e+02 -1.795399693e+02 +8.0784e-01 +5.4113e-01
1212 +2.973313983e-05 +2.973313983e-05 -1.795399703e+02 -1.795399703e+02 +8.0771e-01 +5.4089e-01
1213 +2.143303348e-05 +2.143303348e-05 -1.795399786e+02 -1.795399786e+02 +8.0613e-01 +5.3784e-01
1222 +1.048472902e-05 +1.048472902e-05 -1.795399895e+02 -1.795399895e+02 +8.0307e-01 +5.3193e-01
1232 +6.878073464e-06 +6.878073464e-06 -1.795399931e+02 -1.795399931e+02 +8.0062e-01 +5.2719e-01
1234 +5.912425166e-06 +5.912425166e-06 -1.795399941e+02 -1.795399941e+02 +8.0119e-01 +5.2828e-01
1238 +5.836966039e-06 +5.836966039e-06 -1.795399942e+02 -1.795399942e+02 +8.0127e-01 +5.2844e-01
1243 +1.737088041e-06 +1.737088041e-06 -1.795399983e+02 -1.795399983e+02 +7.9575e-01 +5.1775e-01
1252 +4.199671366e-08 +4.199671366e-08 -1.795400000e+02 -1.795400000e+02 +7.9396e-01 +5.1429e-01
1579 +1.038142727e-08 +1.038142727e-08 -1.795400000e+02 -1.795400000e+02 +7.9455e-01 +5.1544e-01
% function evaluation | noise-free fitness - Fopt (7.731000000000e+01) | best noise-free fitness - Fopt | measured fitness | best measured fitness | x1 | x2...
1 +9.434104222e-01 +9.434104222e-01 +7.825341042e+01 +7.825341042e+01 +0.0000e+00 +0.0000e+00
2 +6.792460265e-01 +6.792460265e-01 +7.798924603e+01 +7.798924603e+01 +2.3169e-01 -3.0826e-01
6 +4.582379267e-01 +4.582379267e-01 +7.776823793e+01 +7.776823793e+01 +1.3584e+00 -5.3024e-01
16 +4.330310437e-01 +4.330310437e-01 +7.774303104e+01 +7.774303104e+01 +1.2985e+00 -1.0477e+00
17 +3.325145150e-01 +3.325145150e-01 +7.764251451e+01 +7.764251451e+01 +1.2119e+00 -8.9404e-01
31 +9.027171228e-02 +9.027171228e-02 +7.740027171e+01 +7.740027171e+01 +9.8321e-01 -6.5144e-01
37 +6.679470296e-02 +6.679470296e-02 +7.737679470e+01 +7.737679470e+01 +9.3766e-01 -2.1064e-01
65 +5.618500841e-02 +5.618500841e-02 +7.736618501e+01 +7.736618501e+01 +8.3136e-01 -7.4660e-01
69 +7.988605799e-03 +7.988605799e-03 +7.731798861e+01 +7.731798861e+01 +8.8515e-01 -6.4524e-01
108 +6.657656546e-03 +6.657656546e-03 +7.731665766e+01 +7.731665766e+01 +8.8491e-01 -6.7386e-01
151 +7.529921627e-04 +7.529921627e-04 +7.731075299e+01 +7.731075299e+01 +8.9974e-01 -5.1993e-01
164 +2.974378267e-04 +2.974378267e-04 +7.731029744e+01 +7.731029744e+01 +8.9860e-01 -5.5054e-01
240 +1.976991250e-05 +1.976991250e-05 +7.731001977e+01 +7.731001977e+01 +8.9597e-01 -5.9432e-01
287 +4.705179819e-06 +4.705179819e-06 +7.731000471e+01 +7.731000471e+01 +8.9549e-01 -6.0269e-01
422 +2.870251294e-06 +2.870251294e-06 +7.731000287e+01 +7.731000287e+01 +8.9559e-01 -6.0106e-01
515 +2.264477672e-06 +2.264477672e-06 +7.731000226e+01 +7.731000226e+01 +8.9550e-01 -6.0255e-01
556 +3.475140034e-07 +3.475140034e-07 +7.731000035e+01 +7.731000035e+01 +8.9552e-01 -6.0227e-01
683 +3.278503300e-07 +3.278503300e-07 +7.731000033e+01 +7.731000033e+01 +8.9551e-01 -6.0231e-01
720 +2.305526721e-07 +2.305526721e-07 +7.731000023e+01 +7.731000023e+01 +8.9551e-01 -6.0234e-01
868 +2.032374908e-07 +2.032374908e-07 +7.731000020e+01 +7.731000020e+01 +8.9551e-01 -6.0233e-01
883 +1.943704575e-07 +1.943704575e-07 +7.731000019e+01 +7.731000019e+01 +8.9551e-01 -6.0233e-01
894 +1.898048083e-07 +1.898048083e-07 +7.731000019e+01 +7.731000019e+01 +8.9551e-01 -6.0233e-01
901 +1.840942190e-07 +1.840942190e-07 +7.731000018e+01 +7.731000018e+01 +8.9551e-01 -6.0233e-01
1173 +1.817537907e-07 +1.817537907e-07 +7.731000018e+01 +7.731000018e+01 +8.9551e-01 -6.0235e-01
1232 +1.764398405e-07 +1.764398405e-07 +7.731000018e+01 +7.731000018e+01 +8.9551e-01 -6.0242e-01
1246 +1.732764900e-07 +1.732764900e-07 +7.731000017e+01 +7.731000017e+01 +8.9551e-01 -6.0244e-01
1255 +1.678921819e-07 +1.678921819e-07 +7.731000017e+01 +7.731000017e+01 +8.9550e-01 -6.0250e-01
1262 +1.640208183e-07 +1.640208183e-07 +7.731000016e+01 +7.731000016e+01 +8.9550e-01 -6.0254e-01
1266 +1.590971976e-07 +1.590971976e-07 +7.731000016e+01 +7.731000016e+01 +8.9550e-01 -6.0261e-01
1275 +1.517320243e-07 +1.517320243e-07 +7.731000015e+01 +7.731000015e+01 +8.9549e-01 -6.0271e-01
1276 +1.432845806e-07 +1.432845806e-07 +7.731000014e+01 +7.731000014e+01 +8.9548e-01 -6.0286e-01
1282 +1.237901444e-07 +1.237901444e-07 +7.731000012e+01 +7.731000012e+01 +8.9547e-01 -6.0304e-01
1294 +9.906592879e-08 +9.906592879e-08 +7.731000010e+01 +7.731000010e+01 +8.9545e-01 -6.0343e-01
1304 +7.809177305e-08 +7.809177305e-08 +7.731000008e+01 +7.731000008e+01 +8.9544e-01 -6.0374e-01
1307 +6.855550794e-08 +6.855550794e-08 +7.731000007e+01 +7.731000007e+01 +8.9541e-01 -6.0420e-01
1313 +5.246050705e-08 +5.246050705e-08 +7.731000005e+01 +7.731000005e+01 +8.9537e-01 -6.0491e-01
1314 +4.956955024e-08 +4.956955024e-08 +7.731000005e+01 +7.731000005e+01 +8.9539e-01 -6.0464e-01
1318 +4.681922405e-08 +4.681922405e-08 +7.731000005e+01 +7.731000005e+01 +8.9538e-01 -6.0467e-01
1319 +4.297727685e-08 +4.297727685e-08 +7.731000004e+01 +7.731000004e+01 +8.9539e-01 -6.0455e-01
1325 +2.517008113e-08 +2.517008113e-08 +7.731000003e+01 +7.731000003e+01 +8.9533e-01 -6.0561e-01
1334 +1.755400092e-08 +1.755400092e-08 +7.731000002e+01 +7.731000002e+01 +8.9533e-01 -6.0558e-01
1335 +1.706048636e-08 +1.706048636e-08 +7.731000002e+01 +7.731000002e+01 +8.9534e-01 -6.0546e-01
1337 +1.362975866e-08 +1.362975866e-08 +7.731000001e+01 +7.731000001e+01 +8.9532e-01 -6.0575e-01
1345 +6.216524184e-09 +6.216524184e-09 +7.731000001e+01 +7.731000001e+01 +8.9521e-01 -6.0784e-01
% function evaluation | noise-free fitness - Fopt (3.992000000000e+01) | best noise-free fitness - Fopt | measured fitness | best measured fitness | x1 | x2...
1 +9.795359042e+00 +9.795359042e+00 +4.971535904e+01 +4.971535904e+01 +0.0000e+00 +0.0000e+00
2 +8.577487624e+00 +8.577487624e+00 +4.849748762e+01 +4.849748762e+01 -2.0111e+00 -8.0018e-01
6 +4.840188404e+00 +4.840188404e+00 +4.476018840e+01 +4.476018840e+01 +1.2647e-01 -5.9230e-01
7 +1.683685809e+00 +1.683685809e+00 +4.160368581e+01 +4.160368581e+01 +2.1769e+00 -9.0481e-01
14 +1.112539578e+00 +1.112539578e+00 +4.103253958e+01 +4.103253958e+01 +2.8805e+00 -1.3747e+00
15 +9.388097374e-01 +9.388097374e-01 +4.085880974e+01 +4.085880974e+01 +3.1458e+00 -1.6747e+00
19 +4.406727917e-01 +4.406727917e-01 +4.036067279e+01 +4.036067279e+01 +3.5279e+00 -1.1950e+00
45 +2.331019396e-01 +2.331019396e-01 +4.015310194e+01 +4.015310194e+01 +3.7298e+00 -1.1465e+00
51 +1.493417840e-01 +1.493417840e-01 +4.006934178e+01 +4.006934178e+01 +3.7222e+00 -7.9062e-01
52 +4.195083080e-02 +4.195083080e-02 +3.996195083e+01 +3.996195083e+01 +3.9379e+00 -8.7089e-01
85 +2.417287880e-02 +2.417287880e-02 +3.994417288e+01 +3.994417288e+01 +3.8791e+00 -7.9226e-01
102 +6.904704045e-03 +6.904704045e-03 +3.992690470e+01 +3.992690470e+01 +3.9424e+00 -1.0152e+00
122 +3.834841730e-03 +3.834841730e-03 +3.992383484e+01 +3.992383484e+01 +3.9925e+00 -1.2203e+00
165 +1.164554633e-03 +1.164554633e-03 +3.992116455e+01 +3.992116455e+01 +3.9476e+00 -1.0639e+00
201 +7.734889795e-04 +7.734889795e-04 +3.992077349e+01 +3.992077349e+01 +3.9602e+00 -1.1078e+00
212 +2.478824588e-04 +2.478824588e-04 +3.992024788e+01 +3.992024788e+01 +3.9489e+00 -1.0633e+00
235 +1.899537580e-04 +1.899537580e-04 +3.992018995e+01 +3.992018995e+01 +3.9524e+00 -1.0775e+00
247 +1.760776610e-04 +1.760776610e-04 +3.992017608e+01 +3.992017608e+01 +3.9474e+00 -1.0582e+00
323 +1.282097214e-04 +1.282097214e-04 +3.992012821e+01 +3.992012821e+01 +3.9452e+00 -1.0503e+00
325 +6.799906846e-05 +6.799906846e-05 +3.992006800e+01 +3.992006800e+01 +3.9466e+00 -1.0559e+00
347 +9.490444285e-06 +9.490444285e-06 +3.992000949e+01 +3.992000949e+01 +3.9506e+00 -1.0703e+00
427 +3.295551814e-06 +3.295551814e-06 +3.992000330e+01 +3.992000330e+01 +3.9497e+00 -1.0672e+00
565 +3.093985200e-06 +3.093985200e-06 +3.992000309e+01 +3.992000309e+01 +3.9501e+00 -1.0686e+00
587 +1.272264427e-08 +1.272264427e-08 +3.992000001e+01 +3.992000001e+01 +3.9501e+00 -1.0686e+00
809 +5.139867199e-09 +5.139867199e-09 +3.992000001e+01 +3.992000001e+01 +3.9501e+00 -1.0686e+00
% function evaluation | noise-free fitness - Fopt (-5.661000000000e+01) | best noise-free fitness - Fopt | measured fitness | best measured fitness | x1 | x2...
1 +2.106482508e+01 +2.106482508e+01 -3.554517492e+01 -3.554517492e+01 +0.0000e+00 +0.0000e+00
2 +2.878211683e+00 +2.878211683e+00 -5.373178832e+01 -5.373178832e+01 +1.5077e+00 +3.7856e-01
5 +2.536951399e+00 +2.536951399e+00 -5.407304860e+01 -5.407304860e+01 +1.1168e+00 +1.2887e+00
13 +2.341069434e+00 +2.341069434e+00 -5.426893057e+01 -5.426893057e+01 +2.7693e+00 +7.2608e-01
16 +2.026453254e+00 +2.026453254e+00 -5.458354675e+01 -5.458354675e+01 +2.2919e+00 +9.0215e-01
17 +9.553567529e-01 +9.553567529e-01 -5.565464325e+01 -5.565464325e+01 +1.7342e+00 +1.8598e+00
29 +5.528242641e-01 +5.528242641e-01 -5.605717574e+01 -5.605717574e+01 +1.6205e+00 +3.3957e+00
33 +4.991666237e-01 +4.991666237e-01 -5.611083338e+01 -5.611083338e+01 +2.4146e+00 +2.5487e+00
38 +2.006102639e-02 +2.006102639e-02 -5.658993897e+01 -5.658993897e+01 +2.2082e+00 +3.0067e+00
126 +1.442689964e-02 +1.442689964e-02 -5.659557310e+01 -5.659557310e+01 +1.8815e+00 +2.8841e+00
149 +3.585200668e-03 +3.585200668e-03 -5.660641480e+01 -5.660641480e+01 +1.8644e+00 +2.8900e+00
168 +2.918425832e-03 +2.918425832e-03 -5.660708157e+01 -5.660708157e+01 +2.0567e+00 +2.9534e+00
197 +1.783245919e-03 +1.783245919e-03 -5.660821675e+01 -5.660821675e+01 +1.8918e+00 +2.9044e+00
198 +1.334919381e-03 +1.334919381e-03 -5.660866508e+01 -5.660866508e+01 +1.9562e+00 +2.9249e+00
237 +5.548745641e-04 +5.548745641e-04 -5.660944513e+01 -5.660944513e+01 +2.0081e+00 +2.9409e+00
279 +2.400655579e-04 +2.400655579e-04 -5.660975993e+01 -5.660975993e+01 +2.0051e+00 +2.9392e+00
322 +7.040829988e-05 +7.040829988e-05 -5.660992959e+01 -5.660992959e+01 +1.9116e+00 +2.9090e+00
570 +4.708520498e-05 +4.708520498e-05 -5.660995291e+01 -5.660995291e+01 +1.9164e+00 +2.9106e+00
586 +4.406129610e-05 +4.406129610e-05 -5.660995594e+01 -5.660995594e+01 +1.9170e+00 +2.9108e+00
636 +4.358376765e-05 +4.358376765e-05 -5.660995642e+01 -5.660995642e+01 +1.9172e+00 +2.9108e+00
699 +4.208211507e-05 +4.208211507e-05 -5.660995792e+01 -5.660995792e+01 +1.9175e+00 +2.9109e+00
761 +4.160988813e-05 +4.160988813e-05 -5.660995839e+01 -5.660995839e+01 +1.9177e+00 +2.9110e+00
765 +4.049819804e-05 +4.049819804e-05 -5.660995950e+01 -5.660995950e+01 +1.9179e+00 +2.9110e+00
781 +3.928436434e-05 +3.928436434e-05 -5.660996072e+01 -5.660996072e+01 +1.9181e+00 +2.9111e+00
793 +3.863254472e-05 +3.863254472e-05 -5.660996137e+01 -5.660996137e+01 +1.9183e+00 +2.9112e+00
848 +3.760225492e-05 +3.760225492e-05 -5.660996240e+01 -5.660996240e+01 +1.9186e+00 +2.9113e+00
855 +3.676361493e-05 +3.676361493e-05 -5.660996324e+01 -5.660996324e+01 +1.9188e+00 +2.9113e+00
873 +3.562461942e-05 +3.562461942e-05 -5.660996438e+01 -5.660996438e+01 +1.9191e+00 +2.9114e+00
894 +3.424422372e-05 +3.424422372e-05 -5.660996576e+01 -5.660996576e+01 +1.9195e+00 +2.9116e+00
932 +3.378909643e-05 +3.378909643e-05 -5.660996621e+01 -5.660996621e+01 +1.9197e+00 +2.9116e+00
933 +3.153957356e-05 +3.153957356e-05 -5.660996846e+01 -5.660996846e+01 +1.9206e+00 +2.9119e+00
944 +2.977541650e-05 +2.977541650e-05 -5.660997022e+01 -5.660997022e+01 +1.9211e+00 +2.9121e+00
955 +2.672848210e-05 +2.672848210e-05 -5.660997327e+01 -5.660997327e+01 +1.9226e+00 +2.9126e+00
963 +2.557283332e-05 +2.557283332e-05 -5.660997443e+01 -5.660997443e+01 +1.9224e+00 +2.9125e+00
995 +2.163300121e-05 +2.163300121e-05 -5.660997837e+01 -5.660997837e+01 +1.9243e+00 +2.9131e+00
1002 +1.849311627e-05 +1.849311627e-05 -5.660998151e+01 -5.660998151e+01 +1.9254e+00 +2.9135e+00
1053 +1.752594880e-05 +1.752594880e-05 -5.660998247e+01 -5.660998247e+01 +1.9257e+00 +2.9136e+00
1065 +1.692009452e-05 +1.692009452e-05 -5.660998308e+01 -5.660998308e+01 +1.9261e+00 +2.9137e+00
1078 +1.613165763e-05 +1.613165763e-05 -5.660998387e+01 -5.660998387e+01 +1.9267e+00 +2.9139e+00
1083 +1.337260642e-05 +1.337260642e-05 -5.660998663e+01 -5.660998663e+01 +1.9280e+00 +2.9143e+00
1098 +1.183922694e-05 +1.183922694e-05 -5.660998816e+01 -5.660998816e+01 +1.9298e+00 +2.9149e+00
1101 +1.136161787e-05 +1.136161787e-05 -5.660998864e+01 -5.660998864e+01 +1.9290e+00 +2.9147e+00
1104 +1.077418879e-05 +1.077418879e-05 -5.660998923e+01 -5.660998923e+01 +1.9316e+00 +2.9155e+00
1105 +1.049952496e-05 +1.049952496e-05 -5.660998950e+01 -5.660998950e+01 +1.9298e+00 +2.9149e+00
1108 +1.046197304e-05 +1.046197304e-05 -5.660998954e+01 -5.660998954e+01 +1.9296e+00 +2.9149e+00
1111 +8.290319130e-06 +8.290319130e-06 -5.660999171e+01 -5.660999171e+01 +1.9312e+00 +2.9154e+00
1123 +7.301652893e-06 +7.301652893e-06 -5.660999270e+01 -5.660999270e+01 +1.9320e+00 +2.9156e+00
1126 +7.043759133e-06 +7.043759133e-06 -5.660999296e+01 -5.660999296e+01 +1.9322e+00 +2.9157e+00
1140 +5.434522144e-06 +5.434522144e-06 -5.660999457e+01 -5.660999457e+01 +1.9339e+00 +2.9162e+00
1144 +4.141861645e-06 +4.141861645e-06 -5.660999586e+01 -5.660999586e+01 +1.9367e+00 +2.9171e+00
1158 +2.561738484e-06 +2.561738484e-06 -5.660999744e+01 -5.660999744e+01 +1.9374e+00 +2.9174e+00
1254 +2.479360937e-06 +2.479360937e-06 -5.660999752e+01 -5.660999752e+01 +1.9376e+00 +2.9174e+00
1270 +2.426554602e-06 +2.426554602e-06 -5.660999757e+01 -5.660999757e+01 +1.9378e+00 +2.9175e+00
1271 +2.352327911e-06 +2.352327911e-06 -5.660999765e+01 -5.660999765e+01 +1.9378e+00 +2.9175e+00
1275 +2.261958656e-06 +2.261958656e-06 -5.660999774e+01 -5.660999774e+01 +1.9382e+00 +2.9177e+00
1276 +2.231267999e-06 +2.231267999e-06 -5.660999777e+01 -5.660999777e+01 +1.9381e+00 +2.9176e+00
1288 +2.136717200e-06 +2.136717200e-06 -5.660999786e+01 -5.660999786e+01 +1.9382e+00 +2.9176e+00
1303 +1.934259693e-06 +1.934259693e-06 -5.660999807e+01 -5.660999807e+01 +1.9386e+00 +2.9178e+00
1313 +1.795109050e-06 +1.795109050e-06 -5.660999820e+01 -5.660999820e+01 +1.9388e+00 +2.9178e+00
1318 +1.533772057e-06 +1.533772057e-06 -5.660999847e+01 -5.660999847e+01 +1.9394e+00 +2.9180e+00
1322 +1.478558524e-06 +1.478558524e-06 -5.660999852e+01 -5.660999852e+01 +1.9399e+00 +2.9182e+00
1323 +1.154237530e-06 +1.154237530e-06 -5.660999885e+01 -5.660999885e+01 +1.9405e+00 +2.9184e+00
1339 +1.107381046e-06 +1.107381046e-06 -5.660999889e+01 -5.660999889e+01 +1.9410e+00 +2.9186e+00
1343 +6.636459418e-07 +6.636459418e-07 -5.660999934e+01 -5.660999934e+01 +1.9421e+00 +2.9189e+00
1356 +5.001872267e-07 +5.001872267e-07 -5.660999950e+01 -5.660999950e+01 +1.9439e+00 +2.9195e+00
1395 +4.873858899e-07 +4.873858899e-07 -5.660999951e+01 -5.660999951e+01 +1.9429e+00 +2.9192e+00
1430 +4.778834253e-07 +4.778834253e-07 -5.660999952e+01 -5.660999952e+01 +1.9430e+00 +2.9192e+00
1479 +4.629532810e-07 +4.629532810e-07 -5.660999954e+01 -5.660999954e+01 +1.9430e+00 +2.9192e+00
1484 +4.247486771e-07 +4.247486771e-07 -5.660999958e+01 -5.660999958e+01 +1.9433e+00 +2.9193e+00
1496 +4.084120420e-07 +4.084120420e-07 -5.660999959e+01 -5.660999959e+01 +1.9434e+00 +2.9193e+00
1497 +3.875782753e-07 +3.875782753e-07 -5.660999961e+01 -5.660999961e+01 +1.9435e+00 +2.9194e+00
1503 +3.204017247e-07 +3.204017247e-07 -5.660999968e+01 -5.660999968e+01 +1.9439e+00 +2.9195e+00
1512 +2.963625576e-07 +2.963625576e-07 -5.660999970e+01 -5.660999970e+01 +1.9442e+00 +2.9196e+00
1514 +2.639449050e-07 +2.639449050e-07 -5.660999974e+01 -5.660999974e+01 +1.9443e+00 +2.9196e+00
1517 +2.517814366e-07 +2.517814366e-07 -5.660999975e+01 -5.660999975e+01 +1.9444e+00 +2.9197e+00
1521 +2.123224121e-07 +2.123224121e-07 -5.660999979e+01 -5.660999979e+01 +1.9448e+00 +2.9198e+00
1522 +1.770059370e-07 +1.770059370e-07 -5.660999982e+01 -5.660999982e+01 +1.9451e+00 +2.9199e+00
1532 +1.649347183e-07 +1.649347183e-07 -5.660999984e+01 -5.660999984e+01 +1.9469e+00 +2.9205e+00
1536 +1.022927947e-07 +1.022927947e-07 -5.660999990e+01 -5.660999990e+01 +1.9460e+00 +2.9202e+00
1546 +8.906051363e-08 +8.906051363e-08 -5.660999991e+01 -5.660999991e+01 +1.9463e+00 +2.9203e+00
1547 +6.598254743e-08 +6.598254743e-08 -5.660999993e+01 -5.660999993e+01 +1.9484e+00 +2.9209e+00
1549 +2.339050553e-08 +2.339050553e-08 -5.660999998e+01 -5.660999998e+01 +1.9479e+00 +2.9208e+00
1579 +2.325343473e-09 +2.325343473e-09 -5.661000000e+01 -5.661000000e+01 +1.9505e+00 +2.9216e+00
% function evaluation | noise-free fitness - Fopt (-3.745400000000e+02) | best noise-free fitness - Fopt | measured fitness | best measured fitness | x1 | x2...
1 +2.617512575e+01 +2.617512575e+01 -3.483648742e+02 -3.483648742e+02 +0.0000e+00 +0.0000e+00
4 +8.687167613e+00 +8.687167613e+00 -3.658528324e+02 -3.658528324e+02 -6.1093e-01 +7.7641e-01
9 +6.587937387e+00 +6.587937387e+00 -3.679520626e+02 -3.679520626e+02 +5.3835e-01 +1.5412e+00
11 +2.953442496e+00 +2.953442496e+00 -3.715865575e+02 -3.715865575e+02 -1.3632e+00 +1.3451e+00
13 +2.492342720e+00 +2.492342720e+00 -3.720476573e+02 -3.720476573e+02 -2.3402e+00 +8.8652e-01
22 +1.668499277e+00 +1.668499277e+00 -3.728715007e+02 -3.728715007e+02 -2.8159e+00 +2.9630e+00
32 +1.463712595e+00 +1.463712595e+00 -3.730762874e+02 -3.730762874e+02 -2.7187e+00 +1.0150e+00
35 +3.741784192e-01 +3.741784192e-01 -3.741658216e+02 -3.741658216e+02 -4.3731e+00 +2.2358e+00
60 +9.128170098e-02 +9.128170098e-02 -3.744487183e+02 -3.744487183e+02 -4.0735e+00 +1.5944e+00
97 +3.988059048e-02 +3.988059048e-02 -3.745001194e+02 -3.745001194e+02 -4.0189e+00 +1.8149e+00
154 +3.886230105e-02 +3.886230105e-02 -3.745011377e+02 -3.745011377e+02 -4.0606e+00 +1.7061e+00
155 +1.709535602e-02 +1.709535602e-02 -3.745229046e+02 -3.745229046e+02 -4.0739e+00 +1.8049e+00
163 +5.915163110e-03 +5.915163110e-03 -3.745340848e+02 -3.745340848e+02 -4.0545e+00 +1.7894e+00
228 +5.382087543e-03 +5.382087543e-03 -3.745346179e+02 -3.745346179e+02 -4.0516e+00 +1.7818e+00
232 +4.275460911e-03 +4.275460911e-03 -3.745357245e+02 -3.745357245e+02 -4.0453e+00 +1.7785e+00
247 +2.264766805e-03 +2.264766805e-03 -3.745377352e+02 -3.745377352e+02 -4.0369e+00 +1.7505e+00
278 +2.114485881e-03 +2.114485881e-03 -3.745378855e+02 -3.745378855e+02 -4.0033e+00 +1.6598e+00
281 +1.702806839e-03 +1.702806839e-03 -3.745382972e+02 -3.745382972e+02 -4.0271e+00 +1.7305e+00
355 +1.322387943e-03 +1.322387943e-03 -3.745386776e+02 -3.745386776e+02 -4.0284e+00 +1.7288e+00
360 +1.275277326e-03 +1.275277326e-03 -3.745387247e+02 -3.745387247e+02 -4.0285e+00 +1.7312e+00
438 +1.087270864e-03 +1.087270864e-03 -3.745389127e+02 -3.745389127e+02 -4.0266e+00 +1.7250e+00
446 +9.784785096e-04 +9.784785096e-04 -3.745390215e+02 -3.745390215e+02 -4.0252e+00 +1.7214e+00
456 +9.603240694e-04 +9.603240694e-04 -3.745390397e+02 -3.745390397e+02 -4.0252e+00 +1.7224e+00
543 +9.506825828e-04 +9.506825828e-04 -3.745390493e+02 -3.745390493e+02 -4.0246e+00 +1.7213e+00
548 +9.314947276e-04 +9.314947276e-04 -3.745390685e+02 -3.745390685e+02 -4.0249e+00 +1.7214e+00
550 +9.012570024e-04 +9.012570024e-04 -3.745390987e+02 -3.745390987e+02 -4.0244e+00 +1.7197e+00
565 +8.499225078e-04 +8.499225078e-04 -3.745391501e+02 -3.745391501e+02 -4.0238e+00 +1.7187e+00
582 +8.103809338e-04 +8.103809338e-04 -3.745391896e+02 -3.745391896e+02 -4.0233e+00 +1.7173e+00
592 +7.772247043e-04 +7.772247043e-04 -3.745392228e+02 -3.745392228e+02 -4.0229e+00 +1.7160e+00
593 +7.601706216e-04 +7.601706216e-04 -3.745392398e+02 -3.745392398e+02 -4.0226e+00 +1.7151e+00
621 +7.167112301e-04 +7.167112301e-04 -3.745392833e+02 -3.745392833e+02 -4.0212e+00 +1.7112e+00
629 +6.721621415e-04 +6.721621415e-04 -3.745393278e+02 -3.745393278e+02 -4.0200e+00 +1.7097e+00
632 +6.291200013e-04 +6.291200013e-04 -3.745393709e+02 -3.745393709e+02 -4.0205e+00 +1.7099e+00
637 +4.942934345e-04 +4.942934345e-04 -3.745395057e+02 -3.745395057e+02 -4.0182e+00 +1.7041e+00
667 +4.228535153e-04 +4.228535153e-04 -3.745395771e+02 -3.745395771e+02 -4.0165e+00 +1.6996e+00
708 +3.902427447e-04 +3.902427447e-04 -3.745396098e+02 -3.745396098e+02 -4.0160e+00 +1.6983e+00
758 +3.824884399e-04 +3.824884399e-04 -3.745396175e+02 -3.745396175e+02 -4.0158e+00 +1.6980e+00
776 +3.795176258e-04 +3.795176258e-04 -3.745396205e+02 -3.745396205e+02 -4.0158e+00 +1.6978e+00
812 +3.685159715e-04 +3.685159715e-04 -3.745396315e+02 -3.745396315e+02 -4.0155e+00 +1.6972e+00
830 +3.622252984e-04 +3.622252984e-04 -3.745396378e+02 -3.745396378e+02 -4.0154e+00 +1.6968e+00
877 +3.523837313e-04 +3.523837313e-04 -3.745396476e+02 -3.745396476e+02 -4.0151e+00 +1.6962e+00
885 +3.439965006e-04 +3.439965006e-04 -3.745396560e+02 -3.745396560e+02 -4.0149e+00 +1.6957e+00
892 +3.382448199e-04 +3.382448199e-04 -3.745396618e+02 -3.745396618e+02 -4.0147e+00 +1.6953e+00
901 +3.298838437e-04 +3.298838437e-04 -3.745396701e+02 -3.745396701e+02 -4.0146e+00 +1.6948e+00
903 +3.225234301e-04 +3.225234301e-04 -3.745396775e+02 -3.745396775e+02 -4.0143e+00 +1.6941e+00
912 +3.147329960e-04 +3.147329960e-04 -3.745396853e+02 -3.745396853e+02 -4.0133e+00 +1.6920e+00
913 +3.066442227e-04 +3.066442227e-04 -3.745396934e+02 -3.745396934e+02 -4.0138e+00 +1.6930e+00
923 +2.926179067e-04 +2.926179067e-04 -3.745397074e+02 -3.745397074e+02 -4.0136e+00 +1.6923e+00
933 +2.859708853e-04 +2.859708853e-04 -3.745397140e+02 -3.745397140e+02 -4.0133e+00 +1.6913e+00
938 +2.717679919e-04 +2.717679919e-04 -3.745397282e+02 -3.745397282e+02 -4.0128e+00 +1.6901e+00
939 +2.614660394e-04 +2.614660394e-04 -3.745397385e+02 -3.745397385e+02 -4.0127e+00 +1.6900e+00
943 +2.407707701e-04 +2.407707701e-04 -3.745397592e+02 -3.745397592e+02 -4.0121e+00 +1.6884e+00
945 +2.166961978e-04 +2.166961978e-04 -3.745397833e+02 -3.745397833e+02 -4.0113e+00 +1.6863e+00
953 +1.971346747e-04 +1.971346747e-04 -3.745398029e+02 -3.745398029e+02 -4.0103e+00 +1.6838e+00
955 +1.559462635e-04 +1.559462635e-04 -3.745398441e+02 -3.745398441e+02 -4.0089e+00 +1.6804e+00
966 +1.381561663e-04 +1.381561663e-04 -3.745398618e+02 -3.745398618e+02 -4.0074e+00 +1.6761e+00
967 +1.191200091e-04 +1.191200091e-04 -3.745398809e+02 -3.745398809e+02 -4.0069e+00 +1.6750e+00
974 +9.767921460e-05 +9.767921460e-05 -3.745399023e+02 -3.745399023e+02 -4.0034e+00 +1.6658e+00
983 +7.398223340e-05 +7.398223340e-05 -3.745399260e+02 -3.745399260e+02 -4.0033e+00 +1.6657e+00
994 +6.790601861e-05 +6.790601861e-05 -3.745399321e+02 -3.745399321e+02 -4.0001e+00 +1.6576e+00
998 +4.785575976e-05 +4.785575976e-05 -3.745399521e+02 -3.745399521e+02 -4.0024e+00 +1.6634e+00
1000 +2.402530981e-05 +2.402530981e-05 -3.745399760e+02 -3.745399760e+02 -3.9997e+00 +1.6565e+00
1015 +1.879041054e-05 +1.879041054e-05 -3.745399812e+02 -3.745399812e+02 -3.9970e+00 +1.6496e+00
1496 +1.811864689e-05 +1.811864689e-05 -3.745399819e+02 -3.745399819e+02 -3.9991e+00 +1.6549e+00
1497 +1.777832864e-05 +1.777832864e-05 -3.745399822e+02 -3.745399822e+02 -3.9990e+00 +1.6547e+00
1502 +1.735886082e-05 +1.735886082e-05 -3.745399826e+02 -3.745399826e+02 -3.9990e+00 +1.6545e+00
1503 +1.515452595e-05 +1.515452595e-05 -3.745399848e+02 -3.745399848e+02 -3.9985e+00 +1.6535e+00
1512 +1.437524605e-05 +1.437524605e-05 -3.745399856e+02 -3.745399856e+02 -3.9984e+00 +1.6531e+00
1513 +1.344197750e-05 +1.344197750e-05 -3.745399866e+02 -3.745399866e+02 -3.9982e+00 +1.6526e+00
1521 +1.238516103e-05 +1.238516103e-05 -3.745399876e+02 -3.745399876e+02 -3.9980e+00 +1.6520e+00
1522 +1.114995860e-05 +1.114995860e-05 -3.745399889e+02 -3.745399889e+02 -3.9976e+00 +1.6510e+00
1526 +8.108353200e-06 +8.108353200e-06 -3.745399919e+02 -3.745399919e+02 -3.9967e+00 +1.6488e+00
1532 +6.571336996e-06 +6.571336996e-06 -3.745399934e+02 -3.745399934e+02 -3.9961e+00 +1.6471e+00
1537 +6.094073285e-06 +6.094073285e-06 -3.745399939e+02 -3.745399939e+02 -3.9957e+00 +1.6461e+00
1543 +5.814796850e-06 +5.814796850e-06 -3.745399942e+02 -3.745399942e+02 -3.9950e+00 +1.6444e+00
1550 +5.618564956e-06 +5.618564956e-06 -3.745399944e+02 -3.745399944e+02 -3.9947e+00 +1.6436e+00
1558 +5.349515618e-06 +5.349515618e-06 -3.745399947e+02 -3.745399947e+02 -3.9952e+00 +1.6449e+00
1562 +4.867033340e-06 +4.867033340e-06 -3.745399951e+02 -3.745399951e+02 -3.9944e+00 +1.6428e+00
1563 +4.191400080e-06 +4.191400080e-06 -3.745399958e+02 -3.745399958e+02 -3.9942e+00 +1.6422e+00
1574 +3.936783287e-06 +3.936783287e-06 -3.745399961e+02 -3.745399961e+02 -3.9926e+00 +1.6382e+00
1584 +3.586045636e-06 +3.586045636e-06 -3.745399964e+02 -3.745399964e+02 -3.9933e+00 +1.6399e+00
1592 +2.759967913e-06 +2.759967913e-06 -3.745399972e+02 -3.745399972e+02 -3.9920e+00 +1.6367e+00
1594 +2.492176861e-06 +2.492176861e-06 -3.745399975e+02 -3.745399975e+02 -3.9922e+00 +1.6371e+00
1597 +2.049551370e-06 +2.049551370e-06 -3.745399980e+02 -3.745399980e+02 -3.9925e+00 +1.6380e+00
1599 +2.036623130e-06 +2.036623130e-06 -3.745399980e+02 -3.745399980e+02 -3.9914e+00 +1.6351e+00
1602 +5.547266824e-07 +5.547266824e-07 -3.745399994e+02 -3.745399994e+02 -3.9892e+00 +1.6294e+00
1606 +5.108645382e-07 +5.108645382e-07 -3.745399995e+02 -3.745399995e+02 -3.9895e+00 +1.6301e+00
1611 +2.393218210e-07 +2.393218210e-07 -3.745399998e+02 -3.745399998e+02 -3.9889e+00 +1.6287e+00
1630 +3.468102250e-08 +3.468102250e-08 -3.745400000e+02 -3.745400000e+02 -3.9885e+00 +1.6275e+00
1638 +2.110039077e-08 +2.110039077e-08 -3.745400000e+02 -3.745400000e+02 -3.9889e+00 +1.6286e+00
1680 +1.957459972e-08 +1.957459972e-08 -3.745400000e+02 -3.745400000e+02 -3.9889e+00 +1.6286e+00
1702 +1.841118547e-08 +1.841118547e-08 -3.745400000e+02 -3.745400000e+02 -3.9887e+00 +1.6280e+00
1712 +1.210713663e-08 +1.210713663e-08 -3.745400000e+02 -3.745400000e+02 -3.9889e+00 +1.6286e+00
1785 +9.597556527e-09 +9.597556527e-09 -3.745400000e+02 -3.745400000e+02 -3.9888e+00 +1.6284e+00
% function evaluation | noise-free fitness - Fopt (6.596500000000e+02) | best noise-free fitness - Fopt | measured fitness | best measured fitness | x1 | x2...
1 +3.508954502e+01 +3.508954502e+01 +6.947395450e+02 +6.947395450e+02 +0.0000e+00 +0.0000e+00
5 +6.140227729e+00 +6.140227729e+00 +6.657902277e+02 +6.657902277e+02 -1.2159e+00 +9.3750e-01
12 +2.658613381e+00 +2.658613381e+00 +6.623086134e+02 +6.623086134e+02 -1.4964e+00 +2.3763e+00
14 +2.492822163e-01 +2.492822163e-01 +6.598992822e+02 +6.598992822e+02 -3.3184e+00 +8.1938e-01
40 +6.495516686e-02 +6.495516686e-02 +6.597149552e+02 +6.597149552e+02 -3.1400e+00 +4.2803e-01
61 +3.273281673e-02 +3.273281673e-02 +6.596827328e+02 +6.596827328e+02 -3.2336e+00 +5.6242e-01
75 +6.461289612e-03 +6.461289612e-03 +6.596564613e+02 +6.596564613e+02 -3.2626e+00 +5.3082e-01
185 +3.581051462e-03 +3.581051462e-03 +6.596535811e+02 +6.596535811e+02 -3.2938e+00 +5.4434e-01
251 +3.426978330e-03 +3.426978330e-03 +6.596534270e+02 +6.596534270e+02 -3.1463e+00 +4.9593e-01
263 +2.855793767e-03 +2.855793767e-03 +6.596528558e+02 +6.596528558e+02 -3.1379e+00 +4.9612e-01
274 +1.798698216e-03 +1.798698216e-03 +6.596517987e+02 +6.596517987e+02 -3.1572e+00 +5.0252e-01
307 +1.583019247e-03 +1.583019247e-03 +6.596515830e+02 +6.596515830e+02 -3.1618e+00 +5.0357e-01
424 +1.400468416e-03 +1.400468416e-03 +6.596514005e+02 +6.596514005e+02 -3.1661e+00 +5.0507e-01
434 +1.086324428e-03 +1.086324428e-03 +6.596510863e+02 +6.596510863e+02 -3.1765e+00 +5.0910e-01
437 +1.035168400e-03 +1.035168400e-03 +6.596510352e+02 +6.596510352e+02 -3.1767e+00 +5.0896e-01
442 +8.572483115e-04 +8.572483115e-04 +6.596508572e+02 +6.596508572e+02 -3.1879e+00 +5.1200e-01
447 +6.374770275e-04 +6.374770275e-04 +6.596506375e+02 +6.596506375e+02 -3.1917e+00 +5.1360e-01
454 +5.546224678e-04 +5.546224678e-04 +6.596505546e+02 +6.596505546e+02 -3.2168e+00 +5.2169e-01
457 +3.960385948e-04 +3.960385948e-04 +6.596503960e+02 +6.596503960e+02 -3.2064e+00 +5.1851e-01
461 +3.884775555e-04 +3.884775555e-04 +6.596503885e+02 +6.596503885e+02 -3.2125e+00 +5.2047e-01
462 +1.119922168e-04 +1.119922168e-04 +6.596501120e+02 +6.596501120e+02 -3.2373e+00 +5.2922e-01
486 +6.970974562e-05 +6.970974562e-05 +6.596500697e+02 +6.596500697e+02 -3.2378e+00 +5.2936e-01
494 +6.432124474e-05 +6.432124474e-05 +6.596500643e+02 +6.596500643e+02 -3.2719e+00 +5.4069e-01
516 +3.640216994e-05 +3.640216994e-05 +6.596500364e+02 +6.596500364e+02 -3.2896e+00 +5.4667e-01
557 +2.577759415e-05 +2.577759415e-05 +6.596500258e+02 +6.596500258e+02 -3.2916e+00 +5.4741e-01
600 +1.596248910e-05 +1.596248910e-05 +6.596500160e+02 +6.596500160e+02 -3.2898e+00 +5.4676e-01
647 +9.077410937e-06 +9.077410937e-06 +6.596500091e+02 +6.596500091e+02 -3.2910e+00 +5.4718e-01
764 +8.401727428e-06 +8.401727428e-06 +6.596500084e+02 +6.596500084e+02 -3.2912e+00 +5.4727e-01
821 +8.227274748e-06 +8.227274748e-06 +6.596500082e+02 +6.596500082e+02 -3.2911e+00 +5.4722e-01
934 +8.014606692e-06 +8.014606692e-06 +6.596500080e+02 +6.596500080e+02 -3.2910e+00 +5.4717e-01
1427 +7.943163837e-06 +7.943163837e-06 +6.596500079e+02 +6.596500079e+02 -3.2909e+00 +5.4716e-01
1898 +7.755436968e-06 +7.755436968e-06 +6.596500078e+02 +6.596500078e+02 -3.2907e+00 +5.4710e-01
1928 +7.519948895e-06 +7.519948895e-06 +6.596500075e+02 +6.596500075e+02 -3.2906e+00 +5.4704e-01
1940 +7.390652627e-06 +7.390652627e-06 +6.596500074e+02 +6.596500074e+02 -3.2905e+00 +5.4701e-01
1947 +7.234502391e-06 +7.234502391e-06 +6.596500072e+02 +6.596500072e+02 -3.2903e+00 +5.4696e-01
1953 +7.061771726e-06 +7.061771726e-06 +6.596500071e+02 +6.596500071e+02 -3.2902e+00 +5.4691e-01
1966 +6.793678267e-06 +6.793678267e-06 +6.596500068e+02 +6.596500068e+02 -3.2899e+00 +5.4683e-01
1974 +6.745618180e-06 +6.745618180e-06 +6.596500067e+02 +6.596500067e+02 -3.2899e+00 +5.4681e-01
1979 +6.395405649e-06 +6.395405649e-06 +6.596500064e+02 +6.596500064e+02 -3.2896e+00 +5.4671e-01
1981 +6.261010753e-06 +6.261010753e-06 +6.596500063e+02 +6.596500063e+02 -3.2895e+00 +5.4667e-01
1982 +5.788572480e-06 +5.788572480e-06 +6.596500058e+02 +6.596500058e+02 -3.2890e+00 +5.4651e-01
1987 +5.291950515e-06 +5.291950515e-06 +6.596500053e+02 +6.596500053e+02 -3.2885e+00 +5.4635e-01
1993 +4.737996619e-06 +4.737996619e-06 +6.596500047e+02 +6.596500047e+02 -3.2879e+00 +5.4615e-01
1995 +4.389144806e-06 +4.389144806e-06 +6.596500044e+02 +6.596500044e+02 -3.2875e+00 +5.4600e-01
2007 +3.957933359e-06 +3.957933359e-06 +6.596500040e+02 +6.596500040e+02 -3.2869e+00 +5.4582e-01
2012 +2.313976665e-06 +2.313976665e-06 +6.596500023e+02 +6.596500023e+02 -3.2845e+00 +5.4501e-01
2025 +1.859304462e-06 +1.859304462e-06 +6.596500019e+02 +6.596500019e+02 -3.2824e+00 +5.4430e-01
2027 +1.546240810e-06 +1.546240810e-06 +6.596500015e+02 +6.596500015e+02 -3.2829e+00 +5.4446e-01
2030 +1.404018008e-06 +1.404018008e-06 +6.596500014e+02 +6.596500014e+02 -3.2823e+00 +5.4426e-01
2032 +9.192830248e-07 +9.192830248e-07 +6.596500009e+02 +6.596500009e+02 -3.2812e+00 +5.4390e-01
2034 +6.587275720e-07 +6.587275720e-07 +6.596500007e+02 +6.596500007e+02 -3.2801e+00 +5.4352e-01
2058 +6.249156286e-07 +6.249156286e-07 +6.596500006e+02 +6.596500006e+02 -3.2794e+00 +5.4329e-01
2061 +5.460999546e-07 +5.460999546e-07 +6.596500005e+02 +6.596500005e+02 -3.2700e+00 +5.4013e-01
2063 +3.782174645e-07 +3.782174645e-07 +6.596500004e+02 +6.596500004e+02 -3.2752e+00 +5.4188e-01
2074 +3.236915518e-07 +3.236915518e-07 +6.596500003e+02 +6.596500003e+02 -3.2716e+00 +5.4067e-01
2076 +9.183543170e-08 +9.183543170e-08 +6.596500001e+02 +6.596500001e+02 -3.2761e+00 +5.4217e-01
2153 +3.393813586e-08 +3.393813586e-08 +6.596500000e+02 +6.596500000e+02 -3.2751e+00 +5.4183e-01
2340 +3.322179509e-08 +3.322179509e-08 +6.596500000e+02 +6.596500000e+02 -3.2744e+00 +5.4161e-01
2393 +3.043464858e-08 +3.043464858e-08 +6.596500000e+02 +6.596500000e+02 -3.2744e+00 +5.4162e-01
2399 +2.192575721e-08 +2.192575721e-08 +6.596500000e+02 +6.596500000e+02 -3.2744e+00 +5.4162e-01
2462 +1.698947472e-08 +1.698947472e-08 +6.596500000e+02 +6.596500000e+02 -3.2744e+00 +5.4162e-01
2483 +1.693240392e-08 +1.693240392e-08 +6.596500000e+02 +6.596500000e+02 -3.2744e+00 +5.4162e-01
3424 +1.658418114e-08 +1.658418114e-08 +6.596500000e+02 +6.596500000e+02 -3.2744e+00 +5.4161e-01
3453 +1.620048806e-08 +1.620048806e-08 +6.596500000e+02 +6.596500000e+02 -3.2744e+00 +5.4161e-01
3475 +1.571027042e-08 +1.571027042e-08 +6.596500000e+02 +6.596500000e+02 -3.2744e+00 +5.4160e-01
3481 +1.508965397e-08 +1.508965397e-08 +6.596500000e+02 +6.596500000e+02 -3.2743e+00 +5.4159e-01
3485 +1.464684374e-08 +1.464684374e-08 +6.596500000e+02 +6.596500000e+02 -3.2743e+00 +5.4158e-01
3488 +1.440071173e-08 +1.440071173e-08 +6.596500000e+02 +6.596500000e+02 -3.2743e+00 +5.4157e-01
3492 +1.357170731e-08 +1.357170731e-08 +6.596500000e+02 +6.596500000e+02 -3.2742e+00 +5.4154e-01
3508 +1.326304755e-08 +1.326304755e-08 +6.596500000e+02 +6.596500000e+02 -3.2741e+00 +5.4152e-01
3511 +1.314879228e-08 +1.314879228e-08 +6.596500000e+02 +6.596500000e+02 -3.2741e+00 +5.4151e-01
3552 +1.284752216e-08 +1.284752216e-08 +6.596500000e+02 +6.596500000e+02 -3.2741e+00 +5.4149e-01
3595 +1.249475190e-08 +1.249475190e-08 +6.596500000e+02 +6.596500000e+02 -3.2739e+00 +5.4143e-01
3613 +1.226419499e-08 +1.226419499e-08 +6.596500000e+02 +6.596500000e+02 -3.2739e+00 +5.4145e-01
3616 +1.193495791e-08 +1.193495791e-08 +6.596500000e+02 +6.596500000e+02 -3.2740e+00 +5.4147e-01
3622 +1.149123818e-08 +1.149123818e-08 +6.596500000e+02 +6.596500000e+02 -3.2741e+00 +5.4149e-01
3626 +1.084447376e-08 +1.084447376e-08 +6.596500000e+02 +6.596500000e+02 -3.2740e+00 +5.4146e-01
3639 +9.450673133e-09 +9.450673133e-09 +6.596500000e+02 +6.596500000e+02 -3.2740e+00 +5.4146e-01
% function evaluation | noise-free fitness - Fopt (-1.340000000000e+00) | best noise-free fitness - Fopt | measured fitness | best measured fitness | x1 | x2...
1 +1.399859233e+01 +1.399859233e+01 +1.265859233e+01 +1.265859233e+01 +0.0000e+00 +0.0000e+00
5 +6.321667774e+00 +6.321667774e+00 +4.981667774e+00 +4.981667774e+00 +1.5019e-01 +1.2941e+00
17 +5.843013137e+00 +5.843013137e+00 +4.503013137e+00 +4.503013137e+00 +1.3522e-01 +1.7275e+00
22 +5.231291957e+00 +5.231291957e+00 +3.891291957e+00 +3.891291957e+00 +1.0020e+00 +2.3368e+00
33 +4.666761420e+00 +4.666761420e+00 +3.326761420e+00 +3.326761420e+00 +1.2903e+00 +1.8514e+00
42 +3.986753008e+00 +3.986753008e+00 +2.646753008e+00 +2.646753008e+00 +2.1395e+00 +1.5526e+00
53 +3.597248354e+00 +3.597248354e+00 +2.257248354e+00 +2.257248354e+00 +2.1241e+00 +1.0957e+00
56 +2.984308631e+00 +2.984308631e+00 +1.644308631e+00 +1.644308631e+00 +2.8444e+00 +7.9795e-01
61 +2.922262923e+00 +2.922262923e+00 +1.582262923e+00 +1.582262923e+00 +3.3970e+00 +8.5088e-01
62 +2.859959881e+00 +2.859959881e+00 +1.519959881e+00 +1.519959881e+00 +3.1393e+00 +7.9243e-01
65 +2.602648750e+00 +2.602648750e+00 +1.262648750e+00 +1.262648750e+00 +3.2697e+00 +5.6677e-01
77 +2.039623858e+00 +2.039623858e+00 +6.996238582e-01 +6.996238582e-01 +3.5251e+00 +6.3497e-02
82 +3.630537411e-01 +3.630537411e-01 -9.769462589e-01 -9.769462589e-01 +4.1063e+00 -1.5091e+00
92 +1.070291763e-01 +1.070291763e-01 -1.232970824e+00 -1.232970824e+00 +4.0847e+00 -1.8067e+00
116 +9.902585257e-02 +9.902585257e-02 -1.240974147e+00 -1.240974147e+00 +3.6469e+00 -2.0638e+00
119 +2.450423432e-02 +2.450423432e-02 -1.315495766e+00 -1.315495766e+00 +3.8535e+00 -2.0874e+00
155 +1.331891645e-02 +1.331891645e-02 -1.326681084e+00 -1.326681084e+00 +3.7110e+00 -2.1293e+00
213 +1.244315718e-02 +1.244315718e-02 -1.327556843e+00 -1.327556843e+00 +3.7242e+00 -2.1431e+00
218 +1.135291645e-02 +1.135291645e-02 -1.328647084e+00 -1.328647084e+00 +3.7701e+00 -2.1191e+00
259 +7.731024738e-03 +7.731024738e-03 -1.332268975e+00 -1.332268975e+00 +3.9304e+00 -2.0243e+00
295 +5.569065773e-03 +5.569065773e-03 -1.334430934e+00 -1.334430934e+00 +3.8358e+00 -2.0629e+00
310 +3.743546231e-03 +3.743546231e-03 -1.336256454e+00 -1.336256454e+00 +3.7639e+00 -2.1093e+00
311 +2.868899706e-03 +2.868899706e-03 -1.337131100e+00 -1.337131100e+00 +3.8160e+00 -2.0774e+00
320 +1.648367279e-03 +1.648367279e-03 -1.338351633e+00 -1.338351633e+00 +3.7965e+00 -2.0920e+00
362 +1.186668335e-03 +1.186668335e-03 -1.338813332e+00 -1.338813332e+00 +3.9313e+00 -2.0162e+00
395 +1.910602263e-04 +1.910602263e-04 -1.339808940e+00 -1.339808940e+00 +3.8623e+00 -2.0539e+00
529 +9.930500099e-05 +9.930500099e-05 -1.339900695e+00 -1.339900695e+00 +3.8589e+00 -2.0561e+00
579 +7.925643406e-05 +7.925643406e-05 -1.339920744e+00 -1.339920744e+00 +3.8614e+00 -2.0547e+00
1007 +7.716244876e-05 +7.716244876e-05 -1.339922838e+00 -1.339922838e+00 +3.8624e+00 -2.0541e+00
1018 +7.563126444e-05 +7.563126444e-05 -1.339924369e+00 -1.339924369e+00 +3.8633e+00 -2.0536e+00
1042 +7.088909865e-05 +7.088909865e-05 -1.339929111e+00 -1.339929111e+00 +3.8624e+00 -2.0541e+00
1044 +7.037206293e-05 +7.037206293e-05 -1.339929628e+00 -1.339929628e+00 +3.8626e+00 -2.0540e+00
1474 +6.915575589e-05 +6.915575589e-05 -1.339930844e+00 -1.339930844e+00 +3.8627e+00 -2.0539e+00
1492 +6.718860755e-05 +6.718860755e-05 -1.339932811e+00 -1.339932811e+00 +3.8632e+00 -2.0537e+00
1503 +6.491620601e-05 +6.491620601e-05 -1.339935084e+00 -1.339935084e+00 +3.8640e+00 -2.0532e+00
1515 +6.431781437e-05 +6.431781437e-05 -1.339935682e+00 -1.339935682e+00 +3.8643e+00 -2.0531e+00
1587 +6.309139463e-05 +6.309139463e-05 -1.339936909e+00 -1.339936909e+00 +3.8653e+00 -2.0525e+00
1596 +6.070681407e-05 +6.070681407e-05 -1.339939293e+00 -1.339939293e+00 +3.8659e+00 -2.0522e+00
1603 +6.012509763e-05 +6.012509763e-05 -1.339939875e+00 -1.339939875e+00 +3.8669e+00 -2.0516e+00
1605 +5.870134351e-05 +5.870134351e-05 -1.339941299e+00 -1.339941299e+00 +3.8663e+00 -2.0519e+00
1614 +5.581708717e-05 +5.581708717e-05 -1.339944183e+00 -1.339944183e+00 +3.8663e+00 -2.0519e+00
1622 +4.604809587e-05 +4.604809587e-05 -1.339953952e+00 -1.339953952e+00 +3.8673e+00 -2.0513e+00
1632 +4.431525413e-05 +4.431525413e-05 -1.339955685e+00 -1.339955685e+00 +3.8678e+00 -2.0510e+00
1635 +4.204320279e-05 +4.204320279e-05 -1.339957957e+00 -1.339957957e+00 +3.8682e+00 -2.0508e+00
1646 +3.941310097e-05 +3.941310097e-05 -1.339960587e+00 -1.339960587e+00 +3.8689e+00 -2.0504e+00
1653 +3.702486197e-05 +3.702486197e-05 -1.339962975e+00 -1.339962975e+00 +3.8711e+00 -2.0491e+00
1657 +3.239714401e-05 +3.239714401e-05 -1.339967603e+00 -1.339967603e+00 +3.8707e+00 -2.0494e+00
1662 +3.003492012e-05 +3.003492012e-05 -1.339969965e+00 -1.339969965e+00 +3.8714e+00 -2.0490e+00
1681 +1.946295711e-05 +1.946295711e-05 -1.339980537e+00 -1.339980537e+00 +3.8750e+00 -2.0469e+00
1682 +1.891794805e-05 +1.891794805e-05 -1.339981082e+00 -1.339981082e+00 +3.8788e+00 -2.0447e+00
1693 +1.841341923e-05 +1.841341923e-05 -1.339981587e+00 -1.339981587e+00 +3.8775e+00 -2.0455e+00
1695 +1.722271422e-05 +1.722271422e-05 -1.339982777e+00 -1.339982777e+00 +3.8811e+00 -2.0434e+00
1701 +1.204249164e-05 +1.204249164e-05 -1.339987958e+00 -1.339987958e+00 +3.8785e+00 -2.0449e+00
1710 +6.132833670e-06 +6.132833670e-06 -1.339993867e+00 -1.339993867e+00 +3.8831e+00 -2.0423e+00
1715 +2.217214264e-06 +2.217214264e-06 -1.339997783e+00 -1.339997783e+00 +3.8892e+00 -2.0388e+00
1734 +5.020431051e-07 +5.020431051e-07 -1.339999498e+00 -1.339999498e+00 +3.8942e+00 -2.0360e+00
1744 +3.298694078e-07 +3.298694078e-07 -1.339999670e+00 -1.339999670e+00 +3.8987e+00 -2.0334e+00
1755 +2.376384112e-07 +2.376384112e-07 -1.339999762e+00 -1.339999762e+00 +3.8983e+00 -2.0337e+00
1788 +3.358229472e-08 +3.358229472e-08 -1.339999966e+00 -1.339999966e+00 +3.8970e+00 -2.0344e+00
1965 +3.165724483e-08 +3.165724483e-08 -1.339999968e+00 -1.339999968e+00 +3.8957e+00 -2.0352e+00
2016 +3.076357746e-08 +3.076357746e-08 -1.339999969e+00 -1.339999969e+00 +3.8957e+00 -2.0351e+00
2033 +2.864218729e-08 +2.864218729e-08 -1.339999971e+00 -1.339999971e+00 +3.8957e+00 -2.0351e+00
2038 +1.950291351e-08 +1.950291351e-08 -1.339999980e+00 -1.339999980e+00 +3.8961e+00 -2.0349e+00
2043 +1.872163780e-08 +1.872163780e-08 -1.339999981e+00 -1.339999981e+00 +3.8961e+00 -2.0349e+00
2048 +1.789838788e-08 +1.789838788e-08 -1.339999982e+00 -1.339999982e+00 +3.8961e+00 -2.0349e+00
2053 +1.584649834e-08 +1.584649834e-08 -1.339999984e+00 -1.339999984e+00 +3.8962e+00 -2.0348e+00
2057 +1.126800186e-08 +1.126800186e-08 -1.339999989e+00 -1.339999989e+00 +3.8966e+00 -2.0347e+00
2067 +5.106360224e-09 +5.106360224e-09 -1.339999995e+00 -1.339999995e+00 +3.8969e+00 -2.0344e+00
% function evaluation | noise-free fitness - Fopt (-2.745800000000e+02) | best noise-free fitness - Fopt | measured fitness | best measured fitness | x1 | x2...
1 +2.372824004e+00 +2.372824004e+00 -2.722071760e+02 -2.722071760e+02 +0.0000e+00 +0.0000e+00
3 +2.341353232e+00 +2.341353232e+00 -2.722386468e+02 -2.722386468e+02 -4.6505e-01 +6.3881e-03
4 +1.605838192e+00 +1.605838192e+00 -2.729741618e+02 -2.729741618e+02 +6.1349e-02 +7.7183e-01
6 +1.407063799e+00 +1.407063799e+00 -2.731729362e+02 -2.731729362e+02 +3.5668e-01 +1.0118e+00
12 +9.200258577e-01 +9.200258577e-01 -2.736599741e+02 -2.736599741e+02 -1.2245e+00 +1.7376e+00
14 +8.027006128e-01 +8.027006128e-01 -2.737772994e+02 -2.737772994e+02 +1.2401e-01 +1.5837e+00
16 +5.196745810e-01 +5.196745810e-01 -2.740603254e+02 -2.740603254e+02 +2.2741e-01 +1.8994e+00
19 +2.269367321e-01 +2.269367321e-01 -2.743530633e+02 -2.743530633e+02 -2.8290e-01 +2.1337e+00
27 +2.133063913e-01 +2.133063913e-01 -2.743666936e+02 -2.743666936e+02 -3.6218e-01 +2.5703e+00
33 +2.985969575e-03 +2.985969575e-03 -2.745770140e+02 -2.745770140e+02 -2.9915e-01 +2.3631e+00
150 +2.323847697e-03 +2.323847697e-03 -2.745776762e+02 -2.745776762e+02 -4.7559e-01 +2.3523e+00
157 +1.894584013e-03 +1.894584013e-03 -2.745781054e+02 -2.745781054e+02 -4.8291e-01 +2.3505e+00
260 +1.784733827e-03 +1.784733827e-03 -2.745782153e+02 -2.745782153e+02 -4.8000e-01 +2.3507e+00
263 +1.700496199e-03 +1.700496199e-03 -2.745782995e+02 -2.745782995e+02 -4.7626e-01 +2.3512e+00
272 +1.559013963e-03 +1.559013963e-03 -2.745784410e+02 -2.745784410e+02 -4.7540e-01 +2.3508e+00
282 +1.265459693e-03 +1.265459693e-03 -2.745787345e+02 -2.745787345e+02 -4.6738e-01 +2.3508e+00
292 +1.254327727e-03 +1.254327727e-03 -2.745787457e+02 -2.745787457e+02 -4.6585e-01 +2.3507e+00
294 +1.180883351e-03 +1.180883351e-03 -2.745788191e+02 -2.745788191e+02 -4.6532e-01 +2.3510e+00
297 +1.043651314e-03 +1.043651314e-03 -2.745789563e+02 -2.745789563e+02 -4.6080e-01 +2.3515e+00
304 +9.748239027e-04 +9.748239027e-04 -2.745790252e+02 -2.745790252e+02 -4.4482e-01 +2.3530e+00
313 +9.288931247e-04 +9.288931247e-04 -2.745790711e+02 -2.745790711e+02 -4.5203e-01 +2.3523e+00
317 +7.476468427e-04 +7.476468427e-04 -2.745792524e+02 -2.745792524e+02 -4.3357e-01 +2.3522e+00
322 +5.484257341e-04 +5.484257341e-04 -2.745794516e+02 -2.745794516e+02 -4.3794e-01 +2.3523e+00
324 +4.848546464e-04 +4.848546464e-04 -2.745795151e+02 -2.745795151e+02 -4.3842e-01 +2.3525e+00
327 +3.417611601e-04 +3.417611601e-04 -2.745796582e+02 -2.745796582e+02 -4.2952e-01 +2.3531e+00
334 +3.130403164e-04 +3.130403164e-04 -2.745796870e+02 -2.745796870e+02 -4.0338e-01 +2.3542e+00
335 +2.691138164e-04 +2.691138164e-04 -2.745797309e+02 -2.745797309e+02 -4.0809e-01 +2.3544e+00
339 +5.436770834e-05 +5.436770834e-05 -2.745799456e+02 -2.745799456e+02 -3.9424e-01 +2.3550e+00
358 +2.069666590e-05 +2.069666590e-05 -2.745799793e+02 -2.745799793e+02 -3.8436e-01 +2.3555e+00
385 +1.885687266e-05 +1.885687266e-05 -2.745799811e+02 -2.745799811e+02 -3.6134e-01 +2.3567e+00
404 +7.605102383e-06 +7.605102383e-06 -2.745799924e+02 -2.745799924e+02 -3.7938e-01 +2.3558e+00
1114 +7.560998540e-06 +7.560998540e-06 -2.745799924e+02 -2.745799924e+02 -3.7958e-01 +2.3557e+00
1122 +7.253720412e-06 +7.253720412e-06 -2.745799927e+02 -2.745799927e+02 -3.7933e-01 +2.3558e+00
1126 +7.127908532e-06 +7.127908532e-06 -2.745799929e+02 -2.745799929e+02 -3.7922e-01 +2.3558e+00
1127 +5.798783320e-06 +5.798783320e-06 -2.745799942e+02 -2.745799942e+02 -3.7772e-01 +2.3558e+00
1132 +5.260954083e-06 +5.260954083e-06 -2.745799947e+02 -2.745799947e+02 -3.7605e-01 +2.3559e+00
1134 +4.529489047e-06 +4.529489047e-06 -2.745799955e+02 -2.745799955e+02 -3.7648e-01 +2.3559e+00
1147 +1.974382656e-06 +1.974382656e-06 -2.745799980e+02 -2.745799980e+02 -3.7252e-01 +2.3561e+00
1158 +1.172265797e-06 +1.172265797e-06 -2.745799988e+02 -2.745799988e+02 -3.6957e-01 +2.3563e+00
1162 +6.603916063e-07 +6.603916063e-07 -2.745799993e+02 -2.745799993e+02 -3.6727e-01 +2.3564e+00
1169 +3.738484224e-07 +3.738484224e-07 -2.745799996e+02 -2.745799996e+02 -3.6596e-01 +2.3565e+00
1177 +1.789032353e-07 +1.789032353e-07 -2.745799998e+02 -2.745799998e+02 -3.6179e-01 +2.3567e+00
1188 +9.754688790e-08 +9.754688790e-08 -2.745799999e+02 -2.745799999e+02 -3.6393e-01 +2.3566e+00
1210 +5.286483429e-08 +5.286483429e-08 -2.745799999e+02 -2.745799999e+02 -3.6261e-01 +2.3567e+00
1222 +6.409266007e-09 +6.409266007e-09 -2.745800000e+02 -2.745800000e+02 -3.5929e-01 +2.3568e+00
% function evaluation | noise-free fitness - Fopt (-1.435600000000e+02) | best noise-free fitness - Fopt | measured fitness | best measured fitness | x1 | x2...
1 +7.034404962e-01 +7.034404962e-01 -1.428565595e+02 -1.428565595e+02 +0.0000e+00 +0.0000e+00
4 +4.315906342e-01 +4.315906342e-01 -1.431284094e+02 -1.431284094e+02 -7.2040e-01 +3.4288e-01
13 +2.964089596e-01 +2.964089596e-01 -1.432635910e+02 -1.432635910e+02 -6.6876e-01 +1.0195e-01
15 +1.522827749e-01 +1.522827749e-01 -1.434077172e+02 -1.434077172e+02 -7.1460e-01 -5.5591e-02
27 +3.911741921e-02 +3.911741921e-02 -1.435208826e+02 -1.435208826e+02 -7.1661e-01 -2.1306e-01
59 +1.065878576e-02 +1.065878576e-02 -1.435493412e+02 -1.435493412e+02 -9.2909e-01 -7.1968e-02
112 +4.071719713e-03 +4.071719713e-03 -1.435559283e+02 -1.435559283e+02 -7.7599e-01 -2.1490e-01
162 +1.229395540e-03 +1.229395540e-03 -1.435587706e+02 -1.435587706e+02 -8.6671e-01 -1.1748e-01
247 +6.521765040e-04 +6.521765040e-04 -1.435593478e+02 -1.435593478e+02 -7.7324e-01 -2.1126e-01
518 +4.897315490e-04 +4.897315490e-04 -1.435595103e+02 -1.435595103e+02 -7.7548e-01 -2.1009e-01
625 +4.651001941e-04 +4.651001941e-04 -1.435595349e+02 -1.435595349e+02 -7.7340e-01 -2.1162e-01
735 +4.507375971e-04 +4.507375971e-04 -1.435595493e+02 -1.435595493e+02 -7.7357e-01 -2.1160e-01
759 +4.397894569e-04 +4.397894569e-04 -1.435595602e+02 -1.435595602e+02 -7.7404e-01 -2.1116e-01
773 +4.361844225e-04 +4.361844225e-04 -1.435595638e+02 -1.435595638e+02 -7.7421e-01 -2.1100e-01
863 +4.264071322e-04 +4.264071322e-04 -1.435595736e+02 -1.435595736e+02 -7.7458e-01 -2.1061e-01
1014 +4.161496031e-04 +4.161496031e-04 -1.435595839e+02 -1.435595839e+02 -7.7502e-01 -2.1012e-01
1117 +4.028994235e-04 +4.028994235e-04 -1.435595971e+02 -1.435595971e+02 -7.7558e-01 -2.0962e-01
1236 +3.980387533e-04 +3.980387533e-04 -1.435596020e+02 -1.435596020e+02 -7.7578e-01 -2.0938e-01
1268 +3.876129515e-04 +3.876129515e-04 -1.435596124e+02 -1.435596124e+02 -7.7628e-01 -2.0886e-01
1286 +3.778357409e-04 +3.778357409e-04 -1.435596222e+02 -1.435596222e+02 -7.7703e-01 -2.0805e-01
1292 +3.676851348e-04 +3.676851348e-04 -1.435596323e+02 -1.435596323e+02 -7.7731e-01 -2.0781e-01
1303 +3.626292698e-04 +3.626292698e-04 -1.435596374e+02 -1.435596374e+02 -7.7764e-01 -2.0746e-01
1317 +3.463927405e-04 +3.463927405e-04 -1.435596536e+02 -1.435596536e+02 -7.7879e-01 -2.0628e-01
1323 +3.285926251e-04 +3.285926251e-04 -1.435596714e+02 -1.435596714e+02 -7.7907e-01 -2.0610e-01
1327 +3.164620454e-04 +3.164620454e-04 -1.435596835e+02 -1.435596835e+02 -7.7986e-01 -2.0528e-01
1329 +3.118610353e-04 +3.118610353e-04 -1.435596881e+02 -1.435596881e+02 -7.8010e-01 -2.0504e-01
1333 +2.689594477e-04 +2.689594477e-04 -1.435597310e+02 -1.435597310e+02 -7.8276e-01 -2.0237e-01
1345 +2.325429297e-04 +2.325429297e-04 -1.435597675e+02 -1.435597675e+02 -7.8575e-01 -1.9937e-01
1347 +2.226187709e-04 +2.226187709e-04 -1.435597774e+02 -1.435597774e+02 -7.8519e-01 -2.0002e-01
1353 +2.105175910e-04 +2.105175910e-04 -1.435597895e+02 -1.435597895e+02 -7.8617e-01 -1.9903e-01
1357 +1.443449225e-04 +1.443449225e-04 -1.435598557e+02 -1.435598557e+02 -7.9098e-01 -1.9429e-01
1362 +1.401079488e-04 +1.401079488e-04 -1.435598599e+02 -1.435598599e+02 -7.9126e-01 -1.9402e-01
1364 +7.843638861e-05 +7.843638861e-05 -1.435599216e+02 -1.435599216e+02 -7.9764e-01 -1.8773e-01
1371 +6.935654739e-05 +6.935654739e-05 -1.435599306e+02 -1.435599306e+02 -7.9960e-01 -1.8574e-01
1374 +4.201290255e-05 +4.201290255e-05 -1.435599580e+02 -1.435599580e+02 -8.0632e-01 -1.7906e-01
1375 +3.601982758e-05 +3.601982758e-05 -1.435599640e+02 -1.435599640e+02 -8.1009e-01 -1.7532e-01
1384 +2.280358700e-05 +2.280358700e-05 -1.435599772e+02 -1.435599772e+02 -8.3135e-01 -1.5425e-01
1390 +2.232536482e-05 +2.232536482e-05 -1.435599777e+02 -1.435599777e+02 -8.2131e-01 -1.6420e-01
1393 +1.832304946e-05 +1.832304946e-05 -1.435599817e+02 -1.435599817e+02 -8.3555e-01 -1.5009e-01
1394 +1.438284025e-05 +1.438284025e-05 -1.435599856e+02 -1.435599856e+02 -8.4517e-01 -1.4057e-01
1399 +1.070024177e-05 +1.070024177e-05 -1.435599893e+02 -1.435599893e+02 -8.3589e-01 -1.4975e-01
1401 +1.013343112e-05 +1.013343112e-05 -1.435599899e+02 -1.435599899e+02 -8.3942e-01 -1.4628e-01
1403 +9.945102647e-06 +9.945102647e-06 -1.435599901e+02 -1.435599901e+02 -8.3093e-01 -1.5468e-01
1408 +7.097075354e-07 +7.097075354e-07 -1.435599993e+02 -1.435599993e+02 -8.3353e-01 -1.5211e-01
1434 +7.532571544e-08 +7.532571544e-08 -1.435599999e+02 -1.435599999e+02 -8.3075e-01 -1.5487e-01
1730 +7.310154615e-08 +7.310154615e-08 -1.435599999e+02 -1.435599999e+02 -8.2925e-01 -1.5636e-01
1798 +6.384402695e-08 +6.384402695e-08 -1.435599999e+02 -1.435599999e+02 -8.2925e-01 -1.5636e-01
1854 +7.984738204e-09 +7.984738204e-09 -1.435600000e+02 -1.435600000e+02 -8.2925e-01 -1.5636e-01
% function evaluation | noise-free fitness - Fopt (-2.426000000000e+01) | best noise-free fitness - Fopt | measured fitness | best measured fitness | x1 | x2...
1 +4.464159111e+01 +4.464159111e+01 +2.038159111e+01 +2.038159111e+01 +0.0000e+00 +0.0000e+00
7 +3.529065063e+01 +3.529065063e+01 +1.103065063e+01 +1.103065063e+01 -1.8250e-01 -2.8145e-01
16 +3.064834305e+01 +3.064834305e+01 +6.388343053e+00 +6.388343053e+00 -4.4628e-02 -4.2347e-01
22 +7.574346626e+00 +7.574346626e+00 -1.668565337e+01 -1.668565337e+01 -2.8721e-01 -1.6479e+00
32 +5.209559324e+00 +5.209559324e+00 -1.905044068e+01 -1.905044068e+01 +2.2901e-01 -1.8549e+00
34 +3.359983260e+00 +3.359983260e+00 -2.090001674e+01 -2.090001674e+01 -8.7406e-01 -3.2878e+00
35 +2.272381828e+00 +2.272381828e+00 -2.198761817e+01 -2.198761817e+01 +2.2896e-01 -2.7604e+00
42 +1.281691868e+00 +1.281691868e+00 -2.297830813e+01 -2.297830813e+01 +1.2617e+00 -2.6835e+00
53 +2.789256305e-01 +2.789256305e-01 -2.398107437e+01 -2.398107437e+01 +2.2068e+00 -3.1797e+00
71 +1.613964651e-01 +1.613964651e-01 -2.409860353e+01 -2.409860353e+01 +2.6446e+00 -3.1392e+00
88 +5.720314426e-02 +5.720314426e-02 -2.420279686e+01 -2.420279686e+01 +2.4514e+00 -3.5137e+00
93 +3.294398615e-02 +3.294398615e-02 -2.422705601e+01 -2.422705601e+01 +2.5278e+00 -3.3074e+00
139 +8.596440992e-03 +8.596440992e-03 -2.425140356e+01 -2.425140356e+01 +2.4993e+00 -3.2520e+00
148 +6.903959489e-03 +6.903959489e-03 -2.425309604e+01 -2.425309604e+01 +2.5160e+00 -3.5296e+00
155 +5.466452774e-03 +5.466452774e-03 -2.425453355e+01 -2.425453355e+01 +2.5046e+00 -3.3717e+00
168 +3.975972478e-03 +3.975972478e-03 -2.425602403e+01 -2.425602403e+01 +2.5023e+00 -3.4767e+00
231 +2.543114156e-03 +2.543114156e-03 -2.425745689e+01 -2.425745689e+01 +2.5088e+00 -3.5206e+00
250 +1.903411499e-03 +1.903411499e-03 -2.425809659e+01 -2.425809659e+01 +2.5089e+00 -3.4977e+00
275 +1.473497514e-03 +1.473497514e-03 -2.425852650e+01 -2.425852650e+01 +2.5081e+00 -3.4944e+00
278 +1.035139080e-03 +1.035139080e-03 -2.425896486e+01 -2.425896486e+01 +2.5048e+00 -3.4687e+00
289 +8.964154356e-04 +8.964154356e-04 -2.425910358e+01 -2.425910358e+01 +2.5044e+00 -3.4618e+00
294 +8.291968231e-04 +8.291968231e-04 -2.425917080e+01 -2.425917080e+01 +2.5058e+00 -3.4606e+00
297 +5.874415363e-04 +5.874415363e-04 -2.425941256e+01 -2.425941256e+01 +2.5010e+00 -3.4088e+00
300 +2.636447561e-04 +2.636447561e-04 -2.425973636e+01 -2.425973636e+01 +2.5035e+00 -3.4325e+00
312 +1.742701340e-04 +1.742701340e-04 -2.425982573e+01 -2.425982573e+01 +2.5011e+00 -3.4030e+00
336 +8.717674110e-06 +8.717674110e-06 -2.425999128e+01 -2.425999128e+01 +2.5005e+00 -3.3929e+00
434 +6.978629923e-06 +6.978629923e-06 -2.425999302e+01 -2.425999302e+01 +2.4998e+00 -3.3818e+00
446 +1.325093621e-06 +1.325093621e-06 -2.425999867e+01 -2.425999867e+01 +2.4997e+00 -3.3807e+00
466 +1.290058837e-06 +1.290058837e-06 -2.425999871e+01 -2.425999871e+01 +2.5002e+00 -3.3872e+00
508 +1.077282882e-06 +1.077282882e-06 -2.425999892e+01 -2.425999892e+01 +2.4996e+00 -3.3796e+00
529 +4.637980417e-07 +4.637980417e-07 -2.425999954e+01 -2.425999954e+01 +2.4998e+00 -3.3818e+00
668 +3.951823402e-07 +3.951823402e-07 -2.425999960e+01 -2.425999960e+01 +2.4998e+00 -3.3816e+00
679 +3.591454316e-07 +3.591454316e-07 -2.425999964e+01 -2.425999964e+01 +2.4998e+00 -3.3816e+00
687 +2.958174505e-07 +2.958174505e-07 -2.425999970e+01 -2.425999970e+01 +2.4998e+00 -3.3816e+00
717 +2.455317443e-07 +2.455317443e-07 -2.425999975e+01 -2.425999975e+01 +2.4998e+00 -3.3820e+00
728 +1.833363648e-07 +1.833363648e-07 -2.425999982e+01 -2.425999982e+01 +2.4998e+00 -3.3821e+00
732 +1.150692057e-07 +1.150692057e-07 -2.425999988e+01 -2.425999988e+01 +2.4998e+00 -3.3821e+00
744 +7.770432475e-08 +7.770432475e-08 -2.425999992e+01 -2.425999992e+01 +2.4998e+00 -3.3822e+00
754 +5.726792196e-08 +5.726792196e-08 -2.425999994e+01 -2.425999994e+01 +2.4998e+00 -3.3823e+00
847 +3.232660717e-08 +3.232660717e-08 -2.425999997e+01 -2.425999997e+01 +2.4998e+00 -3.3822e+00
879 +1.965185703e-08 +1.965185703e-08 -2.425999998e+01 -2.425999998e+01 +2.4998e+00 -3.3822e+00
1056 +1.806427008e-08 +1.806427008e-08 -2.425999998e+01 -2.425999998e+01 +2.4998e+00 -3.3822e+00
1312 +1.754245815e-08 +1.754245815e-08 -2.425999998e+01 -2.425999998e+01 +2.4998e+00 -3.3822e+00
2084 +1.737645405e-08 +1.737645405e-08 -2.425999998e+01 -2.425999998e+01 +2.4998e+00 -3.3822e+00
2132 +1.696358609e-08 +1.696358609e-08 -2.425999998e+01 -2.425999998e+01 +2.4998e+00 -3.3822e+00
2174 +1.657036464e-08 +1.657036464e-08 -2.425999998e+01 -2.425999998e+01 +2.4998e+00 -3.3823e+00
2182 +1.621660317e-08 +1.621660317e-08 -2.425999998e+01 -2.425999998e+01 +2.4998e+00 -3.3823e+00
2197 +1.575833508e-08 +1.575833508e-08 -2.425999998e+01 -2.425999998e+01 +2.4998e+00 -3.3823e+00
2203 +1.548727013e-08 +1.548727013e-08 -2.425999998e+01 -2.425999998e+01 +2.4998e+00 -3.3823e+00
2212 +1.506525749e-08 +1.506525749e-08 -2.425999998e+01 -2.425999998e+01 +2.4998e+00 -3.3824e+00
2215 +1.470686684e-08 +1.470686684e-08 -2.425999999e+01 -2.425999999e+01 +2.4998e+00 -3.3824e+00
2223 +1.406725403e-08 +1.406725403e-08 -2.425999999e+01 -2.425999999e+01 +2.4998e+00 -3.3824e+00
2243 +1.282113971e-08 +1.282113971e-08 -2.425999999e+01 -2.425999999e+01 +2.4998e+00 -3.3826e+00
2254 +1.242529279e-08 +1.242529279e-08 -2.425999999e+01 -2.425999999e+01 +2.4999e+00 -3.3826e+00
2255 +1.213057388e-08 +1.213057388e-08 -2.425999999e+01 -2.425999999e+01 +2.4999e+00 -3.3828e+00
2257 +1.145163608e-08 +1.145163608e-08 -2.425999999e+01 -2.425999999e+01 +2.4999e+00 -3.3827e+00
2262 +1.058522514e-08 +1.058522514e-08 -2.425999999e+01 -2.425999999e+01 +2.4999e+00 -3.3829e+00
2268 +9.894069564e-09 +9.894069564e-09 -2.425999999e+01 -2.425999999e+01 +2.4999e+00 -3.3829e+00
% function evaluation | noise-free fitness - Fopt (2.814500000000e+02) | best noise-free fitness - Fopt | measured fitness | best measured fitness | x1 | x2...
1 +3.880185755e+01 +3.880185755e+01 +3.202518575e+02 +3.202518575e+02 +0.0000e+00 +0.0000e+00
3 +1.089069853e+01 +1.089069853e+01 +2.923406985e+02 +2.923406985e+02 -9.7207e-01 +6.7913e-01
14 +2.522351602e+00 +2.522351602e+00 +2.839723516e+02 +2.839723516e+02 -1.8751e+00 +1.8131e+00
19 +2.440075376e+00 +2.440075376e+00 +2.838900754e+02 +2.838900754e+02 -1.9072e+00 +1.7216e+00
22 +1.517513761e+00 +1.517513761e+00 +2.829675138e+02 +2.829675138e+02 -2.4710e+00 +1.0408e+00
34 +9.438652766e-01 +9.438652766e-01 +2.823938653e+02 +2.823938653e+02 -2.7213e+00 +3.8415e-01
46 +1.271091011e-01 +1.271091011e-01 +2.815771091e+02 +2.815771091e+02 -4.0795e+00 +3.7568e-01
53 +1.161120430e-01 +1.161120430e-01 +2.815661120e+02 +2.815661120e+02 -4.2116e+00 +3.5570e-01
62 +7.314052265e-02 +7.314052265e-02 +2.815231405e+02 +2.815231405e+02 -3.6825e+00 +1.0950e-01
88 +1.424925831e-02 +1.424925831e-02 +2.814642493e+02 +2.814642493e+02 -3.9826e+00 +2.0332e-01
95 +1.196366601e-02 +1.196366601e-02 +2.814619637e+02 +2.814619637e+02 -3.8840e+00 +1.5006e-01
134 +1.013398603e-02 +1.013398603e-02 +2.814601340e+02 +2.814601340e+02 -3.9216e+00 +1.4575e-01
146 +1.651214150e-04 +1.651214150e-04 +2.814501651e+02 +2.814501651e+02 -3.8453e+00 +1.1544e-01
283 +9.958718181e-05 +9.958718181e-05 +2.814500996e+02 +2.814500996e+02 -3.8289e+00 +1.0638e-01
328 +2.742398419e-05 +2.742398419e-05 +2.814500274e+02 +2.814500274e+02 -3.8335e+00 +1.0880e-01
437 +2.614849097e-05 +2.614849097e-05 +2.814500261e+02 +2.814500261e+02 -3.8330e+00 +1.0853e-01
462 +2.342560850e-05 +2.342560850e-05 +2.814500234e+02 +2.814500234e+02 -3.8320e+00 +1.0800e-01
500 +2.250213038e-05 +2.250213038e-05 +2.814500225e+02 +2.814500225e+02 -3.8317e+00 +1.0780e-01
509 +2.188338016e-05 +2.188338016e-05 +2.814500219e+02 +2.814500219e+02 -3.8317e+00 +1.0784e-01
512 +2.184276036e-05 +2.184276036e-05 +2.814500218e+02 +2.814500218e+02 -3.8316e+00 +1.0778e-01
549 +2.121477564e-05 +2.121477564e-05 +2.814500212e+02 +2.814500212e+02 -3.8314e+00 +1.0768e-01
849 +2.088758839e-05 +2.088758839e-05 +2.814500209e+02 +2.814500209e+02 -3.8314e+00 +1.0763e-01
888 +2.040972817e-05 +2.040972817e-05 +2.814500204e+02 +2.814500204e+02 -3.8312e+00 +1.0753e-01
905 +1.955853003e-05 +1.955853003e-05 +2.814500196e+02 +2.814500196e+02 -3.8308e+00 +1.0732e-01
912 +1.926890445e-05 +1.926890445e-05 +2.814500193e+02 +2.814500193e+02 -3.8305e+00 +1.0716e-01
916 +1.880495302e-05 +1.880495302e-05 +2.814500188e+02 +2.814500188e+02 -3.8305e+00 +1.0715e-01
920 +1.861647638e-05 +1.861647638e-05 +2.814500186e+02 +2.814500186e+02 -3.8304e+00 +1.0712e-01
927 +1.797732199e-05 +1.797732199e-05 +2.814500180e+02 +2.814500180e+02 -3.8302e+00 +1.0698e-01
932 +1.630729020e-05 +1.630729020e-05 +2.814500163e+02 +2.814500163e+02 -3.8294e+00 +1.0657e-01
946 +1.532713190e-05 +1.532713190e-05 +2.814500153e+02 +2.814500153e+02 -3.8290e+00 +1.0633e-01
947 +1.418441741e-05 +1.418441741e-05 +2.814500142e+02 +2.814500142e+02 -3.8284e+00 +1.0601e-01
952 +1.312473739e-05 +1.312473739e-05 +2.814500131e+02 +2.814500131e+02 -3.8278e+00 +1.0569e-01
957 +1.116663429e-05 +1.116663429e-05 +2.814500112e+02 +2.814500112e+02 -3.8268e+00 +1.0513e-01
965 +9.315894204e-06 +9.315894204e-06 +2.814500093e+02 +2.814500093e+02 -3.8256e+00 +1.0449e-01
967 +7.400860682e-06 +7.400860682e-06 +2.814500074e+02 +2.814500074e+02 -3.8243e+00 +1.0376e-01
973 +5.380804055e-06 +5.380804055e-06 +2.814500054e+02 +2.814500054e+02 -3.8226e+00 +1.0282e-01
977 +4.011247484e-06 +4.011247484e-06 +2.814500040e+02 +2.814500040e+02 -3.8211e+00 +1.0203e-01
979 +2.821761200e-06 +2.821761200e-06 +2.814500028e+02 +2.814500028e+02 -3.8193e+00 +1.0105e-01
983 +1.672127325e-06 +1.672127325e-06 +2.814500017e+02 +2.814500017e+02 -3.8162e+00 +9.9340e-02
992 +1.501381917e-06 +1.501381917e-06 +2.814500015e+02 +2.814500015e+02 -3.8137e+00 +9.7974e-02
1002 +1.312785912e-06 +1.312785912e-06 +2.814500013e+02 +2.814500013e+02 -3.8150e+00 +9.8701e-02
1005 +9.728383930e-07 +9.728383930e-07 +2.814500010e+02 +2.814500010e+02 -3.8155e+00 +9.8928e-02
1012 +3.747419441e-07 +3.747419441e-07 +2.814500004e+02 +2.814500004e+02 -3.8080e+00 +9.4856e-02
1015 +1.031046395e-07 +1.031046395e-07 +2.814500001e+02 +2.814500001e+02 -3.8108e+00 +9.6398e-02
1018 +3.861032383e-08 +3.861032383e-08 +2.814500000e+02 +2.814500000e+02 -3.8091e+00 +9.5452e-02
1044 +1.569532060e-08 +1.569532060e-08 +2.814500000e+02 +2.814500000e+02 -3.8079e+00 +9.4761e-02
1069 +6.644143014e-09 +6.644143014e-09 +2.814500000e+02 +2.814500000e+02 -3.8068e+00 +9.4174e-02
% function evaluation | noise-free fitness - Fopt (-4.818000000000e+01) | best noise-free fitness - Fopt | measured fitness | best measured fitness | x1 | x2...
1 +3.050192294e+01 +3.050192294e+01 -1.767807706e+01 -1.767807706e+01 +0.0000e+00 +0.0000e+00
2 +5.539180947e+00 +5.539180947e+00 -4.264081905e+01 -4.264081905e+01 +8.4294e-02 +1.3616e+00
9 +2.821929819e+00 +2.821929819e+00 -4.535807018e+01 -4.535807018e+01 +1.5541e+00 +1.8303e+00
13 +2.237224917e+00 +2.237224917e+00 -4.594277508e+01 -4.594277508e+01 +4.7247e-01 +1.8645e+00
16 +2.002718435e+00 +2.002718435e+00 -4.617728156e+01 -4.617728156e+01 +9.9263e-01 +4.1147e+00
19 +1.783153010e+00 +1.783153010e+00 -4.639684699e+01 -4.639684699e+01 +1.0903e+00 +3.1354e+00
29 +1.267459057e+00 +1.267459057e+00 -4.691254094e+01 -4.691254094e+01 +5.5642e-01 +2.9724e+00
32 +5.801479158e-01 +5.801479158e-01 -4.759985208e+01 -4.759985208e+01 -1.3066e+00 +2.7651e+00
41 +4.026109870e-01 +4.026109870e-01 -4.777738901e+01 -4.777738901e+01 -2.9627e-01 +3.7660e+00
47 +3.488395067e-01 +3.488395067e-01 -4.783116049e+01 -4.783116049e+01 -6.8450e-01 +3.9086e+00
56 +5.451441346e-02 +5.451441346e-02 -4.812548559e+01 -4.812548559e+01 -6.2198e-01 +3.5308e+00
105 +5.201571043e-02 +5.201571043e-02 -4.812798429e+01 -4.812798429e+01 -6.2783e-01 +3.3551e+00
119 +2.321626697e-02 +2.321626697e-02 -4.815678373e+01 -4.815678373e+01 -7.1908e-01 +3.1915e+00
123 +1.458216489e-02 +1.458216489e-02 -4.816541784e+01 -4.816541784e+01 -6.8845e-01 +3.1158e+00
127 +5.803946918e-03 +5.803946918e-03 -4.817419605e+01 -4.817419605e+01 -7.0377e-01 +3.1690e+00
248 +4.371464163e-03 +4.371464163e-03 -4.817562854e+01 -4.817562854e+01 -6.7944e-01 +3.3677e+00
264 +3.333411461e-03 +3.333411461e-03 -4.817666659e+01 -4.817666659e+01 -6.7915e-01 +3.3404e+00
277 +2.804704124e-03 +2.804704124e-03 -4.817719530e+01 -4.817719530e+01 -6.8070e-01 +3.3459e+00
287 +2.449835411e-03 +2.449835411e-03 -4.817755016e+01 -4.817755016e+01 -6.8216e-01 +3.3385e+00
306 +2.318640196e-03 +2.318640196e-03 -4.817768136e+01 -4.817768136e+01 -6.8165e-01 +3.3190e+00
320 +1.890397784e-03 +1.890397784e-03 -4.817810960e+01 -4.817810960e+01 -6.8340e-01 +3.3022e+00
323 +9.330067148e-04 +9.330067148e-04 -4.817906699e+01 -4.817906699e+01 -6.8513e-01 +3.3026e+00
334 +8.124909949e-04 +8.124909949e-04 -4.817918751e+01 -4.817918751e+01 -6.8532e-01 +3.2978e+00
357 +5.903108333e-04 +5.903108333e-04 -4.817940969e+01 -4.817940969e+01 -6.8655e-01 +3.2883e+00
359 +3.878173633e-04 +3.878173633e-04 -4.817961218e+01 -4.817961218e+01 -6.8754e-01 +3.2775e+00
366 +3.650065851e-04 +3.650065851e-04 -4.817963499e+01 -4.817963499e+01 -6.8765e-01 +3.2736e+00
379 +1.584694576e-04 +1.584694576e-04 -4.817984153e+01 -4.817984153e+01 -6.9036e-01 +3.2488e+00
382 +4.850230430e-05 +4.850230430e-05 -4.817995150e+01 -4.817995150e+01 -6.9319e-01 +3.2176e+00
413 +1.549836747e-05 +1.549836747e-05 -4.817998450e+01 -4.817998450e+01 -6.9281e-01 +3.2222e+00
416 +1.346323514e-05 +1.346323514e-05 -4.817998654e+01 -4.817998654e+01 -6.9353e-01 +3.2144e+00
430 +8.340828558e-06 +8.340828558e-06 -4.817999166e+01 -4.817999166e+01 -6.9488e-01 +3.2006e+00
498 +1.400055794e-06 +1.400055794e-06 -4.817999860e+01 -4.817999860e+01 -6.9472e-01 +3.2023e+00
527 +1.358443228e-06 +1.358443228e-06 -4.817999864e+01 -4.817999864e+01 -6.9466e-01 +3.2029e+00
540 +7.705682066e-07 +7.705682066e-07 -4.817999923e+01 -4.817999923e+01 -6.9461e-01 +3.2034e+00
637 +1.651092063e-07 +1.651092063e-07 -4.817999983e+01 -4.817999983e+01 -6.9466e-01 +3.2029e+00
727 +8.876003221e-08 +8.876003221e-08 -4.817999991e+01 -4.817999991e+01 -6.9470e-01 +3.2025e+00
801 +4.412918031e-08 +4.412918031e-08 -4.817999996e+01 -4.817999996e+01 -6.9470e-01 +3.2025e+00
898 +3.538262661e-08 +3.538262661e-08 -4.817999996e+01 -4.817999996e+01 -6.9471e-01 +3.2024e+00
901 +3.205497023e-08 +3.205497023e-08 -4.817999997e+01 -4.817999997e+01 -6.9471e-01 +3.2024e+00
2532 +3.161827067e-08 +3.161827067e-08 -4.817999997e+01 -4.817999997e+01 -6.9470e-01 +3.2025e+00
2614 +3.084679179e-08 +3.084679179e-08 -4.817999997e+01 -4.817999997e+01 -6.9470e-01 +3.2025e+00
2637 +3.013768435e-08 +3.013768435e-08 -4.817999997e+01 -4.817999997e+01 -6.9470e-01 +3.2025e+00
2645 +2.951004774e-08 +2.951004774e-08 -4.817999997e+01 -4.817999997e+01 -6.9470e-01 +3.2025e+00
2655 +2.874914884e-08 +2.874914884e-08 -4.817999997e+01 -4.817999997e+01 -6.9469e-01 +3.2026e+00
2667 +2.774157082e-08 +2.774157082e-08 -4.817999997e+01 -4.817999997e+01 -6.9469e-01 +3.2026e+00
2673 +2.672894084e-08 +2.672894084e-08 -4.817999997e+01 -4.817999997e+01 -6.9468e-01 +3.2027e+00
2686 +2.592432935e-08 +2.592432935e-08 -4.817999997e+01 -4.817999997e+01 -6.9466e-01 +3.2029e+00
2693 +2.474323679e-08 +2.474323679e-08 -4.817999998e+01 -4.817999998e+01 -6.9467e-01 +3.2028e+00
2702 +2.322679649e-08 +2.322679649e-08 -4.817999998e+01 -4.817999998e+01 -6.9467e-01 +3.2028e+00
2709 +2.069179317e-08 +2.069179317e-08 -4.817999998e+01 -4.817999998e+01 -6.9466e-01 +3.2030e+00
2713 +1.841206654e-08 +1.841206654e-08 -4.817999998e+01 -4.817999998e+01 -6.9464e-01 +3.2031e+00
2714 +1.750377265e-08 +1.750377265e-08 -4.817999998e+01 -4.817999998e+01 -6.9464e-01 +3.2031e+00
2715 +1.722555254e-08 +1.722555254e-08 -4.817999998e+01 -4.817999998e+01 -6.9465e-01 +3.2030e+00
2717 +1.551301665e-08 +1.551301665e-08 -4.817999998e+01 -4.817999998e+01 -6.9463e-01 +3.2032e+00
2722 +1.181437881e-08 +1.181437881e-08 -4.817999999e+01 -4.817999999e+01 -6.9462e-01 +3.2033e+00
2733 +1.063357757e-08 +1.063357757e-08 -4.817999999e+01 -4.817999999e+01 -6.9459e-01 +3.2036e+00
2742 +9.023452208e-09 +9.023452208e-09 -4.817999999e+01 -4.817999999e+01 -6.9459e-01 +3.2036e+00
% function evaluation | noise-free fitness - Fopt (3.030600000000e+02) | best noise-free fitness - Fopt | measured fitness | best measured fitness | x1 | x2...
1 +8.251236895e+00 +8.251236895e+00 +3.113112369e+02 +3.113112369e+02 +0.0000e+00 +0.0000e+00
5 +1.748209250e+00 +1.748209250e+00 +3.048082093e+02 +3.048082093e+02 -1.4981e+00 -2.7546e-01
13 +6.523524344e-01 +6.523524344e-01 +3.037123524e+02 +3.037123524e+02 -2.5026e+00 -1.4889e+00
32 +2.838079872e-01 +2.838079872e-01 +3.033438080e+02 +3.033438080e+02 -1.4244e+00 -1.3104e+00
41 +1.049858315e-01 +1.049858315e-01 +3.031649858e+02 +3.031649858e+02 -1.9881e+00 -1.8755e+00
71 +2.089423843e-02 +2.089423843e-02 +3.030808942e+02 +3.030808942e+02 -1.7332e+00 -1.3764e+00
84 +7.490837571e-03 +7.490837571e-03 +3.030674908e+02 +3.030674908e+02 -1.7285e+00 -1.3270e+00
91 +6.734213632e-03 +6.734213632e-03 +3.030667342e+02 +3.030667342e+02 -1.8302e+00 -1.5449e+00
151 +2.798260841e-03 +2.798260841e-03 +3.030627983e+02 +3.030627983e+02 -1.8014e+00 -1.4982e+00
181 +1.472218298e-03 +1.472218298e-03 +3.030614722e+02 +3.030614722e+02 -1.8159e+00 -1.5307e+00
253 +1.348223542e-03 +1.348223542e-03 +3.030613482e+02 +3.030613482e+02 -1.8165e+00 -1.5251e+00
254 +7.174714372e-04 +7.174714372e-04 +3.030607175e+02 +3.030607175e+02 -1.8112e+00 -1.5170e+00
263 +3.902984812e-04 +3.902984812e-04 +3.030603903e+02 +3.030603903e+02 -1.8122e+00 -1.5184e+00
362 +3.616068948e-04 +3.616068948e-04 +3.030603616e+02 +3.030603616e+02 -1.8136e+00 -1.5214e+00
385 +2.664568289e-04 +2.664568289e-04 +3.030602665e+02 +3.030602665e+02 -1.8109e+00 -1.5146e+00
427 +1.579245197e-04 +1.579245197e-04 +3.030601579e+02 +3.030601579e+02 -1.8058e+00 -1.5020e+00
454 +1.352849126e-04 +1.352849126e-04 +3.030601353e+02 +3.030601353e+02 -1.8061e+00 -1.5025e+00
467 +1.213450752e-04 +1.213450752e-04 +3.030601213e+02 +3.030601213e+02 -1.8056e+00 -1.5011e+00
523 +1.194711588e-04 +1.194711588e-04 +3.030601195e+02 +3.030601195e+02 -1.8055e+00 -1.5009e+00
527 +1.171853459e-04 +1.171853459e-04 +3.030601172e+02 +3.030601172e+02 -1.8054e+00 -1.5006e+00
566 +1.140778119e-04 +1.140778119e-04 +3.030601141e+02 +3.030601141e+02 -1.8049e+00 -1.4996e+00
569 +1.115347933e-04 +1.115347933e-04 +3.030601115e+02 +3.030601115e+02 -1.8050e+00 -1.4997e+00
574 +1.081682283e-04 +1.081682283e-04 +3.030601082e+02 +3.030601082e+02 -1.8048e+00 -1.4991e+00
588 +1.066208113e-04 +1.066208113e-04 +3.030601066e+02 +3.030601066e+02 -1.8046e+00 -1.4987e+00
590 +1.032852476e-04 +1.032852476e-04 +3.030601033e+02 +3.030601033e+02 -1.8045e+00 -1.4986e+00
597 +9.702501148e-05 +9.702501148e-05 +3.030600970e+02 +3.030600970e+02 -1.8042e+00 -1.4978e+00
603 +9.540194384e-05 +9.540194384e-05 +3.030600954e+02 +3.030600954e+02 -1.8040e+00 -1.4972e+00
607 +9.049566927e-05 +9.049566927e-05 +3.030600905e+02 +3.030600905e+02 -1.8038e+00 -1.4967e+00
615 +8.833084576e-05 +8.833084576e-05 +3.030600883e+02 +3.030600883e+02 -1.8037e+00 -1.4965e+00
617 +8.690496344e-05 +8.690496344e-05 +3.030600869e+02 +3.030600869e+02 -1.8033e+00 -1.4956e+00
622 +8.331441950e-05 +8.331441950e-05 +3.030600833e+02 +3.030600833e+02 -1.8034e+00 -1.4957e+00
627 +7.660762725e-05 +7.660762725e-05 +3.030600766e+02 +3.030600766e+02 -1.8023e+00 -1.4932e+00
635 +6.965654671e-05 +6.965654671e-05 +3.030600697e+02 +3.030600697e+02 -1.8017e+00 -1.4915e+00
636 +6.845604872e-05 +6.845604872e-05 +3.030600685e+02 +3.030600685e+02 -1.8011e+00 -1.4900e+00
647 +5.391379244e-05 +5.391379244e-05 +3.030600539e+02 +3.030600539e+02 -1.8007e+00 -1.4889e+00
652 +5.085340007e-05 +5.085340007e-05 +3.030600509e+02 +3.030600509e+02 -1.8008e+00 -1.4892e+00
653 +4.714682541e-05 +4.714682541e-05 +3.030600471e+02 +3.030600471e+02 -1.7992e+00 -1.4854e+00
654 +3.740417554e-05 +3.740417554e-05 +3.030600374e+02 +3.030600374e+02 -1.7985e+00 -1.4835e+00
656 +3.652772676e-05 +3.652772676e-05 +3.030600365e+02 +3.030600365e+02 -1.7995e+00 -1.4860e+00
669 +2.947530731e-05 +2.947530731e-05 +3.030600295e+02 +3.030600295e+02 -1.7987e+00 -1.4839e+00
671 +2.174820241e-05 +2.174820241e-05 +3.030600217e+02 +3.030600217e+02 -1.7976e+00 -1.4811e+00
675 +2.114402054e-05 +2.114402054e-05 +3.030600211e+02 +3.030600211e+02 -1.7963e+00 -1.4779e+00
683 +1.674195170e-05 +1.674195170e-05 +3.030600167e+02 +3.030600167e+02 -1.7933e+00 -1.4703e+00
686 +1.554896994e-05 +1.554896994e-05 +3.030600155e+02 +3.030600155e+02 -1.7964e+00 -1.4782e+00
690 +1.475033156e-05 +1.475033156e-05 +3.030600148e+02 +3.030600148e+02 -1.7941e+00 -1.4724e+00
696 +9.498772442e-06 +9.498772442e-06 +3.030600095e+02 +3.030600095e+02 -1.7931e+00 -1.4700e+00
705 +8.850349275e-06 +8.850349275e-06 +3.030600089e+02 +3.030600089e+02 -1.7921e+00 -1.4674e+00
712 +8.094617669e-06 +8.094617669e-06 +3.030600081e+02 +3.030600081e+02 -1.7937e+00 -1.4716e+00
714 +5.146572107e-06 +5.146572107e-06 +3.030600051e+02 +3.030600051e+02 -1.7909e+00 -1.4645e+00
722 +5.127328336e-06 +5.127328336e-06 +3.030600051e+02 +3.030600051e+02 -1.7917e+00 -1.4666e+00
725 +1.828795519e-06 +1.828795519e-06 +3.030600018e+02 +3.030600018e+02 -1.7848e+00 -1.4492e+00
738 +8.383738077e-07 +8.383738077e-07 +3.030600008e+02 +3.030600008e+02 -1.7859e+00 -1.4520e+00
743 +5.288415537e-07 +5.288415537e-07 +3.030600005e+02 +3.030600005e+02 -1.7882e+00 -1.4577e+00
800 +3.247392328e-07 +3.247392328e-07 +3.030600003e+02 +3.030600003e+02 -1.7887e+00 -1.4588e+00
940 +6.778452644e-08 +6.778452644e-08 +3.030600001e+02 +3.030600001e+02 -1.7861e+00 -1.4525e+00
954 +1.688243856e-08 +1.688243856e-08 +3.030600000e+02 +3.030600000e+02 -1.7865e+00 -1.4533e+00
% function evaluation | noise-free fitness - Fopt (-7.989000000000e+01) | best noise-free fitness - Fopt | measured fitness | best measured fitness | x1 | x2...
1 +1.528514333e+01 +1.528514333e+01 -6.460485667e+01 -6.460485667e+01 +0.0000e+00 +0.0000e+00
2 +1.235677527e+01 +1.235677527e+01 -6.753322473e+01 -6.753322473e+01 +1.5555e-02 -2.2813e-01
3 +4.313681818e+00 +4.313681818e+00 -7.557631818e+01 -7.557631818e+01 -1.3655e+00 -5.0402e-01
11 +3.920611547e+00 +3.920611547e+00 -7.596938845e+01 -7.596938845e+01 -1.9120e+00 -1.1195e+00
12 +2.202835722e+00 +2.202835722e+00 -7.768716428e+01 -7.768716428e+01 -9.5745e-01 -2.7218e+00
13 +1.853466148e+00 +1.853466148e+00 -7.803653385e+01 -7.803653385e+01 -7.8423e-01 -3.0822e+00
25 +1.349459637e+00 +1.349459637e+00 -7.854054036e+01 -7.854054036e+01 -1.8776e-01 -3.1150e+00
35 +4.350256168e-01 +4.350256168e-01 -7.945497438e+01 -7.945497438e+01 +6.3289e-01 -3.5421e+00
46 +4.221832017e-01 +4.221832017e-01 -7.946781680e+01 -7.946781680e+01 +1.1213e+00 -3.0708e+00
48 +2.547954387e-01 +2.547954387e-01 -7.963520456e+01 -7.963520456e+01 +7.4259e-01 -4.3479e+00
72 +1.006391182e-01 +1.006391182e-01 -7.978936088e+01 -7.978936088e+01 +9.9678e-01 -3.9518e+00
76 +7.432383305e-02 +7.432383305e-02 -7.981567617e+01 -7.981567617e+01 +7.3585e-01 -4.1133e+00
111 +2.195665711e-02 +2.195665711e-02 -7.986804334e+01 -7.986804334e+01 +1.1598e+00 -3.5589e+00
120 +1.669780543e-02 +1.669780543e-02 -7.987330219e+01 -7.987330219e+01 +1.0277e+00 -3.7676e+00
124 +2.715019378e-03 +2.715019378e-03 -7.988728498e+01 -7.988728498e+01 +9.8726e-01 -3.7991e+00
187 +1.649949774e-03 +1.649949774e-03 -7.988835005e+01 -7.988835005e+01 +9.3018e-01 -3.8706e+00
203 +1.070287277e-03 +1.070287277e-03 -7.988892971e+01 -7.988892971e+01 +9.7794e-01 -3.8091e+00
218 +1.286380759e-04 +1.286380759e-04 -7.988987136e+01 -7.988987136e+01 +9.8679e-01 -3.7950e+00
387 +1.135165891e-04 +1.135165891e-04 -7.988988648e+01 -7.988988648e+01 +1.0221e+00 -3.7471e+00
415 +7.252416097e-05 +7.252416097e-05 -7.988992748e+01 -7.988992748e+01 +1.0172e+00 -3.7537e+00
433 +2.914605163e-05 +2.914605163e-05 -7.988997085e+01 -7.988997085e+01 +1.0077e+00 -3.7665e+00
448 +2.712778512e-05 +2.712778512e-05 -7.988997287e+01 -7.988997287e+01 +1.0117e+00 -3.7612e+00
456 +1.536183019e-05 +1.536183019e-05 -7.988998464e+01 -7.988998464e+01 +1.0082e+00 -3.7659e+00
481 +4.602014698e-06 +4.602014698e-06 -7.988999540e+01 -7.988999540e+01 +1.0042e+00 -3.7714e+00
797 +4.458632162e-06 +4.458632162e-06 -7.988999554e+01 -7.988999554e+01 +1.0040e+00 -3.7717e+00
803 +3.505208483e-06 +3.505208483e-06 -7.988999649e+01 -7.988999649e+01 +1.0032e+00 -3.7729e+00
813 +2.410979690e-06 +2.410979690e-06 -7.988999759e+01 -7.988999759e+01 +1.0010e+00 -3.7757e+00
819 +1.956112072e-06 +1.956112072e-06 -7.988999804e+01 -7.988999804e+01 +1.0015e+00 -3.7751e+00
826 +1.319070506e-06 +1.319070506e-06 -7.988999868e+01 -7.988999868e+01 +1.0006e+00 -3.7764e+00
831 +8.280188126e-07 +8.280188126e-07 -7.988999917e+01 -7.988999917e+01 +9.9993e-01 -3.7773e+00
837 +5.309033071e-07 +5.309033071e-07 -7.988999947e+01 -7.988999947e+01 +9.9901e-01 -3.7785e+00
838 +4.949438903e-07 +4.949438903e-07 -7.988999951e+01 -7.988999951e+01 +9.9901e-01 -3.7785e+00
850 +3.696493422e-07 +3.696493422e-07 -7.988999963e+01 -7.988999963e+01 +9.9855e-01 -3.7791e+00
854 +3.467096548e-07 +3.467096548e-07 -7.988999965e+01 -7.988999965e+01 +9.9602e-01 -3.7826e+00
867 +2.482871366e-07 +2.482871366e-07 -7.988999975e+01 -7.988999975e+01 +9.9733e-01 -3.7808e+00
872 +1.850748816e-07 +1.850748816e-07 -7.988999981e+01 -7.988999981e+01 +9.9693e-01 -3.7813e+00
878 +1.007972799e-07 +1.007972799e-07 -7.988999990e+01 -7.988999990e+01 +9.9485e-01 -3.7842e+00
890 +6.296644983e-08 +6.296644983e-08 -7.988999994e+01 -7.988999994e+01 +9.9484e-01 -3.7842e+00
892 +1.096232438e-08 +1.096232438e-08 -7.988999999e+01 -7.988999999e+01 +9.9480e-01 -3.7843e+00
902 +1.687311624e-09 +1.687311624e-09 -7.989000000e+01 -7.989000000e+01 +9.9402e-01 -3.7853e+00
