% function evaluation | noise-free fitness - Fopt (6.870000000000e+00) | best noise-free fitness - Fopt | measured fitness | best measured fitness | x1 | x2...
1 +2.483510099e+01 +2.483510099e+01 +3.170510099e+01 +3.170510099e+01 +0.0000e+00 +0.0000e+00
3 +1.934687610e+01 +1.934687610e+01 +2.621687610e+01 +2.621687610e+01 -4.3170e-01 -6.0778e-01
4 +1.124063749e+01 +1.124063749e+01 +1.811063749e+01 +1.811063749e+01 -2.7911e-01 +7.1150e-01
23 +7.331996131e+00 +7.331996131e+00 +1.420199613e+01 +1.420199613e+01 -2.9433e-01 +2.0174e+00
66 +5.585837142e+00 +5.585837142e+00 +1.245583714e+01 +1.245583714e+01 +3.0991e+00 +1.7591e+00
200 +1.787086451e+00 +1.787086451e+00 +8.657086451e+00 +8.657086451e+00 -4.1910e-01 -5.6685e+00
706 +1.758737418e+00 +1.758737418e+00 +8.628737418e+00 +8.628737418e+00 +7.0557e-01 -5.8171e+00
722 +8.774883067e-01 +8.774883067e-01 +7.747488307e+00 +7.747488307e+00 +7.0778e-01 -5.8182e+00
772 +8.090289278e-01 +8.090289278e-01 +7.679028928e+00 +7.679028928e+00 +7.0963e-01 -5.8196e+00
817 +7.807773659e-01 +7.807773659e-01 +7.650777366e+00 +7.650777366e+00 +7.0990e-01 -5.8197e+00
1530 +7.663080132e-01 +7.663080132e-01 +7.636308013e+00 +7.636308013e+00 +7.0861e-01 -5.8188e+00
1534 +7.248086090e-01 +7.248086090e-01 +7.594808609e+00 +7.594808609e+00 +7.0895e-01 -5.8190e+00
1535 +7.049924516e-01 +7.049924516e-01 +7.574992452e+00 +7.574992452e+00 +7.0909e-01 -5.8191e+00
1558 +6.915962663e-01 +6.915962663e-01 +7.561596266e+00 +7.561596266e+00 +7.0917e-01 -5.8192e+00
1577 +6.748660094e-01 +6.748660094e-01 +7.544866009e+00 +7.544866009e+00 +7.0928e-01 -5.8193e+00
% function evaluation | noise-free fitness - Fopt (1.000000000000e-02) | best noise-free fitness - Fopt | measured fitness | best measured fitness | x1 | x2...
1 +3.874812351e+01 +3.874812351e+01 +3.875812351e+01 +3.875812351e+01 +0.0000e+00 +0.0000e+00
8 +2.355498114e+01 +2.355498114e+01 +2.356498114e+01 +2.356498114e+01 +3.3381e-01 -2.9447e-01
9 +1.316256888e+01 +1.316256888e+01 +1.317256888e+01 +1.317256888e+01 +1.6172e+00 +1.9450e-01
15 +9.635518089e+00 +9.635518089e+00 +9.645518089e+00 +9.645518089e+00 +2.7277e-01 +3.9583e-01
28 +2.285271996e+00 +2.285271996e+00 +2.295271996e+00 +2.295271996e+00 -1.1459e+00 +9.6476e-01
89 +9.100654920e-01 +9.100654920e-01 +9.200654920e-01 +9.200654920e-01 -5.1395e-01 -1.5479e+00
789 +5.578533963e-01 +5.578533963e-01 +5.678533963e-01 +5.678533963e-01 +5.1692e+00 -8.6802e-01
% function evaluation | noise-free fitness - Fopt (-1.306100000000e+02) | best noise-free fitness - Fopt | measured fitness | best measured fitness | x1 | x2...
1 +6.063859804e+01 +6.063859804e+01 -6.997140196e+01 -6.997140196e+01 +0.0000e+00 +0.0000e+00
2 +2.714555996e+01 +2.714555996e+01 -1.034644400e+02 -1.034644400e+02 -5.4930e-01 +6.7988e-01
13 +2.639085730e+01 +2.639085730e+01 -1.042191427e+02 -1.042191427e+02 -1.5719e+00 +5.4030e-01
20 +1.982420804e+01 +1.982420804e+01 -1.107857920e+02 -1.107857920e+02 -1.0955e+00 +7.0071e-01
22 +1.247478803e+00 +1.247478803e+00 -1.293625212e+02 -1.293625212e+02 -1.7505e+00 +8.7806e-01
277 +5.826659945e-01 +5.826659945e-01 -1.300273340e+02 -1.300273340e+02 -1.7239e+00 +5.0895e-01
300 +3.407827908e-01 +3.407827908e-01 -1.302692172e+02 -1.302692172e+02 -1.7241e+00 +5.0895e-01
383 +2.136588216e-01 +2.136588216e-01 -1.303963412e+02 -1.303963412e+02 -1.7238e+00 +5.0789e-01
407 +1.523524033e-01 +1.523524033e-01 -1.304576476e+02 -1.304576476e+02 -1.7243e+00 +5.0878e-01
457 +8.235459115e-02 +8.235459115e-02 -1.305276454e+02 -1.305276454e+02 -1.7241e+00 +5.0859e-01
481 +6.612029397e-02 +6.612029397e-02 -1.305438797e+02 -1.305438797e+02 -1.7241e+00 +5.0863e-01
494 +3.141060070e-02 +3.141060070e-02 -1.305785894e+02 -1.305785894e+02 -1.7241e+00 +5.0837e-01
544 +1.561122364e-02 +1.561122364e-02 -1.305943888e+02 -1.305943888e+02 -1.7241e+00 +5.0833e-01
601 +6.578300185e-03 +6.578300185e-03 -1.306034217e+02 -1.306034217e+02 -1.7241e+00 +5.0836e-01
631 +4.820702495e-03 +4.820702495e-03 -1.306051793e+02 -1.306051793e+02 -1.7241e+00 +5.0839e-01
665 +3.044622064e-03 +3.044622064e-03 -1.306069554e+02 -1.306069554e+02 -1.7241e+00 +5.0838e-01
682 +2.863769443e-03 +2.863769443e-03 -1.306071362e+02 -1.306071362e+02 -1.7241e+00 +5.0837e-01
688 +1.802652990e-03 +1.802652990e-03 -1.306081973e+02 -1.306081973e+02 -1.7241e+00 +5.0837e-01
721 +1.746721940e-03 +1.746721940e-03 -1.306082533e+02 -1.306082533e+02 -1.7241e+00 +5.0837e-01
728 +2.538575150e-04 +2.538575150e-04 -1.306097461e+02 -1.306097461e+02 -1.7241e+00 +5.0838e-01
809 +1.914578834e-04 +1.914578834e-04 -1.306098085e+02 -1.306098085e+02 -1.7241e+00 +5.0838e-01
825 +9.524499620e-05 +9.524499620e-05 -1.306099048e+02 -1.306099048e+02 -1.7241e+00 +5.0838e-01
853 +2.728095441e-05 +2.728095441e-05 -1.306099727e+02 -1.306099727e+02 -1.7241e+00 +5.0838e-01
893 +1.817050423e-05 +1.817050423e-05 -1.306099818e+02 -1.306099818e+02 -1.7241e+00 +5.0838e-01
944 +1.699753608e-05 +1.699753608e-05 -1.306099830e+02 -1.306099830e+02 -1.7241e+00 +5.0838e-01
948 +7.637206636e-06 +7.637206636e-06 -1.306099924e+02 -1.306099924e+02 -1.7241e+00 +5.0838e-01
949 +4.024216850e-06 +4.024216850e-06 -1.306099960e+02 -1.306099960e+02 -1.7241e+00 +5.0838e-01
1014 +3.081575130e-06 +3.081575130e-06 -1.306099969e+02 -1.306099969e+02 -1.7241e+00 +5.0838e-01
1046 +1.835269785e-06 +1.835269785e-06 -1.306099982e+02 -1.306099982e+02 -1.7241e+00 +5.0838e-01
1052 +5.709368338e-07 +5.709368338e-07 -1.306099994e+02 -1.306099994e+02 -1.7241e+00 +5.0838e-01
1091 +2.435710940e-07 +2.435710940e-07 -1.306099998e+02 -1.306099998e+02 -1.7241e+00 +5.0838e-01
1205 +4.671886700e-08 +4.671886700e-08 -1.306100000e+02 -1.306100000e+02 -1.7241e+00 +5.0838e-01
1286 +2.800607035e-08 +2.800607035e-08 -1.306100000e+02 -1.306100000e+02 -1.7241e+00 +5.0838e-01
1329 +2.578420322e-08 +2.578420322e-08 -1.306100000e+02 -1.306100000e+02 -1.7241e+00 +5.0838e-01
1337 +1.391148885e-08 +1.391148885e-08 -1.306100000e+02 -1.306100000e+02 -1.7241e+00 +5.0838e-01
1349 +3.680440841e-09 +3.680440841e-09 -1.306100000e+02 -1.306100000e+02 -1.7241e+00 +5.0838e-01
1733 +0.000000000e+00 +0.000000000e+00 -1.306100000e+02 -1.306100000e+02 -1.7241e+00 +5.0838e-01
% function evaluation | noise-free fitness - Fopt (-2.231200000000e+02) | best noise-free fitness - Fopt | measured fitness | best measured fitness | x1 | x2...
1 +5.548126590e+01 +5.548126590e+01 -1.676387341e+02 -1.676387341e+02 +0.0000e+00 +0.0000e+00
3 +4.349578448e+01 +4.349578448e+01 -1.796242155e+02 -1.796242155e+02 +7.3241e-01 -1.8528e-01
4 +2.523714893e+01 +2.523714893e+01 -1.978828511e+02 -1.978828511e+02 -4.1368e-01 -8.4546e-01
6 +1.384561005e+01 +1.384561005e+01 -2.092743899e+02 -2.092743899e+02 -2.1202e-01 -4.8094e-01
9 +4.612344636e+00 +4.612344636e+00 -2.185076554e+02 -2.185076554e+02 -2.5631e-01 -3.8287e-02
93 +1.382277678e+00 +1.382277678e+00 -2.217377223e+02 -2.217377223e+02 -4.3281e-02 +1.7308e-02
% function evaluation | noise-free fitness - Fopt (-4.443000000000e+01) | best noise-free fitness - Fopt | measured fitness | best measured fitness | x1 | x2...
1 +6.617331483e+01 +6.617331483e+01 +2.174331483e+01 +2.174331483e+01 +0.0000e+00 +0.0000e+00
2 +6.686650892e+00 +6.686650892e+00 -3.774334911e+01 -3.774334911e+01 -2.1668e+00 -1.5725e+00
16 +4.622869273e+00 +4.622869273e+00 -3.980713073e+01 -3.980713073e+01 +5.1161e-03 +2.2721e-01
23 +4.069169106e+00 +4.069169106e+00 -4.036083089e+01 -4.036083089e+01 -2.1200e+00 -3.2198e-01
69 +2.028432053e+00 +2.028432053e+00 -4.240156795e+01 -4.240156795e+01 +4.8692e-01 +1.2262e+00
229 +1.094317138e+00 +1.094317138e+00 -4.333568286e+01 -4.333568286e+01 -3.8123e+00 +2.6776e+00
% function evaluation | noise-free fitness - Fopt (-7.728000000000e+01) | best noise-free fitness - Fopt | measured fitness | best measured fitness | x1 | x2...
1 +2.944032037e+01 +2.944032037e+01 -4.783967963e+01 -4.783967963e+01 +0.0000e+00 +0.0000e+00
2 +1.435297190e+01 +1.435297190e+01 -6.292702810e+01 -6.292702810e+01 +7.4159e-01 -1.2762e+00
16 +6.637494424e+00 +6.637494424e+00 -7.064250558e+01 -7.064250558e+01 -4.4313e-02 -1.7999e+00
83 +3.828483415e+00 +3.828483415e+00 -7.345151659e+01 -7.345151659e+01 -4.8997e+00 +2.6608e+00
224 +3.560073072e+00 +3.560073072e+00 -7.371992693e+01 -7.371992693e+01 -5.0241e-01 +4.1983e+00
356 +8.606696643e-01 +8.606696643e-01 -7.641933034e+01 -7.641933034e+01 -1.2503e+00 +4.6602e+00
647 +8.592451249e-02 +8.592451249e-02 -7.719407549e+01 -7.719407549e+01 -2.6208e+00 +3.3960e+00
733 +2.403366730e-02 +2.403366730e-02 -7.725596633e+01 -7.725596633e+01 -2.6209e+00 +3.3959e+00
946 +2.329424821e-02 +2.329424821e-02 -7.725670575e+01 -7.725670575e+01 -2.6210e+00 +3.3959e+00
964 +1.170865525e-02 +1.170865525e-02 -7.726829134e+01 -7.726829134e+01 -2.6210e+00 +3.3959e+00
1051 +1.040854344e-02 +1.040854344e-02 -7.726959146e+01 -7.726959146e+01 -2.6210e+00 +3.3959e+00
1058 +1.376182077e-03 +1.376182077e-03 -7.727862382e+01 -7.727862382e+01 -2.6210e+00 +3.3959e+00
1131 +7.641581960e-04 +7.641581960e-04 -7.727923584e+01 -7.727923584e+01 -2.6210e+00 +3.3959e+00
1144 +7.332069680e-04 +7.332069680e-04 -7.727926679e+01 -7.727926679e+01 -2.6210e+00 +3.3959e+00
1197 +3.085110734e-04 +3.085110734e-04 -7.727969149e+01 -7.727969149e+01 -2.6210e+00 +3.3959e+00
1836 +2.961197970e-04 +2.961197970e-04 -7.727970388e+01 -7.727970388e+01 -2.6210e+00 +3.3959e+00
1842 +2.946123104e-04 +2.946123104e-04 -7.727970539e+01 -7.727970539e+01 -2.6210e+00 +3.3959e+00
1847 +2.733405696e-04 +2.733405696e-04 -7.727972666e+01 -7.727972666e+01 -2.6210e+00 +3.3959e+00
1848 +2.590227097e-04 +2.590227097e-04 -7.727974098e+01 -7.727974098e+01 -2.6210e+00 +3.3959e+00
1852 +2.549254007e-04 +2.549254007e-04 -7.727974507e+01 -7.727974507e+01 -2.6210e+00 +3.3959e+00
1855 +2.464048589e-04 +2.464048589e-04 -7.727975360e+01 -7.727975360e+01 -2.6210e+00 +3.3959e+00
1863 +1.744668639e-04 +1.744668639e-04 -7.727982553e+01 -7.727982553e+01 -2.6210e+00 +3.3959e+00
1871 +1.384128632e-04 +1.384128632e-04 -7.727986159e+01 -7.727986159e+01 -2.6210e+00 +3.3959e+00
1874 +1.364661562e-04 +1.364661562e-04 -7.727986353e+01 -7.727986353e+01 -2.6210e+00 +3.3959e+00
1881 +1.318463500e-04 +1.318463500e-04 -7.727986815e+01 -7.727986815e+01 -2.6210e+00 +3.3959e+00
1883 +1.036933663e-04 +1.036933663e-04 -7.727989631e+01 -7.727989631e+01 -2.6210e+00 +3.3959e+00
1888 +5.009204600e-05 +5.009204600e-05 -7.727994991e+01 -7.727994991e+01 -2.6210e+00 +3.3959e+00
1978 +4.874741846e-05 +4.874741846e-05 -7.727995125e+01 -7.727995125e+01 -2.6210e+00 +3.3959e+00
1987 +4.698963373e-05 +4.698963373e-05 -7.727995301e+01 -7.727995301e+01 -2.6210e+00 +3.3959e+00
2016 +4.654877701e-05 +4.654877701e-05 -7.727995345e+01 -7.727995345e+01 -2.6210e+00 +3.3959e+00
2046 +4.562873868e-05 +4.562873868e-05 -7.727995437e+01 -7.727995437e+01 -2.6210e+00 +3.3959e+00
2073 +4.452422849e-05 +4.452422849e-05 -7.727995548e+01 -7.727995548e+01 -2.6210e+00 +3.3959e+00
2094 +4.241821799e-05 +4.241821799e-05 -7.727995758e+01 -7.727995758e+01 -2.6210e+00 +3.3959e+00
2096 +4.164661478e-05 +4.164661478e-05 -7.727995835e+01 -7.727995835e+01 -2.6210e+00 +3.3959e+00
2101 +3.963840592e-05 +3.963840592e-05 -7.727996036e+01 -7.727996036e+01 -2.6210e+00 +3.3959e+00
2105 +3.699038434e-05 +3.699038434e-05 -7.727996301e+01 -7.727996301e+01 -2.6210e+00 +3.3959e+00
2106 +3.474912093e-05 +3.474912093e-05 -7.727996525e+01 -7.727996525e+01 -2.6210e+00 +3.3959e+00
2112 +2.812069852e-05 +2.812069852e-05 -7.727997188e+01 -7.727997188e+01 -2.6210e+00 +3.3959e+00
2118 +2.741707497e-05 +2.741707497e-05 -7.727997258e+01 -7.727997258e+01 -2.6210e+00 +3.3959e+00
2129 +2.154584220e-05 +2.154584220e-05 -7.727997845e+01 -7.727997845e+01 -2.6210e+00 +3.3959e+00
2130 +7.207500246e-06 +7.207500246e-06 -7.727999279e+01 -7.727999279e+01 -2.6210e+00 +3.3959e+00
2155 +6.142842651e-06 +6.142842651e-06 -7.727999386e+01 -7.727999386e+01 -2.6210e+00 +3.3959e+00
2184 +4.564467304e-06 +4.564467304e-06 -7.727999544e+01 -7.727999544e+01 -2.6210e+00 +3.3959e+00
2210 +4.300323653e-06 +4.300323653e-06 -7.727999570e+01 -7.727999570e+01 -2.6210e+00 +3.3959e+00
2237 +4.068949224e-06 +4.068949224e-06 -7.727999593e+01 -7.727999593e+01 -2.6210e+00 +3.3959e+00
2238 +3.596307351e-06 +3.596307351e-06 -7.727999640e+01 -7.727999640e+01 -2.6210e+00 +3.3959e+00
2244 +3.011577689e-06 +3.011577689e-06 -7.727999699e+01 -7.727999699e+01 -2.6210e+00 +3.3959e+00
2257 +1.774077106e-06 +1.774077106e-06 -7.727999823e+01 -7.727999823e+01 -2.6210e+00 +3.3959e+00
2265 +1.579280735e-06 +1.579280735e-06 -7.727999842e+01 -7.727999842e+01 -2.6210e+00 +3.3959e+00
2269 +1.323985629e-06 +1.323985629e-06 -7.727999868e+01 -7.727999868e+01 -2.6210e+00 +3.3959e+00
2275 +1.076845180e-06 +1.076845180e-06 -7.727999892e+01 -7.727999892e+01 -2.6210e+00 +3.3959e+00
2277 +6.934068466e-07 +6.934068466e-07 -7.727999931e+01 -7.727999931e+01 -2.6210e+00 +3.3959e+00
2300 +3.693856598e-07 +3.693856598e-07 -7.727999963e+01 -7.727999963e+01 -2.6210e+00 +3.3959e+00
2336 +2.291485117e-07 +2.291485117e-07 -7.727999977e+01 -7.727999977e+01 -2.6210e+00 +3.3959e+00
2415 +2.170476279e-07 +2.170476279e-07 -7.727999978e+01 -7.727999978e+01 -2.6210e+00 +3.3959e+00
2421 +2.102351999e-07 +2.102351999e-07 -7.727999979e+01 -7.727999979e+01 -2.6210e+00 +3.3959e+00
2468 +2.072741410e-07 +2.072741410e-07 -7.727999979e+01 -7.727999979e+01 -2.6210e+00 +3.3959e+00
2493 +1.986581282e-07 +1.986581282e-07 -7.727999980e+01 -7.727999980e+01 -2.6210e+00 +3.3959e+00
2510 +1.844173312e-07 +1.844173312e-07 -7.727999982e+01 -7.727999982e+01 -2.6210e+00 +3.3959e+00
2514 +1.643319649e-07 +1.643319649e-07 -7.727999984e+01 -7.727999984e+01 -2.6210e+00 +3.3959e+00
2515 +1.607096181e-07 +1.607096181e-07 -7.727999984e+01 -7.727999984e+01 -2.6210e+00 +3.3959e+00
2522 +1.441913042e-07 +1.441913042e-07 -7.727999986e+01 -7.727999986e+01 -2.6210e+00 +3.3959e+00
2539 +1.325643524e-07 +1.325643524e-07 -7.727999987e+01 -7.727999987e+01 -2.6210e+00 +3.3959e+00
2643 +1.314918876e-07 +1.314918876e-07 -7.727999987e+01 -7.727999987e+01 -2.6210e+00 +3.3959e+00
2644 +1.205331017e-07 +1.205331017e-07 -7.727999988e+01 -7.727999988e+01 -2.6210e+00 +3.3959e+00
2652 +1.062161488e-07 +1.062161488e-07 -7.727999989e+01 -7.727999989e+01 -2.6210e+00 +3.3959e+00
2667 +6.832956956e-08 +6.832956956e-08 -7.727999993e+01 -7.727999993e+01 -2.6210e+00 +3.3959e+00
2673 +4.711844781e-08 +4.711844781e-08 -7.727999995e+01 -7.727999995e+01 -2.6210e+00 +3.3959e+00
2726 +4.313497470e-08 +4.313497470e-08 -7.727999996e+01 -7.727999996e+01 -2.6210e+00 +3.3959e+00
2839 +4.228019179e-08 +4.228019179e-08 -7.727999996e+01 -7.727999996e+01 -2.6210e+00 +3.3959e+00
3071 +4.166244594e-08 +4.166244594e-08 -7.727999996e+01 -7.727999996e+01 -2.6210e+00 +3.3959e+00
3098 +4.062786729e-08 +4.062786729e-08 -7.727999996e+01 -7.727999996e+01 -2.6210e+00 +3.3959e+00
3099 +3.979712915e-08 +3.979712915e-08 -7.727999996e+01 -7.727999996e+01 -2.6210e+00 +3.3959e+00
3167 +3.851793906e-08 +3.851793906e-08 -7.727999996e+01 -7.727999996e+01 -2.6210e+00 +3.3959e+00
3258 +3.791545566e-08 +3.791545566e-08 -7.727999996e+01 -7.727999996e+01 -2.6210e+00 +3.3959e+00
3303 +3.713297758e-08 +3.713297758e-08 -7.727999996e+01 -7.727999996e+01 -2.6210e+00 +3.3959e+00
3343 +3.616554523e-08 +3.616554523e-08 -7.727999996e+01 -7.727999996e+01 -2.6210e+00 +3.3959e+00
3352 +3.541398996e-08 +3.541398996e-08 -7.727999996e+01 -7.727999996e+01 -2.6210e+00 +3.3959e+00
3362 +3.425728323e-08 +3.425728323e-08 -7.727999997e+01 -7.727999997e+01 -2.6210e+00 +3.3959e+00
3379 +3.341541799e-08 +3.341541799e-08 -7.727999997e+01 -7.727999997e+01 -2.6210e+00 +3.3959e+00
3384 +3.300036155e-08 +3.300036155e-08 -7.727999997e+01 -7.727999997e+01 -2.6210e+00 +3.3959e+00
3390 +3.185539299e-08 +3.185539299e-08 -7.727999997e+01 -7.727999997e+01 -2.6210e+00 +3.3959e+00
3392 +3.007826876e-08 +3.007826876e-08 -7.727999997e+01 -7.727999997e+01 -2.6210e+00 +3.3959e+00
3404 +2.727927040e-08 +2.727927040e-08 -7.727999997e+01 -7.727999997e+01 -2.6210e+00 +3.3959e+00
3414 +2.203137228e-08 +2.203137228e-08 -7.727999998e+01 -7.727999998e+01 -2.6210e+00 +3.3959e+00
3422 +2.075094585e-08 +2.075094585e-08 -7.727999998e+01 -7.727999998e+01 -2.6210e+00 +3.3959e+00
3424 +1.656204063e-08 +1.656204063e-08 -7.727999998e+01 -7.727999998e+01 -2.6210e+00 +3.3959e+00
3428 +1.196487176e-08 +1.196487176e-08 -7.727999999e+01 -7.727999999e+01 -2.6210e+00 +3.3959e+00
3432 +1.019824936e-08 +1.019824936e-08 -7.727999999e+01 -7.727999999e+01 -2.6210e+00 +3.3959e+00
3433 +7.182762829e-09 +7.182762829e-09 -7.727999999e+01 -7.727999999e+01 -2.6210e+00 +3.3959e+00
4142 +0.000000000e+00 +0.000000000e+00 -7.728000000e+01 -7.728000000e+01 -2.6210e+00 +3.3959e+00
% function evaluation | noise-free fitness - Fopt (-8.121000000000e+01) | best noise-free fitness - Fopt | measured fitness | best measured fitness | x1 | x2...
1 +6.223994933e+01 +6.223994933e+01 -1.897005067e+01 -1.897005067e+01 +0.0000e+00 +0.0000e+00
2 +4.577761641e+01 +4.577761641e+01 -3.543238359e+01 -3.543238359e+01 +1.8179e-01 +3.6999e-01
3 +3.151079964e+01 +3.151079964e+01 -4.969920036e+01 -4.969920036e+01 -3.8366e-01 +8.6026e-01
4 +2.636713078e+01 +2.636713078e+01 -5.484286922e+01 -5.484286922e+01 +5.0287e-01 +1.9711e-01
7 +1.963608305e+01 +1.963608305e+01 -6.157391695e+01 -6.157391695e+01 +7.3472e-01 +4.2559e-01
11 +1.169288241e+01 +1.169288241e+01 -6.951711759e+01 -6.951711759e+01 +4.2468e-01 +5.7640e-01
22 +4.205658096e+00 +4.205658096e+00 -7.700434190e+01 -7.700434190e+01 +5.6027e-01 +1.4097e+00
218 +2.324040591e+00 +2.324040591e+00 -7.888595941e+01 -7.888595941e+01 -9.5656e-01 +5.3849e-01
308 +1.252650348e+00 +1.252650348e+00 -7.995734965e+01 -7.995734965e+01 -9.4667e-01 +5.1425e-01
397 +1.191987068e+00 +1.191987068e+00 -8.001801293e+01 -8.001801293e+01 -9.5305e-01 +5.2952e-01
408 +1.047752525e+00 +1.047752525e+00 -8.016224748e+01 -8.016224748e+01 -9.5195e-01 +5.2413e-01
422 +5.839900214e-01 +5.839900214e-01 -8.062600998e+01 -8.062600998e+01 -9.5034e-01 +5.2256e-01
425 +4.746035785e-01 +4.746035785e-01 -8.073539642e+01 -8.073539642e+01 -9.5049e-01 +5.2179e-01
434 +4.580946781e-01 +4.580946781e-01 -8.075190532e+01 -8.075190532e+01 -9.5048e-01 +5.2157e-01
444 +3.965337553e-01 +3.965337553e-01 -8.081346624e+01 -8.081346624e+01 -9.4967e-01 +5.2078e-01
475 +3.569248502e-01 +3.569248502e-01 -8.085307515e+01 -8.085307515e+01 -9.4911e-01 +5.1866e-01
476 +2.748208559e-01 +2.748208559e-01 -8.093517914e+01 -8.093517914e+01 -9.5007e-01 +5.2144e-01
487 +2.636340256e-01 +2.636340256e-01 -8.094636597e+01 -8.094636597e+01 -9.4896e-01 +5.1902e-01
508 +4.528226016e-02 +4.528226016e-02 -8.116471774e+01 -8.116471774e+01 -9.4955e-01 +5.2006e-01
597 +2.838233784e-02 +2.838233784e-02 -8.118161766e+01 -8.118161766e+01 -9.4944e-01 +5.1985e-01
618 +2.691849191e-02 +2.691849191e-02 -8.118308151e+01 -8.118308151e+01 -9.4948e-01 +5.1993e-01
633 +2.125843222e-02 +2.125843222e-02 -8.118874157e+01 -8.118874157e+01 -9.4951e-01 +5.1999e-01
654 +5.576373234e-03 +5.576373234e-03 -8.120442363e+01 -8.120442363e+01 -9.4948e-01 +5.1991e-01
680 +8.780787910e-04 +8.780787910e-04 -8.120912192e+01 -8.120912192e+01 -9.4948e-01 +5.1992e-01
781 +6.512501550e-04 +6.512501550e-04 -8.120934875e+01 -8.120934875e+01 -9.4948e-01 +5.1992e-01
895 +4.919260730e-04 +4.919260730e-04 -8.120950807e+01 -8.120950807e+01 -9.4948e-01 +5.1992e-01
922 +4.710632219e-04 +4.710632219e-04 -8.120952894e+01 -8.120952894e+01 -9.4948e-01 +5.1992e-01
934 +2.521285585e-04 +2.521285585e-04 -8.120974787e+01 -8.120974787e+01 -9.4948e-01 +5.1992e-01
981 +1.775298087e-04 +1.775298087e-04 -8.120982247e+01 -8.120982247e+01 -9.4948e-01 +5.1992e-01
1036 +1.338584719e-04 +1.338584719e-04 -8.120986614e+01 -8.120986614e+01 -9.4948e-01 +5.1992e-01
1040 +1.100398483e-04 +1.100398483e-04 -8.120988996e+01 -8.120988996e+01 -9.4948e-01 +5.1992e-01
1043 +7.446487032e-05 +7.446487032e-05 -8.120992554e+01 -8.120992554e+01 -9.4948e-01 +5.1992e-01
1050 +6.069948604e-05 +6.069948604e-05 -8.120993930e+01 -8.120993930e+01 -9.4948e-01 +5.1992e-01
1097 +4.310180221e-05 +4.310180221e-05 -8.120995690e+01 -8.120995690e+01 -9.4948e-01 +5.1992e-01
1110 +3.656272797e-05 +3.656272797e-05 -8.120996344e+01 -8.120996344e+01 -9.4948e-01 +5.1992e-01
1111 +1.737901866e-05 +1.737901866e-05 -8.120998262e+01 -8.120998262e+01 -9.4948e-01 +5.1992e-01
1164 +1.294696462e-05 +1.294696462e-05 -8.120998705e+01 -8.120998705e+01 -9.4948e-01 +5.1992e-01
1168 +1.021397246e-05 +1.021397246e-05 -8.120998979e+01 -8.120998979e+01 -9.4948e-01 +5.1992e-01
1203 +8.754555438e-06 +8.754555438e-06 -8.120999125e+01 -8.120999125e+01 -9.4948e-01 +5.1992e-01
1210 +4.701891882e-06 +4.701891882e-06 -8.120999530e+01 -8.120999530e+01 -9.4948e-01 +5.1992e-01
1212 +4.264301353e-06 +4.264301353e-06 -8.120999574e+01 -8.120999574e+01 -9.4948e-01 +5.1992e-01
1234 +4.098935861e-06 +4.098935861e-06 -8.120999590e+01 -8.120999590e+01 -9.4948e-01 +5.1992e-01
1246 +3.525373685e-06 +3.525373685e-06 -8.120999647e+01 -8.120999647e+01 -9.4948e-01 +5.1992e-01
1265 +3.312078888e-06 +3.312078888e-06 -8.120999669e+01 -8.120999669e+01 -9.4948e-01 +5.1992e-01
1266 +2.596964379e-06 +2.596964379e-06 -8.120999740e+01 -8.120999740e+01 -9.4948e-01 +5.1992e-01
1278 +5.961569940e-07 +5.961569940e-07 -8.120999940e+01 -8.120999940e+01 -9.4948e-01 +5.1992e-01
1339 +4.654185659e-07 +4.654185659e-07 -8.120999953e+01 -8.120999953e+01 -9.4948e-01 +5.1992e-01
1350 +2.330041724e-07 +2.330041724e-07 -8.120999977e+01 -8.120999977e+01 -9.4948e-01 +5.1992e-01
1363 +1.535040894e-07 +1.535040894e-07 -8.120999985e+01 -8.120999985e+01 -9.4948e-01 +5.1992e-01
1377 +1.065879047e-07 +1.065879047e-07 -8.120999989e+01 -8.120999989e+01 -9.4948e-01 +5.1992e-01
1523 +9.921609490e-08 +9.921609490e-08 -8.120999990e+01 -8.120999990e+01 -9.4948e-01 +5.1992e-01
1531 +9.010473434e-08 +9.010473434e-08 -8.120999991e+01 -8.120999991e+01 -9.4948e-01 +5.1992e-01
1599 +8.899047543e-08 +8.899047543e-08 -8.120999991e+01 -8.120999991e+01 -9.4948e-01 +5.1992e-01
1612 +8.170140120e-08 +8.170140120e-08 -8.120999992e+01 -8.120999992e+01 -9.4948e-01 +5.1992e-01
1644 +8.103660321e-08 +8.103660321e-08 -8.120999992e+01 -8.120999992e+01 -9.4948e-01 +5.1992e-01
1677 +7.886303877e-08 +7.886303877e-08 -8.120999992e+01 -8.120999992e+01 -9.4948e-01 +5.1992e-01
1686 +7.758369236e-08 +7.758369236e-08 -8.120999992e+01 -8.120999992e+01 -9.4948e-01 +5.1992e-01
1695 +7.562911719e-08 +7.562911719e-08 -8.120999992e+01 -8.120999992e+01 -9.4948e-01 +5.1992e-01
1709 +7.332852192e-08 +7.332852192e-08 -8.120999993e+01 -8.120999993e+01 -9.4948e-01 +5.1992e-01
1725 +7.115643541e-08 +7.115643541e-08 -8.120999993e+01 -8.120999993e+01 -9.4948e-01 +5.1992e-01
1737 +6.930477525e-08 +6.930477525e-08 -8.120999993e+01 -8.120999993e+01 -9.4948e-01 +5.1992e-01
1741 +6.338720482e-08 +6.338720482e-08 -8.120999994e+01 -8.120999994e+01 -9.4948e-01 +5.1992e-01
1746 +6.303245925e-08 +6.303245925e-08 -8.120999994e+01 -8.120999994e+01 -9.4948e-01 +5.1992e-01
1760 +4.971455780e-08 +4.971455780e-08 -8.120999995e+01 -8.120999995e+01 -9.4948e-01 +5.1992e-01
1773 +2.123528020e-08 +2.123528020e-08 -8.120999998e+01 -8.120999998e+01 -9.4948e-01 +5.1992e-01
1790 +2.012434663e-08 +2.012434663e-08 -8.120999998e+01 -8.120999998e+01 -9.4948e-01 +5.1992e-01
1795 +1.104754688e-08 +1.104754688e-08 -8.120999999e+01 -8.120999999e+01 -9.4948e-01 +5.1992e-01
1822 +2.553434797e-09 +2.553434797e-09 -8.121000000e+01 -8.121000000e+01 -9.4948e-01 +5.1992e-01
2485 +0.000000000e+00 +0.000000000e+00 -8.121000000e+01 -8.121000000e+01 -9.4948e-01 +5.1992e-01
% function evaluation | noise-free fitness - Fopt (6.822800000000e+02) | best noise-free fitness - Fopt | measured fitness | best measured fitness | x1 | x2...
1 +3.232748056e+01 +3.232748056e+01 +7.146074806e+02 +7.146074806e+02 +0.0000e+00 +0.0000e+00
3 +1.814213398e+01 +1.814213398e+01 +7.004221340e+02 +7.004221340e+02 +1.5803e+00 +1.2235e+00
15 +1.001709349e+01 +1.001709349e+01 +6.922970935e+02 +6.922970935e+02 +4.1116e+00 +2.5264e+00
31 +6.566946937e+00 +6.566946937e+00 +6.888469469e+02 +6.888469469e+02 +2.9424e+00 +6.0630e+00
113 +5.392745463e+00 +5.392745463e+00 +6.876727455e+02 +6.876727455e+02 +9.8854e-01 +3.8931e+00
115 +1.430953935e+00 +1.430953935e+00 +6.837109539e+02 +6.837109539e+02 +1.0142e+00 +1.5664e+00
% function evaluation | noise-free fitness - Fopt (-7.168200000000e+02) | best noise-free fitness - Fopt | measured fitness | best measured fitness | x1 | x2...
1 +4.353177233e+01 +4.353177233e+01 -6.732882277e+02 -6.732882277e+02 +0.0000e+00 +0.0000e+00
7 +3.713228247e+01 +3.713228247e+01 -6.796877175e+02 -6.796877175e+02 +3.5278e-01 -1.4031e-01
13 +1.366829764e+01 +1.366829764e+01 -7.031517024e+02 -7.031517024e+02 -3.0281e-01 -2.0763e-01
15 +5.066032782e+00 +5.066032782e+00 -7.117539672e+02 -7.117539672e+02 +6.4729e-02 -6.0556e-01
62 +1.801948811e+00 +1.801948811e+00 -7.150180512e+02 -7.150180512e+02 +4.9688e-01 -1.0916e+00
525 +1.353925678e+00 +1.353925678e+00 -7.154660743e+02 -7.154660743e+02 +5.1072e+00 -4.0635e+00
919 +6.669314723e-01 +6.669314723e-01 -7.161530685e+02 -7.161530685e+02 +1.5680e+00 -1.4838e+00
4704 +5.466487233e-01 +5.466487233e-01 -7.162733513e+02 -7.162733513e+02 +5.3173e+00 +1.5475e+00
5074 +4.680848567e-01 +4.680848567e-01 -7.163519151e+02 -7.163519151e+02 +5.3165e+00 +1.5479e+00
5076 +4.500215515e-01 +4.500215515e-01 -7.163699784e+02 -7.163699784e+02 +5.3174e+00 +1.5475e+00
5083 +1.532567722e-01 +1.532567722e-01 -7.166667432e+02 -7.166667432e+02 +5.3199e+00 +1.5465e+00
5108 +1.499483941e-01 +1.499483941e-01 -7.166700516e+02 -7.166700516e+02 +5.3201e+00 +1.5464e+00
5294 +1.456350117e-01 +1.456350117e-01 -7.166743650e+02 -7.166743650e+02 +5.3199e+00 +1.5465e+00
5295 +1.417673716e-01 +1.417673716e-01 -7.166782326e+02 -7.166782326e+02 +5.3200e+00 +1.5465e+00
5299 +1.261259930e-01 +1.261259930e-01 -7.166938740e+02 -7.166938740e+02 +5.3200e+00 +1.5465e+00
5318 +1.174006472e-01 +1.174006472e-01 -7.167025994e+02 -7.167025994e+02 +5.3200e+00 +1.5464e+00
5322 +1.109702454e-01 +1.109702454e-01 -7.167090298e+02 -7.167090298e+02 +5.3201e+00 +1.5464e+00
5348 +1.062078015e-01 +1.062078015e-01 -7.167137922e+02 -7.167137922e+02 +5.3202e+00 +1.5464e+00
5451 +1.037907577e-01 +1.037907577e-01 -7.167162092e+02 -7.167162092e+02 +5.3201e+00 +1.5464e+00
% function evaluation | noise-free fitness - Fopt (-1.000000000000e+03) | best noise-free fitness - Fopt | measured fitness | best measured fitness | x1 | x2...
1 +4.367935968e+01 +4.367935968e+01 -9.563206403e+02 -9.563206403e+02 +0.0000e+00 +0.0000e+00
2 +3.767848406e+01 +3.767848406e+01 -9.623215159e+02 -9.623215159e+02 +2.2934e-01 -5.1173e-01
3 +8.679884862e+00 +8.679884862e+00 -9.913201151e+02 -9.913201151e+02 +7.0733e-01 -4.5735e-01
8 +7.893527921e+00 +7.893527921e+00 -9.921064721e+02 -9.921064721e+02 -1.4549e+00 -1.5805e-01
9 +4.498051381e+00 +4.498051381e+00 -9.955019486e+02 -9.955019486e+02 +6.4740e-01 -1.2835e+00
10 +1.302859128e+00 +1.302859128e+00 -9.986971409e+02 -9.986971409e+02 -7.5456e-01 -1.5432e+00
368 +1.193405265e+00 +1.193405265e+00 -9.988065947e+02 -9.988065947e+02 +1.5692e+00 -3.5345e+00
% function evaluation | noise-free fitness - Fopt (-1.000000000000e+03) | best noise-free fitness - Fopt | measured fitness | best measured fitness | x1 | x2...
1 +8.274988012e+00 +8.274988012e+00 -9.917250120e+02 -9.917250120e+02 +0.0000e+00 +0.0000e+00
5 +3.817327084e+00 +3.817327084e+00 -9.961826729e+02 -9.961826729e+02 -7.5954e-01 -4.6709e-01
17 +2.716684969e+00 +2.716684969e+00 -9.972833150e+02 -9.972833150e+02 -9.7910e-01 -1.4041e+00
579 +1.069351174e+00 +1.069351174e+00 -9.989306488e+02 -9.989306488e+02 +4.1223e+00 +7.1978e-01
1034 +6.565207604e-01 +6.565207604e-01 -9.993434792e+02 -9.993434792e+02 +4.9026e+00 +7.3594e-02
1162 +6.434536673e-01 +6.434536673e-01 -9.993565463e+02 -9.993565463e+02 +4.9031e+00 +7.3297e-02
1165 +5.831351347e-01 +5.831351347e-01 -9.994168649e+02 -9.994168649e+02 +4.9036e+00 +7.3103e-02
1176 +5.247352756e-01 +5.247352756e-01 -9.994752647e+02 -9.994752647e+02 +4.9035e+00 +7.2612e-02
1185 +4.410022313e-01 +4.410022313e-01 -9.995589978e+02 -9.995589978e+02 +4.9036e+00 +7.2612e-02
1197 +4.077449190e-01 +4.077449190e-01 -9.995922551e+02 -9.995922551e+02 +4.9037e+00 +7.2511e-02
1217 +3.935431615e-01 +3.935431615e-01 -9.996064568e+02 -9.996064568e+02 +4.9044e+00 +7.2480e-02
1218 +3.715896538e-01 +3.715896538e-01 -9.996284103e+02 -9.996284103e+02 +4.9040e+00 +7.2284e-02
1225 +3.365419039e-01 +3.365419039e-01 -9.996634581e+02 -9.996634581e+02 +4.9045e+00 +7.2196e-02
1240 +2.136665409e-01 +2.136665409e-01 -9.997863335e+02 -9.997863335e+02 +4.9048e+00 +7.1735e-02
1254 +1.930525153e-01 +1.930525153e-01 -9.998069475e+02 -9.998069475e+02 +4.9047e+00 +7.1809e-02
1281 +1.447376341e-01 +1.447376341e-01 -9.998552624e+02 -9.998552624e+02 +4.9047e+00 +7.1513e-02
1284 +1.319556034e-01 +1.319556034e-01 -9.998680444e+02 -9.998680444e+02 +4.9047e+00 +7.1478e-02
1285 +8.654407371e-02 +8.654407371e-02 -9.999134559e+02 -9.999134559e+02 +4.9049e+00 +7.1327e-02
1293 +6.786796484e-03 +6.786796484e-03 -9.999932132e+02 -9.999932132e+02 +4.9051e+00 +7.1095e-02
1433 +4.627436709e-03 +4.627436709e-03 -9.999953726e+02 -9.999953726e+02 +4.9051e+00 +7.1106e-02
1487 +2.084646205e-03 +2.084646205e-03 -9.999979154e+02 -9.999979154e+02 +4.9051e+00 +7.1098e-02
1518 +1.212279051e-03 +1.212279051e-03 -9.999987877e+02 -9.999987877e+02 +4.9051e+00 +7.1094e-02
1812 +1.182106960e-03 +1.182106960e-03 -9.999988179e+02 -9.999988179e+02 +4.9051e+00 +7.1098e-02
1825 +1.161132152e-03 +1.161132152e-03 -9.999988389e+02 -9.999988389e+02 +4.9051e+00 +7.1098e-02
1833 +8.859387273e-04 +8.859387273e-04 -9.999991141e+02 -9.999991141e+02 +4.9051e+00 +7.1097e-02
1834 +7.043139645e-04 +7.043139645e-04 -9.999992957e+02 -9.999992957e+02 +4.9051e+00 +7.1097e-02
1844 +2.848419415e-04 +2.848419415e-04 -9.999997152e+02 -9.999997152e+02 +4.9051e+00 +7.1096e-02
1870 +5.860413989e-05 +5.860413989e-05 -9.999999414e+02 -9.999999414e+02 +4.9051e+00 +7.1096e-02
1944 +3.684905232e-05 +3.684905232e-05 -9.999999632e+02 -9.999999632e+02 +4.9051e+00 +7.1096e-02
2004 +1.349062677e-05 +1.349062677e-05 -9.999999865e+02 -9.999999865e+02 +4.9051e+00 +7.1096e-02
2090 +9.119530773e-06 +9.119530773e-06 -9.999999909e+02 -9.999999909e+02 +4.9051e+00 +7.1096e-02
2104 +8.753180396e-06 +8.753180396e-06 -9.999999912e+02 -9.999999912e+02 +4.9051e+00 +7.1096e-02
2121 +5.775324098e-06 +5.775324098e-06 -9.999999942e+02 -9.999999942e+02 +4.9051e+00 +7.1096e-02
2156 +5.285475254e-06 +5.285475254e-06 -9.999999947e+02 -9.999999947e+02 +4.9051e+00 +7.1096e-02
2168 +5.131391731e-06 +5.131391731e-06 -9.999999949e+02 -9.999999949e+02 +4.9051e+00 +7.1096e-02
2175 +5.000889928e-06 +5.000889928e-06 -9.999999950e+02 -9.999999950e+02 +4.9051e+00 +7.1096e-02
2183 +4.005278015e-06 +4.005278015e-06 -9.999999960e+02 -9.999999960e+02 +4.9051e+00 +7.1096e-02
2184 +3.419156997e-06 +3.419156997e-06 -9.999999966e+02 -9.999999966e+02 +4.9051e+00 +7.1096e-02
2199 +3.155666491e-06 +3.155666491e-06 -9.999999968e+02 -9.999999968e+02 +4.9051e+00 +7.1096e-02
2233 +2.831572942e-06 +2.831572942e-06 -9.999999972e+02 -9.999999972e+02 +4.9051e+00 +7.1096e-02
2234 +2.491311989e-06 +2.491311989e-06 -9.999999975e+02 -9.999999975e+02 +4.9051e+00 +7.1096e-02
2282 +1.889229907e-06 +1.889229907e-06 -9.999999981e+02 -9.999999981e+02 +4.9051e+00 +7.1096e-02
2324 +6.834934538e-07 +6.834934538e-07 -9.999999993e+02 -9.999999993e+02 +4.9051e+00 +7.1096e-02
2346 +4.735740049e-07 +4.735740049e-07 -9.999999995e+02 -9.999999995e+02 +4.9051e+00 +7.1096e-02
2352 +4.233061190e-07 +4.233061190e-07 -9.999999996e+02 -9.999999996e+02 +4.9051e+00 +7.1096e-02
2360 +2.597270168e-07 +2.597270168e-07 -9.999999997e+02 -9.999999997e+02 +4.9051e+00 +7.1096e-02
2392 +1.184971552e-07 +1.184971552e-07 -9.999999999e+02 -9.999999999e+02 +4.9051e+00 +7.1096e-02
2436 +1.134567356e-07 +1.134567356e-07 -9.999999999e+02 -9.999999999e+02 +4.9051e+00 +7.1096e-02
2455 +8.973472632e-08 +8.973472632e-08 -9.999999999e+02 -9.999999999e+02 +4.9051e+00 +7.1096e-02
2461 +8.238555438e-08 +8.238555438e-08 -9.999999999e+02 -9.999999999e+02 +4.9051e+00 +7.1096e-02
2475 +5.112053714e-08 +5.112053714e-08 -9.999999999e+02 -9.999999999e+02 +4.9051e+00 +7.1096e-02
2534 +4.598120995e-08 +4.598120995e-08 -1.000000000e+03 -1.000000000e+03 +4.9051e+00 +7.1096e-02
2535 +2.359445261e-08 +2.359445261e-08 -1.000000000e+03 -1.000000000e+03 +4.9051e+00 +7.1096e-02
2550 +1.504349711e-08 +1.504349711e-08 -1.000000000e+03 -1.000000000e+03 +4.9051e+00 +7.1096e-02
2568 +2.969159141e-09 +2.969159141e-09 -1.000000000e+03 -1.000000000e+03 +4.9051e+00 +7.1096e-02
3047 +0.000000000e+00 +0.000000000e+00 -1.000000000e+03 -1.000000000e+03 +4.9051e+00 +7.1096e-02
% function evaluation | noise-free fitness - Fopt (4.819000000000e+01) | best noise-free fitness - Fopt | measured fitness | best measured fitness | x1 | x2...
1 +3.295493552e+01 +3.295493552e+01 +8.114493552e+01 +8.114493552e+01 +0.0000e+00 +0.0000e+00
2 +5.491018206e+00 +5.491018206e+00 +5.368101821e+01 +5.368101821e+01 -7.0705e-02 +4.8051e-01
47 +5.275696641e+00 +5.275696641e+00 +5.346569664e+01 +5.346569664e+01 -9.0095e-01 +1.2270e+00
143 +2.289910000e+00 +2.289910000e+00 +5.047991000e+01 +5.047991000e+01 -1.1370e+00 +1.1004e+00
313 +1.331945888e+00 +1.331945888e+00 +4.952194589e+01 +4.952194589e+01 -1.0481e+00 +1.2514e+00
434 +1.221117930e+00 +1.221117930e+00 +4.941111793e+01 +4.941111793e+01 -1.0515e+00 +1.2583e+00
444 +3.241640082e-01 +3.241640082e-01 +4.851416401e+01 +4.851416401e+01 -1.0487e+00 +1.2547e+00
476 +2.597614108e-01 +2.597614108e-01 +4.844976141e+01 +4.844976141e+01 -1.0497e+00 +1.2568e+00
492 +1.786287255e-01 +1.786287255e-01 +4.836862873e+01 +4.836862873e+01 -1.0490e+00 +1.2552e+00
528 +1.740926137e-01 +1.740926137e-01 +4.836409261e+01 +4.836409261e+01 -1.0490e+00 +1.2552e+00
543 +8.861553926e-02 +8.861553926e-02 +4.827861554e+01 +4.827861554e+01 -1.0491e+00 +1.2556e+00
554 +2.187539036e-02 +2.187539036e-02 +4.821187539e+01 +4.821187539e+01 -1.0493e+00 +1.2558e+00
614 +1.851768168e-02 +1.851768168e-02 +4.820851768e+01 +4.820851768e+01 -1.0493e+00 +1.2558e+00
729 +1.416023713e-02 +1.416023713e-02 +4.820416024e+01 +4.820416024e+01 -1.0493e+00 +1.2558e+00
734 +7.880380884e-03 +7.880380884e-03 +4.819788038e+01 +4.819788038e+01 -1.0493e+00 +1.2558e+00
742 +2.460046573e-03 +2.460046573e-03 +4.819246005e+01 +4.819246005e+01 -1.0493e+00 +1.2559e+00
803 +1.284960644e-03 +1.284960644e-03 +4.819128496e+01 +4.819128496e+01 -1.0493e+00 +1.2559e+00
841 +1.017409672e-03 +1.017409672e-03 +4.819101741e+01 +4.819101741e+01 -1.0493e+00 +1.2559e+00
844 +6.736911202e-05 +6.736911202e-05 +4.819006737e+01 +4.819006737e+01 -1.0493e+00 +1.2559e+00
904 +5.163157078e-05 +5.163157078e-05 +4.819005163e+01 +4.819005163e+01 -1.0493e+00 +1.2559e+00
1005 +3.801524627e-05 +3.801524627e-05 +4.819003802e+01 +4.819003802e+01 -1.0493e+00 +1.2559e+00
1024 +1.984188430e-05 +1.984188430e-05 +4.819001984e+01 +4.819001984e+01 -1.0493e+00 +1.2559e+00
1051 +5.844664649e-06 +5.844664649e-06 +4.819000584e+01 +4.819000584e+01 -1.0493e+00 +1.2559e+00
1216 +5.560646670e-06 +5.560646670e-06 +4.819000556e+01 +4.819000556e+01 -1.0493e+00 +1.2559e+00
1222 +4.562337203e-06 +4.562337203e-06 +4.819000456e+01 +4.819000456e+01 -1.0493e+00 +1.2559e+00
1223 +4.402579854e-06 +4.402579854e-06 +4.819000440e+01 +4.819000440e+01 -1.0493e+00 +1.2559e+00
1230 +3.534619637e-06 +3.534619637e-06 +4.819000353e+01 +4.819000353e+01 -1.0493e+00 +1.2559e+00
1244 +3.168139266e-06 +3.168139266e-06 +4.819000317e+01 +4.819000317e+01 -1.0493e+00 +1.2559e+00
1246 +1.331946166e-06 +1.331946166e-06 +4.819000133e+01 +4.819000133e+01 -1.0493e+00 +1.2559e+00
1259 +8.397597568e-07 +8.397597568e-07 +4.819000084e+01 +4.819000084e+01 -1.0493e+00 +1.2559e+00
1280 +3.569079965e-07 +3.569079965e-07 +4.819000036e+01 +4.819000036e+01 -1.0493e+00 +1.2559e+00
1351 +3.322927284e-07 +3.322927284e-07 +4.819000033e+01 +4.819000033e+01 -1.0493e+00 +1.2559e+00
1364 +2.778125960e-07 +2.778125960e-07 +4.819000028e+01 +4.819000028e+01 -1.0493e+00 +1.2559e+00
1375 +1.691690485e-07 +1.691690485e-07 +4.819000017e+01 +4.819000017e+01 -1.0493e+00 +1.2559e+00
1392 +5.428388761e-08 +5.428388761e-08 +4.819000005e+01 +4.819000005e+01 -1.0493e+00 +1.2559e+00
1465 +3.676245797e-08 +3.676245797e-08 +4.819000004e+01 +4.819000004e+01 -1.0493e+00 +1.2559e+00
1491 +3.580492347e-08 +3.580492347e-08 +4.819000004e+01 +4.819000004e+01 -1.0493e+00 +1.2559e+00
1493 +1.848267317e-08 +1.848267317e-08 +4.819000002e+01 +4.819000002e+01 -1.0493e+00 +1.2559e+00
1526 +1.485047108e-08 +1.485047108e-08 +4.819000001e+01 +4.819000001e+01 -1.0493e+00 +1.2559e+00
1540 +1.397211236e-08 +1.397211236e-08 +4.819000001e+01 +4.819000001e+01 -1.0493e+00 +1.2559e+00
1566 +1.265085814e-08 +1.265085814e-08 +4.819000001e+01 +4.819000001e+01 -1.0493e+00 +1.2559e+00
1572 +1.178981535e-08 +1.178981535e-08 +4.819000001e+01 +4.819000001e+01 -1.0493e+00 +1.2559e+00
1587 +1.138156591e-08 +1.138156591e-08 +4.819000001e+01 +4.819000001e+01 -1.0493e+00 +1.2559e+00
1588 +1.036465136e-08 +1.036465136e-08 +4.819000001e+01 +4.819000001e+01 -1.0493e+00 +1.2559e+00
1598 +4.490772199e-09 +4.490772199e-09 +4.819000000e+01 +4.819000000e+01 -1.0493e+00 +1.2559e+00
2140 +0.000000000e+00 +0.000000000e+00 +4.819000000e+01 +4.819000000e+01 -1.0493e+00 +1.2559e+00
% function evaluation | noise-free fitness - Fopt (-1.071000000000e+01) | best noise-free fitness - Fopt | measured fitness | best measured fitness | x1 | x2...
1 +4.685281813e+01 +4.685281813e+01 +3.614281813e+01 +3.614281813e+01 +0.0000e+00 +0.0000e+00
2 +7.521710875e+00 +7.521710875e+00 -3.188289125e+00 -3.188289125e+00 -3.7152e-01 -1.6679e+00
21 +3.321515298e+00 +3.321515298e+00 -7.388484702e+00 -7.388484702e+00 +1.1949e+00 -3.6743e-01
371 +2.945741253e+00 +2.945741253e+00 -7.764258747e+00 -7.764258747e+00 +5.2533e+00 -4.6000e+00
523 +9.138000052e-01 +9.138000052e-01 -9.796199995e+00 -9.796199995e+00 +4.2131e+00 -2.1658e+00
1595 +6.859704218e-01 +6.859704218e-01 -1.002402958e+01 -1.002402958e+01 -2.5188e+00 -4.5933e+00
% function evaluation | noise-free fitness - Fopt (3.425000000000e+01) | best noise-free fitness - Fopt | measured fitness | best measured fitness | x1 | x2...
1 +3.335956780e+01 +3.335956780e+01 +6.760956780e+01 +6.760956780e+01 +0.0000e+00 +0.0000e+00
2 +1.849189401e+01 +1.849189401e+01 +5.274189401e+01 +5.274189401e+01 -4.9928e-01 -3.1820e-01
3 +4.031213874e+00 +4.031213874e+00 +3.828121387e+01 +3.828121387e+01 -1.0807e+00 +2.5842e-01
22 +3.929401901e+00 +3.929401901e+00 +3.817940190e+01 +3.817940190e+01 -1.2685e+00 -8.0381e-01
102 +1.916951696e+00 +1.916951696e+00 +3.616695170e+01 +3.616695170e+01 +2.2700e+00 +6.5803e-02
604 +1.513063298e+00 +1.513063298e+00 +3.576306330e+01 +3.576306330e+01 +5.6595e+00 +2.1422e+00
612 +9.657928019e-01 +9.657928019e-01 +3.521579280e+01 +3.521579280e+01 +5.6597e+00 +2.1498e+00
656 +6.389914926e-01 +6.389914926e-01 +3.488899149e+01 +3.488899149e+01 +5.6593e+00 +2.1468e+00
707 +4.681294983e-01 +4.681294983e-01 +3.471812950e+01 +3.471812950e+01 +5.6594e+00 +2.1475e+00
743 +4.585632410e-01 +4.585632410e-01 +3.470856324e+01 +3.470856324e+01 +5.6594e+00 +2.1477e+00
785 +4.511819170e-01 +4.511819170e-01 +3.470118192e+01 +3.470118192e+01 +5.6594e+00 +2.1476e+00
858 +4.437662763e-01 +4.437662763e-01 +3.469376628e+01 +3.469376628e+01 +5.6594e+00 +2.1476e+00
947 +4.364919987e-01 +4.364919987e-01 +3.468649200e+01 +3.468649200e+01 +5.6594e+00 +2.1476e+00
% function evaluation | noise-free fitness - Fopt (1.134700000000e+02) | best noise-free fitness - Fopt | measured fitness | best measured fitness | x1 | x2...
1 +3.134962723e+01 +3.134962723e+01 +1.448196272e+02 +1.448196272e+02 +0.0000e+00 +0.0000e+00
2 +1.773438115e+01 +1.773438115e+01 +1.312043812e+02 +1.312043812e+02 -5.9095e-02 +2.8224e+00
4 +5.914823173e+00 +5.914823173e+00 +1.193848232e+02 +1.193848232e+02 +2.0762e-01 +1.2178e+00
105 +3.394880074e+00 +3.394880074e+00 +1.168648801e+02 +1.168648801e+02 +3.3688e+00 +2.0008e-01
182 +1.336126719e+00 +1.336126719e+00 +1.148061267e+02 +1.148061267e+02 +3.4818e+00 +1.6013e+00
