% function evaluation | noise-free fitness - Fopt (6.870000000000e+00) | best noise-free fitness - Fopt | measured fitness | best measured fitness | x1 | x2...
1 +6.716939245e+00 +6.716939245e+00 +1.358693924e+01 +1.358693924e+01 +0.0000e+00 +0.0000e+00 +0.0000e+00 +0.0000e+00 +0.0000e+00
12 +5.049523460e+00 +5.049523460e+00 +1.191952346e+01 +1.191952346e+01 +1.5810e+00 +1.5647e+00 -3.2086e+00 -1.9910e+00 -4.7038e-01
15 +4.780858880e+00 +4.780858880e+00 +1.165085888e+01 +1.165085888e+01 +1.0956e+00 +1.1995e+00 -1.0541e+00 -1.9551e+00 -5.2356e-02
35 +3.280844708e+00 +3.280844708e+00 +1.015084471e+01 +1.015084471e+01 +1.9944e+00 +1.1494e+00 -3.6834e-02 -1.2173e+00 +2.8603e-01
537 +3.123299094e+00 +3.123299094e+00 +9.993299094e+00 +9.993299094e+00 +1.3769e+00 +3.6278e+00 +3.4037e-01 +9.1487e-01 -5.2024e+00
1865 +2.673731859e+00 +2.673731859e+00 +9.543731859e+00 +9.543731859e+00 +5.5281e+00 +2.8734e+00 +9.3641e-02 -2.8084e+00 -1.6800e+00
3236 +2.626443721e+00 +2.626443721e+00 +9.496443721e+00 +9.496443721e+00 +1.9293e+00 +3.5675e+00 -3.6895e+00 -2.8766e+00 -1.1275e+00
3394 +2.163989130e+00 +2.163989130e+00 +9.033989130e+00 +9.033989130e+00 +2.3959e+00 +3.8840e+00 -2.2335e+00 -3.7798e+00 -1.2946e+00
% function evaluation | noise-free fitness - Fopt (1.000000000000e-02) | best noise-free fitness - Fopt | measured fitness | best measured fitness | x1 | x2...
1 +2.029754545e+01 +2.029754545e+01 +2.030754545e+01 +2.030754545e+01 +0.0000e+00 +0.0000e+00 +0.0000e+00 +0.0000e+00 +0.0000e+00
2 +1.297220152e+01 +1.297220152e+01 +1.298220152e+01 +1.298220152e+01 +9.9185e-01 -4.8159e-01 +4.8792e-01 +3.3535e-01 +1.8895e-01
7 +2.707244327e+00 +2.707244327e+00 +2.717244327e+00 +2.717244327e+00 -3.2542e+00 -3.9041e-01 +4.5881e-01 -2.5635e-01 -5.1043e-01
271 +2.147127216e+00 +2.147127216e+00 +2.157127216e+00 +2.157127216e+00 -4.5077e+00 +2.9987e+00 +4.8596e-01 +1.2263e+00 +9.8822e-02
274 +2.001070523e+00 +2.001070523e+00 +2.011070523e+00 +2.011070523e+00 -4.3842e+00 +3.4971e+00 +7.7164e-03 +8.0552e-01 +1.2742e+00
2409 +1.763579111e+00 +1.763579111e+00 +1.773579111e+00 +1.773579111e+00 -4.7406e+00 +5.9941e+00 +5.4852e+00 -4.1842e+00 -2.0389e+00
2436 +1.529744266e+00 +1.529744266e+00 +1.539744266e+00 +1.539744266e+00 -4.7340e+00 +5.9961e+00 +5.4840e+00 -4.1868e+00 -2.0372e+00
2570 +1.496890740e+00 +1.496890740e+00 +1.506890740e+00 +1.506890740e+00 -4.7389e+00 +5.9919e+00 +5.4837e+00 -4.1826e+00 -2.0377e+00
2577 +1.460430425e+00 +1.460430425e+00 +1.470430425e+00 +1.470430425e+00 -4.7393e+00 +5.9922e+00 +5.4838e+00 -4.1828e+00 -2.0374e+00
2776 +1.438987943e+00 +1.438987943e+00 +1.448987943e+00 +1.448987943e+00 -4.7387e+00 +5.9939e+00 +5.4841e+00 -4.1831e+00 -2.0364e+00
2784 +1.393481490e+00 +1.393481490e+00 +1.403481490e+00 +1.403481490e+00 -4.7382e+00 +5.9933e+00 +5.4833e+00 -4.1832e+00 -2.0363e+00
2799 +1.378163772e+00 +1.378163772e+00 +1.388163772e+00 +1.388163772e+00 -4.7382e+00 +5.9930e+00 +5.4833e+00 -4.1831e+00 -2.0365e+00
2998 +1.348567978e+00 +1.348567978e+00 +1.358567978e+00 +1.358567978e+00 -4.7379e+00 +5.9928e+00 +5.4830e+00 -4.1833e+00 -2.0366e+00
% function evaluation | noise-free fitness - Fopt (-1.306100000000e+02) | best noise-free fitness - Fopt | measured fitness | best measured fitness | x1 | x2...
1 +1.559460382e+01 +1.559460382e+01 -1.150153962e+02 -1.150153962e+02 +0.0000e+00 +0.0000e+00 +0.0000e+00 +0.0000e+00 +0.0000e+00
3 +1.306685027e+01 +1.306685027e+01 -1.175431497e+02 -1.175431497e+02 -8.5016e-01 +1.0295e+00 -1.2278e+00 -6.5677e-01 -1.3043e+00
6 +8.305223768e+00 +8.305223768e+00 -1.223047762e+02 -1.223047762e+02 +4.2338e-01 -2.6369e-01 -3.0863e-01 +1.5951e-02 -2.4902e+00
7 +6.686528142e+00 +6.686528142e+00 -1.239234719e+02 -1.239234719e+02 +9.0373e-01 -3.0046e-01 -3.4937e+00 -1.4554e+00 -2.1182e+00
10 +3.566549642e+00 +3.566549642e+00 -1.270434504e+02 -1.270434504e+02 +5.2925e-01 -4.8299e-01 +5.2704e-01 +4.2308e-01 -8.9336e-01
20 +2.376723883e+00 +2.376723883e+00 -1.282332761e+02 -1.282332761e+02 +1.3210e+00 -1.9089e+00 +1.0198e+00 -3.2996e-01 +3.6323e-01
99 +2.203154372e+00 +2.203154372e+00 -1.284068456e+02 -1.284068456e+02 +6.0349e+00 -5.3997e+00 +6.7970e-01 -2.5090e+00 +3.2715e-01
232 +1.986833205e+00 +1.986833205e+00 -1.286231668e+02 -1.286231668e+02 +5.4092e+00 -5.1934e+00 -4.1626e-01 -1.8947e+00 +4.7315e-01
4158 +1.493787494e+00 +1.493787494e+00 -1.291162125e+02 -1.291162125e+02 -5.0419e+00 -4.0874e+00 +1.4656e+00 +8.5008e-01 -6.3946e-01
4385 +1.229583942e+00 +1.229583942e+00 -1.293804161e+02 -1.293804161e+02 -5.0038e+00 -4.2296e+00 +1.4227e+00 +8.4497e-01 -6.0628e-01
4393 +6.357326399e-01 +6.357326399e-01 -1.299742674e+02 -1.299742674e+02 -4.9968e+00 -4.2375e+00 +1.4212e+00 +8.4024e-01 -6.0822e-01
4485 +4.609393122e-01 +4.609393122e-01 -1.301490607e+02 -1.301490607e+02 -4.9976e+00 -4.2368e+00 +1.4228e+00 +8.4383e-01 -6.0577e-01
4507 +3.829307943e-01 +3.829307943e-01 -1.302270692e+02 -1.302270692e+02 -4.9969e+00 -4.2393e+00 +1.4219e+00 +8.4508e-01 -6.0724e-01
4567 +3.471245900e-01 +3.471245900e-01 -1.302628754e+02 -1.302628754e+02 -4.9959e+00 -4.2366e+00 +1.4216e+00 +8.4370e-01 -6.0673e-01
4576 +3.027412593e-01 +3.027412593e-01 -1.303072587e+02 -1.303072587e+02 -4.9956e+00 -4.2386e+00 +1.4221e+00 +8.4484e-01 -6.0702e-01
4605 +2.845794366e-01 +2.845794366e-01 -1.303254206e+02 -1.303254206e+02 -4.9958e+00 -4.2380e+00 +1.4217e+00 +8.4396e-01 -6.0704e-01
4620 +2.780096556e-01 +2.780096556e-01 -1.303319903e+02 -1.303319903e+02 -4.9960e+00 -4.2377e+00 +1.4213e+00 +8.4405e-01 -6.0763e-01
4675 +2.715221225e-01 +2.715221225e-01 -1.303384779e+02 -1.303384779e+02 -4.9959e+00 -4.2377e+00 +1.4216e+00 +8.4439e-01 -6.0738e-01
4682 +2.598126359e-01 +2.598126359e-01 -1.303501874e+02 -1.303501874e+02 -4.9958e+00 -4.2373e+00 +1.4213e+00 +8.4427e-01 -6.0732e-01
4692 +2.532944000e-01 +2.532944000e-01 -1.303567056e+02 -1.303567056e+02 -4.9959e+00 -4.2374e+00 +1.4213e+00 +8.4404e-01 -6.0754e-01
4694 +2.266087468e-01 +2.266087468e-01 -1.303833913e+02 -1.303833913e+02 -4.9956e+00 -4.2377e+00 +1.4214e+00 +8.4436e-01 -6.0735e-01
4737 +2.235375297e-01 +2.235375297e-01 -1.303864625e+02 -1.303864625e+02 -4.9956e+00 -4.2381e+00 +1.4215e+00 +8.4438e-01 -6.0752e-01
4805 +2.169935958e-01 +2.169935958e-01 -1.303930064e+02 -1.303930064e+02 -4.9955e+00 -4.2381e+00 +1.4216e+00 +8.4434e-01 -6.0734e-01
4876 +2.102305703e-01 +2.102305703e-01 -1.303997694e+02 -1.303997694e+02 -4.9955e+00 -4.2383e+00 +1.4216e+00 +8.4453e-01 -6.0733e-01
4886 +2.021893477e-01 +2.021893477e-01 -1.304078107e+02 -1.304078107e+02 -4.9954e+00 -4.2383e+00 +1.4216e+00 +8.4455e-01 -6.0737e-01
5037 +1.981460175e-01 +1.981460175e-01 -1.304118540e+02 -1.304118540e+02 -4.9955e+00 -4.2382e+00 +1.4216e+00 +8.4454e-01 -6.0737e-01
% function evaluation | noise-free fitness - Fopt (-2.231200000000e+02) | best noise-free fitness - Fopt | measured fitness | best measured fitness | x1 | x2...
1 +1.062283393e+01 +1.062283393e+01 -2.124971661e+02 -2.124971661e+02 +0.0000e+00 +0.0000e+00 +0.0000e+00 +0.0000e+00 +0.0000e+00
3 +7.691597770e+00 +7.691597770e+00 -2.154284022e+02 -2.154284022e+02 -2.2036e-01 -1.6364e+00 -2.6660e+00 +3.2929e-01 +6.5159e-01
36 +7.129913785e+00 +7.129913785e+00 -2.159900862e+02 -2.159900862e+02 -1.3748e+00 -1.8127e+00 -4.4213e+00 +2.8198e+00 -3.5682e-01
38 +6.503523945e+00 +6.503523945e+00 -2.166164761e+02 -2.166164761e+02 +8.9466e-01 +1.7639e+00 -4.3187e+00 +2.9431e+00 -2.3498e-01
42 +5.420372138e+00 +5.420372138e+00 -2.176996279e+02 -2.176996279e+02 +1.2069e+00 +2.9162e+00 -2.8688e+00 +3.2708e+00 +8.2139e-01
54 +4.831211711e+00 +4.831211711e+00 -2.182887883e+02 -2.182887883e+02 +5.6865e-01 +4.9260e+00 -3.6488e+00 +3.3810e+00 +1.4127e+00
224 +3.987453114e+00 +3.987453114e+00 -2.191325469e+02 -2.191325469e+02 +1.0114e+00 +7.4761e-01 -5.3825e-01 -2.7118e-01 -4.3924e+00
507 +3.929458116e+00 +3.929458116e+00 -2.191905419e+02 -2.191905419e+02 +3.4626e+00 +5.7136e+00 +2.5653e+00 +3.7265e+00 -1.3956e-01
508 +3.648319674e+00 +3.648319674e+00 -2.194716803e+02 -2.194716803e+02 +4.3497e+00 +5.6430e+00 +2.7472e+00 +3.7589e+00 +1.9413e-01
801 +2.186890174e+00 +2.186890174e+00 -2.209331098e+02 -2.209331098e+02 +4.7067e+00 +1.8065e+00 -2.0385e+00 +5.3765e+00 +1.0416e+00
3065 +1.310466219e+00 +1.310466219e+00 -2.218095338e+02 -2.218095338e+02 +4.5056e+00 +1.8365e-02 +1.9598e+00 +4.6871e+00 -2.1276e+00
4452 +1.224305520e+00 +1.224305520e+00 -2.218956945e+02 -2.218956945e+02 +4.9855e+00 -2.1874e+00 -1.2764e+00 +7.4508e-01 -7.0548e-01
4532 +1.151694263e+00 +1.151694263e+00 -2.219683057e+02 -2.219683057e+02 +4.9861e+00 -2.1875e+00 -1.2758e+00 +7.4582e-01 -7.0581e-01
4575 +1.138984856e+00 +1.138984856e+00 -2.219810151e+02 -2.219810151e+02 +4.9860e+00 -2.1873e+00 -1.2761e+00 +7.4552e-01 -7.0556e-01
4648 +1.118568192e+00 +1.118568192e+00 -2.220014318e+02 -2.220014318e+02 +4.9861e+00 -2.1874e+00 -1.2758e+00 +7.4584e-01 -7.0565e-01
4662 +1.094676290e+00 +1.094676290e+00 -2.220253237e+02 -2.220253237e+02 +4.9861e+00 -2.1875e+00 -1.2758e+00 +7.4590e-01 -7.0566e-01
5212 +1.071510107e+00 +1.071510107e+00 -2.220484899e+02 -2.220484899e+02 +4.9861e+00 -2.1875e+00 -1.2758e+00 +7.4591e-01 -7.0564e-01
% function evaluation | noise-free fitness - Fopt (-4.443000000000e+01) | best noise-free fitness - Fopt | measured fitness | best measured fitness | x1 | x2...
1 +2.215004470e+01 +2.215004470e+01 -2.227995530e+01 -2.227995530e+01 +0.0000e+00 +0.0000e+00 +0.0000e+00 +0.0000e+00 +0.0000e+00
2 +1.254208027e+01 +1.254208027e+01 -3.188791973e+01 -3.188791973e+01 +1.4630e-02 +5.3820e-02 -2.0074e+00 +2.4667e-01 +3.0429e-01
4 +6.043669716e+00 +6.043669716e+00 -3.838633028e+01 -3.838633028e+01 +1.5967e+00 +1.9919e+00 -9.3803e-01 +9.2005e-01 -8.4288e-01
79 +2.125704679e+00 +2.125704679e+00 -4.230429532e+01 -4.230429532e+01 -2.4225e+00 -2.4443e+00 -1.2474e+00 +5.2695e+00 -1.9973e+00
1912 +1.632185858e+00 +1.632185858e+00 -4.279781414e+01 -4.279781414e+01 -1.0314e+00 -6.4152e-01 -1.4931e+00 -1.5919e+00 -9.3864e-01
1924 +1.441088258e+00 +1.441088258e+00 -4.298891174e+01 -4.298891174e+01 -1.0372e+00 -6.4036e-01 -1.4967e+00 -1.5895e+00 -9.4500e-01
1962 +1.180637542e+00 +1.180637542e+00 -4.324936246e+01 -4.324936246e+01 -1.0275e+00 -6.4810e-01 -1.4802e+00 -1.5921e+00 -9.3410e-01
2017 +1.105564480e+00 +1.105564480e+00 -4.332443552e+01 -4.332443552e+01 -1.0276e+00 -6.4159e-01 -1.4855e+00 -1.5937e+00 -9.3704e-01
2136 +9.998203089e-01 +9.998203089e-01 -4.343017969e+01 -4.343017969e+01 -1.0236e+00 -6.3777e-01 -1.4809e+00 -1.5945e+00 -9.3662e-01
2137 +7.993472890e-01 +7.993472890e-01 -4.363065271e+01 -4.363065271e+01 -1.0240e+00 -6.4012e-01 -1.4812e+00 -1.5921e+00 -9.3680e-01
2185 +7.833136587e-01 +7.833136587e-01 -4.364668634e+01 -4.364668634e+01 -1.0245e+00 -6.3937e-01 -1.4825e+00 -1.5922e+00 -9.3774e-01
2284 +7.435692195e-01 +7.435692195e-01 -4.368643078e+01 -4.368643078e+01 -1.0246e+00 -6.3920e-01 -1.4823e+00 -1.5925e+00 -9.3772e-01
2285 +7.124136871e-01 +7.124136871e-01 -4.371758631e+01 -4.371758631e+01 -1.0252e+00 -6.3889e-01 -1.4833e+00 -1.5925e+00 -9.3865e-01
2306 +6.757364667e-01 +6.757364667e-01 -4.375426353e+01 -4.375426353e+01 -1.0251e+00 -6.3935e-01 -1.4831e+00 -1.5923e+00 -9.3779e-01
2323 +6.580110340e-01 +6.580110340e-01 -4.377198897e+01 -4.377198897e+01 -1.0254e+00 -6.3938e-01 -1.4833e+00 -1.5922e+00 -9.3818e-01
2418 +6.344204014e-01 +6.344204014e-01 -4.379557960e+01 -4.379557960e+01 -1.0254e+00 -6.3939e-01 -1.4833e+00 -1.5922e+00 -9.3821e-01
2541 +6.282271365e-01 +6.282271365e-01 -4.380177286e+01 -4.380177286e+01 -1.0256e+00 -6.3981e-01 -1.4834e+00 -1.5921e+00 -9.3813e-01
% function evaluation | noise-free fitness - Fopt (-7.728000000000e+01) | best noise-free fitness - Fopt | measured fitness | best measured fitness | x1 | x2...
1 +1.317562626e+01 +1.317562626e+01 -6.410437374e+01 -6.410437374e+01 +0.0000e+00 +0.0000e+00 +0.0000e+00 +0.0000e+00 +0.0000e+00
4 +7.951233229e+00 +7.951233229e+00 -6.932876677e+01 -6.932876677e+01 +5.6228e-01 -1.7833e+00 +1.2518e+00 +4.7205e-01 +6.3019e-01
8 +7.653573540e+00 +7.653573540e+00 -6.962642646e+01 -6.962642646e+01 +3.7424e-01 +8.5815e-02 -4.0900e-01 -1.6984e+00 +6.2504e-02
18 +5.596571129e+00 +5.596571129e+00 -7.168342887e+01 -7.168342887e+01 +3.9269e-01 +3.8108e-01 -1.1782e+00 -2.0051e+00 -4.0193e-01
43 +4.837903084e+00 +4.837903084e+00 -7.244209692e+01 -7.244209692e+01 +4.4373e-01 -2.6581e-01 -2.0159e+00 -2.4926e+00 -2.7086e+00
208 +3.645607244e+00 +3.645607244e+00 -7.363439276e+01 -7.363439276e+01 +2.4180e+00 -2.0853e+00 -4.6428e-01 -3.9511e+00 -5.4459e+00
326 +3.575693665e+00 +3.575693665e+00 -7.370430634e+01 -7.370430634e+01 +2.8727e+00 -1.9235e-01 +2.6586e+00 -4.6072e+00 -4.4106e+00
856 +3.321606670e+00 +3.321606670e+00 -7.395839333e+01 -7.395839333e+01 -1.6050e+00 -5.0304e-01 +2.7275e+00 -5.4057e+00 -4.7518e+00
1038 +2.861760665e+00 +2.861760665e+00 -7.441823934e+01 -7.441823934e+01 -7.2753e-01 -1.2628e+00 +1.4461e+00 -4.8217e+00 -1.9577e+00
1910 +2.585359004e+00 +2.585359004e+00 -7.469464100e+01 -7.469464100e+01 +6.2975e-01 +1.9806e+00 -1.5833e+00 -5.0615e-01 +2.6669e+00
2816 +1.816726117e+00 +1.816726117e+00 -7.546327388e+01 -7.546327388e+01 -1.9633e+00 -4.8830e+00 +7.0493e-01 -4.8779e+00 -3.4383e+00
% function evaluation | noise-free fitness - Fopt (-8.121000000000e+01) | best noise-free fitness - Fopt | measured fitness | best measured fitness | x1 | x2...
1 +2.732718383e+01 +2.732718383e+01 -5.388281617e+01 -5.388281617e+01 +0.0000e+00 +0.0000e+00 +0.0000e+00 +0.0000e+00 +0.0000e+00
2 +2.246160948e+01 +2.246160948e+01 -5.874839052e+01 -5.874839052e+01 +1.1288e-01 -1.0756e-01 -2.0820e+00 +1.1666e+00 +1.0198e+00
3 +6.304366110e+00 +6.304366110e+00 -7.490563389e+01 -7.490563389e+01 -1.6956e-01 -1.2438e+00 -8.8905e-02 +1.0261e+00 +2.6148e-01
9 +3.704422915e+00 +3.704422915e+00 -7.750557709e+01 -7.750557709e+01 +1.7739e-01 -8.9600e-01 +3.1233e-01 +9.0327e-01 +6.1789e-02
13 +2.966250145e+00 +2.966250145e+00 -7.824374985e+01 -7.824374985e+01 -1.9928e-01 -2.3443e+00 +1.7636e+00 +1.7431e+00 -9.6506e-01
528 +2.493399404e+00 +2.493399404e+00 -7.871660060e+01 -7.871660060e+01 -1.3225e+00 +3.3288e+00 +2.9539e-01 -2.4433e+00 -3.8747e+00
1974 +1.026397712e+00 +1.026397712e+00 -8.018360229e+01 -8.018360229e+01 +4.1171e+00 +3.3418e+00 +2.8601e+00 +1.2772e-01 +1.8195e+00
4260 +1.021520238e+00 +1.021520238e+00 -8.018847976e+01 -8.018847976e+01 +8.8394e-01 +4.3404e+00 -3.0209e+00 +5.5423e+00 +2.3651e+00
4272 +9.610975606e-01 +9.610975606e-01 -8.024890244e+01 -8.024890244e+01 +8.8417e-01 +4.3396e+00 -3.0217e+00 +5.5409e+00 +2.3649e+00
4274 +8.900510382e-01 +8.900510382e-01 -8.031994896e+01 -8.031994896e+01 +8.8438e-01 +4.3406e+00 -3.0223e+00 +5.5413e+00 +2.3643e+00
4320 +8.607450771e-01 +8.607450771e-01 -8.034925492e+01 -8.034925492e+01 +8.8469e-01 +4.3398e+00 -3.0218e+00 +5.5425e+00 +2.3647e+00
4330 +8.367644002e-01 +8.367644002e-01 -8.037323560e+01 -8.037323560e+01 +8.8450e-01 +4.3407e+00 -3.0225e+00 +5.5423e+00 +2.3647e+00
4364 +7.558872047e-01 +7.558872047e-01 -8.045411280e+01 -8.045411280e+01 +8.8461e-01 +4.3406e+00 -3.0231e+00 +5.5424e+00 +2.3647e+00
4528 +7.375258716e-01 +7.375258716e-01 -8.047247413e+01 -8.047247413e+01 +8.8480e-01 +4.3409e+00 -3.0235e+00 +5.5423e+00 +2.3648e+00
% function evaluation | noise-free fitness - Fopt (6.822800000000e+02) | best noise-free fitness - Fopt | measured fitness | best measured fitness | x1 | x2...
1 +1.240906650e+01 +1.240906650e+01 +6.946890665e+02 +6.946890665e+02 +0.0000e+00 +0.0000e+00 +0.0000e+00 +0.0000e+00 +0.0000e+00
3 +8.480306540e+00 +8.480306540e+00 +6.907603065e+02 +6.907603065e+02 -4.7200e-01 +4.9464e-03 -1.6054e+00 +8.7198e-02 +4.8614e-02
31 +7.743339826e+00 +7.743339826e+00 +6.900233398e+02 +6.900233398e+02 -2.5310e+00 +2.4542e-01 -7.1298e-01 -1.9206e-01 -1.5798e-01
33 +6.717637728e+00 +6.717637728e+00 +6.889976377e+02 +6.889976377e+02 -2.4915e+00 -5.9573e-01 -2.6753e+00 +2.7632e-01 -1.4878e+00
40 +4.217480674e+00 +4.217480674e+00 +6.864974807e+02 +6.864974807e+02 -3.0310e+00 -3.8210e-01 -8.7028e-01 -1.3099e+00 -1.2065e+00
47 +3.271543318e+00 +3.271543318e+00 +6.855515433e+02 +6.855515433e+02 -3.0288e+00 +5.2928e-01 +6.2022e-01 -1.2498e-02 -1.1316e+00
62 +2.902658158e+00 +2.902658158e+00 +6.851826582e+02 +6.851826582e+02 -3.0558e+00 +7.4382e-01 +2.1706e+00 +6.7518e-01 -3.2635e+00
81 +7.410491158e-01 +7.410491158e-01 +6.830210491e+02 +6.830210491e+02 -1.9859e+00 +9.0125e-01 +2.7459e+00 +8.2837e-01 -4.5821e+00
2338 +6.198236627e-01 +6.198236627e-01 +6.828998237e+02 +6.828998237e+02 -3.1132e+00 +2.8367e+00 -1.5101e+00 -3.8259e+00 -2.4736e-01
2362 +5.939739914e-01 +5.939739914e-01 +6.828739740e+02 +6.828739740e+02 -3.1105e+00 +2.8323e+00 -1.5137e+00 -3.8248e+00 -2.4169e-01
2381 +5.621030847e-01 +5.621030847e-01 +6.828421031e+02 +6.828421031e+02 -3.1087e+00 +2.8315e+00 -1.5123e+00 -3.8234e+00 -2.3957e-01
2386 +4.450182124e-01 +4.450182124e-01 +6.827250182e+02 +6.827250182e+02 -3.1071e+00 +2.8273e+00 -1.5174e+00 -3.8207e+00 -2.3392e-01
2413 +4.182104045e-01 +4.182104045e-01 +6.826982104e+02 +6.826982104e+02 -3.1070e+00 +2.8296e+00 -1.5149e+00 -3.8218e+00 -2.3646e-01
2445 +3.850531300e-01 +3.850531300e-01 +6.826650531e+02 +6.826650531e+02 -3.1073e+00 +2.8282e+00 -1.5166e+00 -3.8207e+00 -2.3534e-01
2542 +3.789154837e-01 +3.789154837e-01 +6.826589155e+02 +6.826589155e+02 -3.1096e+00 +2.8324e+00 -1.5126e+00 -3.8209e+00 -2.4209e-01
2549 +3.601533243e-01 +3.601533243e-01 +6.826401533e+02 +6.826401533e+02 -3.1094e+00 +2.8316e+00 -1.5124e+00 -3.8227e+00 -2.4211e-01
2603 +3.389272646e-01 +3.389272646e-01 +6.826189273e+02 +6.826189273e+02 -3.1089e+00 +2.8317e+00 -1.5112e+00 -3.8222e+00 -2.4281e-01
2802 +3.286352280e-01 +3.286352280e-01 +6.826086352e+02 +6.826086352e+02 -3.1091e+00 +2.8316e+00 -1.5117e+00 -3.8220e+00 -2.4262e-01
2812 +3.182487793e-01 +3.182487793e-01 +6.825982488e+02 +6.825982488e+02 -3.1091e+00 +2.8315e+00 -1.5117e+00 -3.8217e+00 -2.4279e-01
2829 +3.142555878e-01 +3.142555878e-01 +6.825942556e+02 +6.825942556e+02 -3.1093e+00 +2.8316e+00 -1.5119e+00 -3.8218e+00 -2.4266e-01
2891 +3.085397657e-01 +3.085397657e-01 +6.825885398e+02 +6.825885398e+02 -3.1094e+00 +2.8313e+00 -1.5123e+00 -3.8219e+00 -2.4228e-01
2950 +2.988332139e-01 +2.988332139e-01 +6.825788332e+02 +6.825788332e+02 -3.1092e+00 +2.8312e+00 -1.5123e+00 -3.8215e+00 -2.4228e-01
3000 +2.944761167e-01 +2.944761167e-01 +6.825744761e+02 +6.825744761e+02 -3.1093e+00 +2.8310e+00 -1.5126e+00 -3.8213e+00 -2.4219e-01
3080 +2.877701306e-01 +2.877701306e-01 +6.825677701e+02 +6.825677701e+02 -3.1092e+00 +2.8312e+00 -1.5123e+00 -3.8213e+00 -2.4234e-01
3456 +2.816246993e-01 +2.816246993e-01 +6.825616247e+02 +6.825616247e+02 -3.1093e+00 +2.8311e+00 -1.5124e+00 -3.8212e+00 -2.4234e-01
3501 +2.750417774e-01 +2.750417774e-01 +6.825550418e+02 +6.825550418e+02 -3.1093e+00 +2.8310e+00 -1.5127e+00 -3.8211e+00 -2.4219e-01
3522 +2.677898675e-01 +2.677898675e-01 +6.825477899e+02 +6.825477899e+02 -3.1094e+00 +2.8306e+00 -1.5132e+00 -3.8207e+00 -2.4187e-01
3538 +2.615078832e-01 +2.615078832e-01 +6.825415079e+02 +6.825415079e+02 -3.1094e+00 +2.8305e+00 -1.5134e+00 -3.8206e+00 -2.4172e-01
3543 +2.502097764e-01 +2.502097764e-01 +6.825302098e+02 +6.825302098e+02 -3.1094e+00 +2.8302e+00 -1.5138e+00 -3.8203e+00 -2.4144e-01
3553 +2.252225475e-01 +2.252225475e-01 +6.825052225e+02 +6.825052225e+02 -3.1096e+00 +2.8296e+00 -1.5148e+00 -3.8196e+00 -2.4083e-01
3562 +2.031583137e-01 +2.031583137e-01 +6.824831583e+02 +6.824831583e+02 -3.1097e+00 +2.8291e+00 -1.5156e+00 -3.8191e+00 -2.4035e-01
4197 +1.993407062e-01 +1.993407062e-01 +6.824793407e+02 +6.824793407e+02 -3.1096e+00 +2.8290e+00 -1.5156e+00 -3.8190e+00 -2.4023e-01
4222 +1.924137580e-01 +1.924137580e-01 +6.824724138e+02 +6.824724138e+02 -3.1094e+00 +2.8288e+00 -1.5158e+00 -3.8188e+00 -2.3998e-01
4237 +1.844295688e-01 +1.844295688e-01 +6.824644296e+02 +6.824644296e+02 -3.1092e+00 +2.8286e+00 -1.5159e+00 -3.8186e+00 -2.3973e-01
4242 +1.809399039e-01 +1.809399039e-01 +6.824609399e+02 +6.824609399e+02 -3.1091e+00 +2.8285e+00 -1.5160e+00 -3.8184e+00 -2.3957e-01
4246 +1.759809649e-01 +1.759809649e-01 +6.824559810e+02 +6.824559810e+02 -3.1090e+00 +2.8283e+00 -1.5162e+00 -3.8182e+00 -2.3930e-01
4254 +1.563536998e-01 +1.563536998e-01 +6.824363537e+02 +6.824363537e+02 -3.1085e+00 +2.8278e+00 -1.5166e+00 -3.8176e+00 -2.3860e-01
4267 +1.546787121e-01 +1.546787121e-01 +6.824346787e+02 +6.824346787e+02 -3.1084e+00 +2.8278e+00 -1.5166e+00 -3.8175e+00 -2.3854e-01
4269 +1.510971661e-01 +1.510971661e-01 +6.824310972e+02 +6.824310972e+02 -3.1084e+00 +2.8277e+00 -1.5167e+00 -3.8174e+00 -2.3846e-01
4288 +1.454170496e-01 +1.454170496e-01 +6.824254170e+02 +6.824254170e+02 -3.1083e+00 +2.8276e+00 -1.5167e+00 -3.8173e+00 -2.3831e-01
4503 +1.444965059e-01 +1.444965059e-01 +6.824244965e+02 +6.824244965e+02 -3.1083e+00 +2.8276e+00 -1.5167e+00 -3.8173e+00 -2.3832e-01
4652 +1.408851275e-01 +1.408851275e-01 +6.824208851e+02 +6.824208851e+02 -3.1083e+00 +2.8276e+00 -1.5168e+00 -3.8173e+00 -2.3827e-01
5123 +1.378522301e-01 +1.378522301e-01 +6.824178522e+02 +6.824178522e+02 -3.1083e+00 +2.8277e+00 -1.5167e+00 -3.8173e+00 -2.3830e-01
% function evaluation | noise-free fitness - Fopt (-7.168200000000e+02) | best noise-free fitness - Fopt | measured fitness | best measured fitness | x1 | x2...
1 +6.880136852e+00 +6.880136852e+00 -7.099398631e+02 -7.099398631e+02 +0.0000e+00 +0.0000e+00 +0.0000e+00 +0.0000e+00 +0.0000e+00
24 +4.114245748e+00 +4.114245748e+00 -7.127057543e+02 -7.127057543e+02 +4.3984e-01 -4.6473e+00 +2.4275e+00 -4.0665e+00 -4.2597e+00
164 +3.552204123e+00 +3.552204123e+00 -7.132677959e+02 -7.132677959e+02 +3.1132e+00 -3.2611e+00 +2.5559e+00 -5.4200e+00 +4.7185e+00
1007 +3.056358380e+00 +3.056358380e+00 -7.137636416e+02 -7.137636416e+02 +4.4355e+00 -3.6608e+00 +2.8603e+00 -5.6520e+00 +6.1767e-01
1258 +2.078152256e+00 +2.078152256e+00 -7.147418477e+02 -7.147418477e+02 +4.2774e+00 -5.4028e+00 +2.0550e+00 -5.7628e+00 -7.9377e-01
2228 +1.899199621e+00 +1.899199621e+00 -7.149208004e+02 -7.149208004e+02 +4.1139e+00 -4.7728e+00 +2.2800e+00 -5.4088e+00 -1.2963e+00
3674 +1.802014920e+00 +1.802014920e+00 -7.150179851e+02 -7.150179851e+02 +3.5700e+00 -4.4798e+00 +2.6595e+00 -5.4286e+00 -1.2752e+00
3774 +1.751817749e+00 +1.751817749e+00 -7.150681823e+02 -7.150681823e+02 +3.5822e+00 -4.4612e+00 +2.6527e+00 -5.4200e+00 -1.2805e+00
3776 +1.286893229e+00 +1.286893229e+00 -7.155331068e+02 -7.155331068e+02 +3.5806e+00 -4.4781e+00 +2.6490e+00 -5.4149e+00 -1.2800e+00
3786 +1.155966035e+00 +1.155966035e+00 -7.156640340e+02 -7.156640340e+02 +3.5861e+00 -4.4747e+00 +2.6472e+00 -5.4090e+00 -1.2785e+00
3792 +1.124065755e+00 +1.124065755e+00 -7.156959342e+02 -7.156959342e+02 +3.5854e+00 -4.4757e+00 +2.6465e+00 -5.4123e+00 -1.2777e+00
3796 +1.006037175e+00 +1.006037175e+00 -7.158139628e+02 -7.158139628e+02 +3.5858e+00 -4.4747e+00 +2.6419e+00 -5.4072e+00 -1.2755e+00
3880 +9.792021663e-01 +9.792021663e-01 -7.158407978e+02 -7.158407978e+02 +3.5874e+00 -4.4682e+00 +2.6420e+00 -5.4100e+00 -1.2772e+00
3894 +8.823683724e-01 +8.823683724e-01 -7.159376316e+02 -7.159376316e+02 +3.5885e+00 -4.4738e+00 +2.6424e+00 -5.4091e+00 -1.2779e+00
3902 +8.459216964e-01 +8.459216964e-01 -7.159740783e+02 -7.159740783e+02 +3.5875e+00 -4.4744e+00 +2.6452e+00 -5.4086e+00 -1.2770e+00
3940 +7.650837646e-01 +7.650837646e-01 -7.160549162e+02 -7.160549162e+02 +3.5869e+00 -4.4724e+00 +2.6436e+00 -5.4103e+00 -1.2764e+00
3945 +7.250073261e-01 +7.250073261e-01 -7.160949927e+02 -7.160949927e+02 +3.5880e+00 -4.4696e+00 +2.6424e+00 -5.4107e+00 -1.2762e+00
3948 +7.015432587e-01 +7.015432587e-01 -7.161184567e+02 -7.161184567e+02 +3.5873e+00 -4.4730e+00 +2.6431e+00 -5.4103e+00 -1.2759e+00
3955 +6.613781275e-01 +6.613781275e-01 -7.161586219e+02 -7.161586219e+02 +3.5890e+00 -4.4726e+00 +2.6414e+00 -5.4093e+00 -1.2758e+00
3965 +5.775490263e-01 +5.775490263e-01 -7.162424510e+02 -7.162424510e+02 +3.5888e+00 -4.4726e+00 +2.6420e+00 -5.4088e+00 -1.2758e+00
3974 +5.048021107e-01 +5.048021107e-01 -7.163151979e+02 -7.163151979e+02 +3.5882e+00 -4.4749e+00 +2.6415e+00 -5.4073e+00 -1.2757e+00
4057 +4.894398284e-01 +4.894398284e-01 -7.163305602e+02 -7.163305602e+02 +3.5894e+00 -4.4739e+00 +2.6407e+00 -5.4070e+00 -1.2755e+00
4091 +4.744791048e-01 +4.744791048e-01 -7.163455209e+02 -7.163455209e+02 +3.5892e+00 -4.4741e+00 +2.6408e+00 -5.4071e+00 -1.2755e+00
4098 +4.581856710e-01 +4.581856710e-01 -7.163618143e+02 -7.163618143e+02 +3.5888e+00 -4.4739e+00 +2.6403e+00 -5.4073e+00 -1.2755e+00
4103 +4.522063363e-01 +4.522063363e-01 -7.163677937e+02 -7.163677937e+02 +3.5886e+00 -4.4739e+00 +2.6408e+00 -5.4076e+00 -1.2755e+00
4113 +4.302594089e-01 +4.302594089e-01 -7.163897406e+02 -7.163897406e+02 +3.5888e+00 -4.4738e+00 +2.6406e+00 -5.4075e+00 -1.2756e+00
4125 +4.172925009e-01 +4.172925009e-01 -7.164027075e+02 -7.164027075e+02 +3.5891e+00 -4.4740e+00 +2.6408e+00 -5.4074e+00 -1.2756e+00
4162 +4.084373434e-01 +4.084373434e-01 -7.164115627e+02 -7.164115627e+02 +3.5891e+00 -4.4738e+00 +2.6407e+00 -5.4076e+00 -1.2756e+00
4174 +3.988498690e-01 +3.988498690e-01 -7.164211501e+02 -7.164211501e+02 +3.5890e+00 -4.4740e+00 +2.6410e+00 -5.4075e+00 -1.2757e+00
4206 +3.956117647e-01 +3.956117647e-01 -7.164243882e+02 -7.164243882e+02 +3.5889e+00 -4.4739e+00 +2.6412e+00 -5.4077e+00 -1.2757e+00
4249 +3.856051368e-01 +3.856051368e-01 -7.164343949e+02 -7.164343949e+02 +3.5890e+00 -4.4739e+00 +2.6410e+00 -5.4076e+00 -1.2757e+00
4269 +3.777403884e-01 +3.777403884e-01 -7.164422596e+02 -7.164422596e+02 +3.5890e+00 -4.4738e+00 +2.6410e+00 -5.4076e+00 -1.2757e+00
% function evaluation | noise-free fitness - Fopt (-1.000000000000e+03) | best noise-free fitness - Fopt | measured fitness | best measured fitness | x1 | x2...
1 +9.727512501e+00 +9.727512501e+00 -9.902724875e+02 -9.902724875e+02 +0.0000e+00 +0.0000e+00 +0.0000e+00 +0.0000e+00 +0.0000e+00
12 +8.201554015e+00 +8.201554015e+00 -9.917984460e+02 -9.917984460e+02 +2.5918e+00 +3.7496e-01 -2.8559e-01 +1.1750e+00 +8.6728e-01
31 +7.928960792e+00 +7.928960792e+00 -9.920710392e+02 -9.920710392e+02 +1.4007e+00 -5.4670e-01 -2.7301e-01 +4.4596e-01 -1.0871e+00
64 +7.294691483e+00 +7.294691483e+00 -9.927053085e+02 -9.927053085e+02 +2.0693e+00 -4.5257e-01 -3.4542e+00 +1.5223e+00 +1.8713e+00
78 +3.876012369e+00 +3.876012369e+00 -9.961239876e+02 -9.961239876e+02 +2.9979e+00 -1.5804e-01 -2.7018e+00 +2.9138e-01 +8.1628e-01
274 +2.951771459e+00 +2.951771459e+00 -9.970482285e+02 -9.970482285e+02 -1.0627e-01 -2.7337e-01 +5.2969e-01 -2.3302e-02 +9.7009e-01
464 +2.215284053e+00 +2.215284053e+00 -9.977847159e+02 -9.977847159e+02 +5.7805e+00 +4.4445e-02 +1.1305e+00 +1.4423e+00 -3.3436e+00
550 +1.887834330e+00 +1.887834330e+00 -9.981121657e+02 -9.981121657e+02 +4.5881e+00 -4.0818e+00 -3.4596e+00 +9.4469e-01 -3.5997e+00
5653 +1.337170299e+00 +1.337170299e+00 -9.986628297e+02 -9.986628297e+02 -3.0390e+00 +3.2103e+00 -2.1506e+00 +2.0797e+00 +5.0556e+00
% function evaluation | noise-free fitness - Fopt (-1.000000000000e+03) | best noise-free fitness - Fopt | measured fitness | best measured fitness | x1 | x2...
1 +3.324007636e+01 +3.324007636e+01 -9.667599236e+02 -9.667599236e+02 +0.0000e+00 +0.0000e+00 +0.0000e+00 +0.0000e+00 +0.0000e+00
2 +2.406446317e+01 +2.406446317e+01 -9.759355368e+02 -9.759355368e+02 +7.9060e-01 +4.3784e-01 -2.5818e-01 -4.8481e-02 +2.4020e-01
4 +1.691080744e+01 +1.691080744e+01 -9.830891926e+02 -9.830891926e+02 +3.6051e-01 -8.2410e-01 -5.2994e-01 +1.7606e+00 -1.8816e-01
6 +6.537335356e+00 +6.537335356e+00 -9.934626646e+02 -9.934626646e+02 +1.6826e+00 -2.9356e-01 -1.1261e+00 -6.8213e-01 +5.5785e-01
14 +5.796125370e+00 +5.796125370e+00 -9.942038746e+02 -9.942038746e+02 +6.9385e-01 +2.0452e-01 -7.6466e-01 -1.3401e+00 +4.1985e-01
83 +7.274289664e-01 +7.274289664e-01 -9.992725710e+02 -9.992725710e+02 +7.5601e-01 -1.8495e+00 -6.3952e-02 -7.1775e-01 -7.5725e-01
% function evaluation | noise-free fitness - Fopt (4.819000000000e+01) | best noise-free fitness - Fopt | measured fitness | best measured fitness | x1 | x2...
1 +2.404216812e+01 +2.404216812e+01 +7.223216812e+01 +7.223216812e+01 +0.0000e+00 +0.0000e+00 +0.0000e+00 +0.0000e+00 +0.0000e+00
2 +1.541880692e+01 +1.541880692e+01 +6.360880692e+01 +6.360880692e+01 +2.2663e+00 -1.5621e+00 -6.2425e-01 -5.3289e-01 -6.4176e-01
7 +1.204181291e+01 +1.204181291e+01 +6.023181291e+01 +6.023181291e+01 +7.8663e-01 -7.5847e-02 -8.4291e-01 -7.2556e-01 -3.9654e-02
18 +1.072720035e+01 +1.072720035e+01 +5.891720035e+01 +5.891720035e+01 -6.8118e-01 +1.8185e-01 -1.1846e-01 -6.4750e-01 -9.9212e-01
22 +9.059209521e+00 +9.059209521e+00 +5.724920952e+01 +5.724920952e+01 -1.4356e+00 -6.4198e-01 -9.4490e-02 -1.6968e+00 -6.7959e-01
28 +8.774795994e+00 +8.774795994e+00 +5.696479599e+01 +5.696479599e+01 -1.3067e+00 +9.6294e-01 +5.0295e-01 -1.4477e+00 -1.2017e+00
34 +7.023322946e+00 +7.023322946e+00 +5.521332295e+01 +5.521332295e+01 -7.3190e-01 +3.1877e-01 +2.8696e-01 -1.1132e+00 -7.2661e-01
50 +4.809615840e+00 +4.809615840e+00 +5.299961584e+01 +5.299961584e+01 -5.8375e-01 -1.7614e-02 +5.8487e-01 -1.0024e+00 -5.3278e-01
54 +2.639890403e+00 +2.639890403e+00 +5.082989040e+01 +5.082989040e+01 -9.0247e-01 +2.1427e-01 +3.4321e-01 -1.0687e+00 -1.0377e+00
3339 +2.597549672e+00 +2.597549672e+00 +5.078754967e+01 +5.078754967e+01 +2.1474e+00 -5.9860e-01 +4.9147e+00 +5.4809e+00 +5.5168e+00
3487 +2.469841609e+00 +2.469841609e+00 +5.065984161e+01 +5.065984161e+01 +3.8162e+00 -2.1424e+00 +2.3636e+00 +4.6768e+00 +2.9394e+00
3652 +1.545068929e+00 +1.545068929e+00 +4.973506893e+01 +4.973506893e+01 +3.1498e+00 -2.0501e+00 +2.3513e+00 +4.1418e+00 +3.2369e+00
4772 +1.498745673e+00 +1.498745673e+00 +4.968874567e+01 +4.968874567e+01 +4.5572e+00 -2.5602e+00 +5.8593e+00 +4.7284e+00 +6.7598e-01
4776 +1.444807493e+00 +1.444807493e+00 +4.963480749e+01 +4.963480749e+01 +4.5574e+00 -2.5600e+00 +5.8520e+00 +4.7279e+00 +6.7914e-01
4777 +1.384951575e+00 +1.384951575e+00 +4.957495157e+01 +4.957495157e+01 +4.5568e+00 -2.5578e+00 +5.8534e+00 +4.7289e+00 +6.7744e-01
4794 +1.376631000e+00 +1.376631000e+00 +4.956663100e+01 +4.956663100e+01 +4.5568e+00 -2.5595e+00 +5.8598e+00 +4.7295e+00 +6.7723e-01
4802 +1.304304694e+00 +1.304304694e+00 +4.949430469e+01 +4.949430469e+01 +4.5579e+00 -2.5587e+00 +5.8603e+00 +4.7285e+00 +6.7699e-01
4821 +1.254123368e+00 +1.254123368e+00 +4.944412337e+01 +4.944412337e+01 +4.5572e+00 -2.5595e+00 +5.8574e+00 +4.7292e+00 +6.7760e-01
4836 +1.129386416e+00 +1.129386416e+00 +4.931938642e+01 +4.931938642e+01 +4.5575e+00 -2.5591e+00 +5.8580e+00 +4.7290e+00 +6.7759e-01
5021 +1.109230861e+00 +1.109230861e+00 +4.929923086e+01 +4.929923086e+01 +4.5574e+00 -2.5588e+00 +5.8550e+00 +4.7285e+00 +6.7789e-01
5028 +1.091403867e+00 +1.091403867e+00 +4.928140387e+01 +4.928140387e+01 +4.5572e+00 -2.5586e+00 +5.8549e+00 +4.7285e+00 +6.7770e-01
% function evaluation | noise-free fitness - Fopt (-1.071000000000e+01) | best noise-free fitness - Fopt | measured fitness | best measured fitness | x1 | x2...
1 +3.787047727e+01 +3.787047727e+01 +2.716047727e+01 +2.716047727e+01 +0.0000e+00 +0.0000e+00 +0.0000e+00 +0.0000e+00 +0.0000e+00
2 +2.335282568e+01 +2.335282568e+01 +1.264282568e+01 +1.264282568e+01 +1.2328e+00 +1.8915e-01 -3.6700e-01 -1.1357e+00 -5.4205e-01
3 +1.544162140e+01 +1.544162140e+01 +4.731621403e+00 +4.731621403e+00 -1.2091e+00 -8.1232e-01 +1.2663e+00 -6.8474e-01 +1.6124e+00
7 +1.195776213e+01 +1.195776213e+01 +1.247762134e+00 +1.247762134e+00 +1.0890e+00 -1.1807e+00 -1.2708e+00 -7.1771e-01 -1.0481e+00
13 +1.161258183e+01 +1.161258183e+01 +9.025818268e-01 +9.025818268e-01 +1.1360e+00 -8.0083e-01 -2.5029e+00 -8.1666e-01 +3.1907e-02
18 +5.743717426e+00 +5.743717426e+00 -4.966282574e+00 -4.966282574e+00 +2.3917e-01 -1.4610e+00 -1.2068e+00 +6.8934e-01 -4.8445e-01
39 +3.491757842e+00 +3.491757842e+00 -7.218242158e+00 -7.218242158e+00 -2.9664e-01 -8.8528e-01 +9.4944e-01 +1.4199e-01 +7.4207e-01
389 +1.290372898e+00 +1.290372898e+00 -9.419627102e+00 -9.419627102e+00 -5.0769e+00 +2.9482e+00 -1.4021e+00 +3.0662e+00 -1.8973e+00
7026 +1.270484760e+00 +1.270484760e+00 -9.439515240e+00 -9.439515240e+00 -5.4831e+00 +3.5211e+00 -2.7572e+00 +1.2421e+00 -5.1245e+00
7037 +1.229627490e+00 +1.229627490e+00 -9.480372510e+00 -9.480372510e+00 -5.4795e+00 +3.5213e+00 -2.7590e+00 +1.2416e+00 -5.1243e+00
7081 +1.100909934e+00 +1.100909934e+00 -9.609090066e+00 -9.609090066e+00 -5.4844e+00 +3.5210e+00 -2.7646e+00 +1.2373e+00 -5.1212e+00
7102 +9.517095200e-01 +9.517095200e-01 -9.758290480e+00 -9.758290480e+00 -5.4783e+00 +3.5231e+00 -2.7642e+00 +1.2411e+00 -5.1251e+00
7129 +8.659084896e-01 +8.659084896e-01 -9.844091510e+00 -9.844091510e+00 -5.4791e+00 +3.5225e+00 -2.7628e+00 +1.2411e+00 -5.1248e+00
7372 +8.398288515e-01 +8.398288515e-01 -9.870171149e+00 -9.870171149e+00 -5.4786e+00 +3.5223e+00 -2.7631e+00 +1.2422e+00 -5.1254e+00
7404 +8.273032409e-01 +8.273032409e-01 -9.882696759e+00 -9.882696759e+00 -5.4788e+00 +3.5223e+00 -2.7631e+00 +1.2421e+00 -5.1254e+00
7412 +8.113863580e-01 +8.113863580e-01 -9.898613642e+00 -9.898613642e+00 -5.4787e+00 +3.5223e+00 -2.7631e+00 +1.2422e+00 -5.1254e+00
8175 +7.943135681e-01 +7.943135681e-01 -9.915686432e+00 -9.915686432e+00 -5.4786e+00 +3.5223e+00 -2.7632e+00 +1.2421e+00 -5.1254e+00
% function evaluation | noise-free fitness - Fopt (3.425000000000e+01) | best noise-free fitness - Fopt | measured fitness | best measured fitness | x1 | x2...
1 +1.363681284e+01 +1.363681284e+01 +4.788681284e+01 +4.788681284e+01 +0.0000e+00 +0.0000e+00 +0.0000e+00 +0.0000e+00 +0.0000e+00
2 +6.414399741e+00 +6.414399741e+00 +4.066439974e+01 +4.066439974e+01 -5.8329e-01 -4.8084e-01 +6.6263e-01 -7.7179e-01 -7.8253e-02
5 +4.359971144e+00 +4.359971144e+00 +3.860997114e+01 +3.860997114e+01 +1.9270e+00 -6.0093e-01 +5.5629e-01 +1.5836e-01 -4.8667e-01
40 +3.246849867e+00 +3.246849867e+00 +3.749684987e+01 +3.749684987e+01 +1.5940e+00 +7.5587e-01 +1.1700e+00 +3.7937e-01 +2.6729e-01
44 +2.451000347e+00 +2.451000347e+00 +3.670100035e+01 +3.670100035e+01 +1.8281e+00 +1.2687e+00 +2.8075e+00 +1.2893e+00 +3.7521e-01
127 +1.457371931e+00 +1.457371931e+00 +3.570737193e+01 +3.570737193e+01 -1.0629e+00 +2.9492e+00 +1.1884e+00 +7.1077e-01 -1.0519e-01
% function evaluation | noise-free fitness - Fopt (1.134700000000e+02) | best noise-free fitness - Fopt | measured fitness | best measured fitness | x1 | x2...
1 +1.636301489e+01 +1.636301489e+01 +1.298330149e+02 +1.298330149e+02 +0.0000e+00 +0.0000e+00 +0.0000e+00 +0.0000e+00 +0.0000e+00
3 +1.357404750e+01 +1.357404750e+01 +1.270440475e+02 +1.270440475e+02 +3.7691e-01 +2.5255e+00 -1.7576e+00 +7.3754e-01 +6.5232e-01
4 +8.814780286e+00 +8.814780286e+00 +1.222847803e+02 +1.222847803e+02 +8.1008e-01 +1.0203e-01 -1.2590e+00 -3.5528e-01 +3.5590e-01
8 +8.163017007e+00 +8.163017007e+00 +1.216330170e+02 +1.216330170e+02 -1.3823e-01 -4.3268e-01 +1.3819e-01 -9.5044e-02 +4.2540e-01
16 +7.773785567e+00 +7.773785567e+00 +1.212437856e+02 +1.212437856e+02 -1.8772e-02 -3.3175e-01 +1.5149e+00 +5.4594e-01 +4.3581e-01
28 +7.430353505e+00 +7.430353505e+00 +1.209003535e+02 +1.209003535e+02 -9.4622e-01 -2.9764e-01 +1.0853e+00 +1.6196e+00 +5.8437e-01
35 +7.297547994e+00 +7.297547994e+00 +1.207675480e+02 +1.207675480e+02 -8.7919e-02 -8.1758e-01 +7.5264e-01 +2.2695e+00 -8.4914e-01
38 +6.573800103e+00 +6.573800103e+00 +1.200438001e+02 +1.200438001e+02 -8.1612e-01 +1.1283e+00 +5.8298e-01 +1.9127e+00 +1.7846e+00
42 +3.177672474e+00 +3.177672474e+00 +1.166476725e+02 +1.166476725e+02 -2.4384e-01 +7.8786e-01 +8.8744e-01 +2.3550e+00 +8.9980e-01
205 +3.057981270e+00 +3.057981270e+00 +1.165279813e+02 +1.165279813e+02 +7.3299e-01 +1.6137e+00 +4.9110e-01 +2.5961e+00 +2.8028e+00
226 +2.755780610e+00 +2.755780610e+00 +1.162257806e+02 +1.162257806e+02 +7.0062e-01 +1.6446e+00 +1.5742e-01 +2.8923e+00 +2.2485e+00
486 +2.170112344e+00 +2.170112344e+00 +1.156401123e+02 +1.156401123e+02 +1.9194e+00 +2.6646e+00 -1.0246e+00 +3.7217e+00 +1.9691e+00
2171 +1.674356808e+00 +1.674356808e+00 +1.151443568e+02 +1.151443568e+02 +8.5446e-01 -9.3400e-01 -3.3912e+00 +2.6181e+00 -1.3337e-01
2294 +1.638300654e+00 +1.638300654e+00 +1.151083007e+02 +1.151083007e+02 +8.5939e-01 -9.3113e-01 -3.3923e+00 +2.6160e+00 -1.2197e-01
2304 +1.604732429e+00 +1.604732429e+00 +1.150747324e+02 +1.150747324e+02 +8.6164e-01 -9.2981e-01 -3.3921e+00 +2.6159e+00 -1.1889e-01
2323 +1.210056612e+00 +1.210056612e+00 +1.146800566e+02 +1.146800566e+02 +8.5896e-01 -9.2977e-01 -3.3919e+00 +2.6159e+00 -1.2367e-01
2404 +1.153268637e+00 +1.153268637e+00 +1.146232686e+02 +1.146232686e+02 +8.6087e-01 -9.2983e-01 -3.3906e+00 +2.6149e+00 -1.2039e-01
2513 +1.087383605e+00 +1.087383605e+00 +1.145573836e+02 +1.145573836e+02 +8.5870e-01 -9.3128e-01 -3.3904e+00 +2.6162e+00 -1.2445e-01
2548 +1.046163494e+00 +1.046163494e+00 +1.145161635e+02 +1.145161635e+02 +8.5972e-01 -9.3079e-01 -3.3900e+00 +2.6157e+00 -1.2277e-01
3011 +1.023007491e+00 +1.023007491e+00 +1.144930075e+02 +1.144930075e+02 +8.5969e-01 -9.2994e-01 -3.3911e+00 +2.6154e+00 -1.2213e-01
