% function evaluation | noise-free fitness - Fopt (6.870000000000e+00) | best noise-free fitness - Fopt | measured fitness | best measured fitness | x1 | x2...
1 +1.054960818e+01 +1.054960818e+01 +1.741960818e+01 +1.741960818e+01
15 +8.617107006e+00 +8.617107006e+00 +1.548710701e+01 +1.548710701e+01
38 +8.499232136e+00 +8.499232136e+00 +1.536923214e+01 +1.536923214e+01
76 +5.940174510e+00 +5.940174510e+00 +1.281017451e+01 +1.281017451e+01
860 +5.801761338e+00 +5.801761338e+00 +1.267176134e+01 +1.267176134e+01
6860 +5.292064653e+00 +5.292064653e+00 +1.216206465e+01 +1.216206465e+01
9168 +5.147887584e+00 +5.147887584e+00 +1.201788758e+01 +1.201788758e+01
15478 +4.696902763e+00 +4.696902763e+00 +1.156690276e+01 +1.156690276e+01
34126 +4.297642249e+00 +4.297642249e+00 +1.116764225e+01 +1.116764225e+01
34204 +4.042248355e+00 +4.042248355e+00 +1.091224836e+01 +1.091224836e+01
34323 +3.859170501e+00 +3.859170501e+00 +1.072917050e+01 +1.072917050e+01
34932 +3.228919285e+00 +3.228919285e+00 +1.009891929e+01 +1.009891929e+01
34968 +3.067204610e+00 +3.067204610e+00 +9.937204610e+00 +9.937204610e+00
34987 +2.769340227e+00 +2.769340227e+00 +9.639340227e+00 +9.639340227e+00
35105 +2.690830198e+00 +2.690830198e+00 +9.560830198e+00 +9.560830198e+00
35253 +2.471182835e+00 +2.471182835e+00 +9.341182835e+00 +9.341182835e+00
35264 +2.424349100e+00 +2.424349100e+00 +9.294349100e+00 +9.294349100e+00
35290 +2.333346138e+00 +2.333346138e+00 +9.203346138e+00 +9.203346138e+00
35322 +2.269046350e+00 +2.269046350e+00 +9.139046350e+00 +9.139046350e+00
35342 +2.148279447e+00 +2.148279447e+00 +9.018279447e+00 +9.018279447e+00
35561 +2.091587433e+00 +2.091587433e+00 +8.961587433e+00 +8.961587433e+00
35623 +2.079505088e+00 +2.079505088e+00 +8.949505088e+00 +8.949505088e+00
35672 +2.037287032e+00 +2.037287032e+00 +8.907287032e+00 +8.907287032e+00
35845 +1.979498299e+00 +1.979498299e+00 +8.849498299e+00 +8.849498299e+00
35916 +1.892731429e+00 +1.892731429e+00 +8.762731429e+00 +8.762731429e+00
36482 +1.845497183e+00 +1.845497183e+00 +8.715497183e+00 +8.715497183e+00
36581 +1.818575352e+00 +1.818575352e+00 +8.688575352e+00 +8.688575352e+00
36818 +1.773830219e+00 +1.773830219e+00 +8.643830219e+00 +8.643830219e+00
37942 +1.737540592e+00 +1.737540592e+00 +8.607540592e+00 +8.607540592e+00
% function evaluation | noise-free fitness - Fopt (1.000000000000e-02) | best noise-free fitness - Fopt | measured fitness | best measured fitness | x1 | x2...
1 +1.185308916e+01 +1.185308916e+01 +1.186308916e+01 +1.186308916e+01
2 +1.107619616e+01 +1.107619616e+01 +1.108619616e+01 +1.108619616e+01
10 +1.069872500e+01 +1.069872500e+01 +1.070872500e+01 +1.070872500e+01
20 +9.135257429e+00 +9.135257429e+00 +9.145257429e+00 +9.145257429e+00
35 +9.107029487e+00 +9.107029487e+00 +9.117029487e+00 +9.117029487e+00
59 +7.440869514e+00 +7.440869514e+00 +7.450869514e+00 +7.450869514e+00
303 +6.792300510e+00 +6.792300510e+00 +6.802300510e+00 +6.802300510e+00
966 +6.342116523e+00 +6.342116523e+00 +6.352116523e+00 +6.352116523e+00
1504 +6.257698034e+00 +6.257698034e+00 +6.267698034e+00 +6.267698034e+00
2185 +4.141705284e+00 +4.141705284e+00 +4.151705284e+00 +4.151705284e+00
43275 +3.859681520e+00 +3.859681520e+00 +3.869681520e+00 +3.869681520e+00
44658 +3.601222659e+00 +3.601222659e+00 +3.611222659e+00 +3.611222659e+00
44682 +3.408739145e+00 +3.408739145e+00 +3.418739145e+00 +3.418739145e+00
44812 +2.945299815e+00 +2.945299815e+00 +2.955299815e+00 +2.955299815e+00
44874 +2.775425419e+00 +2.775425419e+00 +2.785425419e+00 +2.785425419e+00
45449 +2.508651059e+00 +2.508651059e+00 +2.518651059e+00 +2.518651059e+00
45501 +2.446787489e+00 +2.446787489e+00 +2.456787489e+00 +2.456787489e+00
45506 +2.356657248e+00 +2.356657248e+00 +2.366657248e+00 +2.366657248e+00
45629 +2.317624539e+00 +2.317624539e+00 +2.327624539e+00 +2.327624539e+00
45635 +2.275279560e+00 +2.275279560e+00 +2.285279560e+00 +2.285279560e+00
45692 +2.230152114e+00 +2.230152114e+00 +2.240152114e+00 +2.240152114e+00
45750 +2.149284431e+00 +2.149284431e+00 +2.159284431e+00 +2.159284431e+00
45763 +2.122658873e+00 +2.122658873e+00 +2.132658873e+00 +2.132658873e+00
46184 +2.068642489e+00 +2.068642489e+00 +2.078642489e+00 +2.078642489e+00
46355 +2.007863526e+00 +2.007863526e+00 +2.017863526e+00 +2.017863526e+00
46439 +1.993690404e+00 +1.993690404e+00 +2.003690404e+00 +2.003690404e+00
46462 +1.946094078e+00 +1.946094078e+00 +1.956094078e+00 +1.956094078e+00
46481 +1.896636780e+00 +1.896636780e+00 +1.906636780e+00 +1.906636780e+00
46845 +1.849037202e+00 +1.849037202e+00 +1.859037202e+00 +1.859037202e+00
46892 +1.795764955e+00 +1.795764955e+00 +1.805764955e+00 +1.805764955e+00
46996 +1.777198978e+00 +1.777198978e+00 +1.787198978e+00 +1.787198978e+00
47270 +1.735706466e+00 +1.735706466e+00 +1.745706466e+00 +1.745706466e+00
47551 +1.697420464e+00 +1.697420464e+00 +1.707420464e+00 +1.707420464e+00
% function evaluation | noise-free fitness - Fopt (-1.306100000000e+02) | best noise-free fitness - Fopt | measured fitness | best measured fitness | x1 | x2...
1 +1.451380668e+01 +1.451380668e+01 -1.160961933e+02 -1.160961933e+02
3 +1.297319323e+01 +1.297319323e+01 -1.176368068e+02 -1.176368068e+02
12 +1.124926562e+01 +1.124926562e+01 -1.193607344e+02 -1.193607344e+02
25 +1.058846204e+01 +1.058846204e+01 -1.200215380e+02 -1.200215380e+02
39 +9.433330262e+00 +9.433330262e+00 -1.211766697e+02 -1.211766697e+02
42 +8.673647847e+00 +8.673647847e+00 -1.219363522e+02 -1.219363522e+02
98 +8.247002879e+00 +8.247002879e+00 -1.223629971e+02 -1.223629971e+02
104 +7.622459272e+00 +7.622459272e+00 -1.229875407e+02 -1.229875407e+02
225 +6.616119510e+00 +6.616119510e+00 -1.239938805e+02 -1.239938805e+02
696 +6.192881907e+00 +6.192881907e+00 -1.244171181e+02 -1.244171181e+02
755 +6.001475982e+00 +6.001475982e+00 -1.246085240e+02 -1.246085240e+02
1371 +5.678269386e+00 +5.678269386e+00 -1.249317306e+02 -1.249317306e+02
1588 +5.049347626e+00 +5.049347626e+00 -1.255606524e+02 -1.255606524e+02
12995 +4.787238066e+00 +4.787238066e+00 -1.258227619e+02 -1.258227619e+02
13019 +4.448996638e+00 +4.448996638e+00 -1.261610034e+02 -1.261610034e+02
13339 +4.126101252e+00 +4.126101252e+00 -1.264838987e+02 -1.264838987e+02
13576 +3.935562411e+00 +3.935562411e+00 -1.266744376e+02 -1.266744376e+02
13594 +3.611705756e+00 +3.611705756e+00 -1.269982942e+02 -1.269982942e+02
13821 +3.532929698e+00 +3.532929698e+00 -1.270770703e+02 -1.270770703e+02
14677 +2.922786898e+00 +2.922786898e+00 -1.276872131e+02 -1.276872131e+02
15909 +2.883056764e+00 +2.883056764e+00 -1.277269432e+02 -1.277269432e+02
16282 +2.750889073e+00 +2.750889073e+00 -1.278591109e+02 -1.278591109e+02
16301 +2.668417830e+00 +2.668417830e+00 -1.279415822e+02 -1.279415822e+02
16620 +2.596528925e+00 +2.596528925e+00 -1.280134711e+02 -1.280134711e+02
16647 +2.520199084e+00 +2.520199084e+00 -1.280898009e+02 -1.280898009e+02
16654 +2.474832336e+00 +2.474832336e+00 -1.281351677e+02 -1.281351677e+02
16668 +2.452001062e+00 +2.452001062e+00 -1.281579989e+02 -1.281579989e+02
16684 +2.332109863e+00 +2.332109863e+00 -1.282778901e+02 -1.282778901e+02
16981 +2.287778094e+00 +2.287778094e+00 -1.283222219e+02 -1.283222219e+02
17002 +2.238297710e+00 +2.238297710e+00 -1.283717023e+02 -1.283717023e+02
17619 +2.156997885e+00 +2.156997885e+00 -1.284530021e+02 -1.284530021e+02
17826 +2.127164558e+00 +2.127164558e+00 -1.284828354e+02 -1.284828354e+02
18175 +2.081010645e+00 +2.081010645e+00 -1.285289894e+02 -1.285289894e+02
18629 +2.037999433e+00 +2.037999433e+00 -1.285720006e+02 -1.285720006e+02
18864 +1.993746793e+00 +1.993746793e+00 -1.286162532e+02 -1.286162532e+02
% function evaluation | noise-free fitness - Fopt (-2.231200000000e+02) | best noise-free fitness - Fopt | measured fitness | best measured fitness | x1 | x2...
1 +1.305576870e+01 +1.305576870e+01 -2.100642313e+02 -2.100642313e+02
5 +7.310805939e+00 +7.310805939e+00 -2.158091941e+02 -2.158091941e+02
36 +6.248072885e+00 +6.248072885e+00 -2.168719271e+02 -2.168719271e+02
6090 +5.232448009e+00 +5.232448009e+00 -2.178875520e+02 -2.178875520e+02
12279 +5.105286544e+00 +5.105286544e+00 -2.180147135e+02 -2.180147135e+02
23785 +4.519726076e+00 +4.519726076e+00 -2.186002739e+02 -2.186002739e+02
23957 +4.063232560e+00 +4.063232560e+00 -2.190567674e+02 -2.190567674e+02
25274 +3.767085254e+00 +3.767085254e+00 -2.193529147e+02 -2.193529147e+02
25533 +3.536271460e+00 +3.536271460e+00 -2.195837285e+02 -2.195837285e+02
25584 +3.256655756e+00 +3.256655756e+00 -2.198633442e+02 -2.198633442e+02
25585 +3.148080402e+00 +3.148080402e+00 -2.199719196e+02 -2.199719196e+02
25734 +2.888360234e+00 +2.888360234e+00 -2.202316398e+02 -2.202316398e+02
25952 +2.770703138e+00 +2.770703138e+00 -2.203492969e+02 -2.203492969e+02
25954 +2.727862506e+00 +2.727862506e+00 -2.203921375e+02 -2.203921375e+02
25968 +2.531715356e+00 +2.531715356e+00 -2.205882846e+02 -2.205882846e+02
25981 +2.502870103e+00 +2.502870103e+00 -2.206171299e+02 -2.206171299e+02
26374 +2.423259139e+00 +2.423259139e+00 -2.206967409e+02 -2.206967409e+02
26382 +2.373495521e+00 +2.373495521e+00 -2.207465045e+02 -2.207465045e+02
26392 +2.304536751e+00 +2.304536751e+00 -2.208154632e+02 -2.208154632e+02
26406 +2.180725100e+00 +2.180725100e+00 -2.209392749e+02 -2.209392749e+02
26676 +2.123403985e+00 +2.123403985e+00 -2.209965960e+02 -2.209965960e+02
26697 +2.085363955e+00 +2.085363955e+00 -2.210346360e+02 -2.210346360e+02
26754 +2.018008486e+00 +2.018008486e+00 -2.211019915e+02 -2.211019915e+02
26821 +1.984212118e+00 +1.984212118e+00 -2.211357879e+02 -2.211357879e+02
26870 +1.946763927e+00 +1.946763927e+00 -2.211732361e+02 -2.211732361e+02
26912 +1.897110308e+00 +1.897110308e+00 -2.212228897e+02 -2.212228897e+02
26914 +1.858116976e+00 +1.858116976e+00 -2.212618830e+02 -2.212618830e+02
27048 +1.815098742e+00 +1.815098742e+00 -2.213049013e+02 -2.213049013e+02
27378 +1.763340172e+00 +1.763340172e+00 -2.213566598e+02 -2.213566598e+02
27481 +1.729773703e+00 +1.729773703e+00 -2.213902263e+02 -2.213902263e+02
27995 +1.696314870e+00 +1.696314870e+00 -2.214236851e+02 -2.214236851e+02
28565 +1.659125271e+00 +1.659125271e+00 -2.214608747e+02 -2.214608747e+02
29090 +1.617083490e+00 +1.617083490e+00 -2.215029165e+02 -2.215029165e+02
31103 +1.583940299e+00 +1.583940299e+00 -2.215360597e+02 -2.215360597e+02
% function evaluation | noise-free fitness - Fopt (-4.443000000000e+01) | best noise-free fitness - Fopt | measured fitness | best measured fitness | x1 | x2...
1 +1.214614794e+01 +1.214614794e+01 -3.228385206e+01 -3.228385206e+01
9 +6.209516322e+00 +6.209516322e+00 -3.822048368e+01 -3.822048368e+01
536 +5.838326843e+00 +5.838326843e+00 -3.859167316e+01 -3.859167316e+01
4716 +5.585269561e+00 +5.585269561e+00 -3.884473044e+01 -3.884473044e+01
7792 +5.251344553e+00 +5.251344553e+00 -3.917865545e+01 -3.917865545e+01
9664 +4.659442876e+00 +4.659442876e+00 -3.977055712e+01 -3.977055712e+01
9707 +4.437816974e+00 +4.437816974e+00 -3.999218303e+01 -3.999218303e+01
11378 +4.329045994e+00 +4.329045994e+00 -4.010095401e+01 -4.010095401e+01
11398 +3.907677466e+00 +3.907677466e+00 -4.052232253e+01 -4.052232253e+01
11520 +3.777979392e+00 +3.777979392e+00 -4.065202061e+01 -4.065202061e+01
11521 +3.575437243e+00 +3.575437243e+00 -4.085456276e+01 -4.085456276e+01
11552 +3.481391363e+00 +3.481391363e+00 -4.094860864e+01 -4.094860864e+01
11589 +3.429110295e+00 +3.429110295e+00 -4.100088970e+01 -4.100088970e+01
11834 +3.185270855e+00 +3.185270855e+00 -4.124472914e+01 -4.124472914e+01
11871 +2.973108253e+00 +2.973108253e+00 -4.145689175e+01 -4.145689175e+01
12023 +2.743527978e+00 +2.743527978e+00 -4.168647202e+01 -4.168647202e+01
12054 +2.593822513e+00 +2.593822513e+00 -4.183617749e+01 -4.183617749e+01
12079 +2.506753433e+00 +2.506753433e+00 -4.192324657e+01 -4.192324657e+01
12281 +2.379607327e+00 +2.379607327e+00 -4.205039267e+01 -4.205039267e+01
12626 +2.263043550e+00 +2.263043550e+00 -4.216695645e+01 -4.216695645e+01
12795 +2.189697700e+00 +2.189697700e+00 -4.224030230e+01 -4.224030230e+01
13620 +2.156809169e+00 +2.156809169e+00 -4.227319083e+01 -4.227319083e+01
13645 +2.127930463e+00 +2.127930463e+00 -4.230206954e+01 -4.230206954e+01
13802 +2.089031360e+00 +2.089031360e+00 -4.234096864e+01 -4.234096864e+01
13861 +2.024463193e+00 +2.024463193e+00 -4.240553681e+01 -4.240553681e+01
13926 +1.977346776e+00 +1.977346776e+00 -4.245265322e+01 -4.245265322e+01
14131 +1.938535856e+00 +1.938535856e+00 -4.249146414e+01 -4.249146414e+01
14810 +1.899155014e+00 +1.899155014e+00 -4.253084499e+01 -4.253084499e+01
15886 +1.862080300e+00 +1.862080300e+00 -4.256791970e+01 -4.256791970e+01
% function evaluation | noise-free fitness - Fopt (-7.728000000000e+01) | best noise-free fitness - Fopt | measured fitness | best measured fitness | x1 | x2...
1 +1.107713571e+01 +1.107713571e+01 -6.620286429e+01 -6.620286429e+01
2 +8.492705799e+00 +8.492705799e+00 -6.878729420e+01 -6.878729420e+01
62 +5.758117075e+00 +5.758117075e+00 -7.152188292e+01 -7.152188292e+01
1948 +5.683774208e+00 +5.683774208e+00 -7.159622579e+01 -7.159622579e+01
2220 +5.454635585e+00 +5.454635585e+00 -7.182536442e+01 -7.182536442e+01
6471 +5.273034905e+00 +5.273034905e+00 -7.200696510e+01 -7.200696510e+01
7437 +5.203970806e+00 +5.203970806e+00 -7.207602919e+01 -7.207602919e+01
9146 +4.739065325e+00 +4.739065325e+00 -7.254093468e+01 -7.254093468e+01
10317 +4.137932142e+00 +4.137932142e+00 -7.314206786e+01 -7.314206786e+01
11164 +3.313132733e+00 +3.313132733e+00 -7.396686727e+01 -7.396686727e+01
11633 +3.142444901e+00 +3.142444901e+00 -7.413755510e+01 -7.413755510e+01
11894 +2.575162951e+00 +2.575162951e+00 -7.470483705e+01 -7.470483705e+01
12039 +2.553068437e+00 +2.553068437e+00 -7.472693156e+01 -7.472693156e+01
12043 +2.509538660e+00 +2.509538660e+00 -7.477046134e+01 -7.477046134e+01
12054 +2.110428159e+00 +2.110428159e+00 -7.516957184e+01 -7.516957184e+01
12296 +1.959323744e+00 +1.959323744e+00 -7.532067626e+01 -7.532067626e+01
12302 +1.502868991e+00 +1.502868991e+00 -7.577713101e+01 -7.577713101e+01
12389 +1.337692749e+00 +1.337692749e+00 -7.594230725e+01 -7.594230725e+01
12593 +1.311863056e+00 +1.311863056e+00 -7.596813694e+01 -7.596813694e+01
12631 +1.270380284e+00 +1.270380284e+00 -7.600961972e+01 -7.600961972e+01
12771 +1.254282409e+00 +1.254282409e+00 -7.602571759e+01 -7.602571759e+01
12842 +1.057115044e+00 +1.057115044e+00 -7.622288496e+01 -7.622288496e+01
12883 +1.010101063e+00 +1.010101063e+00 -7.626989894e+01 -7.626989894e+01
12896 +9.309525395e-01 +9.309525395e-01 -7.634904746e+01 -7.634904746e+01
12993 +8.674877545e-01 +8.674877545e-01 -7.641251225e+01 -7.641251225e+01
13077 +8.095405409e-01 +8.095405409e-01 -7.647045946e+01 -7.647045946e+01
13845 +7.847248732e-01 +7.847248732e-01 -7.649527513e+01 -7.649527513e+01
13871 +7.750081195e-01 +7.750081195e-01 -7.650499188e+01 -7.650499188e+01
13922 +7.519761427e-01 +7.519761427e-01 -7.652802386e+01 -7.652802386e+01
13960 +7.400166774e-01 +7.400166774e-01 -7.653998332e+01 -7.653998332e+01
14013 +7.241553400e-01 +7.241553400e-01 -7.655584466e+01 -7.655584466e+01
14062 +7.031930430e-01 +7.031930430e-01 -7.657680696e+01 -7.657680696e+01
14241 +6.790524503e-01 +6.790524503e-01 -7.660094755e+01 -7.660094755e+01
14268 +6.649515715e-01 +6.649515715e-01 -7.661504843e+01 -7.661504843e+01
14293 +6.605675548e-01 +6.605675548e-01 -7.661943245e+01 -7.661943245e+01
14378 +6.318232466e-01 +6.318232466e-01 -7.664817675e+01 -7.664817675e+01
14411 +6.269929142e-01 +6.269929142e-01 -7.665300709e+01 -7.665300709e+01
14982 +6.153172192e-01 +6.153172192e-01 -7.666468278e+01 -7.666468278e+01
15233 +5.999281865e-01 +5.999281865e-01 -7.668007181e+01 -7.668007181e+01
15876 +5.879685091e-01 +5.879685091e-01 -7.669203149e+01 -7.669203149e+01
17758 +5.752504154e-01 +5.752504154e-01 -7.670474958e+01 -7.670474958e+01
% function evaluation | noise-free fitness - Fopt (-8.121000000000e+01) | best noise-free fitness - Fopt | measured fitness | best measured fitness | x1 | x2...
1 +1.952039969e+01 +1.952039969e+01 -6.168960031e+01 -6.168960031e+01
2 +1.132858706e+01 +1.132858706e+01 -6.988141294e+01 -6.988141294e+01
4 +9.609051513e+00 +9.609051513e+00 -7.160094849e+01 -7.160094849e+01
5 +9.375371535e+00 +9.375371535e+00 -7.183462846e+01 -7.183462846e+01
26 +9.201115874e+00 +9.201115874e+00 -7.200888413e+01 -7.200888413e+01
27 +8.493210863e+00 +8.493210863e+00 -7.271678914e+01 -7.271678914e+01
29 +7.044410870e+00 +7.044410870e+00 -7.416558913e+01 -7.416558913e+01
105 +5.391395477e+00 +5.391395477e+00 -7.581860452e+01 -7.581860452e+01
470 +4.921056137e+00 +4.921056137e+00 -7.628894386e+01 -7.628894386e+01
2826 +4.836545694e+00 +4.836545694e+00 -7.637345431e+01 -7.637345431e+01
2833 +4.496785562e+00 +4.496785562e+00 -7.671321444e+01 -7.671321444e+01
4375 +4.040721207e+00 +4.040721207e+00 -7.716927879e+01 -7.716927879e+01
30838 +3.744207543e+00 +3.744207543e+00 -7.746579246e+01 -7.746579246e+01
30859 +3.072379580e+00 +3.072379580e+00 -7.813762042e+01 -7.813762042e+01
31311 +2.925887137e+00 +2.925887137e+00 -7.828411286e+01 -7.828411286e+01
31315 +2.640834196e+00 +2.640834196e+00 -7.856916580e+01 -7.856916580e+01
31334 +2.599149151e+00 +2.599149151e+00 -7.861085085e+01 -7.861085085e+01
31390 +2.340708023e+00 +2.340708023e+00 -7.886929198e+01 -7.886929198e+01
31759 +2.185428660e+00 +2.185428660e+00 -7.902457134e+01 -7.902457134e+01
32125 +2.039428820e+00 +2.039428820e+00 -7.917057118e+01 -7.917057118e+01
32214 +1.940489130e+00 +1.940489130e+00 -7.926951087e+01 -7.926951087e+01
32219 +1.903198892e+00 +1.903198892e+00 -7.930680111e+01 -7.930680111e+01
32419 +1.786403101e+00 +1.786403101e+00 -7.942359690e+01 -7.942359690e+01
32573 +1.774560131e+00 +1.774560131e+00 -7.943543987e+01 -7.943543987e+01
32780 +1.702055733e+00 +1.702055733e+00 -7.950794427e+01 -7.950794427e+01
32793 +1.684401248e+00 +1.684401248e+00 -7.952559875e+01 -7.952559875e+01
32892 +1.643755847e+00 +1.643755847e+00 -7.956624415e+01 -7.956624415e+01
33166 +1.562892753e+00 +1.562892753e+00 -7.964710725e+01 -7.964710725e+01
34292 +1.546565090e+00 +1.546565090e+00 -7.966343491e+01 -7.966343491e+01
34317 +1.492128880e+00 +1.492128880e+00 -7.971787112e+01 -7.971787112e+01
34325 +1.478663321e+00 +1.478663321e+00 -7.973133668e+01 -7.973133668e+01
34684 +1.444630621e+00 +1.444630621e+00 -7.976536938e+01 -7.976536938e+01
35547 +1.409037554e+00 +1.409037554e+00 -7.980096245e+01 -7.980096245e+01
36998 +1.379908012e+00 +1.379908012e+00 -7.983009199e+01 -7.983009199e+01
% function evaluation | noise-free fitness - Fopt (6.822800000000e+02) | best noise-free fitness - Fopt | measured fitness | best measured fitness | x1 | x2...
1 +1.658256699e+01 +1.658256699e+01 +6.988625670e+02 +6.988625670e+02
6 +8.770491464e+00 +8.770491464e+00 +6.910504915e+02 +6.910504915e+02
17 +8.613477008e+00 +8.613477008e+00 +6.908934770e+02 +6.908934770e+02
65 +8.250364674e+00 +8.250364674e+00 +6.905303647e+02 +6.905303647e+02
235 +7.886624214e+00 +7.886624214e+00 +6.901666242e+02 +6.901666242e+02
262 +7.710447147e+00 +7.710447147e+00 +6.899904471e+02 +6.899904471e+02
507 +6.848180037e+00 +6.848180037e+00 +6.891281800e+02 +6.891281800e+02
982 +6.393089148e+00 +6.393089148e+00 +6.886730891e+02 +6.886730891e+02
2715 +5.010363865e+00 +5.010363865e+00 +6.872903639e+02 +6.872903639e+02
3155 +4.660572995e+00 +4.660572995e+00 +6.869405730e+02 +6.869405730e+02
3692 +3.881640197e+00 +3.881640197e+00 +6.861616402e+02 +6.861616402e+02
34484 +3.724302675e+00 +3.724302675e+00 +6.860043027e+02 +6.860043027e+02
34498 +3.346648125e+00 +3.346648125e+00 +6.856266481e+02 +6.856266481e+02
35470 +3.104075212e+00 +3.104075212e+00 +6.853840752e+02 +6.853840752e+02
36058 +2.979969563e+00 +2.979969563e+00 +6.852599696e+02 +6.852599696e+02
36079 +2.562987038e+00 +2.562987038e+00 +6.848429870e+02 +6.848429870e+02
36255 +2.383408654e+00 +2.383408654e+00 +6.846634087e+02 +6.846634087e+02
36322 +2.246042861e+00 +2.246042861e+00 +6.845260429e+02 +6.845260429e+02
36337 +2.225970816e+00 +2.225970816e+00 +6.845059708e+02 +6.845059708e+02
36350 +2.140270500e+00 +2.140270500e+00 +6.844202705e+02 +6.844202705e+02
36355 +1.643577225e+00 +1.643577225e+00 +6.839235772e+02 +6.839235772e+02
37254 +1.614694218e+00 +1.614694218e+00 +6.838946942e+02 +6.838946942e+02
37275 +1.548815943e+00 +1.548815943e+00 +6.838288159e+02 +6.838288159e+02
37284 +1.482445636e+00 +1.482445636e+00 +6.837624456e+02 +6.837624456e+02
37331 +1.448590918e+00 +1.448590918e+00 +6.837285909e+02 +6.837285909e+02
37343 +1.391951666e+00 +1.391951666e+00 +6.836719517e+02 +6.836719517e+02
37375 +1.335323577e+00 +1.335323577e+00 +6.836153236e+02 +6.836153236e+02
37915 +1.255376897e+00 +1.255376897e+00 +6.835353769e+02 +6.835353769e+02
38172 +1.208291279e+00 +1.208291279e+00 +6.834882913e+02 +6.834882913e+02
38262 +1.190076249e+00 +1.190076249e+00 +6.834700762e+02 +6.834700762e+02
38366 +1.166867645e+00 +1.166867645e+00 +6.834468676e+02 +6.834468676e+02
38413 +1.118398428e+00 +1.118398428e+00 +6.833983984e+02 +6.833983984e+02
38415 +1.088483828e+00 +1.088483828e+00 +6.833684838e+02 +6.833684838e+02
38633 +1.067736199e+00 +1.067736199e+00 +6.833477362e+02 +6.833477362e+02
38659 +1.028725917e+00 +1.028725917e+00 +6.833087259e+02 +6.833087259e+02
38674 +1.022341215e+00 +1.022341215e+00 +6.833023412e+02 +6.833023412e+02
39054 +9.796065497e-01 +9.796065497e-01 +6.832596065e+02 +6.832596065e+02
39275 +9.733672948e-01 +9.733672948e-01 +6.832533673e+02 +6.832533673e+02
39692 +9.488972565e-01 +9.488972565e-01 +6.832288973e+02 +6.832288973e+02
39963 +9.325727088e-01 +9.325727088e-01 +6.832125727e+02 +6.832125727e+02
40401 +9.103014203e-01 +9.103014203e-01 +6.831903014e+02 +6.831903014e+02
40846 +8.910834668e-01 +8.910834668e-01 +6.831710835e+02 +6.831710835e+02
42681 +8.709158021e-01 +8.709158021e-01 +6.831509158e+02 +6.831509158e+02
% function evaluation | noise-free fitness - Fopt (-7.168200000000e+02) | best noise-free fitness - Fopt | measured fitness | best measured fitness | x1 | x2...
1 +1.952069511e+01 +1.952069511e+01 -6.972993049e+02 -6.972993049e+02
3 +1.795049235e+01 +1.795049235e+01 -6.988695076e+02 -6.988695076e+02
4 +1.539352057e+01 +1.539352057e+01 -7.014264794e+02 -7.014264794e+02
6 +1.327351654e+01 +1.327351654e+01 -7.035464835e+02 -7.035464835e+02
8 +1.215798511e+01 +1.215798511e+01 -7.046620149e+02 -7.046620149e+02
11 +1.124237081e+01 +1.124237081e+01 -7.055776292e+02 -7.055776292e+02
17 +9.543552427e+00 +9.543552427e+00 -7.072764476e+02 -7.072764476e+02
24 +7.857139433e+00 +7.857139433e+00 -7.089628606e+02 -7.089628606e+02
76 +7.690307413e+00 +7.690307413e+00 -7.091296926e+02 -7.091296926e+02
96 +6.695298088e+00 +6.695298088e+00 -7.101247019e+02 -7.101247019e+02
104 +6.271980142e+00 +6.271980142e+00 -7.105480199e+02 -7.105480199e+02
2137 +6.020324295e+00 +6.020324295e+00 -7.107996757e+02 -7.107996757e+02
11347 +5.474565787e+00 +5.474565787e+00 -7.113454342e+02 -7.113454342e+02
14934 +5.059984398e+00 +5.059984398e+00 -7.117600156e+02 -7.117600156e+02
16862 +4.940982607e+00 +4.940982607e+00 -7.118790174e+02 -7.118790174e+02
18976 +4.270034399e+00 +4.270034399e+00 -7.125499656e+02 -7.125499656e+02
19329 +4.071742288e+00 +4.071742288e+00 -7.127482577e+02 -7.127482577e+02
19710 +3.942482211e+00 +3.942482211e+00 -7.128775178e+02 -7.128775178e+02
19938 +3.792579926e+00 +3.792579926e+00 -7.130274201e+02 -7.130274201e+02
20087 +3.264121019e+00 +3.264121019e+00 -7.135558790e+02 -7.135558790e+02
20098 +3.141189449e+00 +3.141189449e+00 -7.136788106e+02 -7.136788106e+02
20774 +2.947468727e+00 +2.947468727e+00 -7.138725313e+02 -7.138725313e+02
20803 +2.787244914e+00 +2.787244914e+00 -7.140327551e+02 -7.140327551e+02
20812 +2.667830348e+00 +2.667830348e+00 -7.141521697e+02 -7.141521697e+02
20864 +2.568641153e+00 +2.568641153e+00 -7.142513588e+02 -7.142513588e+02
20958 +2.504358242e+00 +2.504358242e+00 -7.143156418e+02 -7.143156418e+02
20975 +2.392399728e+00 +2.392399728e+00 -7.144276003e+02 -7.144276003e+02
20989 +2.321704492e+00 +2.321704492e+00 -7.144982955e+02 -7.144982955e+02
21005 +2.266494388e+00 +2.266494388e+00 -7.145535056e+02 -7.145535056e+02
21016 +2.115880516e+00 +2.115880516e+00 -7.147041195e+02 -7.147041195e+02
21377 +2.049987146e+00 +2.049987146e+00 -7.147700129e+02 -7.147700129e+02
21390 +2.023777831e+00 +2.023777831e+00 -7.147962222e+02 -7.147962222e+02
21411 +1.859028599e+00 +1.859028599e+00 -7.149609714e+02 -7.149609714e+02
21510 +1.811121335e+00 +1.811121335e+00 -7.150088787e+02 -7.150088787e+02
21518 +1.738249461e+00 +1.738249461e+00 -7.150817505e+02 -7.150817505e+02
21595 +1.720235660e+00 +1.720235660e+00 -7.150997643e+02 -7.150997643e+02
21606 +1.618394232e+00 +1.618394232e+00 -7.152016058e+02 -7.152016058e+02
21643 +1.560214809e+00 +1.560214809e+00 -7.152597852e+02 -7.152597852e+02
21973 +1.521150776e+00 +1.521150776e+00 -7.152988492e+02 -7.152988492e+02
22043 +1.505826844e+00 +1.505826844e+00 -7.153141732e+02 -7.153141732e+02
22292 +1.466756213e+00 +1.466756213e+00 -7.153532438e+02 -7.153532438e+02
22617 +1.440078766e+00 +1.440078766e+00 -7.153799212e+02 -7.153799212e+02
22668 +1.407590771e+00 +1.407590771e+00 -7.154124092e+02 -7.154124092e+02
22737 +1.377463769e+00 +1.377463769e+00 -7.154425362e+02 -7.154425362e+02
22937 +1.343727661e+00 +1.343727661e+00 -7.154762723e+02 -7.154762723e+02
23608 +1.317251174e+00 +1.317251174e+00 -7.155027488e+02 -7.155027488e+02
24611 +1.287201901e+00 +1.287201901e+00 -7.155327981e+02 -7.155327981e+02
25205 +1.257443126e+00 +1.257443126e+00 -7.155625569e+02 -7.155625569e+02
% function evaluation | noise-free fitness - Fopt (-1.000000000000e+03) | best noise-free fitness - Fopt | measured fitness | best measured fitness | x1 | x2...
1 +1.116842570e+01 +1.116842570e+01 -9.888315743e+02 -9.888315743e+02
9 +1.052128021e+01 +1.052128021e+01 -9.894787198e+02 -9.894787198e+02
10 +9.663190325e+00 +9.663190325e+00 -9.903368097e+02 -9.903368097e+02
17 +8.232147547e+00 +8.232147547e+00 -9.917678525e+02 -9.917678525e+02
18 +7.631640506e+00 +7.631640506e+00 -9.923683595e+02 -9.923683595e+02
40 +5.037480920e+00 +5.037480920e+00 -9.949625191e+02 -9.949625191e+02
30792 +4.797253931e+00 +4.797253931e+00 -9.952027461e+02 -9.952027461e+02
31010 +3.903497841e+00 +3.903497841e+00 -9.960965022e+02 -9.960965022e+02
31172 +3.694796062e+00 +3.694796062e+00 -9.963052039e+02 -9.963052039e+02
31473 +3.570467937e+00 +3.570467937e+00 -9.964295321e+02 -9.964295321e+02
31483 +3.270892237e+00 +3.270892237e+00 -9.967291078e+02 -9.967291078e+02
31495 +3.216311317e+00 +3.216311317e+00 -9.967836887e+02 -9.967836887e+02
31500 +3.053713899e+00 +3.053713899e+00 -9.969462861e+02 -9.969462861e+02
31526 +2.783946031e+00 +2.783946031e+00 -9.972160540e+02 -9.972160540e+02
31729 +2.509370796e+00 +2.509370796e+00 -9.974906292e+02 -9.974906292e+02
32320 +2.373911486e+00 +2.373911486e+00 -9.976260885e+02 -9.976260885e+02
32341 +2.238848941e+00 +2.238848941e+00 -9.977611511e+02 -9.977611511e+02
32370 +2.167459622e+00 +2.167459622e+00 -9.978325404e+02 -9.978325404e+02
32376 +2.129299313e+00 +2.129299313e+00 -9.978707007e+02 -9.978707007e+02
32400 +1.998078703e+00 +1.998078703e+00 -9.980019213e+02 -9.980019213e+02
32682 +1.981562628e+00 +1.981562628e+00 -9.980184374e+02 -9.980184374e+02
32762 +1.938356220e+00 +1.938356220e+00 -9.980616438e+02 -9.980616438e+02
32884 +1.902855602e+00 +1.902855602e+00 -9.980971444e+02 -9.980971444e+02
32912 +1.831877222e+00 +1.831877222e+00 -9.981681228e+02 -9.981681228e+02
32928 +1.782430722e+00 +1.782430722e+00 -9.982175693e+02 -9.982175693e+02
33142 +1.777708828e+00 +1.777708828e+00 -9.982222912e+02 -9.982222912e+02
33162 +1.733252720e+00 +1.733252720e+00 -9.982667473e+02 -9.982667473e+02
33179 +1.695270306e+00 +1.695270306e+00 -9.983047297e+02 -9.983047297e+02
33184 +1.644507393e+00 +1.644507393e+00 -9.983554926e+02 -9.983554926e+02
33259 +1.588686807e+00 +1.588686807e+00 -9.984113132e+02 -9.984113132e+02
33403 +1.576883203e+00 +1.576883203e+00 -9.984231168e+02 -9.984231168e+02
33560 +1.521382096e+00 +1.521382096e+00 -9.984786179e+02 -9.984786179e+02
33623 +1.499273072e+00 +1.499273072e+00 -9.985007269e+02 -9.985007269e+02
33671 +1.455022626e+00 +1.455022626e+00 -9.985449774e+02 -9.985449774e+02
34027 +1.436657055e+00 +1.436657055e+00 -9.985633429e+02 -9.985633429e+02
34039 +1.408428134e+00 +1.408428134e+00 -9.985915719e+02 -9.985915719e+02
34631 +1.372111723e+00 +1.372111723e+00 -9.986278883e+02 -9.986278883e+02
34841 +1.346751808e+00 +1.346751808e+00 -9.986532482e+02 -9.986532482e+02
35064 +1.315779584e+00 +1.315779584e+00 -9.986842204e+02 -9.986842204e+02
% function evaluation | noise-free fitness - Fopt (-1.000000000000e+03) | best noise-free fitness - Fopt | measured fitness | best measured fitness | x1 | x2...
1 +1.479288626e+01 +1.479288626e+01 -9.852071137e+02 -9.852071137e+02
9 +9.197326324e+00 +9.197326324e+00 -9.908026737e+02 -9.908026737e+02
44 +8.473411789e+00 +8.473411789e+00 -9.915265882e+02 -9.915265882e+02
61 +7.814719472e+00 +7.814719472e+00 -9.921852805e+02 -9.921852805e+02
474 +7.529857419e+00 +7.529857419e+00 -9.924701426e+02 -9.924701426e+02
501 +7.062860437e+00 +7.062860437e+00 -9.929371396e+02 -9.929371396e+02
597 +5.817392527e+00 +5.817392527e+00 -9.941826075e+02 -9.941826075e+02
11063 +4.450556460e+00 +4.450556460e+00 -9.955494435e+02 -9.955494435e+02
11160 +3.968877784e+00 +3.968877784e+00 -9.960311222e+02 -9.960311222e+02
11692 +3.182806002e+00 +3.182806002e+00 -9.968171940e+02 -9.968171940e+02
11774 +3.143106036e+00 +3.143106036e+00 -9.968568940e+02 -9.968568940e+02
11964 +2.847145070e+00 +2.847145070e+00 -9.971528549e+02 -9.971528549e+02
12057 +2.461731248e+00 +2.461731248e+00 -9.975382688e+02 -9.975382688e+02
12791 +2.254804466e+00 +2.254804466e+00 -9.977451955e+02 -9.977451955e+02
12794 +2.107632784e+00 +2.107632784e+00 -9.978923672e+02 -9.978923672e+02
13679 +1.942232371e+00 +1.942232371e+00 -9.980577676e+02 -9.980577676e+02
13717 +1.439399859e+00 +1.439399859e+00 -9.985606001e+02 -9.985606001e+02
13970 +1.248569795e+00 +1.248569795e+00 -9.987514302e+02 -9.987514302e+02
14005 +1.162426598e+00 +1.162426598e+00 -9.988375734e+02 -9.988375734e+02
14517 +1.130992005e+00 +1.130992005e+00 -9.988690080e+02 -9.988690080e+02
14685 +1.072274056e+00 +1.072274056e+00 -9.989277259e+02 -9.989277259e+02
14695 +1.038950324e+00 +1.038950324e+00 -9.989610497e+02 -9.989610497e+02
14803 +1.011120976e+00 +1.011120976e+00 -9.989888790e+02 -9.989888790e+02
14856 +9.637710817e-01 +9.637710817e-01 -9.990362289e+02 -9.990362289e+02
14866 +9.016675904e-01 +9.016675904e-01 -9.990983324e+02 -9.990983324e+02
14943 +8.736653096e-01 +8.736653096e-01 -9.991263347e+02 -9.991263347e+02
14952 +8.687968028e-01 +8.687968028e-01 -9.991312032e+02 -9.991312032e+02
14965 +8.096180966e-01 +8.096180966e-01 -9.991903819e+02 -9.991903819e+02
14973 +7.868818757e-01 +7.868818757e-01 -9.992131181e+02 -9.992131181e+02
14983 +7.623630210e-01 +7.623630210e-01 -9.992376370e+02 -9.992376370e+02
15054 +7.583726236e-01 +7.583726236e-01 -9.992416274e+02 -9.992416274e+02
15058 +7.260399482e-01 +7.260399482e-01 -9.992739601e+02 -9.992739601e+02
15135 +7.149514814e-01 +7.149514814e-01 -9.992850485e+02 -9.992850485e+02
15146 +6.956888758e-01 +6.956888758e-01 -9.993043111e+02 -9.993043111e+02
15272 +6.766440444e-01 +6.766440444e-01 -9.993233560e+02 -9.993233560e+02
15539 +6.751666762e-01 +6.751666762e-01 -9.993248333e+02 -9.993248333e+02
15628 +6.473748183e-01 +6.473748183e-01 -9.993526252e+02 -9.993526252e+02
15633 +6.367951784e-01 +6.367951784e-01 -9.993632048e+02 -9.993632048e+02
15759 +6.249853151e-01 +6.249853151e-01 -9.993750147e+02 -9.993750147e+02
15776 +6.085265266e-01 +6.085265266e-01 -9.993914735e+02 -9.993914735e+02
15789 +6.002588220e-01 +6.002588220e-01 -9.993997412e+02 -9.993997412e+02
15982 +5.851610651e-01 +5.851610651e-01 -9.994148389e+02 -9.994148389e+02
16034 +5.753815576e-01 +5.753815576e-01 -9.994246184e+02 -9.994246184e+02
16322 +5.592988135e-01 +5.592988135e-01 -9.994407012e+02 -9.994407012e+02
16796 +5.492188656e-01 +5.492188656e-01 -9.994507811e+02 -9.994507811e+02
19783 +5.370286719e-01 +5.370286719e-01 -9.994629713e+02 -9.994629713e+02
% function evaluation | noise-free fitness - Fopt (4.819000000000e+01) | best noise-free fitness - Fopt | measured fitness | best measured fitness | x1 | x2...
1 +1.773964985e+01 +1.773964985e+01 +6.592964985e+01 +6.592964985e+01
3 +6.669104492e+00 +6.669104492e+00 +5.485910449e+01 +5.485910449e+01
21 +4.809549515e+00 +4.809549515e+00 +5.299954951e+01 +5.299954951e+01
10548 +4.688491142e+00 +4.688491142e+00 +5.287849114e+01 +5.287849114e+01
10559 +4.452991357e+00 +4.452991357e+00 +5.264299136e+01 +5.264299136e+01
10629 +4.360755339e+00 +4.360755339e+00 +5.255075534e+01 +5.255075534e+01
10791 +4.214654338e+00 +4.214654338e+00 +5.240465434e+01 +5.240465434e+01
10797 +3.967955680e+00 +3.967955680e+00 +5.215795568e+01 +5.215795568e+01
10860 +3.861231741e+00 +3.861231741e+00 +5.205123174e+01 +5.205123174e+01
10900 +3.710969768e+00 +3.710969768e+00 +5.190096977e+01 +5.190096977e+01
11088 +3.535118525e+00 +3.535118525e+00 +5.172511852e+01 +5.172511852e+01
11169 +3.375758622e+00 +3.375758622e+00 +5.156575862e+01 +5.156575862e+01
11269 +3.200083646e+00 +3.200083646e+00 +5.139008365e+01 +5.139008365e+01
11288 +3.090993493e+00 +3.090993493e+00 +5.128099349e+01 +5.128099349e+01
11300 +2.947273398e+00 +2.947273398e+00 +5.113727340e+01 +5.113727340e+01
11302 +2.775397296e+00 +2.775397296e+00 +5.096539730e+01 +5.096539730e+01
11437 +2.649925141e+00 +2.649925141e+00 +5.083992514e+01 +5.083992514e+01
11456 +2.533180443e+00 +2.533180443e+00 +5.072318044e+01 +5.072318044e+01
11473 +2.381299043e+00 +2.381299043e+00 +5.057129904e+01 +5.057129904e+01
11589 +2.336125359e+00 +2.336125359e+00 +5.052612536e+01 +5.052612536e+01
12006 +2.285224771e+00 +2.285224771e+00 +5.047522477e+01 +5.047522477e+01
12042 +2.210880023e+00 +2.210880023e+00 +5.040088002e+01 +5.040088002e+01
12104 +2.187084485e+00 +2.187084485e+00 +5.037708448e+01 +5.037708448e+01
12176 +2.074646180e+00 +2.074646180e+00 +5.026464618e+01 +5.026464618e+01
12494 +1.984973228e+00 +1.984973228e+00 +5.017497323e+01 +5.017497323e+01
12503 +1.930741072e+00 +1.930741072e+00 +5.012074107e+01 +5.012074107e+01
12504 +1.898848985e+00 +1.898848985e+00 +5.008884898e+01 +5.008884898e+01
12563 +1.830364884e+00 +1.830364884e+00 +5.002036488e+01 +5.002036488e+01
12587 +1.768543550e+00 +1.768543550e+00 +4.995854355e+01 +4.995854355e+01
13215 +1.736517878e+00 +1.736517878e+00 +4.992651788e+01 +4.992651788e+01
13599 +1.692653403e+00 +1.692653403e+00 +4.988265340e+01 +4.988265340e+01
13837 +1.653431525e+00 +1.653431525e+00 +4.984343153e+01 +4.984343153e+01
14439 +1.620275553e+00 +1.620275553e+00 +4.981027555e+01 +4.981027555e+01
14789 +1.579079191e+00 +1.579079191e+00 +4.976907919e+01 +4.976907919e+01
16823 +1.548812418e+00 +1.548812418e+00 +4.973881242e+01 +4.973881242e+01
% function evaluation | noise-free fitness - Fopt (-1.071000000000e+01) | best noise-free fitness - Fopt | measured fitness | best measured fitness | x1 | x2...
1 +2.279474274e+01 +2.279474274e+01 +1.208474274e+01 +1.208474274e+01
2 +8.617616110e+00 +8.617616110e+00 -2.092383890e+00 -2.092383890e+00
12 +6.388449367e+00 +6.388449367e+00 -4.321550633e+00 -4.321550633e+00
739 +5.919714747e+00 +5.919714747e+00 -4.790285253e+00 -4.790285253e+00
969 +4.639063186e+00 +4.639063186e+00 -6.070936814e+00 -6.070936814e+00
7598 +4.485728848e+00 +4.485728848e+00 -6.224271152e+00 -6.224271152e+00
8733 +4.328310983e+00 +4.328310983e+00 -6.381689017e+00 -6.381689017e+00
9137 +4.239327790e+00 +4.239327790e+00 -6.470672210e+00 -6.470672210e+00
9261 +4.101051987e+00 +4.101051987e+00 -6.608948013e+00 -6.608948013e+00
9384 +3.840871201e+00 +3.840871201e+00 -6.869128799e+00 -6.869128799e+00
9565 +3.708119997e+00 +3.708119997e+00 -7.001880003e+00 -7.001880003e+00
9572 +3.375304057e+00 +3.375304057e+00 -7.334695943e+00 -7.334695943e+00
9577 +3.173269113e+00 +3.173269113e+00 -7.536730887e+00 -7.536730887e+00
9582 +3.108544917e+00 +3.108544917e+00 -7.601455083e+00 -7.601455083e+00
9609 +3.049434735e+00 +3.049434735e+00 -7.660565265e+00 -7.660565265e+00
9615 +2.925791557e+00 +2.925791557e+00 -7.784208443e+00 -7.784208443e+00
9616 +2.170503066e+00 +2.170503066e+00 -8.539496934e+00 -8.539496934e+00
10005 +2.037490032e+00 +2.037490032e+00 -8.672509968e+00 -8.672509968e+00
10021 +1.906733100e+00 +1.906733100e+00 -8.803266900e+00 -8.803266900e+00
10279 +1.867165682e+00 +1.867165682e+00 -8.842834318e+00 -8.842834318e+00
10295 +1.823536495e+00 +1.823536495e+00 -8.886463505e+00 -8.886463505e+00
10299 +1.764384652e+00 +1.764384652e+00 -8.945615348e+00 -8.945615348e+00
10433 +1.690935946e+00 +1.690935946e+00 -9.019064054e+00 -9.019064054e+00
10446 +1.625001374e+00 +1.625001374e+00 -9.084998626e+00 -9.084998626e+00
10464 +1.552488403e+00 +1.552488403e+00 -9.157511597e+00 -9.157511597e+00
10472 +1.481296600e+00 +1.481296600e+00 -9.228703400e+00 -9.228703400e+00
10614 +1.442136167e+00 +1.442136167e+00 -9.267863833e+00 -9.267863833e+00
10838 +1.330271535e+00 +1.330271535e+00 -9.379728465e+00 -9.379728465e+00
11313 +1.298810239e+00 +1.298810239e+00 -9.411189761e+00 -9.411189761e+00
11387 +1.280501482e+00 +1.280501482e+00 -9.429498518e+00 -9.429498518e+00
11428 +1.237208273e+00 +1.237208273e+00 -9.472791727e+00 -9.472791727e+00
11631 +1.203977209e+00 +1.203977209e+00 -9.506022791e+00 -9.506022791e+00
11632 +1.175946875e+00 +1.175946875e+00 -9.534053125e+00 -9.534053125e+00
11662 +1.154758956e+00 +1.154758956e+00 -9.555241044e+00 -9.555241044e+00
11802 +1.140240974e+00 +1.140240974e+00 -9.569759026e+00 -9.569759026e+00
11878 +1.111178508e+00 +1.111178508e+00 -9.598821492e+00 -9.598821492e+00
12046 +1.085397487e+00 +1.085397487e+00 -9.624602513e+00 -9.624602513e+00
12132 +1.064823585e+00 +1.064823585e+00 -9.645176415e+00 -9.645176415e+00
12266 +1.043111276e+00 +1.043111276e+00 -9.666888724e+00 -9.666888724e+00
12618 +1.019909291e+00 +1.019909291e+00 -9.690090709e+00 -9.690090709e+00
12729 +9.944130669e-01 +9.944130669e-01 -9.715586933e+00 -9.715586933e+00
12979 +9.770861768e-01 +9.770861768e-01 -9.732913823e+00 -9.732913823e+00
13395 +9.528281093e-01 +9.528281093e-01 -9.757171891e+00 -9.757171891e+00
14434 +9.323157604e-01 +9.323157604e-01 -9.777684240e+00 -9.777684240e+00
% function evaluation | noise-free fitness - Fopt (3.425000000000e+01) | best noise-free fitness - Fopt | measured fitness | best measured fitness | x1 | x2...
1 +7.568936666e+00 +7.568936666e+00 +4.181893667e+01 +4.181893667e+01
49 +6.161359246e+00 +6.161359246e+00 +4.041135925e+01 +4.041135925e+01
1607 +5.559031268e+00 +5.559031268e+00 +3.980903127e+01 +3.980903127e+01
1630 +5.376178454e+00 +5.376178454e+00 +3.962617845e+01 +3.962617845e+01
6323 +4.870225024e+00 +4.870225024e+00 +3.912022502e+01 +3.912022502e+01
6862 +4.202750406e+00 +4.202750406e+00 +3.845275041e+01 +3.845275041e+01
21868 +3.743745103e+00 +3.743745103e+00 +3.799374510e+01 +3.799374510e+01
21883 +3.601274577e+00 +3.601274577e+00 +3.785127458e+01 +3.785127458e+01
21985 +3.537468907e+00 +3.537468907e+00 +3.778746891e+01 +3.778746891e+01
22037 +2.720549728e+00 +2.720549728e+00 +3.697054973e+01 +3.697054973e+01
22106 +2.526434620e+00 +2.526434620e+00 +3.677643462e+01 +3.677643462e+01
22399 +2.456752193e+00 +2.456752193e+00 +3.670675219e+01 +3.670675219e+01
22415 +2.427144066e+00 +2.427144066e+00 +3.667714407e+01 +3.667714407e+01
22448 +2.198183318e+00 +2.198183318e+00 +3.644818332e+01 +3.644818332e+01
22455 +2.173493741e+00 +2.173493741e+00 +3.642349374e+01 +3.642349374e+01
22521 +2.113314914e+00 +2.113314914e+00 +3.636331491e+01 +3.636331491e+01
22527 +2.058044915e+00 +2.058044915e+00 +3.630804492e+01 +3.630804492e+01
22858 +2.032765223e+00 +2.032765223e+00 +3.628276522e+01 +3.628276522e+01
23129 +1.968290370e+00 +1.968290370e+00 +3.621829037e+01 +3.621829037e+01
23396 +1.911259211e+00 +1.911259211e+00 +3.616125921e+01 +3.616125921e+01
23456 +1.895636640e+00 +1.895636640e+00 +3.614563664e+01 +3.614563664e+01
23956 +1.850679744e+00 +1.850679744e+00 +3.610067974e+01 +3.610067974e+01
24044 +1.812363117e+00 +1.812363117e+00 +3.606236312e+01 +3.606236312e+01
24121 +1.747316113e+00 +1.747316113e+00 +3.599731611e+01 +3.599731611e+01
24307 +1.737086392e+00 +1.737086392e+00 +3.598708639e+01 +3.598708639e+01
24395 +1.693924467e+00 +1.693924467e+00 +3.594392447e+01 +3.594392447e+01
24492 +1.656957155e+00 +1.656957155e+00 +3.590695715e+01 +3.590695715e+01
24771 +1.620350642e+00 +1.620350642e+00 +3.587035064e+01 +3.587035064e+01
25209 +1.584298565e+00 +1.584298565e+00 +3.583429856e+01 +3.583429856e+01
26049 +1.548803837e+00 +1.548803837e+00 +3.579880384e+01 +3.579880384e+01
% function evaluation | noise-free fitness - Fopt (1.134700000000e+02) | best noise-free fitness - Fopt | measured fitness | best measured fitness | x1 | x2...
1 +1.307677826e+01 +1.307677826e+01 +1.265467783e+02 +1.265467783e+02
2 +8.092577860e+00 +8.092577860e+00 +1.215625779e+02 +1.215625779e+02
25 +7.351816057e+00 +7.351816057e+00 +1.208218161e+02 +1.208218161e+02
290 +7.116808651e+00 +7.116808651e+00 +1.205868087e+02 +1.205868087e+02
435 +6.820005398e+00 +6.820005398e+00 +1.202900054e+02 +1.202900054e+02
448 +5.613057181e+00 +5.613057181e+00 +1.190830572e+02 +1.190830572e+02
5149 +5.174918605e+00 +5.174918605e+00 +1.186449186e+02 +1.186449186e+02
9236 +4.998488523e+00 +4.998488523e+00 +1.184684885e+02 +1.184684885e+02
15481 +4.554347102e+00 +4.554347102e+00 +1.180243471e+02 +1.180243471e+02
20008 +4.330903837e+00 +4.330903837e+00 +1.178009038e+02 +1.178009038e+02
20023 +4.252664890e+00 +4.252664890e+00 +1.177226649e+02 +1.177226649e+02
20051 +3.849808375e+00 +3.849808375e+00 +1.173198084e+02 +1.173198084e+02
20061 +2.785427537e+00 +2.785427537e+00 +1.162554275e+02 +1.162554275e+02
21303 +2.656042115e+00 +2.656042115e+00 +1.161260421e+02 +1.161260421e+02
21498 +1.999294605e+00 +1.999294605e+00 +1.154692946e+02 +1.154692946e+02
21827 +1.991176725e+00 +1.991176725e+00 +1.154611767e+02 +1.154611767e+02
21841 +1.736666080e+00 +1.736666080e+00 +1.152066661e+02 +1.152066661e+02
22114 +1.589657968e+00 +1.589657968e+00 +1.150596580e+02 +1.150596580e+02
22217 +1.536821551e+00 +1.536821551e+00 +1.150068216e+02 +1.150068216e+02
22237 +1.496119461e+00 +1.496119461e+00 +1.149661195e+02 +1.149661195e+02
22239 +1.429656620e+00 +1.429656620e+00 +1.148996566e+02 +1.148996566e+02
22326 +1.369051937e+00 +1.369051937e+00 +1.148390519e+02 +1.148390519e+02
22655 +1.268338086e+00 +1.268338086e+00 +1.147383381e+02 +1.147383381e+02
22749 +1.244482555e+00 +1.244482555e+00 +1.147144826e+02 +1.147144826e+02
22883 +1.214331596e+00 +1.214331596e+00 +1.146843316e+02 +1.146843316e+02
23010 +1.189548752e+00 +1.189548752e+00 +1.146595488e+02 +1.146595488e+02
23079 +1.061586560e+00 +1.061586560e+00 +1.145315866e+02 +1.145315866e+02
23685 +1.040835702e+00 +1.040835702e+00 +1.145108357e+02 +1.145108357e+02
23789 +1.008430413e+00 +1.008430413e+00 +1.144784304e+02 +1.144784304e+02
23820 +9.892846366e-01 +9.892846366e-01 +1.144592846e+02 +1.144592846e+02
23918 +9.737157251e-01 +9.737157251e-01 +1.144437157e+02 +1.144437157e+02
24063 +9.464899461e-01 +9.464899461e-01 +1.144164899e+02 +1.144164899e+02
25027 +9.273599381e-01 +9.273599381e-01 +1.143973599e+02 +1.143973599e+02
25113 +9.054053986e-01 +9.054053986e-01 +1.143754054e+02 +1.143754054e+02
25419 +8.896647629e-01 +8.896647629e-01 +1.143596648e+02 +1.143596648e+02
25870 +8.681939285e-01 +8.681939285e-01 +1.143381939e+02 +1.143381939e+02
