% function evaluation | noise-free fitness - Fopt (6.870000000000e+00) | best noise-free fitness - Fopt | measured fitness | best measured fitness | x1 | x2...
1 +1.700119263e+01 +1.700119263e+01 +2.387119263e+01 +2.387119263e+01 +0.0000e+00 +0.0000e+00 +0.0000e+00 +0.0000e+00 +0.0000e+00 +0.0000e+00 +0.0000e+00 +0.0000e+00 +0.0000e+00 +0.0000e+00
2 +1.641910926e+01 +1.641910926e+01 +2.328910926e+01 +2.328910926e+01 +5.4137e-01 +5.1045e-01 +2.4358e+00 -1.0842e+00 +1.4000e-01 +1.1202e+00 +1.4050e+00 +1.6529e-01 -1.3297e+00 -1.2915e+00
3 +1.618684781e+01 +1.618684781e+01 +2.305684781e+01 +2.305684781e+01 -9.3327e-01 -4.4271e-01 -4.2952e-01 -1.0862e+00 +4.9822e-01 -1.8931e+00 +1.1049e+00 +3.5702e-01 +4.8795e-01 -1.4680e+00
4 +8.093061847e+00 +8.093061847e+00 +1.496306185e+01 +1.496306185e+01 +5.2746e-02 -7.5448e-01 -4.9060e-01 -9.5334e-01 -7.9639e-02 -1.0265e-01 -7.4453e-02 -7.8251e-01 -5.7043e-01 -3.1851e-01
9 +6.609033760e+00 +6.609033760e+00 +1.347903376e+01 +1.347903376e+01 +1.3966e+00 +2.7581e-01 +1.0837e+00 +8.2927e-01 +4.2367e-01 -2.3189e+00 +6.0144e-01 +8.7797e-01 -1.4524e-01 +1.6540e-01
69 +6.345940865e+00 +6.345940865e+00 +1.321594086e+01 +1.321594086e+01 +4.9905e+00 -1.5101e+00 +6.0916e+00 -1.6892e+00 +5.4297e+00 -3.9013e+00 +2.1450e+00 -4.1051e+00 +1.1052e+00 -7.9149e-01
114 +5.627611166e+00 +5.627611166e+00 +1.249761117e+01 +1.249761117e+01 +4.1197e+00 -4.5381e-01 +5.4575e+00 -3.1518e+00 +5.5715e+00 -8.2522e-01 +4.6733e-01 -4.4318e+00 -3.3282e-02 -7.1978e-01
249 +4.906123279e+00 +4.906123279e+00 +1.177612328e+01 +1.177612328e+01 +3.3297e+00 -4.0189e+00 +4.6878e+00 -2.8835e+00 +4.5786e+00 -2.0590e+00 -8.2410e-01 -5.0247e+00 -5.9247e-01 +1.3494e+00
355 +3.755036061e+00 +3.755036061e+00 +1.062503606e+01 +1.062503606e+01 +3.7541e+00 -3.7808e+00 +4.9701e+00 -2.8632e+00 +3.1332e+00 +1.4829e-01 -1.8966e-01 -4.4927e+00 -1.8174e+00 +7.6825e-01
709 +3.493977904e+00 +3.493977904e+00 +1.036397790e+01 +1.036397790e+01 +4.1314e+00 -4.1177e+00 +2.8934e+00 -2.5115e+00 +5.1989e+00 -1.3958e-01 -6.7457e-03 -4.3202e+00 -5.8466e-02 +2.2391e+00
816 +3.399070068e+00 +3.399070068e+00 +1.026907007e+01 +1.026907007e+01 +3.6210e+00 -4.3174e+00 +2.6287e+00 -2.4777e+00 +5.0270e+00 -1.4102e+00 -6.0792e-01 -4.4023e+00 +9.8233e-02 +2.4680e+00
% function evaluation | noise-free fitness - Fopt (1.000000000000e-02) | best noise-free fitness - Fopt | measured fitness | best measured fitness | x1 | x2...
1 +9.237923688e+00 +9.237923688e+00 +9.247923688e+00 +9.247923688e+00 +0.0000e+00 +0.0000e+00 +0.0000e+00 +0.0000e+00 +0.0000e+00 +0.0000e+00 +0.0000e+00 +0.0000e+00 +0.0000e+00 +0.0000e+00
4 +6.358740435e+00 +6.358740435e+00 +6.368740435e+00 +6.368740435e+00 -1.5002e+00 +4.5821e-01 +1.9959e-01 -1.2898e-01 +4.4170e-01 -9.2458e-01 +1.3761e+00 +9.5453e-01 +4.1545e-01 +4.2225e-02
44 +4.506734406e+00 +4.506734406e+00 +4.516734406e+00 +4.516734406e+00 -2.5358e+00 +2.3438e+00 -6.6835e-01 -1.0049e+00 +9.9199e-01 -1.5570e+00 +3.4864e+00 +4.3182e-01 +1.2543e+00 +4.9123e-01
150 +3.488216476e+00 +3.488216476e+00 +3.498216476e+00 +3.498216476e+00 -2.5444e+00 +3.5421e+00 -1.6495e+00 -1.5193e+00 -7.1512e-01 -2.9526e+00 +3.3005e+00 +3.0541e+00 +2.4454e+00 +3.1435e-01
1799 +2.416151219e+00 +2.416151219e+00 +2.426151219e+00 +2.426151219e+00 +2.9669e+00 +5.0585e+00 -3.4748e+00 +1.7885e+00 +9.9856e-01 -5.1743e+00 +5.2623e+00 +4.9640e+00 +5.3005e-01 -3.8461e-01
4094 +1.586934343e+00 +1.586934343e+00 +1.596934343e+00 +1.596934343e+00 +1.2052e+00 +5.3434e+00 -3.2454e+00 +3.3870e+00 +8.0491e-01 -5.1992e+00 +5.5167e+00 +4.1963e+00 +3.9188e-01 -2.1782e-01
4332 +1.442484040e+00 +1.442484040e+00 +1.452484040e+00 +1.452484040e+00 +1.2218e+00 +5.3799e+00 -3.2572e+00 +3.3612e+00 +8.4028e-01 -5.2021e+00 +5.5501e+00 +4.2223e+00 +3.5955e-01 -2.1836e-01
4349 +1.329472394e+00 +1.329472394e+00 +1.339472394e+00 +1.339472394e+00 +1.2211e+00 +5.3764e+00 -3.2554e+00 +3.3600e+00 +8.3601e-01 -5.2040e+00 +5.5517e+00 +4.2213e+00 +3.6318e-01 -2.1796e-01
4369 +1.197480203e+00 +1.197480203e+00 +1.207480203e+00 +1.207480203e+00 +1.2228e+00 +5.3751e+00 -3.2612e+00 +3.3565e+00 +8.3670e-01 -5.2076e+00 +5.5507e+00 +4.2308e+00 +3.6599e-01 -2.2390e-01
4392 +1.137475125e+00 +1.137475125e+00 +1.147475125e+00 +1.147475125e+00 +1.2131e+00 +5.3785e+00 -3.2618e+00 +3.3518e+00 +8.4018e-01 -5.2090e+00 +5.5470e+00 +4.2345e+00 +3.6323e-01 -2.2136e-01
4409 +1.115689785e+00 +1.115689785e+00 +1.125689785e+00 +1.125689785e+00 +1.2193e+00 +5.3812e+00 -3.2610e+00 +3.3544e+00 +8.4244e-01 -5.2094e+00 +5.5480e+00 +4.2329e+00 +3.6021e-01 -2.2028e-01
4468 +9.990833035e-01 +9.990833035e-01 +1.009083304e+00 +1.009083304e+00 +1.2082e+00 +5.3802e+00 -3.2589e+00 +3.3569e+00 +8.3969e-01 -5.2072e+00 +5.5526e+00 +4.2247e+00 +3.6415e-01 -2.2318e-01
4475 +9.644437831e-01 +9.644437831e-01 +9.744437831e-01 +9.744437831e-01 +1.2065e+00 +5.3805e+00 -3.2617e+00 +3.3534e+00 +8.4079e-01 -5.2083e+00 +5.5543e+00 +4.2243e+00 +3.6436e-01 -2.2146e-01
4482 +8.872296050e-01 +8.872296050e-01 +8.972296050e-01 +8.972296050e-01 +1.2122e+00 +5.3790e+00 -3.2613e+00 +3.3560e+00 +8.3769e-01 -5.2074e+00 +5.5530e+00 +4.2255e+00 +3.6523e-01 -2.1946e-01
4555 +7.881048321e-01 +7.881048321e-01 +7.981048321e-01 +7.981048321e-01 +1.2195e+00 +5.3723e+00 -3.2643e+00 +3.3675e+00 +8.2496e-01 -5.2020e+00 +5.5495e+00 +4.2225e+00 +3.7099e-01 -2.2168e-01
4754 +7.611454306e-01 +7.611454306e-01 +7.711454306e-01 +7.711454306e-01 +1.2076e+00 +5.3737e+00 -3.2622e+00 +3.3680e+00 +8.2807e-01 -5.2050e+00 +5.5529e+00 +4.2150e+00 +3.7192e-01 -2.1723e-01
4817 +7.428296041e-01 +7.428296041e-01 +7.528296041e-01 +7.528296041e-01 +1.2103e+00 +5.3732e+00 -3.2612e+00 +3.3686e+00 +8.2897e-01 -5.2046e+00 +5.5538e+00 +4.2150e+00 +3.7177e-01 -2.1814e-01
4833 +7.247862184e-01 +7.247862184e-01 +7.347862184e-01 +7.347862184e-01 +1.2078e+00 +5.3737e+00 -3.2612e+00 +3.3686e+00 +8.2913e-01 -5.2050e+00 +5.5545e+00 +4.2136e+00 +3.7201e-01 -2.1779e-01
4847 +7.213845857e-01 +7.213845857e-01 +7.313845857e-01 +7.313845857e-01 +1.2085e+00 +5.3737e+00 -3.2612e+00 +3.3687e+00 +8.2915e-01 -5.2049e+00 +5.5545e+00 +4.2135e+00 +3.7183e-01 -2.1766e-01
4955 +7.062481032e-01 +7.062481032e-01 +7.162481032e-01 +7.162481032e-01 +1.2079e+00 +5.3734e+00 -3.2607e+00 +3.3689e+00 +8.2964e-01 -5.2051e+00 +5.5553e+00 +4.2120e+00 +3.7195e-01 -2.1763e-01
4961 +6.914709641e-01 +6.914709641e-01 +7.014709641e-01 +7.014709641e-01 +1.2078e+00 +5.3734e+00 -3.2606e+00 +3.3688e+00 +8.2999e-01 -5.2051e+00 +5.5556e+00 +4.2117e+00 +3.7203e-01 -2.1761e-01
5241 +6.750397923e-01 +6.750397923e-01 +6.850397923e-01 +6.850397923e-01 +1.2075e+00 +5.3741e+00 -3.2608e+00 +3.3688e+00 +8.2972e-01 -5.2050e+00 +5.5563e+00 +4.2115e+00 +3.7203e-01 -2.1756e-01
% function evaluation | noise-free fitness - Fopt (-1.306100000000e+02) | best noise-free fitness - Fopt | measured fitness | best measured fitness | x1 | x2...
1 +1.631815340e+01 +1.631815340e+01 -1.142918466e+02 -1.142918466e+02 +0.0000e+00 +0.0000e+00 +0.0000e+00 +0.0000e+00 +0.0000e+00 +0.0000e+00 +0.0000e+00 +0.0000e+00 +0.0000e+00 +0.0000e+00
2 +7.311898352e+00 +7.311898352e+00 -1.232981016e+02 -1.232981016e+02 +4.5158e-01 -1.0445e+00 -1.6623e+00 +3.0025e-01 -1.5075e+00 -7.6155e-01 +3.7668e-03 +1.3702e+00 -6.6809e-01 -1.9519e-01
4 +5.593112528e+00 +5.593112528e+00 -1.250168875e+02 -1.250168875e+02 -3.0428e+00 +9.5518e-02 +1.0135e+00 -1.6119e+00 -1.3838e+00 -4.7174e-02 -2.3283e+00 +6.8996e-01 -1.7130e-01 -3.6530e-01
9 +4.026118033e+00 +4.026118033e+00 -1.265838820e+02 -1.265838820e+02 +1.6734e-01 -6.0033e-01 +6.8401e-01 +2.6515e-01 -3.4887e-01 -8.9825e-02 +5.4889e-01 +6.8931e-01 -1.3256e+00 -6.9073e-02
29 +3.290364197e+00 +3.290364197e+00 -1.273196358e+02 -1.273196358e+02 -6.0267e-01 -2.5157e+00 +1.6678e+00 +1.2048e+00 -3.4445e-01 -3.4679e-01 -1.3094e+00 +9.4662e-01 -4.0381e-01 +4.4730e-01
664 +3.191972188e+00 +3.191972188e+00 -1.274180278e+02 -1.274180278e+02 +2.0900e+00 -2.8100e+00 -1.8504e+00 +2.3169e+00 +3.7299e+00 -3.0121e+00 -3.5275e+00 +5.0012e+00 -2.5705e+00 -1.0066e-01
1368 +2.932451673e+00 +2.932451673e+00 -1.276775483e+02 -1.276775483e+02 +1.3872e+00 -3.7448e+00 -2.9273e+00 -4.8697e+00 +1.6910e+00 -1.0262e+00 -9.6408e-02 +4.1333e+00 +1.4442e+00 -1.7623e+00
4566 +1.917645829e+00 +1.917645829e+00 -1.286923542e+02 -1.286923542e+02 +2.2721e+00 -5.2204e+00 -4.2569e+00 -2.8820e-01 +4.4823e+00 -2.3736e+00 -4.5576e+00 +4.5110e+00 +3.5836e+00 -3.2713e+00
13329 +1.872883263e+00 +1.872883263e+00 -1.287371167e+02 -1.287371167e+02 +3.8200e+00 -2.3380e+00 -3.4760e+00 -5.5839e+00 +5.7738e+00 -3.4467e+00 -2.5385e+00 +4.7117e+00 -3.8838e+00 -3.1016e+00
13641 +1.852298361e+00 +1.852298361e+00 -1.287577016e+02 -1.287577016e+02 +3.8164e+00 -2.3454e+00 -3.4860e+00 -5.5803e+00 +5.7739e+00 -3.4619e+00 -2.5441e+00 +4.7010e+00 -3.8828e+00 -3.1040e+00
13642 +1.704962411e+00 +1.704962411e+00 -1.289050376e+02 -1.289050376e+02 +3.8129e+00 -2.3459e+00 -3.4863e+00 -5.5777e+00 +5.7756e+00 -3.4642e+00 -2.5438e+00 +4.6978e+00 -3.8822e+00 -3.1034e+00
13719 +1.677374369e+00 +1.677374369e+00 -1.289326256e+02 -1.289326256e+02 +3.8107e+00 -2.3489e+00 -3.4886e+00 -5.5809e+00 +5.7778e+00 -3.4609e+00 -2.5433e+00 +4.6939e+00 -3.8809e+00 -3.1061e+00
13747 +1.602755899e+00 +1.602755899e+00 -1.290072441e+02 -1.290072441e+02 +3.8139e+00 -2.3475e+00 -3.4863e+00 -5.5776e+00 +5.7765e+00 -3.4587e+00 -2.5428e+00 +4.6984e+00 -3.8801e+00 -3.1034e+00
13923 +1.576373411e+00 +1.576373411e+00 -1.290336266e+02 -1.290336266e+02 +3.8120e+00 -2.3420e+00 -3.4815e+00 -5.5800e+00 +5.7769e+00 -3.4612e+00 -2.5425e+00 +4.6995e+00 -3.8831e+00 -3.1032e+00
13931 +1.545856251e+00 +1.545856251e+00 -1.290641437e+02 -1.290641437e+02 +3.8135e+00 -2.3416e+00 -3.4810e+00 -5.5792e+00 +5.7765e+00 -3.4606e+00 -2.5421e+00 +4.7005e+00 -3.8818e+00 -3.1035e+00
14175 +1.480425675e+00 +1.480425675e+00 -1.291295743e+02 -1.291295743e+02 +3.8126e+00 -2.3422e+00 -3.4817e+00 -5.5806e+00 +5.7760e+00 -3.4615e+00 -2.5427e+00 +4.6995e+00 -3.8834e+00 -3.1041e+00
14191 +1.476929426e+00 +1.476929426e+00 -1.291330706e+02 -1.291330706e+02 +3.8127e+00 -2.3425e+00 -3.4818e+00 -5.5806e+00 +5.7757e+00 -3.4616e+00 -2.5427e+00 +4.7000e+00 -3.8841e+00 -3.1040e+00
% function evaluation | noise-free fitness - Fopt (-2.231200000000e+02) | best noise-free fitness - Fopt | measured fitness | best measured fitness | x1 | x2...
1 +2.847414819e+01 +2.847414819e+01 -1.946458518e+02 -1.946458518e+02 +0.0000e+00 +0.0000e+00 +0.0000e+00 +0.0000e+00 +0.0000e+00 +0.0000e+00 +0.0000e+00 +0.0000e+00 +0.0000e+00 +0.0000e+00
2 +1.293125378e+01 +1.293125378e+01 -2.101887462e+02 -2.101887462e+02 +4.7614e-02 -1.8916e-01 -4.3741e-01 +4.1671e-01 -1.1093e+00 +6.9386e-01 -1.0160e+00 -5.9642e-01 -7.3700e-01 +1.2630e+00
6 +9.718096315e+00 +9.718096315e+00 -2.134019037e+02 -2.134019037e+02 -1.0548e+00 -7.6728e-02 +4.4369e-01 -1.7990e-01 +3.1310e-01 -6.1344e-01 +1.3523e+00 -1.0709e+00 +2.5516e-01 +1.0051e+00
10 +5.665441261e+00 +5.665441261e+00 -2.174545587e+02 -2.174545587e+02 +7.4921e-01 -3.3207e-01 -2.0609e-01 -1.6430e-01 +5.9431e-01 +9.4763e-01 +7.8521e-01 -9.0491e-01 +5.2987e-01 -1.0151e+00
35 +2.879368041e+00 +2.879368041e+00 -2.202406320e+02 -2.202406320e+02 +5.9014e-01 +2.9862e-01 +6.2158e-01 -1.4827e+00 +1.7018e+00 -6.2725e-01 -1.1716e+00 -7.4344e-02 +6.4649e-01 +2.0238e-01
5595 +1.999458712e+00 +1.999458712e+00 -2.211205413e+02 -2.211205413e+02 -1.8388e+00 -8.0954e-01 -1.3641e+00 -2.6286e+00 +4.7807e+00 -5.1322e+00 -6.7421e-02 -2.0322e+00 +4.4515e+00 -3.1590e-02
5732 +1.589030163e+00 +1.589030163e+00 -2.215309698e+02 -2.215309698e+02 -1.8407e+00 -7.9707e-01 -1.3551e+00 -2.6150e+00 +4.7756e+00 -5.1287e+00 -7.5159e-02 -2.0325e+00 +4.4515e+00 -3.9142e-02
5742 +1.362169327e+00 +1.362169327e+00 -2.217578307e+02 -2.217578307e+02 -1.8326e+00 -8.0010e-01 -1.3646e+00 -2.6197e+00 +4.7623e+00 -5.1278e+00 -6.8951e-02 -2.0366e+00 +4.4605e+00 -4.7694e-02
5761 +8.328565243e-01 +8.328565243e-01 -2.222871435e+02 -2.222871435e+02 -1.8191e+00 -7.9906e-01 -1.3658e+00 -2.6418e+00 +4.7597e+00 -5.1252e+00 -5.5319e-02 -2.0401e+00 +4.4533e+00 -3.9291e-02
5993 +7.757089179e-01 +7.757089179e-01 -2.223442911e+02 -2.223442911e+02 -1.8250e+00 -7.9839e-01 -1.3611e+00 -2.6423e+00 +4.7684e+00 -5.1307e+00 -6.8884e-02 -2.0424e+00 +4.4568e+00 -3.4288e-02
6011 +7.385493816e-01 +7.385493816e-01 -2.223814506e+02 -2.223814506e+02 -1.8269e+00 -7.9876e-01 -1.3612e+00 -2.6430e+00 +4.7686e+00 -5.1312e+00 -6.8134e-02 -2.0422e+00 +4.4572e+00 -3.4646e-02
6116 +6.124019515e-01 +6.124019515e-01 -2.225075980e+02 -2.225075980e+02 -1.8307e+00 -7.9374e-01 -1.3627e+00 -2.6508e+00 +4.7725e+00 -5.1308e+00 -7.0193e-02 -2.0395e+00 +4.4579e+00 -3.0241e-02
6122 +5.821813702e-01 +5.821813702e-01 -2.225378186e+02 -2.225378186e+02 -1.8304e+00 -7.9312e-01 -1.3629e+00 -2.6504e+00 +4.7730e+00 -5.1311e+00 -7.1335e-02 -2.0406e+00 +4.4561e+00 -3.1876e-02
6186 +5.715150342e-01 +5.715150342e-01 -2.225484850e+02 -2.225484850e+02 -1.8311e+00 -7.9474e-01 -1.3634e+00 -2.6489e+00 +4.7689e+00 -5.1339e+00 -7.1311e-02 -2.0392e+00 +4.4576e+00 -3.0764e-02
6244 +5.404364562e-01 +5.404364562e-01 -2.225795635e+02 -2.225795635e+02 -1.8321e+00 -7.9374e-01 -1.3632e+00 -2.6459e+00 +4.7696e+00 -5.1338e+00 -7.0398e-02 -2.0369e+00 +4.4595e+00 -3.1168e-02
6322 +5.366325472e-01 +5.366325472e-01 -2.225833675e+02 -2.225833675e+02 -1.8300e+00 -7.9496e-01 -1.3630e+00 -2.6439e+00 +4.7678e+00 -5.1342e+00 -6.8339e-02 -2.0379e+00 +4.4587e+00 -3.4231e-02
6330 +5.153937141e-01 +5.153937141e-01 -2.226046063e+02 -2.226046063e+02 -1.8305e+00 -7.9511e-01 -1.3628e+00 -2.6434e+00 +4.7679e+00 -5.1337e+00 -6.8509e-02 -2.0379e+00 +4.4589e+00 -3.3515e-02
6350 +5.057105732e-01 +5.057105732e-01 -2.226142894e+02 -2.226142894e+02 -1.8318e+00 -7.9480e-01 -1.3631e+00 -2.6432e+00 +4.7678e+00 -5.1340e+00 -6.9503e-02 -2.0378e+00 +4.4597e+00 -3.3564e-02
6400 +4.955776044e-01 +4.955776044e-01 -2.226244224e+02 -2.226244224e+02 -1.8310e+00 -7.9479e-01 -1.3623e+00 -2.6439e+00 +4.7679e+00 -5.1335e+00 -6.9870e-02 -2.0386e+00 +4.4585e+00 -3.3245e-02
6407 +4.695805370e-01 +4.695805370e-01 -2.226504195e+02 -2.226504195e+02 -1.8304e+00 -7.9545e-01 -1.3622e+00 -2.6435e+00 +4.7676e+00 -5.1337e+00 -6.9213e-02 -2.0387e+00 +4.4589e+00 -3.3853e-02
6442 +4.547936250e-01 +4.547936250e-01 -2.226652064e+02 -2.226652064e+02 -1.8305e+00 -7.9559e-01 -1.3623e+00 -2.6435e+00 +4.7674e+00 -5.1340e+00 -6.9148e-02 -2.0384e+00 +4.4582e+00 -3.4028e-02
6463 +4.420130608e-01 +4.420130608e-01 -2.226779869e+02 -2.226779869e+02 -1.8305e+00 -7.9528e-01 -1.3624e+00 -2.6440e+00 +4.7675e+00 -5.1342e+00 -6.9166e-02 -2.0381e+00 +4.4583e+00 -3.3858e-02
6541 +4.346983688e-01 +4.346983688e-01 -2.226853016e+02 -2.226853016e+02 -1.8305e+00 -7.9486e-01 -1.3620e+00 -2.6441e+00 +4.7673e+00 -5.1338e+00 -6.9028e-02 -2.0383e+00 +4.4594e+00 -3.3503e-02
6548 +4.252817985e-01 +4.252817985e-01 -2.226947182e+02 -2.226947182e+02 -1.8304e+00 -7.9514e-01 -1.3620e+00 -2.6444e+00 +4.7673e+00 -5.1337e+00 -6.9096e-02 -2.0385e+00 +4.4591e+00 -3.3539e-02
6790 +4.156929419e-01 +4.156929419e-01 -2.227043071e+02 -2.227043071e+02 -1.8295e+00 -7.9670e-01 -1.3626e+00 -2.6443e+00 +4.7664e+00 -5.1337e+00 -6.7966e-02 -2.0381e+00 +4.4586e+00 -3.2229e-02
6813 +3.983420325e-01 +3.983420325e-01 -2.227216580e+02 -2.227216580e+02 -1.8294e+00 -7.9664e-01 -1.3626e+00 -2.6448e+00 +4.7667e+00 -5.1336e+00 -6.7983e-02 -2.0381e+00 +4.4582e+00 -3.2310e-02
6885 +3.974220825e-01 +3.974220825e-01 -2.227225779e+02 -2.227225779e+02 -1.8292e+00 -7.9662e-01 -1.3629e+00 -2.6445e+00 +4.7668e+00 -5.1333e+00 -6.7843e-02 -2.0383e+00 +4.4580e+00 -3.2544e-02
6893 +3.804006587e-01 +3.804006587e-01 -2.227395993e+02 -2.227395993e+02 -1.8290e+00 -7.9666e-01 -1.3628e+00 -2.6446e+00 +4.7665e+00 -5.1330e+00 -6.7840e-02 -2.0383e+00 +4.4581e+00 -3.2555e-02
6956 +3.747130019e-01 +3.747130019e-01 -2.227452870e+02 -2.227452870e+02 -1.8290e+00 -7.9657e-01 -1.3629e+00 -2.6445e+00 +4.7665e+00 -5.1330e+00 -6.8063e-02 -2.0382e+00 +4.4580e+00 -3.2503e-02
6997 +3.691255728e-01 +3.691255728e-01 -2.227508744e+02 -2.227508744e+02 -1.8289e+00 -7.9642e-01 -1.3630e+00 -2.6447e+00 +4.7664e+00 -5.1331e+00 -6.7933e-02 -2.0383e+00 +4.4582e+00 -3.2617e-02
7263 +3.621883005e-01 +3.621883005e-01 -2.227578117e+02 -2.227578117e+02 -1.8286e+00 -7.9667e-01 -1.3630e+00 -2.6450e+00 +4.7662e+00 -5.1328e+00 -6.7757e-02 -2.0386e+00 +4.4580e+00 -3.2554e-02
7443 +3.545757131e-01 +3.545757131e-01 -2.227654243e+02 -2.227654243e+02 -1.8285e+00 -7.9662e-01 -1.3631e+00 -2.6448e+00 +4.7661e+00 -5.1327e+00 -6.7711e-02 -2.0385e+00 +4.4579e+00 -3.2673e-02
% function evaluation | noise-free fitness - Fopt (-4.443000000000e+01) | best noise-free fitness - Fopt | measured fitness | best measured fitness | x1 | x2...
1 +1.456676615e+01 +1.456676615e+01 -2.986323385e+01 -2.986323385e+01 +0.0000e+00 +0.0000e+00 +0.0000e+00 +0.0000e+00 +0.0000e+00 +0.0000e+00 +0.0000e+00 +0.0000e+00 +0.0000e+00 +0.0000e+00
5 +1.231737459e+01 +1.231737459e+01 -3.211262541e+01 -3.211262541e+01 +9.5661e-02 +2.2289e-01 -6.3988e-01 +3.5601e-01 -1.2153e+00 +2.0759e+00 -2.2934e-01 +4.4407e-01 -1.9402e-01 -6.3733e-01
12 +5.595503222e+00 +5.595503222e+00 -3.883449678e+01 -3.883449678e+01 -2.3087e-01 +6.2222e-01 -7.7623e-01 -1.5189e+00 -7.7866e-01 +6.5667e-01 -1.5161e-01 +1.8271e+00 -1.1552e+00 -4.6483e-01
74 +3.640063813e+00 +3.640063813e+00 -4.078993619e+01 -4.078993619e+01 +6.1829e-01 +1.0891e+00 +4.8801e-01 -1.5691e+00 -3.0847e+00 +6.0431e-01 -1.8271e-01 +7.5290e-01 -8.8718e-01 -3.0983e-01
751 +2.878209838e+00 +2.878209838e+00 -4.155179016e+01 -4.155179016e+01 -7.9525e-01 -4.1832e+00 -1.1102e+00 -2.7924e-01 -3.5467e+00 -6.0996e-01 -2.0310e+00 +4.7325e+00 -6.8392e-01 -6.7881e-01
1749 +2.681837565e+00 +2.681837565e+00 -4.174816243e+01 -4.174816243e+01 -9.2477e-02 -2.8997e+00 -1.2492e+00 -7.0059e-01 -2.9331e+00 -1.8520e+00 -2.1790e+00 +5.1007e+00 -1.4485e+00 -1.5502e-01
1843 +2.088529642e+00 +2.088529642e+00 -4.234147036e+01 -4.234147036e+01 -6.1008e-01 -3.0601e+00 -1.2554e+00 -9.3127e-01 -2.9876e+00 -1.6251e+00 -2.1090e+00 +5.0039e+00 -1.9137e+00 -2.0747e-02
6213 +1.163435608e+00 +1.163435608e+00 -4.326656439e+01 -4.326656439e+01 +1.1473e+00 -4.4830e+00 -3.6968e-01 -7.8236e-01 -4.5550e+00 -1.4531e+00 -1.0204e+00 +3.7994e+00 +2.5906e-01 +5.7034e-01
10705 +1.097793235e+00 +1.097793235e+00 -4.333220676e+01 -4.333220676e+01 +2.9599e+00 +7.4477e-01 +1.6912e-02 -2.6569e+00 -4.9698e+00 -4.2414e+00 -2.7570e+00 +3.5034e+00 -1.3756e+00 +4.5100e+00
10733 +1.068316609e+00 +1.068316609e+00 -4.336168339e+01 -4.336168339e+01 +2.9605e+00 +7.4412e-01 +1.6986e-02 -2.6563e+00 -4.9696e+00 -4.2412e+00 -2.7576e+00 +3.5036e+00 -1.3737e+00 +4.5105e+00
10740 +1.032468603e+00 +1.032468603e+00 -4.339753140e+01 -4.339753140e+01 +2.9603e+00 +7.4424e-01 +1.7125e-02 -2.6562e+00 -4.9697e+00 -4.2411e+00 -2.7572e+00 +3.5033e+00 -1.3753e+00 +4.5106e+00
10806 +1.021132542e+00 +1.021132542e+00 -4.340886746e+01 -4.340886746e+01 +2.9612e+00 +7.4514e-01 +1.6916e-02 -2.6561e+00 -4.9697e+00 -4.2416e+00 -2.7573e+00 +3.5038e+00 -1.3735e+00 +4.5109e+00
10924 +9.986797980e-01 +9.986797980e-01 -4.343132020e+01 -4.343132020e+01 +2.9613e+00 +7.4513e-01 +1.6949e-02 -2.6559e+00 -4.9698e+00 -4.2418e+00 -2.7569e+00 +3.5035e+00 -1.3750e+00 +4.5111e+00
11277 +9.753497149e-01 +9.753497149e-01 -4.345465029e+01 -4.345465029e+01 +2.9613e+00 +7.4504e-01 +1.6863e-02 -2.6562e+00 -4.9697e+00 -4.2417e+00 -2.7569e+00 +3.5035e+00 -1.3753e+00 +4.5110e+00
% function evaluation | noise-free fitness - Fopt (-7.728000000000e+01) | best noise-free fitness - Fopt | measured fitness | best measured fitness | x1 | x2...
1 +1.296226736e+01 +1.296226736e+01 -6.431773264e+01 -6.431773264e+01 +0.0000e+00 +0.0000e+00 +0.0000e+00 +0.0000e+00 +0.0000e+00 +0.0000e+00 +0.0000e+00 +0.0000e+00 +0.0000e+00 +0.0000e+00
3 +1.138249519e+01 +1.138249519e+01 -6.589750481e+01 -6.589750481e+01 -8.2664e-02 +1.0743e-01 -6.7515e-01 -1.3044e+00 +6.6208e-01 -5.1398e-01 -7.7111e-01 +2.6818e-01 -1.2135e-01 +5.8243e-02
6 +9.864151264e+00 +9.864151264e+00 -6.741584874e+01 -6.741584874e+01 +9.4180e-01 +1.2725e-01 -2.8370e-01 -9.7887e-01 +4.5555e-01 -1.2313e+00 +6.1496e-01 +1.2196e+00 +1.4901e+00 +7.1297e-01
9 +8.799728965e+00 +8.799728965e+00 -6.848027103e+01 -6.848027103e+01 -4.3262e-01 -5.6142e-01 +1.0417e+00 +1.0567e+00 +1.0658e+00 +7.2998e-01 -1.0043e-01 +6.0368e-01 -8.3251e-01 -1.7655e+00
20 +7.523862390e+00 +7.523862390e+00 -6.975613761e+01 -6.975613761e+01 +2.0388e-01 +9.6431e-01 +1.4548e+00 +1.5821e+00 +2.3378e+00 +1.7927e+00 +2.0792e-01 +1.9611e+00 -1.0602e+00 -3.7158e+00
49 +7.401190279e+00 +7.401190279e+00 -6.987880972e+01 -6.987880972e+01 -2.1533e-01 -1.2095e+00 +2.0610e+00 -5.8200e-02 +1.6825e+00 +1.3398e+00 +1.7747e+00 +1.6229e+00 -2.8100e-01 -1.3719e+00
79 +5.773520058e+00 +5.773520058e+00 -7.150647994e+01 -7.150647994e+01 -1.9017e+00 -1.6883e+00 +1.4492e+00 -6.0499e-01 +2.0858e+00 +1.2497e+00 +1.5833e+00 +4.1195e-01 -4.6978e-01 -1.6991e+00
82 +5.600854450e+00 +5.600854450e+00 -7.167914555e+01 -7.167914555e+01 -8.4797e-01 -1.0138e+00 +1.2701e+00 -3.5977e-01 +3.0541e+00 +1.1833e+00 +2.7748e+00 +8.6508e-02 -3.6246e-01 -1.3681e+00
128 +5.374495887e+00 +5.374495887e+00 -7.190550411e+01 -7.190550411e+01 -7.1211e-01 +2.7951e-01 +1.3513e+00 -2.0904e-02 +3.8400e+00 +1.3518e+00 +2.6462e+00 +1.8090e+00 -1.7265e+00 -6.4065e-01
201 +3.908861926e+00 +3.908861926e+00 -7.337113807e+01 -7.337113807e+01 -4.3904e-01 +8.8876e-03 +7.0835e-01 -1.8944e-01 +4.5594e+00 -7.2685e-01 +2.9949e+00 +2.7748e+00 -2.4855e+00 -3.5269e+00
329 +3.167912837e+00 +3.167912837e+00 -7.411208716e+01 -7.411208716e+01 +4.1843e-02 -4.6059e+00 +1.2483e+00 +8.7738e-01 +3.4773e+00 +1.4999e+00 +4.5701e+00 +3.8134e+00 -2.6608e+00 -5.2837e+00
1932 +3.104728807e+00 +3.104728807e+00 -7.417527119e+01 -7.417527119e+01 -4.7899e-01 -1.4110e+00 +3.1385e+00 +1.1504e+00 +3.9466e+00 +3.1487e+00 +4.6011e+00 +1.0602e+00 -3.4742e+00 -4.7975e+00
2332 +2.703114805e+00 +2.703114805e+00 -7.457688519e+01 -7.457688519e+01 -3.3756e-01 -1.1358e+00 +2.3318e+00 +1.1505e+00 +3.9322e+00 +3.1212e+00 +4.6119e+00 +1.0150e+00 -3.5658e+00 -4.6618e+00
2707 +2.562298942e+00 +2.562298942e+00 -7.471770106e+01 -7.471770106e+01 -4.2381e-01 -1.1830e+00 +2.4702e+00 +1.2542e+00 +3.8733e+00 +3.0036e+00 +4.6802e+00 +1.1187e+00 -3.5728e+00 -4.5149e+00
2760 +1.758780901e+00 +1.758780901e+00 -7.552121910e+01 -7.552121910e+01 -4.2378e-01 -1.2056e+00 +2.4302e+00 +1.2618e+00 +3.9140e+00 +3.0260e+00 +4.6688e+00 +1.1268e+00 -3.6028e+00 -4.4919e+00
2796 +1.537320873e+00 +1.537320873e+00 -7.574267913e+01 -7.574267913e+01 -4.1529e-01 -1.2204e+00 +2.4122e+00 +1.2569e+00 +3.9061e+00 +3.0450e+00 +4.6796e+00 +1.1105e+00 -3.6084e+00 -4.4778e+00
2964 +1.142782430e+00 +1.142782430e+00 -7.613721757e+01 -7.613721757e+01 -3.8777e-01 -1.1961e+00 +2.3341e+00 +1.2561e+00 +3.9593e+00 +3.0565e+00 +4.6737e+00 +1.0988e+00 -3.6436e+00 -4.4986e+00
3040 +1.115077108e+00 +1.115077108e+00 -7.616492289e+01 -7.616492289e+01 -3.8456e-01 -1.1992e+00 +2.3257e+00 +1.2528e+00 +3.9548e+00 +3.0605e+00 +4.6702e+00 +1.1124e+00 -3.6491e+00 -4.4965e+00
3064 +9.853152634e-01 +9.853152634e-01 -7.629468474e+01 -7.629468474e+01 -3.8521e-01 -1.1960e+00 +2.3284e+00 +1.2593e+00 +3.9484e+00 +3.0584e+00 +4.6726e+00 +1.1106e+00 -3.6404e+00 -4.4914e+00
3107 +9.520050127e-01 +9.520050127e-01 -7.632799499e+01 -7.632799499e+01 -3.9426e-01 -1.1963e+00 +2.3266e+00 +1.2587e+00 +3.9498e+00 +3.0594e+00 +4.6740e+00 +1.1059e+00 -3.6410e+00 -4.4932e+00
3114 +8.443379364e-01 +8.443379364e-01 -7.643566206e+01 -7.643566206e+01 -3.9342e-01 -1.1981e+00 +2.3264e+00 +1.2604e+00 +3.9505e+00 +3.0599e+00 +4.6755e+00 +1.1055e+00 -3.6421e+00 -4.4927e+00
3125 +7.523127077e-01 +7.523127077e-01 -7.652768729e+01 -7.652768729e+01 -3.9596e-01 -1.1998e+00 +2.3296e+00 +1.2617e+00 +3.9516e+00 +3.0599e+00 +4.6756e+00 +1.1064e+00 -3.6407e+00 -4.4938e+00
3142 +5.181704756e-01 +5.181704756e-01 -7.676182952e+01 -7.676182952e+01 -3.9062e-01 -1.1974e+00 +2.3295e+00 +1.2588e+00 +3.9515e+00 +3.0598e+00 +4.6751e+00 +1.1097e+00 -3.6456e+00 -4.4919e+00
3163 +4.770322687e-01 +4.770322687e-01 -7.680296773e+01 -7.680296773e+01 -3.8730e-01 -1.1974e+00 +2.3321e+00 +1.2585e+00 +3.9473e+00 +3.0602e+00 +4.6743e+00 +1.1095e+00 -3.6444e+00 -4.4913e+00
3290 +4.544631965e-01 +4.544631965e-01 -7.682553680e+01 -7.682553680e+01 -3.8872e-01 -1.1976e+00 +2.3317e+00 +1.2585e+00 +3.9485e+00 +3.0597e+00 +4.6748e+00 +1.1083e+00 -3.6447e+00 -4.4919e+00
3293 +4.360909507e-01 +4.360909507e-01 -7.684390905e+01 -7.684390905e+01 -3.8886e-01 -1.1970e+00 +2.3315e+00 +1.2588e+00 +3.9488e+00 +3.0597e+00 +4.6752e+00 +1.1080e+00 -3.6449e+00 -4.4915e+00
3316 +4.117795503e-01 +4.117795503e-01 -7.686822045e+01 -7.686822045e+01 -3.8796e-01 -1.1970e+00 +2.3331e+00 +1.2587e+00 +3.9490e+00 +3.0592e+00 +4.6750e+00 +1.1093e+00 -3.6451e+00 -4.4910e+00
3317 +3.815712351e-01 +3.815712351e-01 -7.689842876e+01 -7.689842876e+01 -3.8838e-01 -1.1970e+00 +2.3327e+00 +1.2591e+00 +3.9493e+00 +3.0594e+00 +4.6749e+00 +1.1090e+00 -3.6451e+00 -4.4910e+00
3331 +3.616692027e-01 +3.616692027e-01 -7.691833080e+01 -7.691833080e+01 -3.8875e-01 -1.1970e+00 +2.3327e+00 +1.2591e+00 +3.9491e+00 +3.0594e+00 +4.6750e+00 +1.1092e+00 -3.6453e+00 -4.4912e+00
3344 +3.477162939e-01 +3.477162939e-01 -7.693228371e+01 -7.693228371e+01 -3.8924e-01 -1.1971e+00 +2.3320e+00 +1.2591e+00 +3.9490e+00 +3.0593e+00 +4.6747e+00 +1.1091e+00 -3.6446e+00 -4.4917e+00
3374 +3.415867297e-01 +3.415867297e-01 -7.693841327e+01 -7.693841327e+01 -3.8937e-01 -1.1966e+00 +2.3315e+00 +1.2591e+00 +3.9489e+00 +3.0585e+00 +4.6746e+00 +1.1095e+00 -3.6452e+00 -4.4915e+00
3428 +3.373167756e-01 +3.373167756e-01 -7.694268322e+01 -7.694268322e+01 -3.8902e-01 -1.1969e+00 +2.3318e+00 +1.2589e+00 +3.9491e+00 +3.0587e+00 +4.6746e+00 +1.1092e+00 -3.6452e+00 -4.4919e+00
3435 +3.252160606e-01 +3.252160606e-01 -7.695478394e+01 -7.695478394e+01 -3.8891e-01 -1.1967e+00 +2.3316e+00 +1.2589e+00 +3.9489e+00 +3.0584e+00 +4.6745e+00 +1.1093e+00 -3.6452e+00 -4.4918e+00
3443 +3.228020851e-01 +3.228020851e-01 -7.695719791e+01 -7.695719791e+01 -3.8901e-01 -1.1966e+00 +2.3315e+00 +1.2589e+00 +3.9487e+00 +3.0582e+00 +4.6744e+00 +1.1094e+00 -3.6453e+00 -4.4919e+00
3460 +3.153867219e-01 +3.153867219e-01 -7.696461328e+01 -7.696461328e+01 -3.8901e-01 -1.1964e+00 +2.3314e+00 +1.2589e+00 +3.9490e+00 +3.0582e+00 +4.6743e+00 +1.1097e+00 -3.6453e+00 -4.4919e+00
3483 +3.031503010e-01 +3.031503010e-01 -7.697684970e+01 -7.697684970e+01 -3.8870e-01 -1.1963e+00 +2.3311e+00 +1.2591e+00 +3.9492e+00 +3.0584e+00 +4.6744e+00 +1.1094e+00 -3.6451e+00 -4.4919e+00
3493 +2.980961273e-01 +2.980961273e-01 -7.698190387e+01 -7.698190387e+01 -3.8841e-01 -1.1962e+00 +2.3310e+00 +1.2591e+00 +3.9492e+00 +3.0584e+00 +4.6742e+00 +1.1094e+00 -3.6453e+00 -4.4919e+00
3606 +2.931280030e-01 +2.931280030e-01 -7.698687200e+01 -7.698687200e+01 -3.8857e-01 -1.1967e+00 +2.3315e+00 +1.2589e+00 +3.9491e+00 +3.0586e+00 +4.6744e+00 +1.1094e+00 -3.6454e+00 -4.4914e+00
3799 +2.875002229e-01 +2.875002229e-01 -7.699249978e+01 -7.699249978e+01 -3.8816e-01 -1.1968e+00 +2.3319e+00 +1.2586e+00 +3.9488e+00 +3.0586e+00 +4.6744e+00 +1.1095e+00 -3.6459e+00 -4.4910e+00
3837 +2.789893033e-01 +2.789893033e-01 -7.700101070e+01 -7.700101070e+01 -3.8807e-01 -1.1968e+00 +2.3319e+00 +1.2586e+00 +3.9489e+00 +3.0586e+00 +4.6744e+00 +1.1094e+00 -3.6457e+00 -4.4911e+00
3880 +2.752543172e-01 +2.752543172e-01 -7.700474568e+01 -7.700474568e+01 -3.8797e-01 -1.1967e+00 +2.3318e+00 +1.2586e+00 +3.9489e+00 +3.0586e+00 +4.6744e+00 +1.1094e+00 -3.6458e+00 -4.4911e+00
% function evaluation | noise-free fitness - Fopt (-8.121000000000e+01) | best noise-free fitness - Fopt | measured fitness | best measured fitness | x1 | x2...
1 +1.160653795e+01 +1.160653795e+01 -6.960346205e+01 -6.960346205e+01 +0.0000e+00 +0.0000e+00 +0.0000e+00 +0.0000e+00 +0.0000e+00 +0.0000e+00 +0.0000e+00 +0.0000e+00 +0.0000e+00 +0.0000e+00
2 +4.344089512e+00 +4.344089512e+00 -7.686591049e+01 -7.686591049e+01 -5.3191e-01 -1.3494e+00 -3.1755e-01 -2.5345e-01 -2.6311e-01 -1.9242e-01 +7.6957e-02 -2.2180e-01 +1.4256e-01 -2.7575e-01
24 +3.627122749e+00 +3.627122749e+00 -7.758287725e+01 -7.758287725e+01 +2.7279e-01 +1.2552e+00 -1.0683e+00 -9.0124e-01 -5.9265e-01 -1.3394e+00 -2.9045e-01 -2.0986e+00 -1.2280e+00 +1.2380e+00
128 +2.883154399e+00 +2.883154399e+00 -7.832684560e+01 -7.832684560e+01 -1.2112e+00 -5.2417e+00 +1.4870e+00 -8.6853e-01 +6.8856e-01 +9.6970e-01 +1.0825e+00 -3.9078e+00 +1.7752e-01 +3.3736e+00
726 +2.211445409e+00 +2.211445409e+00 -7.899855459e+01 -7.899855459e+01 -1.7574e+00 -4.5244e+00 +2.4195e+00 -3.6380e-01 +3.2893e+00 +1.8457e-01 -2.4234e-02 -5.3628e+00 +4.8088e-01 +8.8406e-01
7195 +1.916187805e+00 +1.916187805e+00 -7.929381220e+01 -7.929381220e+01 -2.2761e+00 -3.3713e+00 -3.0898e+00 -5.2612e+00 -3.0882e+00 -4.0298e+00 -2.8839e+00 +8.0532e-01 +1.4110e+00 -1.4017e+00
7235 +1.403745487e+00 +1.403745487e+00 -7.980625451e+01 -7.980625451e+01 -2.2837e+00 -3.3750e+00 -3.1144e+00 -5.2633e+00 -3.0808e+00 -4.0268e+00 -2.8667e+00 +8.0730e-01 +1.4136e+00 -1.3920e+00
7271 +1.296063469e+00 +1.296063469e+00 -7.991393653e+01 -7.991393653e+01 -2.2679e+00 -3.3900e+00 -3.1246e+00 -5.2418e+00 -3.0822e+00 -4.0217e+00 -2.8734e+00 +8.0984e-01 +1.4194e+00 -1.3770e+00
7273 +8.788263866e-01 +8.788263866e-01 -8.033117361e+01 -8.033117361e+01 -2.2691e+00 -3.3834e+00 -3.1339e+00 -5.2477e+00 -3.0761e+00 -4.0223e+00 -2.8751e+00 +8.0635e-01 +1.4182e+00 -1.3845e+00
7321 +7.680537531e-01 +7.680537531e-01 -8.044194625e+01 -8.044194625e+01 -2.2671e+00 -3.3835e+00 -3.1365e+00 -5.2435e+00 -3.0818e+00 -4.0222e+00 -2.8872e+00 +8.0313e-01 +1.4253e+00 -1.3765e+00
7323 +7.175038440e-01 +7.175038440e-01 -8.049249616e+01 -8.049249616e+01 -2.2664e+00 -3.3878e+00 -3.1357e+00 -5.2366e+00 -3.0832e+00 -4.0185e+00 -2.8909e+00 +8.0132e-01 +1.4269e+00 -1.3803e+00
7369 +6.764298524e-01 +6.764298524e-01 -8.053357015e+01 -8.053357015e+01 -2.2728e+00 -3.3850e+00 -3.1248e+00 -5.2421e+00 -3.0782e+00 -4.0184e+00 -2.8855e+00 +7.9833e-01 +1.4203e+00 -1.3853e+00
7381 +6.711536290e-01 +6.711536290e-01 -8.053884637e+01 -8.053884637e+01 -2.2740e+00 -3.3835e+00 -3.1299e+00 -5.2425e+00 -3.0792e+00 -4.0212e+00 -2.8827e+00 +7.9942e-01 +1.4218e+00 -1.3857e+00
7414 +6.325208427e-01 +6.325208427e-01 -8.057747916e+01 -8.057747916e+01 -2.2733e+00 -3.3825e+00 -3.1193e+00 -5.2428e+00 -3.0794e+00 -4.0187e+00 -2.8813e+00 +8.0069e-01 +1.4200e+00 -1.3865e+00
7418 +5.516397727e-01 +5.516397727e-01 -8.065836023e+01 -8.065836023e+01 -2.2736e+00 -3.3859e+00 -3.1202e+00 -5.2443e+00 -3.0766e+00 -4.0204e+00 -2.8820e+00 +8.0130e-01 +1.4208e+00 -1.3846e+00
7517 +4.800326392e-01 +4.800326392e-01 -8.072996736e+01 -8.072996736e+01 -2.2736e+00 -3.3772e+00 -3.1243e+00 -5.2462e+00 -3.0810e+00 -4.0160e+00 -2.8843e+00 +8.0423e-01 +1.4147e+00 -1.3908e+00
7624 +4.774338686e-01 +4.774338686e-01 -8.073256613e+01 -8.073256613e+01 -2.2724e+00 -3.3794e+00 -3.1185e+00 -5.2453e+00 -3.0804e+00 -4.0163e+00 -2.8876e+00 +8.0512e-01 +1.4143e+00 -1.3919e+00
7637 +4.332533839e-01 +4.332533839e-01 -8.077674662e+01 -8.077674662e+01 -2.2727e+00 -3.3795e+00 -3.1191e+00 -5.2457e+00 -3.0798e+00 -4.0166e+00 -2.8861e+00 +8.0440e-01 +1.4145e+00 -1.3917e+00
7639 +4.245276040e-01 +4.245276040e-01 -8.078547240e+01 -8.078547240e+01 -2.2716e+00 -3.3792e+00 -3.1181e+00 -5.2450e+00 -3.0804e+00 -4.0172e+00 -2.8877e+00 +8.0452e-01 +1.4136e+00 -1.3912e+00
7649 +4.142055890e-01 +4.142055890e-01 -8.079579441e+01 -8.079579441e+01 -2.2715e+00 -3.3794e+00 -3.1182e+00 -5.2446e+00 -3.0803e+00 -4.0166e+00 -2.8883e+00 +8.0440e-01 +1.4135e+00 -1.3917e+00
7665 +3.814241624e-01 +3.814241624e-01 -8.082857584e+01 -8.082857584e+01 -2.2708e+00 -3.3797e+00 -3.1162e+00 -5.2444e+00 -3.0797e+00 -4.0153e+00 -2.8878e+00 +8.0370e-01 +1.4141e+00 -1.3916e+00
7669 +3.745659391e-01 +3.745659391e-01 -8.083543406e+01 -8.083543406e+01 -2.2713e+00 -3.3794e+00 -3.1182e+00 -5.2438e+00 -3.0803e+00 -4.0155e+00 -2.8884e+00 +8.0351e-01 +1.4140e+00 -1.3918e+00
7682 +3.501674953e-01 +3.501674953e-01 -8.085983250e+01 -8.085983250e+01 -2.2713e+00 -3.3793e+00 -3.1169e+00 -5.2437e+00 -3.0805e+00 -4.0163e+00 -2.8890e+00 +8.0324e-01 +1.4148e+00 -1.3914e+00
7703 +3.348381919e-01 +3.348381919e-01 -8.087516181e+01 -8.087516181e+01 -2.2720e+00 -3.3792e+00 -3.1155e+00 -5.2440e+00 -3.0811e+00 -4.0164e+00 -2.8889e+00 +8.0250e-01 +1.4154e+00 -1.3911e+00
7745 +3.041000028e-01 +3.041000028e-01 -8.090590000e+01 -8.090590000e+01 -2.2710e+00 -3.3789e+00 -3.1160e+00 -5.2435e+00 -3.0806e+00 -4.0156e+00 -2.8890e+00 +8.0236e-01 +1.4148e+00 -1.3912e+00
7759 +3.001883549e-01 +3.001883549e-01 -8.090981165e+01 -8.090981165e+01 -2.2716e+00 -3.3788e+00 -3.1158e+00 -5.2440e+00 -3.0805e+00 -4.0156e+00 -2.8889e+00 +8.0249e-01 +1.4147e+00 -1.3912e+00
7787 +2.868441233e-01 +2.868441233e-01 -8.092315588e+01 -8.092315588e+01 -2.2712e+00 -3.3790e+00 -3.1175e+00 -5.2438e+00 -3.0801e+00 -4.0156e+00 -2.8880e+00 +8.0268e-01 +1.4147e+00 -1.3918e+00
7869 +2.784791350e-01 +2.784791350e-01 -8.093152087e+01 -8.093152087e+01 -2.2715e+00 -3.3790e+00 -3.1179e+00 -5.2442e+00 -3.0803e+00 -4.0164e+00 -2.8878e+00 +8.0252e-01 +1.4151e+00 -1.3917e+00
7876 +2.752157479e-01 +2.752157479e-01 -8.093478425e+01 -8.093478425e+01 -2.2714e+00 -3.3789e+00 -3.1180e+00 -5.2442e+00 -3.0807e+00 -4.0161e+00 -2.8880e+00 +8.0272e-01 +1.4152e+00 -1.3916e+00
7920 +2.682537672e-01 +2.682537672e-01 -8.094174623e+01 -8.094174623e+01 -2.2715e+00 -3.3784e+00 -3.1181e+00 -5.2443e+00 -3.0808e+00 -4.0161e+00 -2.8878e+00 +8.0253e-01 +1.4149e+00 -1.3913e+00
8010 +2.626316891e-01 +2.626316891e-01 -8.094736831e+01 -8.094736831e+01 -2.2718e+00 -3.3786e+00 -3.1184e+00 -5.2440e+00 -3.0812e+00 -4.0159e+00 -2.8880e+00 +8.0258e-01 +1.4151e+00 -1.3918e+00
8064 +2.554147160e-01 +2.554147160e-01 -8.095458528e+01 -8.095458528e+01 -2.2717e+00 -3.3786e+00 -3.1185e+00 -5.2441e+00 -3.0811e+00 -4.0160e+00 -2.8879e+00 +8.0251e-01 +1.4152e+00 -1.3914e+00
8248 +2.496735607e-01 +2.496735607e-01 -8.096032644e+01 -8.096032644e+01 -2.2716e+00 -3.3784e+00 -3.1180e+00 -5.2442e+00 -3.0812e+00 -4.0160e+00 -2.8881e+00 +8.0230e-01 +1.4151e+00 -1.3902e+00
8381 +2.438038300e-01 +2.438038300e-01 -8.096619617e+01 -8.096619617e+01 -2.2717e+00 -3.3784e+00 -3.1180e+00 -5.2444e+00 -3.0813e+00 -4.0161e+00 -2.8880e+00 +8.0228e-01 +1.4151e+00 -1.3903e+00
8447 +2.376105017e-01 +2.376105017e-01 -8.097238950e+01 -8.097238950e+01 -2.2720e+00 -3.3784e+00 -3.1180e+00 -5.2447e+00 -3.0812e+00 -4.0163e+00 -2.8876e+00 +8.0227e-01 +1.4152e+00 -1.3903e+00
8703 +2.340777242e-01 +2.340777242e-01 -8.097592228e+01 -8.097592228e+01 -2.2720e+00 -3.3788e+00 -3.1180e+00 -5.2445e+00 -3.0812e+00 -4.0163e+00 -2.8875e+00 +8.0217e-01 +1.4155e+00 -1.3901e+00
9473 +2.290523264e-01 +2.290523264e-01 -8.098094767e+01 -8.098094767e+01 -2.2721e+00 -3.3788e+00 -3.1178e+00 -5.2446e+00 -3.0811e+00 -4.0162e+00 -2.8874e+00 +8.0211e-01 +1.4154e+00 -1.3900e+00
9843 +2.237123471e-01 +2.237123471e-01 -8.098628765e+01 -8.098628765e+01 -2.2723e+00 -3.3788e+00 -3.1177e+00 -5.2446e+00 -3.0810e+00 -4.0160e+00 -2.8870e+00 +8.0194e-01 +1.4154e+00 -1.3895e+00
% function evaluation | noise-free fitness - Fopt (6.822800000000e+02) | best noise-free fitness - Fopt | measured fitness | best measured fitness | x1 | x2...
1 +8.546533837e+00 +8.546533837e+00 +6.908265338e+02 +6.908265338e+02 +0.0000e+00 +0.0000e+00 +0.0000e+00 +0.0000e+00 +0.0000e+00 +0.0000e+00 +0.0000e+00 +0.0000e+00 +0.0000e+00 +0.0000e+00
11 +8.418328315e+00 +8.418328315e+00 +6.906983283e+02 +6.906983283e+02 +1.2918e+00 -8.8629e-01 -2.7145e-02 +9.5036e-01 +4.0905e-01 -2.7262e-01 -1.9416e+00 +9.6055e-01 +4.7021e-01 -6.5735e-01
31 +7.006546163e+00 +7.006546163e+00 +6.892865462e+02 +6.892865462e+02 -1.0024e+00 -1.1660e+00 -2.8823e-01 +1.1778e+00 +8.1519e-01 -1.0347e+00 -1.9797e+00 +2.1648e-01 -1.9921e-01 -2.3420e+00
36 +4.747897117e+00 +4.747897117e+00 +6.870278971e+02 +6.870278971e+02 -5.8146e-01 -2.5643e-01 -2.0424e-01 +1.1262e+00 +1.5630e+00 -2.1556e+00 -2.7933e+00 +4.4584e-01 +3.7820e-01 -2.6234e+00
81 +4.493486446e+00 +4.493486446e+00 +6.867734864e+02 +6.867734864e+02 -1.9135e+00 +7.0820e-02 +1.3627e+00 +7.2168e-01 +1.7466e+00 -1.4565e+00 -3.4998e+00 -4.6480e-01 -1.1458e+00 -1.7967e+00
94 +3.368046757e+00 +3.368046757e+00 +6.856480468e+02 +6.856480468e+02 -1.7888e+00 +1.0793e+00 +1.6042e+00 +6.5175e-01 +2.1581e+00 -1.2412e+00 -1.2752e+00 +6.4731e-01 -5.4391e-01 -2.6033e+00
1420 +2.582911930e+00 +2.582911930e+00 +6.848629119e+02 +6.848629119e+02 -3.4837e+00 +5.4454e+00 -2.7973e+00 -1.9725e+00 +2.7090e+00 +3.0502e-01 +9.1287e-02 -1.8082e+00 -1.8559e+00 -5.1262e+00
2514 +2.124854456e+00 +2.124854456e+00 +6.844048545e+02 +6.844048545e+02 -3.6125e+00 +5.5606e+00 -3.6084e+00 -9.3998e-01 +2.6334e+00 +1.5852e+00 -4.5906e-02 -2.2844e+00 -2.8157e+00 -5.2471e+00
2816 +2.076655467e+00 +2.076655467e+00 +6.843566555e+02 +6.843566555e+02 -3.5793e+00 +5.5657e+00 -3.6323e+00 -9.4524e-01 +2.6509e+00 +1.5320e+00 -2.4418e-02 -2.2825e+00 -2.7678e+00 -5.2508e+00
2830 +1.540914880e+00 +1.540914880e+00 +6.838209149e+02 +6.838209149e+02 -3.5822e+00 +5.5588e+00 -3.6292e+00 -9.4202e-01 +2.6502e+00 +1.5392e+00 -2.9324e-02 -2.2807e+00 -2.7692e+00 -5.2483e+00
2999 +1.504199179e+00 +1.504199179e+00 +6.837841992e+02 +6.837841992e+02 -3.5968e+00 +5.5565e+00 -3.6117e+00 -9.0285e-01 +2.6353e+00 +1.5792e+00 -2.4123e-02 -2.2715e+00 -2.8091e+00 -5.2409e+00
3080 +1.313900384e+00 +1.313900384e+00 +6.835939004e+02 +6.835939004e+02 -3.5976e+00 +5.5512e+00 -3.6113e+00 -8.9669e-01 +2.6329e+00 +1.5840e+00 -2.5561e-02 -2.2715e+00 -2.8089e+00 -5.2361e+00
3143 +1.042235425e+00 +1.042235425e+00 +6.833222354e+02 +6.833222354e+02 -3.5935e+00 +5.5552e+00 -3.6096e+00 -8.9822e-01 +2.6333e+00 +1.5845e+00 -2.5235e-02 -2.2744e+00 -2.8126e+00 -5.2367e+00
3261 +1.020827765e+00 +1.020827765e+00 +6.833008278e+02 +6.833008278e+02 -3.5963e+00 +5.5522e+00 -3.6057e+00 -8.9961e-01 +2.6340e+00 +1.5852e+00 -2.5636e-02 -2.2731e+00 -2.8149e+00 -5.2377e+00
3299 +9.704131980e-01 +9.704131980e-01 +6.832504132e+02 +6.832504132e+02 -3.5959e+00 +5.5525e+00 -3.6072e+00 -8.9928e-01 +2.6352e+00 +1.5869e+00 -2.5863e-02 -2.2740e+00 -2.8103e+00 -5.2380e+00
3334 +9.120931577e-01 +9.120931577e-01 +6.831920932e+02 +6.831920932e+02 -3.5967e+00 +5.5520e+00 -3.6070e+00 -8.9783e-01 +2.6342e+00 +1.5879e+00 -2.4791e-02 -2.2738e+00 -2.8062e+00 -5.2372e+00
3495 +9.116397018e-01 +9.116397018e-01 +6.831916397e+02 +6.831916397e+02 -3.5954e+00 +5.5520e+00 -3.6077e+00 -9.0076e-01 +2.6346e+00 +1.5855e+00 -2.5838e-02 -2.2746e+00 -2.8079e+00 -5.2389e+00
3573 +8.905769790e-01 +8.905769790e-01 +6.831705770e+02 +6.831705770e+02 -3.5952e+00 +5.5523e+00 -3.6079e+00 -9.0037e-01 +2.6344e+00 +1.5856e+00 -2.6422e-02 -2.2746e+00 -2.8095e+00 -5.2390e+00
3638 +8.525951370e-01 +8.525951370e-01 +6.831325951e+02 +6.831325951e+02 -3.5946e+00 +5.5519e+00 -3.6069e+00 -8.9893e-01 +2.6334e+00 +1.5876e+00 -2.8118e-02 -2.2742e+00 -2.8115e+00 -5.2379e+00
3643 +8.467413717e-01 +8.467413717e-01 +6.831267414e+02 +6.831267414e+02 -3.5945e+00 +5.5524e+00 -3.6064e+00 -8.9858e-01 +2.6336e+00 +1.5877e+00 -2.8642e-02 -2.2745e+00 -2.8140e+00 -5.2383e+00
3663 +8.201257643e-01 +8.201257643e-01 +6.831001258e+02 +6.831001258e+02 -3.5942e+00 +5.5521e+00 -3.6057e+00 -8.9892e-01 +2.6335e+00 +1.5884e+00 -2.8558e-02 -2.2749e+00 -2.8135e+00 -5.2382e+00
3759 +8.115262551e-01 +8.115262551e-01 +6.830915263e+02 +6.830915263e+02 -3.5952e+00 +5.5516e+00 -3.6063e+00 -8.9855e-01 +2.6345e+00 +1.5876e+00 -2.8590e-02 -2.2743e+00 -2.8135e+00 -5.2385e+00
3847 +7.871433266e-01 +7.871433266e-01 +6.830671433e+02 +6.830671433e+02 -3.5952e+00 +5.5516e+00 -3.6063e+00 -8.9849e-01 +2.6346e+00 +1.5880e+00 -2.9462e-02 -2.2746e+00 -2.8145e+00 -5.2387e+00
4082 +7.708333756e-01 +7.708333756e-01 +6.830508334e+02 +6.830508334e+02 -3.5949e+00 +5.5516e+00 -3.6063e+00 -8.9888e-01 +2.6342e+00 +1.5878e+00 -2.9283e-02 -2.2746e+00 -2.8144e+00 -5.2388e+00
% function evaluation | noise-free fitness - Fopt (-7.168200000000e+02) | best noise-free fitness - Fopt | measured fitness | best measured fitness | x1 | x2...
1 +3.195818788e+01 +3.195818788e+01 -6.848618121e+02 -6.848618121e+02 +0.0000e+00 +0.0000e+00 +0.0000e+00 +0.0000e+00 +0.0000e+00 +0.0000e+00 +0.0000e+00 +0.0000e+00 +0.0000e+00 +0.0000e+00
2 +2.263761917e+01 +2.263761917e+01 -6.941823808e+02 -6.941823808e+02 +6.3883e-01 -9.3453e-01 -2.6394e-01 -1.8175e-02 -8.0172e-02 -2.2498e+00 +2.6668e-01 -1.8304e-01 +1.4683e-02 +1.7146e-01
4 +1.754731866e+01 +1.754731866e+01 -6.992726813e+02 -6.992726813e+02 -2.0234e+00 -7.7647e-01 +7.8847e-01 +8.2077e-01 -6.1356e-01 +4.2513e-02 +1.9915e-01 -1.3429e-01 -8.2755e-01 -6.2120e-02
5 +1.205100375e+01 +1.205100375e+01 -7.047689962e+02 -7.047689962e+02 +9.6306e-01 -1.8650e+00 -1.3018e+00 -4.9952e-01 +5.0889e-01 -4.4140e-01 -5.0213e-01 -1.1556e+00 -2.0729e+00 +1.7009e+00
11 +8.686503964e+00 +8.686503964e+00 -7.081334960e+02 -7.081334960e+02 -1.4982e+00 -9.4439e-01 +4.0742e-01 -2.0599e+00 -1.6759e+00 +8.3948e-01 +1.0967e+00 -9.3981e-02 +1.6575e+00 -1.1104e-01
34 +6.106865196e+00 +6.106865196e+00 -7.107131348e+02 -7.107131348e+02 -1.5770e+00 -1.6857e+00 -4.0741e-01 -4.2098e+00 -1.2075e+00 +3.6541e+00 +2.7918e+00 -5.2340e-01 -1.0905e+00 -2.4005e+00
148 +3.496246497e+00 +3.496246497e+00 -7.133237535e+02 -7.133237535e+02 -5.5973e+00 -2.1828e+00 +4.3975e-01 -5.3234e+00 -2.1660e+00 +1.8329e+00 -3.8406e-01 -1.4496e+00 -6.6445e-01 -8.1725e-01
1585 +3.046503233e+00 +3.046503233e+00 -7.137734968e+02 -7.137734968e+02 -1.0002e+00 -2.6045e+00 -3.5082e+00 -4.3850e+00 -5.2451e+00 +5.0230e+00 -3.1457e+00 -3.1977e+00 -8.6893e-01 -4.5959e+00
1720 +2.836666313e+00 +2.836666313e+00 -7.139833337e+02 -7.139833337e+02 -9.2612e-01 -1.7804e+00 -2.3846e+00 -5.0354e+00 -5.3092e+00 +5.1992e+00 -2.7478e+00 -2.7937e+00 -2.1920e+00 -5.1317e+00
6074 +2.707277941e+00 +2.707277941e+00 -7.141127221e+02 -7.141127221e+02 -5.1972e+00 -5.8433e-01 +6.9881e-01 +5.2937e+00 -5.2271e+00 +3.8964e+00 -2.0824e-01 -2.4890e+00 -3.3589e+00 -5.3518e+00
6089 +2.548721760e+00 +2.548721760e+00 -7.142712782e+02 -7.142712782e+02 -5.1965e+00 -5.7454e-01 +7.0223e-01 +5.2973e+00 -5.2323e+00 +3.8974e+00 -2.0448e-01 -2.4848e+00 -3.3506e+00 -5.3492e+00
6094 +2.479773495e+00 +2.479773495e+00 -7.143402265e+02 -7.143402265e+02 -5.1976e+00 -5.7676e-01 +7.0940e-01 +5.3036e+00 -5.2279e+00 +3.8994e+00 -1.9627e-01 -2.4791e+00 -3.3554e+00 -5.3466e+00
6100 +1.881573717e+00 +1.881573717e+00 -7.149384263e+02 -7.149384263e+02 -5.2038e+00 -5.8142e-01 +6.8538e-01 +5.2965e+00 -5.2284e+00 +3.8950e+00 -2.1339e-01 -2.4910e+00 -3.3544e+00 -5.3452e+00
6102 +1.837566628e+00 +1.837566628e+00 -7.149824334e+02 -7.149824334e+02 -5.2171e+00 -5.8682e-01 +6.8559e-01 +5.2935e+00 -5.2236e+00 +3.9024e+00 -2.1971e-01 -2.4929e+00 -3.3626e+00 -5.3428e+00
6105 +1.640105894e+00 +1.640105894e+00 -7.151798941e+02 -7.151798941e+02 -5.1917e+00 -5.8271e-01 +6.9349e-01 +5.2972e+00 -5.2318e+00 +3.9018e+00 -1.9536e-01 -2.4902e+00 -3.3656e+00 -5.3429e+00
6147 +1.177091637e+00 +1.177091637e+00 -7.156429084e+02 -7.156429084e+02 -5.2176e+00 -5.8470e-01 +6.8461e-01 +5.2907e+00 -5.2244e+00 +3.9051e+00 -1.9643e-01 -2.4878e+00 -3.3687e+00 -5.3474e+00
6217 +1.084778825e+00 +1.084778825e+00 -7.157352212e+02 -7.157352212e+02 -5.2190e+00 -5.7650e-01 +6.9546e-01 +5.2888e+00 -5.2354e+00 +3.9074e+00 -1.9865e-01 -2.4890e+00 -3.3668e+00 -5.3530e+00
6236 +1.028045516e+00 +1.028045516e+00 -7.157919545e+02 -7.157919545e+02 -5.2206e+00 -5.7882e-01 +6.9297e-01 +5.2916e+00 -5.2345e+00 +3.8988e+00 -1.9800e-01 -2.4925e+00 -3.3642e+00 -5.3510e+00
6246 +7.934534352e-01 +7.934534352e-01 -7.160265466e+02 -7.160265466e+02 -5.2198e+00 -5.7635e-01 +6.9882e-01 +5.2886e+00 -5.2321e+00 +3.8989e+00 -2.0339e-01 -2.4957e+00 -3.3641e+00 -5.3537e+00
6472 +7.563210466e-01 +7.563210466e-01 -7.160636790e+02 -7.160636790e+02 -5.2246e+00 -5.8195e-01 +6.9023e-01 +5.2855e+00 -5.2344e+00 +3.8976e+00 -1.9176e-01 -2.4953e+00 -3.3496e+00 -5.3464e+00
6480 +6.720681056e-01 +6.720681056e-01 -7.161479319e+02 -7.161479319e+02 -5.2242e+00 -5.8182e-01 +6.9142e-01 +5.2876e+00 -5.2341e+00 +3.8977e+00 -1.9470e-01 -2.4977e+00 -3.3508e+00 -5.3478e+00
6513 +6.179814250e-01 +6.179814250e-01 -7.162020186e+02 -7.162020186e+02 -5.2237e+00 -5.8238e-01 +6.9015e-01 +5.2866e+00 -5.2344e+00 +3.8970e+00 -1.9534e-01 -2.4972e+00 -3.3504e+00 -5.3466e+00
6576 +6.029918805e-01 +6.029918805e-01 -7.162170081e+02 -7.162170081e+02 -5.2246e+00 -5.8156e-01 +6.9068e-01 +5.2859e+00 -5.2344e+00 +3.8967e+00 -1.9568e-01 -2.4967e+00 -3.3494e+00 -5.3472e+00
6665 +5.903017831e-01 +5.903017831e-01 -7.162296982e+02 -7.162296982e+02 -5.2257e+00 -5.8053e-01 +6.9131e-01 +5.2863e+00 -5.2333e+00 +3.8969e+00 -1.9510e-01 -2.4976e+00 -3.3493e+00 -5.3478e+00
6732 +5.842514276e-01 +5.842514276e-01 -7.162357486e+02 -7.162357486e+02 -5.2246e+00 -5.7966e-01 +6.9122e-01 +5.2855e+00 -5.2338e+00 +3.8971e+00 -1.9688e-01 -2.4963e+00 -3.3500e+00 -5.3484e+00
6818 +5.751182189e-01 +5.751182189e-01 -7.162448818e+02 -7.162448818e+02 -5.2235e+00 -5.7951e-01 +6.9212e-01 +5.2852e+00 -5.2348e+00 +3.8969e+00 -2.0034e-01 -2.4960e+00 -3.3516e+00 -5.3489e+00
6869 +5.480851712e-01 +5.480851712e-01 -7.162719148e+02 -7.162719148e+02 -5.2236e+00 -5.8013e-01 +6.9224e-01 +5.2851e+00 -5.2351e+00 +3.8965e+00 -2.0205e-01 -2.4959e+00 -3.3518e+00 -5.3487e+00
6910 +5.306490682e-01 +5.306490682e-01 -7.162893509e+02 -7.162893509e+02 -5.2232e+00 -5.8106e-01 +6.9212e-01 +5.2851e+00 -5.2353e+00 +3.8962e+00 -2.0370e-01 -2.4968e+00 -3.3521e+00 -5.3482e+00
6998 +5.114646250e-01 +5.114646250e-01 -7.163085354e+02 -7.163085354e+02 -5.2228e+00 -5.8065e-01 +6.9214e-01 +5.2848e+00 -5.2353e+00 +3.8966e+00 -2.0416e-01 -2.4967e+00 -3.3527e+00 -5.3484e+00
7077 +4.964262982e-01 +4.964262982e-01 -7.163235737e+02 -7.163235737e+02 -5.2229e+00 -5.8114e-01 +6.9273e-01 +5.2849e+00 -5.2356e+00 +3.8961e+00 -2.0400e-01 -2.4969e+00 -3.3523e+00 -5.3482e+00
7107 +4.812773350e-01 +4.812773350e-01 -7.163387227e+02 -7.163387227e+02 -5.2229e+00 -5.8126e-01 +6.9261e-01 +5.2846e+00 -5.2359e+00 +3.8959e+00 -2.0460e-01 -2.4968e+00 -3.3521e+00 -5.3479e+00
7189 +4.772099689e-01 +4.772099689e-01 -7.163427900e+02 -7.163427900e+02 -5.2228e+00 -5.8102e-01 +6.9235e-01 +5.2848e+00 -5.2355e+00 +3.8961e+00 -2.0458e-01 -2.4967e+00 -3.3521e+00 -5.3479e+00
7230 +4.662267815e-01 +4.662267815e-01 -7.163537732e+02 -7.163537732e+02 -5.2229e+00 -5.8105e-01 +6.9243e-01 +5.2846e+00 -5.2354e+00 +3.8959e+00 -2.0471e-01 -2.4968e+00 -3.3520e+00 -5.3479e+00
% function evaluation | noise-free fitness - Fopt (-1.000000000000e+03) | best noise-free fitness - Fopt | measured fitness | best measured fitness | x1 | x2...
1 +1.170797855e+01 +1.170797855e+01 -9.882920215e+02 -9.882920215e+02 +0.0000e+00 +0.0000e+00 +0.0000e+00 +0.0000e+00 +0.0000e+00 +0.0000e+00 +0.0000e+00 +0.0000e+00 +0.0000e+00 +0.0000e+00
2 +8.057306984e+00 +8.057306984e+00 -9.919426930e+02 -9.919426930e+02 +6.3254e-01 +1.1564e+00 +1.8167e+00 +1.5631e+00 +7.9713e-01 +1.1390e-01 +9.4485e-01 -9.0634e-02 -1.4147e-01 -4.9268e-01
3 +4.628360995e+00 +4.628360995e+00 -9.953716390e+02 -9.953716390e+02 +1.2840e+00 -7.2322e-01 +1.7273e+00 -5.6273e-01 +3.9122e-01 -1.9114e+00 -2.9763e-01 +1.1160e+00 +2.0103e-01 +7.4025e-01
41 +4.498634881e+00 +4.498634881e+00 -9.955013651e+02 -9.955013651e+02 +7.2647e-01 -6.4334e-01 -7.6285e-02 -1.0313e-02 +3.2512e-01 -2.0435e+00 -3.1577e-01 +2.3428e-01 +3.8671e-02 -1.2450e+00
438 +3.628811545e+00 +3.628811545e+00 -9.963711885e+02 -9.963711885e+02 -1.8872e+00 +7.2345e-01 +1.7407e-01 +3.8830e+00 +5.2095e+00 +1.1825e+00 +5.3516e+00 +3.9339e+00 -2.8999e+00 +2.9987e+00
627 +3.385749552e+00 +3.385749552e+00 -9.966142504e+02 -9.966142504e+02 -3.8110e+00 +1.2436e+00 -5.2938e-01 +4.0490e+00 +2.2688e+00 +1.1044e+00 +2.5702e+00 +3.2022e+00 -3.6431e+00 +1.2622e+00
729 +3.185173312e+00 +3.185173312e+00 -9.968148267e+02 -9.968148267e+02 -1.1162e+00 +1.6346e+00 -1.5939e-01 +6.4380e-01 +3.6604e+00 +2.0732e+00 +4.5590e+00 +4.1214e+00 -5.4970e+00 +3.7714e-02
3176 +3.067058828e+00 +3.067058828e+00 -9.969329412e+02 -9.969329412e+02 -5.1254e+00 +4.1457e+00 -5.6781e+00 +3.1128e+00 +1.7225e+00 +2.9061e+00 -2.0014e+00 +2.2757e+00 -3.6081e+00 +9.2947e-01
7663 +2.828061897e+00 +2.828061897e+00 -9.971719381e+02 -9.971719381e+02 -5.9781e+00 -5.9309e+00 -2.3794e+00 +5.0538e+00 +2.1079e+00 -2.9349e+00 -4.9241e+00 -2.2822e+00 -3.3130e+00 -3.0016e+00
7676 +2.809445663e+00 +2.809445663e+00 -9.971905543e+02 -9.971905543e+02 -5.9767e+00 -5.9267e+00 -2.3796e+00 +5.0543e+00 +2.1088e+00 -2.9406e+00 -4.9261e+00 -2.2822e+00 -3.3124e+00 -3.0014e+00
7685 +2.719066860e+00 +2.719066860e+00 -9.972809331e+02 -9.972809331e+02 -5.9777e+00 -5.9251e+00 -2.3809e+00 +5.0544e+00 +2.1085e+00 -2.9421e+00 -4.9258e+00 -2.2812e+00 -3.3133e+00 -3.0002e+00
7700 +2.661151512e+00 +2.661151512e+00 -9.973388485e+02 -9.973388485e+02 -5.9801e+00 -5.9257e+00 -2.3800e+00 +5.0543e+00 +2.1107e+00 -2.9371e+00 -4.9239e+00 -2.2834e+00 -3.3144e+00 -3.0047e+00
7731 +2.579789945e+00 +2.579789945e+00 -9.974202101e+02 -9.974202101e+02 -5.9804e+00 -5.9242e+00 -2.3827e+00 +5.0594e+00 +2.1097e+00 -2.9437e+00 -4.9209e+00 -2.2829e+00 -3.3174e+00 -3.0002e+00
7734 +2.474043227e+00 +2.474043227e+00 -9.975259568e+02 -9.975259568e+02 -5.9815e+00 -5.9276e+00 -2.3823e+00 +5.0568e+00 +2.1085e+00 -2.9399e+00 -4.9244e+00 -2.2836e+00 -3.3171e+00 -3.0005e+00
7825 +2.447850949e+00 +2.447850949e+00 -9.975521491e+02 -9.975521491e+02 -5.9833e+00 -5.9279e+00 -2.3833e+00 +5.0576e+00 +2.1108e+00 -2.9361e+00 -4.9221e+00 -2.2846e+00 -3.3162e+00 -3.0003e+00
7828 +2.391345770e+00 +2.391345770e+00 -9.976086542e+02 -9.976086542e+02 -5.9825e+00 -5.9292e+00 -2.3829e+00 +5.0581e+00 +2.1113e+00 -2.9347e+00 -4.9202e+00 -2.2843e+00 -3.3173e+00 -3.0004e+00
7880 +2.244878621e+00 +2.244878621e+00 -9.977551214e+02 -9.977551214e+02 -5.9821e+00 -5.9291e+00 -2.3812e+00 +5.0571e+00 +2.1109e+00 -2.9349e+00 -4.9227e+00 -2.2836e+00 -3.3168e+00 -3.0000e+00
8184 +2.206478451e+00 +2.206478451e+00 -9.977935215e+02 -9.977935215e+02 -5.9835e+00 -5.9283e+00 -2.3808e+00 +5.0572e+00 +2.1104e+00 -2.9357e+00 -4.9241e+00 -2.2852e+00 -3.3166e+00 -2.9992e+00
8438 +2.184652323e+00 +2.184652323e+00 -9.978153477e+02 -9.978153477e+02 -5.9837e+00 -5.9281e+00 -2.3807e+00 +5.0570e+00 +2.1101e+00 -2.9357e+00 -4.9245e+00 -2.2855e+00 -3.3163e+00 -2.9992e+00
% function evaluation | noise-free fitness - Fopt (-1.000000000000e+03) | best noise-free fitness - Fopt | measured fitness | best measured fitness | x1 | x2...
1 +1.193588727e+01 +1.193588727e+01 -9.880641127e+02 -9.880641127e+02 +0.0000e+00 +0.0000e+00 +0.0000e+00 +0.0000e+00 +0.0000e+00 +0.0000e+00 +0.0000e+00 +0.0000e+00 +0.0000e+00 +0.0000e+00
5 +4.700626971e+00 +4.700626971e+00 -9.952993730e+02 -9.952993730e+02 +1.2574e+00 +9.8351e-01 +4.7850e-01 -5.9685e-01 +3.0212e-02 +9.1611e-01 -1.0374e-01 -1.7335e-01 -1.8494e+00 +1.8867e+00
439 +3.280505006e+00 +3.280505006e+00 -9.967194950e+02 -9.967194950e+02 +3.3709e+00 +1.4744e+00 +2.6725e+00 -9.7601e-01 +2.6279e+00 -7.5408e-01 -1.8095e+00 +9.3871e-01 -3.8969e+00 +5.7168e+00
660 +3.076566420e+00 +3.076566420e+00 -9.969234336e+02 -9.969234336e+02 +3.8913e+00 +2.0568e+00 +2.9158e+00 -8.7983e-01 +3.6949e+00 -2.4898e+00 -7.6454e-01 +1.9570e+00 -4.8151e+00 +5.9539e+00
1739 +2.627936672e+00 +2.627936672e+00 -9.973720633e+02 -9.973720633e+02 +3.2405e+00 +1.6234e+00 +3.9583e+00 -1.3987e+00 +3.4998e+00 -3.2039e+00 -1.5827e-01 +2.0044e+00 -4.8830e+00 +5.6467e+00
1764 +1.945691389e+00 +1.945691389e+00 -9.980543086e+02 -9.980543086e+02 +3.2359e+00 +1.6357e+00 +3.9396e+00 -1.4085e+00 +3.4881e+00 -3.1910e+00 -1.5757e-01 +2.0063e+00 -4.9134e+00 +5.6452e+00
2000 +1.742261544e+00 +1.742261544e+00 -9.982577385e+02 -9.982577385e+02 +3.2410e+00 +1.6284e+00 +3.9524e+00 -1.3657e+00 +3.5215e+00 -3.2141e+00 -1.6024e-01 +2.0125e+00 -4.9219e+00 +5.6705e+00
2127 +1.680580415e+00 +1.680580415e+00 -9.983194196e+02 -9.983194196e+02 +3.2404e+00 +1.6214e+00 +3.9412e+00 -1.3743e+00 +3.5137e+00 -3.2175e+00 -1.6032e-01 +2.0168e+00 -4.9208e+00 +5.6709e+00
2185 +1.512700489e+00 +1.512700489e+00 -9.984872995e+02 -9.984872995e+02 +3.2414e+00 +1.6202e+00 +3.9466e+00 -1.3717e+00 +3.5150e+00 -3.2129e+00 -1.6154e-01 +2.0171e+00 -4.9165e+00 +5.6697e+00
2210 +1.318979288e+00 +1.318979288e+00 -9.986810207e+02 -9.986810207e+02 +3.2402e+00 +1.6212e+00 +3.9468e+00 -1.3703e+00 +3.5175e+00 -3.2131e+00 -1.6300e-01 +2.0174e+00 -4.9177e+00 +5.6706e+00
2253 +1.240032643e+00 +1.240032643e+00 -9.987599674e+02 -9.987599674e+02 +3.2407e+00 +1.6209e+00 +3.9483e+00 -1.3684e+00 +3.5191e+00 -3.2141e+00 -1.6331e-01 +2.0179e+00 -4.9167e+00 +5.6707e+00
2258 +1.205740231e+00 +1.205740231e+00 -9.987942598e+02 -9.987942598e+02 +3.2399e+00 +1.6213e+00 +3.9465e+00 -1.3691e+00 +3.5177e+00 -3.2156e+00 -1.6180e-01 +2.0173e+00 -4.9182e+00 +5.6707e+00
2314 +1.199407672e+00 +1.199407672e+00 -9.988005923e+02 -9.988005923e+02 +3.2407e+00 +1.6200e+00 +3.9461e+00 -1.3681e+00 +3.5187e+00 -3.2175e+00 -1.6192e-01 +2.0180e+00 -4.9186e+00 +5.6723e+00
2328 +1.126712576e+00 +1.126712576e+00 -9.988732874e+02 -9.988732874e+02 +3.2414e+00 +1.6195e+00 +3.9469e+00 -1.3673e+00 +3.5200e+00 -3.2179e+00 -1.6133e-01 +2.0178e+00 -4.9181e+00 +5.6723e+00
2345 +1.043272763e+00 +1.043272763e+00 -9.989567272e+02 -9.989567272e+02 +3.2420e+00 +1.6195e+00 +3.9487e+00 -1.3664e+00 +3.5188e+00 -3.2188e+00 -1.6024e-01 +2.0174e+00 -4.9171e+00 +5.6718e+00
2897 +9.820151726e-01 +9.820151726e-01 -9.990179848e+02 -9.990179848e+02 +3.2468e+00 +1.6246e+00 +3.9521e+00 -1.3684e+00 +3.5244e+00 -3.2073e+00 -1.6082e-01 +2.0164e+00 -4.9133e+00 +5.6663e+00
2898 +9.261019360e-01 +9.261019360e-01 -9.990738981e+02 -9.990738981e+02 +3.2466e+00 +1.6246e+00 +3.9522e+00 -1.3691e+00 +3.5244e+00 -3.2076e+00 -1.6182e-01 +2.0168e+00 -4.9127e+00 +5.6661e+00
3143 +9.078747473e-01 +9.078747473e-01 -9.990921253e+02 -9.990921253e+02 +3.2450e+00 +1.6248e+00 +3.9525e+00 -1.3679e+00 +3.5243e+00 -3.2084e+00 -1.6207e-01 +2.0167e+00 -4.9137e+00 +5.6663e+00
3612 +8.910660323e-01 +8.910660323e-01 -9.991089340e+02 -9.991089340e+02 +3.2451e+00 +1.6249e+00 +3.9523e+00 -1.3675e+00 +3.5246e+00 -3.2078e+00 -1.6194e-01 +2.0168e+00 -4.9139e+00 +5.6663e+00
% function evaluation | noise-free fitness - Fopt (4.819000000000e+01) | best noise-free fitness - Fopt | measured fitness | best measured fitness | x1 | x2...
1 +2.296672391e+01 +2.296672391e+01 +7.115672391e+01 +7.115672391e+01 +0.0000e+00 +0.0000e+00 +0.0000e+00 +0.0000e+00 +0.0000e+00 +0.0000e+00 +0.0000e+00 +0.0000e+00 +0.0000e+00 +0.0000e+00
2 +1.568910836e+01 +1.568910836e+01 +6.387910836e+01 +6.387910836e+01 +2.0220e+00 -1.7180e+00 +1.4388e+00 +2.6889e+00 -5.5221e-01 +6.1029e-01 +1.5502e-01 +4.3468e-01 -4.2809e-01 +1.7322e+00
3 +7.769379076e+00 +7.769379076e+00 +5.595937908e+01 +5.595937908e+01 -1.3344e-01 +1.1355e+00 -6.2475e-01 +1.5714e-01 -2.6766e-01 -2.4400e+00 -2.5879e-01 +9.0351e-01 -6.2194e-01 +8.2844e-01
4 +7.666137581e+00 +7.666137581e+00 +5.585613758e+01 +5.585613758e+01 +5.8010e-01 +8.6221e-01 +1.1882e-01 +1.2670e+00 +1.2445e+00 +1.8246e+00 -5.1226e-01 -1.7291e+00 -1.1467e+00 -5.9993e-02
8 +7.531610542e+00 +7.531610542e+00 +5.572161054e+01 +5.572161054e+01 +3.0464e-01 -5.9394e-01 -2.7872e-02 -1.5282e-01 +4.3743e-01 -2.5354e-01 -3.4364e-01 -1.5782e+00 -1.2456e+00 -1.4131e+00
55 +5.184098567e+00 +5.184098567e+00 +5.337409857e+01 +5.337409857e+01 +3.6373e+00 -4.3953e-01 -1.8749e+00 -2.7092e-01 +2.4295e+00 +8.5652e-02 -1.0151e+00 -1.0243e+00 -9.9845e-01 +1.2204e+00
57 +3.358971845e+00 +3.358971845e+00 +5.154897185e+01 +5.154897185e+01 +2.1032e+00 -2.2542e-01 -2.3604e+00 -7.1921e-02 +2.1441e+00 -3.9140e-01 -1.9835e+00 -2.8169e+00 -2.8143e-01 +2.5824e+00
1219 +3.044513800e+00 +3.044513800e+00 +5.123451380e+01 +5.123451380e+01 +3.8963e+00 -3.2221e+00 -2.3817e+00 -1.5913e-01 +4.8199e-01 +3.6299e+00 -5.0349e+00 -4.1827e+00 -1.2150e+00 +2.4189e-01
2362 +2.201157883e+00 +2.201157883e+00 +5.039115788e+01 +5.039115788e+01 +2.4668e+00 -3.3888e+00 -2.7026e+00 +1.7990e-01 +2.0110e+00 +1.1771e+00 -5.0331e+00 -3.2087e+00 -3.3784e+00 +1.2978e+00
4687 +1.826713975e+00 +1.826713975e+00 +5.001671397e+01 +5.001671397e+01 +4.2019e+00 -1.4553e+00 -1.6112e+00 -3.4595e+00 +3.2334e+00 +2.0168e+00 -4.7013e+00 +4.3315e+00 -3.3762e+00 +2.0845e+00
6318 +1.668838362e+00 +1.668838362e+00 +4.985883836e+01 +4.985883836e+01 +1.7056e+00 -1.5685e+00 -1.4679e+00 -3.6289e+00 +2.4975e+00 +1.1656e+00 -5.4432e+00 +5.0800e+00 -3.1393e+00 +1.8683e+00
6325 +1.594098574e+00 +1.594098574e+00 +4.978409857e+01 +4.978409857e+01 +1.7382e+00 -1.5625e+00 -1.4624e+00 -3.6356e+00 +2.5060e+00 +1.1633e+00 -5.4302e+00 +5.0679e+00 -3.1373e+00 +1.8721e+00
6332 +1.321503865e+00 +1.321503865e+00 +4.951150386e+01 +4.951150386e+01 +1.7420e+00 -1.5602e+00 -1.4497e+00 -3.6362e+00 +2.5123e+00 +1.1591e+00 -5.4118e+00 +5.0531e+00 -3.1363e+00 +1.8846e+00
6504 +1.290134047e+00 +1.290134047e+00 +4.948013405e+01 +4.948013405e+01 +1.7396e+00 -1.5604e+00 -1.4668e+00 -3.6316e+00 +2.5082e+00 +1.1654e+00 -5.4167e+00 +5.0338e+00 -3.1510e+00 +1.8874e+00
6560 +1.147572972e+00 +1.147572972e+00 +4.933757297e+01 +4.933757297e+01 +1.7377e+00 -1.5615e+00 -1.4573e+00 -3.6321e+00 +2.5047e+00 +1.1685e+00 -5.4166e+00 +5.0364e+00 -3.1478e+00 +1.8934e+00
6624 +1.097564344e+00 +1.097564344e+00 +4.928756434e+01 +4.928756434e+01 +1.7257e+00 -1.5618e+00 -1.4541e+00 -3.6326e+00 +2.5025e+00 +1.1684e+00 -5.4202e+00 +5.0393e+00 -3.1462e+00 +1.8857e+00
6627 +1.055424516e+00 +1.055424516e+00 +4.924542452e+01 +4.924542452e+01 +1.7366e+00 -1.5611e+00 -1.4601e+00 -3.6328e+00 +2.5045e+00 +1.1688e+00 -5.4180e+00 +5.0389e+00 -3.1458e+00 +1.8872e+00
6628 +1.022925384e+00 +1.022925384e+00 +4.921292538e+01 +4.921292538e+01 +1.7370e+00 -1.5615e+00 -1.4576e+00 -3.6323e+00 +2.5049e+00 +1.1680e+00 -5.4181e+00 +5.0384e+00 -3.1470e+00 +1.8882e+00
6633 +9.711370583e-01 +9.711370583e-01 +4.916113706e+01 +4.916113706e+01 +1.7362e+00 -1.5615e+00 -1.4574e+00 -3.6321e+00 +2.5060e+00 +1.1679e+00 -5.4181e+00 +5.0396e+00 -3.1462e+00 +1.8910e+00
6641 +9.065335958e-01 +9.065335958e-01 +4.909653360e+01 +4.909653360e+01 +1.7386e+00 -1.5607e+00 -1.4573e+00 -3.6323e+00 +2.5055e+00 +1.1687e+00 -5.4160e+00 +5.0389e+00 -3.1461e+00 +1.8859e+00
6692 +8.760404119e-01 +8.760404119e-01 +4.906604041e+01 +4.906604041e+01 +1.7369e+00 -1.5599e+00 -1.4589e+00 -3.6344e+00 +2.5063e+00 +1.1664e+00 -5.4169e+00 +5.0329e+00 -3.1451e+00 +1.8901e+00
6714 +8.655248571e-01 +8.655248571e-01 +4.905552486e+01 +4.905552486e+01 +1.7364e+00 -1.5599e+00 -1.4588e+00 -3.6360e+00 +2.5091e+00 +1.1641e+00 -5.4182e+00 +5.0326e+00 -3.1448e+00 +1.8890e+00
6755 +7.780554303e-01 +7.780554303e-01 +4.896805543e+01 +4.896805543e+01 +1.7382e+00 -1.5612e+00 -1.4576e+00 -3.6379e+00 +2.5110e+00 +1.1643e+00 -5.4181e+00 +5.0369e+00 -3.1442e+00 +1.8889e+00
6801 +6.789387394e-01 +6.789387394e-01 +4.886893874e+01 +4.886893874e+01 +1.7332e+00 -1.5599e+00 -1.4538e+00 -3.6361e+00 +2.5141e+00 +1.1619e+00 -5.4170e+00 +5.0393e+00 -3.1428e+00 +1.8832e+00
6820 +6.604307712e-01 +6.604307712e-01 +4.885043077e+01 +4.885043077e+01 +1.7341e+00 -1.5600e+00 -1.4558e+00 -3.6360e+00 +2.5156e+00 +1.1589e+00 -5.4141e+00 +5.0391e+00 -3.1442e+00 +1.8832e+00
6847 +5.906719238e-01 +5.906719238e-01 +4.878067192e+01 +4.878067192e+01 +1.7435e+00 -1.5609e+00 -1.4570e+00 -3.6361e+00 +2.5151e+00 +1.1626e+00 -5.4128e+00 +5.0346e+00 -3.1445e+00 +1.8906e+00
7071 +5.547925915e-01 +5.547925915e-01 +4.874479259e+01 +4.874479259e+01 +1.7404e+00 -1.5582e+00 -1.4554e+00 -3.6384e+00 +2.5183e+00 +1.1616e+00 -5.4173e+00 +5.0447e+00 -3.1431e+00 +1.8861e+00
7159 +5.382958409e-01 +5.382958409e-01 +4.872829584e+01 +4.872829584e+01 +1.7389e+00 -1.5582e+00 -1.4536e+00 -3.6395e+00 +2.5203e+00 +1.1603e+00 -5.4171e+00 +5.0476e+00 -3.1407e+00 +1.8852e+00
7187 +5.072983924e-01 +5.072983924e-01 +4.869729839e+01 +4.869729839e+01 +1.7375e+00 -1.5580e+00 -1.4518e+00 -3.6406e+00 +2.5228e+00 +1.1599e+00 -5.4176e+00 +5.0516e+00 -3.1387e+00 +1.8846e+00
7201 +4.991730314e-01 +4.991730314e-01 +4.868917303e+01 +4.868917303e+01 +1.7360e+00 -1.5580e+00 -1.4509e+00 -3.6411e+00 +2.5239e+00 +1.1600e+00 -5.4182e+00 +5.0540e+00 -3.1377e+00 +1.8843e+00
7203 +4.570918812e-01 +4.570918812e-01 +4.864709188e+01 +4.864709188e+01 +1.7338e+00 -1.5579e+00 -1.4493e+00 -3.6422e+00 +2.5269e+00 +1.1597e+00 -5.4189e+00 +5.0586e+00 -3.1352e+00 +1.8837e+00
7252 +4.387147850e-01 +4.387147850e-01 +4.862871479e+01 +4.862871479e+01 +1.7342e+00 -1.5582e+00 -1.4492e+00 -3.6426e+00 +2.5268e+00 +1.1590e+00 -5.4190e+00 +5.0580e+00 -3.1354e+00 +1.8832e+00
7259 +4.337659272e-01 +4.337659272e-01 +4.862376593e+01 +4.862376593e+01 +1.7338e+00 -1.5583e+00 -1.4488e+00 -3.6424e+00 +2.5273e+00 +1.1593e+00 -5.4193e+00 +5.0604e+00 -3.1345e+00 +1.8831e+00
7271 +4.197292202e-01 +4.197292202e-01 +4.860972922e+01 +4.860972922e+01 +1.7339e+00 -1.5582e+00 -1.4489e+00 -3.6428e+00 +2.5275e+00 +1.1595e+00 -5.4193e+00 +5.0604e+00 -3.1347e+00 +1.8822e+00
7279 +4.063744246e-01 +4.063744246e-01 +4.859637442e+01 +4.859637442e+01 +1.7339e+00 -1.5584e+00 -1.4490e+00 -3.6434e+00 +2.5281e+00 +1.1592e+00 -5.4200e+00 +5.0622e+00 -3.1344e+00 +1.8821e+00
7281 +3.931148620e-01 +3.931148620e-01 +4.858311486e+01 +4.858311486e+01 +1.7336e+00 -1.5581e+00 -1.4485e+00 -3.6434e+00 +2.5278e+00 +1.1593e+00 -5.4195e+00 +5.0616e+00 -3.1342e+00 +1.8821e+00
7332 +3.755209272e-01 +3.755209272e-01 +4.856552093e+01 +4.856552093e+01 +1.7346e+00 -1.5580e+00 -1.4494e+00 -3.6435e+00 +2.5280e+00 +1.1585e+00 -5.4197e+00 +5.0600e+00 -3.1347e+00 +1.8829e+00
7368 +3.702076677e-01 +3.702076677e-01 +4.856020767e+01 +4.856020767e+01 +1.7342e+00 -1.5580e+00 -1.4498e+00 -3.6440e+00 +2.5282e+00 +1.1580e+00 -5.4199e+00 +5.0614e+00 -3.1343e+00 +1.8823e+00
7449 +3.600970870e-01 +3.600970870e-01 +4.855009709e+01 +4.855009709e+01 +1.7350e+00 -1.5581e+00 -1.4506e+00 -3.6432e+00 +2.5272e+00 +1.1586e+00 -5.4193e+00 +5.0607e+00 -3.1350e+00 +1.8828e+00
7453 +3.545948416e-01 +3.545948416e-01 +4.854459484e+01 +4.854459484e+01 +1.7350e+00 -1.5581e+00 -1.4505e+00 -3.6432e+00 +2.5275e+00 +1.1585e+00 -5.4193e+00 +5.0616e+00 -3.1348e+00 +1.8827e+00
7490 +3.464528938e-01 +3.464528938e-01 +4.853645289e+01 +4.853645289e+01 +1.7354e+00 -1.5581e+00 -1.4508e+00 -3.6428e+00 +2.5270e+00 +1.1587e+00 -5.4194e+00 +5.0601e+00 -3.1352e+00 +1.8831e+00
7504 +3.386782362e-01 +3.386782362e-01 +4.852867824e+01 +4.852867824e+01 +1.7355e+00 -1.5581e+00 -1.4507e+00 -3.6430e+00 +2.5276e+00 +1.1585e+00 -5.4195e+00 +5.0613e+00 -3.1347e+00 +1.8833e+00
7552 +3.212817526e-01 +3.212817526e-01 +4.851128175e+01 +4.851128175e+01 +1.7361e+00 -1.5581e+00 -1.4506e+00 -3.6428e+00 +2.5275e+00 +1.1587e+00 -5.4194e+00 +5.0614e+00 -3.1347e+00 +1.8833e+00
7710 +3.160475058e-01 +3.160475058e-01 +4.850604751e+01 +4.850604751e+01 +1.7362e+00 -1.5582e+00 -1.4505e+00 -3.6429e+00 +2.5278e+00 +1.1587e+00 -5.4193e+00 +5.0613e+00 -3.1349e+00 +1.8834e+00
7933 +3.081547096e-01 +3.081547096e-01 +4.849815471e+01 +4.849815471e+01 +1.7362e+00 -1.5582e+00 -1.4504e+00 -3.6431e+00 +2.5278e+00 +1.1588e+00 -5.4195e+00 +5.0615e+00 -3.1348e+00 +1.8834e+00
8976 +3.019872214e-01 +3.019872214e-01 +4.849198722e+01 +4.849198722e+01 +1.7360e+00 -1.5582e+00 -1.4504e+00 -3.6432e+00 +2.5276e+00 +1.1589e+00 -5.4197e+00 +5.0615e+00 -3.1348e+00 +1.8833e+00
% function evaluation | noise-free fitness - Fopt (-1.071000000000e+01) | best noise-free fitness - Fopt | measured fitness | best measured fitness | x1 | x2...
1 +9.465573109e+00 +9.465573109e+00 -1.244426891e+00 -1.244426891e+00 +0.0000e+00 +0.0000e+00 +0.0000e+00 +0.0000e+00 +0.0000e+00 +0.0000e+00 +0.0000e+00 +0.0000e+00 +0.0000e+00 +0.0000e+00
5 +8.836032680e+00 +8.836032680e+00 -1.873967320e+00 -1.873967320e+00 +5.5786e-01 -1.9820e+00 -1.5475e-01 -6.9223e-01 -4.1147e-01 -2.1254e+00 -2.0509e-01 -1.9981e+00 -1.2789e+00 +5.8690e-02
8 +8.622129458e+00 +8.622129458e+00 -2.087870542e+00 -2.087870542e+00 +1.0353e+00 +1.2957e+00 +6.8524e-01 +5.1100e-02 +1.0703e+00 -7.4160e-02 +5.4242e-01 -4.5523e-02 +5.2309e-01 +1.1765e-01
11 +7.694310522e+00 +7.694310522e+00 -3.015689478e+00 -3.015689478e+00 -1.7652e+00 -3.6374e-01 -2.4347e-01 +1.5034e+00 +2.8159e-01 -1.3352e+00 +7.0877e-01 +3.9684e-01 -1.0566e+00 -4.1238e-01
19 +7.363836706e+00 +7.363836706e+00 -3.346163294e+00 -3.346163294e+00 -6.2750e-01 -1.3926e+00 +1.1256e+00 +5.1809e-01 +4.1194e-01 -2.5953e+00 -3.2717e-01 +2.1041e-02 -2.5564e+00 -3.6281e-01
24 +6.969716724e+00 +6.969716724e+00 -3.740283276e+00 -3.740283276e+00 -1.4933e+00 -2.2325e+00 +1.2278e+00 +7.6026e-01 +8.6008e-01 -2.8273e+00 -2.6708e-01 -9.1778e-02 -3.4118e+00 -4.2397e-01
32 +6.731532138e+00 +6.731532138e+00 -3.978467862e+00 -3.978467862e+00 -2.0824e+00 -7.4906e-01 +1.9764e+00 +7.2757e-01 +6.4644e-01 -7.4411e-01 +1.2214e-01 -1.1637e+00 -3.4617e+00 +5.3407e-02
36 +6.303277333e+00 +6.303277333e+00 -4.406722667e+00 -4.406722667e+00 -1.9826e+00 -2.5168e+00 +1.1777e+00 +3.1171e-01 +6.2981e-01 -1.8516e+00 +7.9570e-01 +1.9090e-01 -2.5565e+00 -2.3075e-01
47 +5.192256905e+00 +5.192256905e+00 -5.517743095e+00 -5.517743095e+00 -1.7322e+00 +4.0774e-02 +2.1776e+00 -1.8049e-01 +1.0518e+00 -1.2652e+00 +6.4970e-01 +1.9434e-01 -1.7487e+00 -1.3149e+00
50 +4.551072696e+00 +4.551072696e+00 -6.158927304e+00 -6.158927304e+00 -1.0564e+00 -1.5527e+00 +1.0800e+00 +2.5727e-01 +4.9388e-02 -2.3849e+00 +1.1496e+00 -4.2790e-01 -1.8935e+00 +1.0552e-01
173 +3.562945758e+00 +3.562945758e+00 -7.147054242e+00 -7.147054242e+00 -1.4054e+00 -8.0813e-01 +1.9026e+00 -2.4665e+00 -1.7416e+00 -2.3395e-01 +3.5069e+00 -1.3063e+00 -2.2674e+00 +5.5047e-01
625 +2.693933583e+00 +2.693933583e+00 -8.016066417e+00 -8.016066417e+00 -1.0873e+00 +2.1252e+00 +4.5723e+00 -3.2990e+00 +2.6558e+00 -8.8497e-01 -1.7059e+00 +5.8415e+00 -5.0510e+00 +1.2359e+00
1894 +2.470287611e+00 +2.470287611e+00 -8.239712389e+00 -8.239712389e+00 -3.1715e+00 +3.3505e+00 +4.4673e+00 -1.4953e+00 +4.0535e+00 -3.5840e+00 +1.0451e+00 -1.5389e+00 -4.9416e+00 +4.5233e+00
1955 +1.865607270e+00 +1.865607270e+00 -8.844392730e+00 -8.844392730e+00 -3.1781e+00 +3.3584e+00 +4.4866e+00 -1.5205e+00 +4.0459e+00 -3.5607e+00 +9.8508e-01 -1.4805e+00 -4.9255e+00 +4.5566e+00
2008 +1.729805150e+00 +1.729805150e+00 -8.980194850e+00 -8.980194850e+00 -3.1793e+00 +3.3472e+00 +4.5057e+00 -1.5122e+00 +4.0436e+00 -3.5836e+00 +9.8211e-01 -1.4770e+00 -4.9087e+00 +4.5350e+00
2022 +1.224676332e+00 +1.224676332e+00 -9.485323668e+00 -9.485323668e+00 -3.1738e+00 +3.3513e+00 +4.4922e+00 -1.5188e+00 +4.0438e+00 -3.5676e+00 +9.8382e-01 -1.4683e+00 -4.9153e+00 +4.5452e+00
2153 +1.104040158e+00 +1.104040158e+00 -9.605959842e+00 -9.605959842e+00 -3.1702e+00 +3.3470e+00 +4.5021e+00 -1.5392e+00 +4.0382e+00 -3.5606e+00 +9.8110e-01 -1.4464e+00 -4.9116e+00 +4.5243e+00
2509 +8.015641591e-01 +8.015641591e-01 -9.908435841e+00 -9.908435841e+00 -3.1754e+00 +3.3403e+00 +4.4614e+00 -1.5229e+00 +4.0092e+00 -3.5407e+00 +9.8042e-01 -1.4490e+00 -4.8927e+00 +4.5288e+00
2536 +7.847052577e-01 +7.847052577e-01 -9.925294742e+00 -9.925294742e+00 -3.1768e+00 +3.3432e+00 +4.4641e+00 -1.5198e+00 +4.0102e+00 -3.5403e+00 +9.8291e-01 -1.4425e+00 -4.8912e+00 +4.5256e+00
2539 +6.891558389e-01 +6.891558389e-01 -1.002084416e+01 -1.002084416e+01 -3.1760e+00 +3.3428e+00 +4.4649e+00 -1.5198e+00 +4.0119e+00 -3.5445e+00 +9.8133e-01 -1.4431e+00 -4.8885e+00 +4.5306e+00
2550 +5.965508247e-01 +5.965508247e-01 -1.011344918e+01 -1.011344918e+01 -3.1762e+00 +3.3411e+00 +4.4624e+00 -1.5263e+00 +4.0126e+00 -3.5450e+00 +9.8007e-01 -1.4453e+00 -4.8878e+00 +4.5301e+00
2658 +5.643125988e-01 +5.643125988e-01 -1.014568740e+01 -1.014568740e+01 -3.1769e+00 +3.3436e+00 +4.4582e+00 -1.5170e+00 +4.0060e+00 -3.5372e+00 +9.8228e-01 -1.4466e+00 -4.8907e+00 +4.5305e+00
2675 +5.410107775e-01 +5.410107775e-01 -1.016898922e+01 -1.016898922e+01 -3.1759e+00 +3.3440e+00 +4.4585e+00 -1.5199e+00 +4.0081e+00 -3.5377e+00 +9.8246e-01 -1.4470e+00 -4.8906e+00 +4.5300e+00
2703 +5.248211422e-01 +5.248211422e-01 -1.018517886e+01 -1.018517886e+01 -3.1760e+00 +3.3435e+00 +4.4575e+00 -1.5206e+00 +4.0091e+00 -3.5395e+00 +9.8259e-01 -1.4474e+00 -4.8898e+00 +4.5308e+00
2707 +4.610337619e-01 +4.610337619e-01 -1.024896624e+01 -1.024896624e+01 -3.1760e+00 +3.3437e+00 +4.4560e+00 -1.5189e+00 +4.0075e+00 -3.5388e+00 +9.8312e-01 -1.4486e+00 -4.8900e+00 +4.5316e+00
2941 +4.511365004e-01 +4.511365004e-01 -1.025886350e+01 -1.025886350e+01 -3.1760e+00 +3.3436e+00 +4.4519e+00 -1.5201e+00 +4.0104e+00 -3.5385e+00 +9.8445e-01 -1.4482e+00 -4.8908e+00 +4.5318e+00
2942 +4.362377266e-01 +4.362377266e-01 -1.027376227e+01 -1.027376227e+01 -3.1758e+00 +3.3435e+00 +4.4520e+00 -1.5207e+00 +4.0104e+00 -3.5389e+00 +9.8448e-01 -1.4481e+00 -4.8911e+00 +4.5320e+00
2958 +4.230611255e-01 +4.230611255e-01 -1.028693887e+01 -1.028693887e+01 -3.1757e+00 +3.3435e+00 +4.4518e+00 -1.5214e+00 +4.0099e+00 -3.5386e+00 +9.8476e-01 -1.4477e+00 -4.8909e+00 +4.5320e+00
2981 +3.952875841e-01 +3.952875841e-01 -1.031471242e+01 -1.031471242e+01 -3.1757e+00 +3.3434e+00 +4.4516e+00 -1.5224e+00 +4.0104e+00 -3.5387e+00 +9.8483e-01 -1.4470e+00 -4.8908e+00 +4.5317e+00
3076 +3.763511924e-01 +3.763511924e-01 -1.033364881e+01 -1.033364881e+01 -3.1757e+00 +3.3435e+00 +4.4511e+00 -1.5221e+00 +4.0104e+00 -3.5383e+00 +9.8485e-01 -1.4476e+00 -4.8906e+00 +4.5318e+00
3144 +3.632166958e-01 +3.632166958e-01 -1.034678330e+01 -1.034678330e+01 -3.1759e+00 +3.3433e+00 +4.4518e+00 -1.5220e+00 +4.0104e+00 -3.5390e+00 +9.8419e-01 -1.4480e+00 -4.8904e+00 +4.5321e+00
3248 +3.616224333e-01 +3.616224333e-01 -1.034837757e+01 -1.034837757e+01 -3.1758e+00 +3.3432e+00 +4.4521e+00 -1.5220e+00 +4.0105e+00 -3.5390e+00 +9.8419e-01 -1.4478e+00 -4.8907e+00 +4.5320e+00
3529 +3.529649347e-01 +3.529649347e-01 -1.035703507e+01 -1.035703507e+01 -3.1758e+00 +3.3431e+00 +4.4516e+00 -1.5220e+00 +4.0109e+00 -3.5391e+00 +9.8440e-01 -1.4481e+00 -4.8908e+00 +4.5320e+00
3698 +3.463962113e-01 +3.463962113e-01 -1.036360379e+01 -1.036360379e+01 -3.1758e+00 +3.3433e+00 +4.4517e+00 -1.5220e+00 +4.0109e+00 -3.5390e+00 +9.8444e-01 -1.4481e+00 -4.8909e+00 +4.5321e+00
3785 +3.387972797e-01 +3.387972797e-01 -1.037120272e+01 -1.037120272e+01 -3.1757e+00 +3.3434e+00 +4.4512e+00 -1.5217e+00 +4.0109e+00 -3.5386e+00 +9.8463e-01 -1.4482e+00 -4.8912e+00 +4.5322e+00
3884 +3.302273160e-01 +3.302273160e-01 -1.037977268e+01 -1.037977268e+01 -3.1757e+00 +3.3436e+00 +4.4509e+00 -1.5215e+00 +4.0109e+00 -3.5383e+00 +9.8486e-01 -1.4483e+00 -4.8914e+00 +4.5323e+00
% function evaluation | noise-free fitness - Fopt (3.425000000000e+01) | best noise-free fitness - Fopt | measured fitness | best measured fitness | x1 | x2...
1 +2.243075490e+01 +2.243075490e+01 +5.668075490e+01 +5.668075490e+01 +0.0000e+00 +0.0000e+00 +0.0000e+00 +0.0000e+00 +0.0000e+00 +0.0000e+00 +0.0000e+00 +0.0000e+00 +0.0000e+00 +0.0000e+00
4 +1.800281857e+01 +1.800281857e+01 +5.225281857e+01 +5.225281857e+01 -4.5935e-01 -3.7612e-01 +1.1153e+00 +1.7578e+00 +6.6872e-01 -4.9925e-01 -1.0479e+00 +1.3706e+00 +1.1859e+00 -4.4362e-01
6 +7.293065956e+00 +7.293065956e+00 +4.154306596e+01 +4.154306596e+01 -5.7381e-01 +1.9685e+00 +5.7418e-01 -1.8643e-01 -1.1317e+00 -2.0677e+00 +1.6882e-01 -2.0297e+00 +3.2209e-01 +2.4737e-01
26 +6.710226883e+00 +6.710226883e+00 +4.096022688e+01 +4.096022688e+01 -5.9957e-01 +4.6656e-01 +1.6039e+00 +1.3565e+00 -1.6878e+00 -2.8578e+00 +5.7832e-01 -1.4971e+00 -5.2035e-01 +8.3870e-02
48 +5.858020429e+00 +5.858020429e+00 +4.010802043e+01 +4.010802043e+01 -1.2987e+00 -6.0172e-01 +7.0403e-01 -2.0963e-01 -4.9142e-01 -2.1069e+00 -2.0234e+00 -2.3168e+00 -2.6238e+00 +7.5920e-01
74 +4.899185472e+00 +4.899185472e+00 +3.914918547e+01 +3.914918547e+01 -4.6679e-01 -1.1266e+00 +8.4843e-01 -1.4392e-01 +2.6471e-01 -1.2314e+00 -2.5729e+00 -4.7070e+00 -2.4224e+00 +8.4010e-01
96 +2.746776969e+00 +2.746776969e+00 +3.699677697e+01 +3.699677697e+01 +3.5504e+00 -2.3808e+00 +7.0440e-01 +2.9710e-01 +3.1665e-02 -2.3624e+00 -3.4575e+00 -3.1967e+00 -1.1367e+00 +4.0327e-01
4568 +1.722075259e+00 +1.722075259e+00 +3.597207526e+01 +3.597207526e+01 +3.9558e+00 -2.8317e+00 -5.4205e+00 +4.0267e+00 -1.3769e+00 +2.7673e+00 -3.6271e+00 +4.7305e+00 +7.5974e-01 +4.3885e+00
4577 +1.604529623e+00 +1.604529623e+00 +3.585452962e+01 +3.585452962e+01 +3.9533e+00 -2.8434e+00 -5.4187e+00 +4.0314e+00 -1.3781e+00 +2.7590e+00 -3.6319e+00 +4.7260e+00 +7.5792e-01 +4.3752e+00
4744 +1.427912318e+00 +1.427912318e+00 +3.567791232e+01 +3.567791232e+01 +3.9361e+00 -2.8365e+00 -5.4301e+00 +4.0265e+00 -1.3873e+00 +2.7664e+00 -3.6400e+00 +4.7185e+00 +7.6542e-01 +4.3554e+00
4828 +1.319375702e+00 +1.319375702e+00 +3.556937570e+01 +3.556937570e+01 +3.9658e+00 -2.8238e+00 -5.4172e+00 +4.0273e+00 -1.3925e+00 +2.7657e+00 -3.6376e+00 +4.7128e+00 +7.6536e-01 +4.3722e+00
4876 +1.281899362e+00 +1.281899362e+00 +3.553189936e+01 +3.553189936e+01 +3.9533e+00 -2.8275e+00 -5.4190e+00 +4.0236e+00 -1.3901e+00 +2.7653e+00 -3.6346e+00 +4.7145e+00 +7.6170e-01 +4.3545e+00
4888 +1.193262089e+00 +1.193262089e+00 +3.544326209e+01 +3.544326209e+01 +3.9516e+00 -2.8282e+00 -5.4168e+00 +4.0202e+00 -1.3891e+00 +2.7650e+00 -3.6346e+00 +4.7140e+00 +7.6138e-01 +4.3552e+00
4898 +1.165472180e+00 +1.165472180e+00 +3.541547218e+01 +3.541547218e+01 +3.9486e+00 -2.8298e+00 -5.4139e+00 +4.0172e+00 -1.3891e+00 +2.7706e+00 -3.6339e+00 +4.7109e+00 +7.6212e-01 +4.3563e+00
4963 +1.089865955e+00 +1.089865955e+00 +3.533986596e+01 +3.533986596e+01 +3.9485e+00 -2.8266e+00 -5.4166e+00 +4.0277e+00 -1.3922e+00 +2.7650e+00 -3.6411e+00 +4.7080e+00 +7.6351e-01 +4.3594e+00
4984 +1.043284604e+00 +1.043284604e+00 +3.529328460e+01 +3.529328460e+01 +3.9480e+00 -2.8243e+00 -5.4136e+00 +4.0301e+00 -1.3930e+00 +2.7617e+00 -3.6439e+00 +4.7008e+00 +7.6403e-01 +4.3554e+00
5006 +8.544006328e-01 +8.544006328e-01 +3.510440063e+01 +3.510440063e+01 +3.9512e+00 -2.8260e+00 -5.4176e+00 +4.0289e+00 -1.3923e+00 +2.7632e+00 -3.6418e+00 +4.7075e+00 +7.6422e-01 +4.3576e+00
5046 +8.455005962e-01 +8.455005962e-01 +3.509550060e+01 +3.509550060e+01 +3.9498e+00 -2.8263e+00 -5.4171e+00 +4.0277e+00 -1.3904e+00 +2.7620e+00 -3.6397e+00 +4.7087e+00 +7.6438e-01 +4.3540e+00
5108 +8.147340472e-01 +8.147340472e-01 +3.506473405e+01 +3.506473405e+01 +3.9524e+00 -2.8272e+00 -5.4172e+00 +4.0274e+00 -1.3898e+00 +2.7610e+00 -3.6395e+00 +4.7117e+00 +7.6463e-01 +4.3526e+00
5109 +8.017395513e-01 +8.017395513e-01 +3.505173955e+01 +3.505173955e+01 +3.9541e+00 -2.8260e+00 -5.4160e+00 +4.0271e+00 -1.3893e+00 +2.7611e+00 -3.6403e+00 +4.7151e+00 +7.6471e-01 +4.3546e+00
5129 +7.310700857e-01 +7.310700857e-01 +3.498107009e+01 +3.498107009e+01 +3.9548e+00 -2.8251e+00 -5.4157e+00 +4.0274e+00 -1.3903e+00 +2.7608e+00 -3.6405e+00 +4.7135e+00 +7.6530e-01 +4.3540e+00
5248 +6.942826402e-01 +6.942826402e-01 +3.494428264e+01 +3.494428264e+01 +3.9526e+00 -2.8249e+00 -5.4177e+00 +4.0280e+00 -1.3901e+00 +2.7606e+00 -3.6392e+00 +4.7111e+00 +7.6502e-01 +4.3518e+00
5292 +6.735516732e-01 +6.735516732e-01 +3.492355167e+01 +3.492355167e+01 +3.9524e+00 -2.8241e+00 -5.4176e+00 +4.0290e+00 -1.3902e+00 +2.7598e+00 -3.6396e+00 +4.7099e+00 +7.6527e-01 +4.3521e+00
5355 +6.538926998e-01 +6.538926998e-01 +3.490389270e+01 +3.490389270e+01 +3.9525e+00 -2.8242e+00 -5.4175e+00 +4.0289e+00 -1.3903e+00 +2.7603e+00 -3.6395e+00 +4.7099e+00 +7.6537e-01 +4.3524e+00
5382 +6.420520458e-01 +6.420520458e-01 +3.489205205e+01 +3.489205205e+01 +3.9526e+00 -2.8242e+00 -5.4175e+00 +4.0293e+00 -1.3904e+00 +2.7597e+00 -3.6396e+00 +4.7095e+00 +7.6529e-01 +4.3517e+00
5396 +6.295717180e-01 +6.295717180e-01 +3.487957172e+01 +3.487957172e+01 +3.9527e+00 -2.8243e+00 -5.4175e+00 +4.0291e+00 -1.3904e+00 +2.7598e+00 -3.6396e+00 +4.7097e+00 +7.6535e-01 +4.3518e+00
5571 +6.147987111e-01 +6.147987111e-01 +3.486479871e+01 +3.486479871e+01 +3.9530e+00 -2.8241e+00 -5.4175e+00 +4.0295e+00 -1.3904e+00 +2.7596e+00 -3.6398e+00 +4.7098e+00 +7.6551e-01 +4.3520e+00
6148 +6.025111368e-01 +6.025111368e-01 +3.485251114e+01 +3.485251114e+01 +3.9527e+00 -2.8243e+00 -5.4175e+00 +4.0293e+00 -1.3903e+00 +2.7597e+00 -3.6398e+00 +4.7097e+00 +7.6540e-01 +4.3519e+00
% function evaluation | noise-free fitness - Fopt (1.134700000000e+02) | best noise-free fitness - Fopt | measured fitness | best measured fitness | x1 | x2...
1 +1.520546422e+01 +1.520546422e+01 +1.286754642e+02 +1.286754642e+02 +0.0000e+00 +0.0000e+00 +0.0000e+00 +0.0000e+00 +0.0000e+00 +0.0000e+00 +0.0000e+00 +0.0000e+00 +0.0000e+00 +0.0000e+00
6 +1.403396574e+01 +1.403396574e+01 +1.275039657e+02 +1.275039657e+02 +5.3715e-01 +3.9248e-02 +7.4978e-01 +5.1775e-01 +9.8186e-01 +1.8359e+00 -4.6031e-02 -3.2913e-01 +1.6594e+00 -9.4122e-01
7 +1.229698456e+01 +1.229698456e+01 +1.257669846e+02 +1.257669846e+02 +1.3243e+00 +2.2421e-01 -9.4966e-01 -1.1377e+00 +1.9207e+00 +6.2624e-01 -4.3900e-01 +4.7136e-01 +7.4949e-01 -7.4557e-01
13 +7.904752043e+00 +7.904752043e+00 +1.213747520e+02 +1.213747520e+02 +3.1439e-01 +1.3169e+00 -2.8302e-01 -3.9346e-01 +7.3198e-01 +6.6843e-02 +7.8719e-01 -9.5223e-01 +5.0289e-01 -1.0450e+00
15 +7.512032640e+00 +7.512032640e+00 +1.209820326e+02 +1.209820326e+02 +1.0716e+00 +4.0569e-01 -1.2301e+00 -1.8693e+00 +1.1672e+00 +1.5544e-01 +3.4861e-01 +1.7830e+00 -2.4152e-01 -5.9287e-01
16 +6.540753199e+00 +6.540753199e+00 +1.200107532e+02 +1.200107532e+02 +3.1713e+00 -2.2139e-01 +1.6395e+00 -6.1048e-01 +2.1219e+00 +1.3630e+00 -1.2191e+00 -3.3292e-01 +1.3740e+00 +3.4436e-01
17 +6.026397073e+00 +6.026397073e+00 +1.194963971e+02 +1.194963971e+02 +4.6568e-01 +1.0106e+00 -1.8475e+00 -3.1701e+00 +2.5895e+00 +1.2630e+00 -4.4649e-01 -9.1787e-02 +2.2520e+00 -1.3761e+00
25 +5.755343981e+00 +5.755343981e+00 +1.192253440e+02 +1.192253440e+02 +5.1593e-01 +8.0150e-01 -1.9120e+00 -1.5574e+00 +2.9429e+00 +2.1256e-01 -1.1702e+00 -1.5449e+00 +7.1571e-01 -7.2236e-01
103 +5.717918303e+00 +5.717918303e+00 +1.191879183e+02 +1.191879183e+02 +1.7956e+00 +4.8182e+00 -3.1068e+00 +1.0605e+00 +3.3555e+00 +1.6307e+00 +2.6289e+00 -5.2616e+00 +1.7255e+00 -2.8218e+00
111 +5.283241849e+00 +5.283241849e+00 +1.187532418e+02 +1.187532418e+02 -1.6670e+00 +3.7815e+00 -2.9952e+00 +3.3618e-01 +3.3070e+00 +2.1715e+00 +5.3963e+00 -5.4443e+00 +3.4093e+00 -3.2890e+00
185 +4.055198077e+00 +4.055198077e+00 +1.175251981e+02 +1.175251981e+02 -3.5087e+00 -7.1168e-01 -5.2150e-01 +6.8648e-02 +1.6636e+00 +1.8185e+00 +2.6374e+00 +4.1527e+00 +4.2849e+00 -4.7388e-01
323 +3.714424222e+00 +3.714424222e+00 +1.171844242e+02 +1.171844242e+02 -3.9916e+00 +5.7580e-01 +3.4751e+00 +3.3304e-01 +2.0930e+00 +4.6466e+00 +2.5921e+00 -8.4585e-01 +3.6520e+00 -3.1118e+00
791 +3.281900551e+00 +3.281900551e+00 +1.167519006e+02 +1.167519006e+02 -5.5186e+00 +3.9582e+00 +2.4107e-01 +2.5782e+00 -1.9131e+00 +3.2201e+00 +5.0369e+00 +3.6373e-01 +4.2386e+00 -4.2988e+00
4257 +1.738579389e+00 +1.738579389e+00 +1.152085794e+02 +1.152085794e+02 +2.6978e-01 -2.8539e+00 -2.3927e-01 -2.0557e+00 +2.7946e+00 -3.1385e+00 +7.5540e-01 -2.8442e+00 -1.9503e+00 +4.8616e+00
6514 +1.546491107e+00 +1.546491107e+00 +1.150164911e+02 +1.150164911e+02 +3.3750e+00 -5.3867e+00 +6.1113e-01 -2.7138e+00 +1.4275e+00 -4.9772e+00 -3.3474e+00 -4.1102e+00 +2.9902e+00 +2.9152e+00
11115 +1.510258039e+00 +1.510258039e+00 +1.149802580e+02 +1.149802580e+02 +5.7129e+00 -5.5566e+00 -3.3430e+00 -1.2861e+00 +9.6892e-01 -4.6011e+00 -3.8561e+00 -5.3924e+00 +4.9903e+00 +2.8906e-01
