% function evaluation | noise-free fitness - Fopt (4.078000000000e+01) | best noise-free fitness - Fopt | measured fitness | best measured fitness | x1 | x2...
1 +6.694655269e+01 +6.694655269e+01 +1.077265527e+02 +1.077265527e+02 +0.0000e+00 +0.0000e+00 +0.0000e+00 +0.0000e+00 +0.0000e+00 +0.0000e+00 +0.0000e+00 +0.0000e+00 +0.0000e+00 +0.0000e+00
2 +5.815413668e+01 +5.815413668e+01 +9.893413668e+01 +9.893413668e+01 -8.6679e-01 +2.7857e-01 -1.0625e-02 +1.9782e-01 -1.5794e-01 +3.2371e-01 -2.0921e-01 -1.9204e-01 +8.3983e-01 -3.6176e-02
95 +4.740401277e+01 +4.740401277e+01 +8.818401277e+01 +8.818401277e+01 -2.5102e+00 +1.2393e+00 +1.9466e+00 +1.0711e+00 -6.5626e-01 +5.6921e-01 +3.5219e-01 +2.2628e+00 +1.8794e-02 +7.0181e-01
118 +4.442530814e+01 +4.442530814e+01 +8.520530814e+01 +8.520530814e+01 -2.8239e+00 +1.1457e+00 +2.4557e+00 +1.1175e+00 -1.0773e-01 +7.5216e-01 +5.6005e-02 +2.4704e+00 +3.8915e-01 +8.6947e-01
120 +3.978445442e+01 +3.978445442e+01 +8.056445442e+01 +8.056445442e+01 -3.4716e+00 +7.7760e-01 +2.1094e+00 +5.8014e-01 -4.6805e-01 +5.0168e-01 -1.0017e-01 +2.3529e+00 +2.8846e-01 +3.8376e-01
146 +3.878831741e+01 +3.878831741e+01 +7.956831741e+01 +7.956831741e+01 -2.5101e+00 +1.1676e+00 +1.9336e+00 +3.4055e-01 -7.3986e-01 +1.3422e+00 +2.6312e-01 +2.4530e+00 +2.0482e-01 +9.6326e-02
171 +3.712806083e+01 +3.712806083e+01 +7.790806083e+01 +7.790806083e+01 -4.1386e+00 +1.5053e+00 +1.6815e+00 +1.1284e+00 -1.3216e+00 +1.5511e+00 +6.2174e-01 +3.1360e+00 -6.7888e-01 -4.5924e-02
173 +3.162597187e+01 +3.162597187e+01 +7.240597187e+01 +7.240597187e+01 -4.0591e+00 +1.4226e+00 +2.3584e+00 +7.6397e-01 -1.8510e+00 +1.7302e+00 +7.4942e-01 +3.5519e+00 -9.1416e-01 +1.9650e-01
190 +3.128343770e+01 +3.128343770e+01 +7.206343770e+01 +7.206343770e+01 -3.9256e+00 +1.0690e+00 +1.6749e+00 +6.2983e-01 -1.2555e+00 +1.6294e+00 +6.4173e-01 +3.1308e+00 -1.6057e-02 +3.4751e-01
196 +3.023377187e+01 +3.023377187e+01 +7.101377187e+01 +7.101377187e+01 -3.8070e+00 +7.0291e-01 +1.6173e+00 +6.5027e-01 -1.1619e+00 +2.3269e+00 +7.6056e-01 +3.0915e+00 -6.5285e-02 +5.9033e-01
200 +2.867430283e+01 +2.867430283e+01 +6.945430283e+01 +6.945430283e+01 -4.2452e+00 +7.9653e-01 +1.8750e+00 +4.9790e-01 -1.1696e+00 +1.7478e+00 +4.7336e-01 +3.5107e+00 -1.7955e-01 +7.0417e-01
203 +2.189824426e+01 +2.189824426e+01 +6.267824426e+01 +6.267824426e+01 -3.8348e+00 +1.1253e+00 +2.0762e+00 +5.2251e-01 -1.3253e+00 +1.5430e+00 +6.0989e-01 +3.4064e+00 -2.5048e-01 +1.1560e+00
212 +2.126899734e+01 +2.126899734e+01 +6.204899734e+01 +6.204899734e+01 -3.9231e+00 +1.3508e+00 +2.1254e+00 +5.5622e-01 -1.6028e+00 +1.6645e+00 +3.3173e-01 +3.3995e+00 -4.3895e-01 +8.4689e-01
235 +1.860216538e+01 +1.860216538e+01 +5.938216538e+01 +5.938216538e+01 -4.1898e+00 +1.0880e+00 +2.1744e+00 +6.3257e-01 -1.7196e+00 +1.6935e+00 +1.8859e-01 +4.0403e+00 -5.7449e-01 +1.3810e+00
244 +1.762908610e+01 +1.762908610e+01 +5.840908610e+01 +5.840908610e+01 -4.2394e+00 +9.7881e-01 +1.9617e+00 +6.9739e-01 -1.8516e+00 +1.8858e+00 +1.8104e-01 +3.8531e+00 -4.0328e-01 +1.5503e+00
273 +1.558494589e+01 +1.558494589e+01 +5.636494589e+01 +5.636494589e+01 -4.6553e+00 +6.2274e-01 +1.8568e+00 +9.0116e-01 -1.6266e+00 +2.4202e+00 +1.4572e-01 +4.3507e+00 -6.9145e-01 +1.6912e+00
284 +1.528505875e+01 +1.528505875e+01 +5.606505875e+01 +5.606505875e+01 -4.5201e+00 +5.6592e-01 +1.8162e+00 +8.1732e-01 -1.5900e+00 +2.2213e+00 +1.6596e-01 +4.3642e+00 -6.2341e-01 +1.9643e+00
296 +1.497933855e+01 +1.497933855e+01 +5.575933855e+01 +5.575933855e+01 -4.4553e+00 +4.3274e-01 +1.7958e+00 +8.2148e-01 -1.5464e+00 +2.2262e+00 +2.7535e-01 +4.4780e+00 -6.0244e-01 +2.0278e+00
321 +1.412588863e+01 +1.412588863e+01 +5.490588863e+01 +5.490588863e+01 -4.5992e+00 +5.0479e-01 +2.0009e+00 +6.5293e-01 -1.5923e+00 +2.3042e+00 +1.5924e-01 +4.5919e+00 -6.8444e-01 +2.1024e+00
334 +1.340025024e+01 +1.340025024e+01 +5.418025024e+01 +5.418025024e+01 -4.5822e+00 +5.4900e-01 +2.1281e+00 +6.3034e-01 -1.6155e+00 +2.2786e+00 +1.2836e-01 +4.6066e+00 -7.9706e-01 +2.1369e+00
366 +1.317346995e+01 +1.317346995e+01 +5.395346995e+01 +5.395346995e+01 -4.5796e+00 +6.6063e-01 +2.0760e+00 +6.3731e-01 -1.6208e+00 +2.4648e+00 +1.1673e-01 +4.3972e+00 -7.8735e-01 +2.0499e+00
408 +1.266360075e+01 +1.266360075e+01 +5.344360075e+01 +5.344360075e+01 -4.2812e+00 +7.4769e-01 +2.0673e+00 +6.5080e-01 -1.6363e+00 +2.4635e+00 +1.4538e-01 +4.3679e+00 -6.9240e-01 +2.0040e+00
412 +1.257296476e+01 +1.257296476e+01 +5.335296476e+01 +5.335296476e+01 -4.3547e+00 +7.5588e-01 +2.0648e+00 +6.7921e-01 -1.6442e+00 +2.5209e+00 +1.5061e-01 +4.4278e+00 -7.7611e-01 +2.0161e+00
424 +1.191820070e+01 +1.191820070e+01 +5.269820070e+01 +5.269820070e+01 -4.2593e+00 +7.4573e-01 +2.1635e+00 +4.8408e-01 -1.8164e+00 +2.5638e+00 +2.1052e-01 +4.3946e+00 -8.0058e-01 +2.1768e+00
439 +1.153130433e+01 +1.153130433e+01 +5.231130433e+01 +5.231130433e+01 -4.2266e+00 +8.0868e-01 +2.2063e+00 +4.3441e-01 -1.8229e+00 +2.5419e+00 +2.7708e-01 +4.4280e+00 -7.8079e-01 +2.2429e+00
442 +1.104229269e+01 +1.104229269e+01 +5.182229269e+01 +5.182229269e+01 -4.0885e+00 +7.9747e-01 +2.3029e+00 +4.7919e-01 -1.9045e+00 +2.5742e+00 +3.5138e-01 +4.4195e+00 -8.0122e-01 +2.3721e+00
475 +1.086790021e+01 +1.086790021e+01 +5.164790021e+01 +5.164790021e+01 -4.1199e+00 +7.8479e-01 +2.2712e+00 +5.1491e-01 -2.0506e+00 +2.7798e+00 +5.5614e-01 +4.5317e+00 -8.4372e-01 +2.6809e+00
493 +1.069020649e+01 +1.069020649e+01 +5.147020649e+01 +5.147020649e+01 -3.9440e+00 +7.7828e-01 +2.3405e+00 +4.7383e-01 -2.0513e+00 +2.7526e+00 +5.3175e-01 +4.3911e+00 -7.1262e-01 +2.7216e+00
644 +1.043751446e+01 +1.043751446e+01 +5.121751446e+01 +5.121751446e+01 -3.6071e+00 +8.9590e-01 +2.2714e+00 +4.2881e-01 -1.9578e+00 +2.8624e+00 +5.6011e-01 +4.3274e+00 -6.9795e-01 +2.5503e+00
692 +1.022168501e+01 +1.022168501e+01 +5.100168501e+01 +5.100168501e+01 -3.4495e+00 +8.7750e-01 +2.3998e+00 +3.6741e-01 -2.0718e+00 +2.7248e+00 +8.3672e-01 +4.2978e+00 -6.2173e-01 +2.8311e+00
713 +9.959310562e+00 +9.959310562e+00 +5.073931056e+01 +5.073931056e+01 -3.3040e+00 +8.6574e-01 +2.3344e+00 +4.3150e-01 -2.0953e+00 +2.5819e+00 +8.7421e-01 +4.1925e+00 -6.5522e-01 +2.7893e+00
737 +9.721945108e+00 +9.721945108e+00 +5.050194511e+01 +5.050194511e+01 -3.0453e+00 +7.6280e-01 +2.3817e+00 +4.6177e-01 -2.2015e+00 +2.4906e+00 +1.0578e+00 +4.1645e+00 -5.7299e-01 +2.9636e+00
814 +9.486867029e+00 +9.486867029e+00 +5.026686703e+01 +5.026686703e+01 -3.0248e+00 +8.7464e-01 +2.5968e+00 +6.3632e-01 -2.3064e+00 +2.5526e+00 +1.0941e+00 +4.1430e+00 -7.5678e-01 +2.9495e+00
854 +9.290815626e+00 +9.290815626e+00 +5.007081563e+01 +5.007081563e+01 -3.0700e+00 +8.4140e-01 +2.6243e+00 +6.3759e-01 -2.4333e+00 +2.5547e+00 +1.2274e+00 +4.0046e+00 -8.0625e-01 +2.7919e+00
927 +9.089984680e+00 +9.089984680e+00 +4.986998468e+01 +4.986998468e+01 -2.7129e+00 +8.9394e-01 +2.6610e+00 +7.9828e-01 -2.3894e+00 +2.5636e+00 +1.4414e+00 +3.8954e+00 -7.9184e-01 +2.7736e+00
971 +8.899705828e+00 +8.899705828e+00 +4.967970583e+01 +4.967970583e+01 -2.3332e+00 +7.6952e-01 +2.6200e+00 +9.7184e-01 -2.4953e+00 +2.6886e+00 +1.7920e+00 +3.7064e+00 -8.4756e-01 +2.7683e+00
1057 +8.701597586e+00 +8.701597586e+00 +4.948159759e+01 +4.948159759e+01 -1.7732e+00 +7.0413e-01 +2.7305e+00 +1.4464e+00 -2.7349e+00 +3.0540e+00 +2.2900e+00 +3.4936e+00 -9.6754e-01 +2.7257e+00
1176 +8.509802528e+00 +8.509802528e+00 +4.928980253e+01 +4.928980253e+01 -2.0826e+00 +7.3114e-01 +2.7036e+00 +1.5211e+00 -2.7584e+00 +3.0584e+00 +2.1933e+00 +3.5928e+00 -9.4432e-01 +2.7721e+00
1312 +8.315198198e+00 +8.315198198e+00 +4.909519820e+01 +4.909519820e+01 -1.9829e+00 +6.0925e-01 +2.7836e+00 +2.0266e+00 -2.9601e+00 +3.2758e+00 +2.5466e+00 +3.6626e+00 -1.2931e+00 +2.7266e+00
1567 +8.122413798e+00 +8.122413798e+00 +4.890241380e+01 +4.890241380e+01 -2.1826e+00 +3.2595e-01 +3.2173e+00 +2.5165e+00 -2.8127e+00 +3.2503e+00 +2.5658e+00 +3.6728e+00 -1.8691e+00 +2.6917e+00
1871 +7.939234974e+00 +7.939234974e+00 +4.871923497e+01 +4.871923497e+01 -2.4124e+00 -4.6178e-01 +3.8676e+00 +3.3031e+00 -2.2923e+00 +2.6412e+00 +2.5880e+00 +3.6226e+00 -2.6021e+00 +2.8069e+00
% function evaluation | noise-free fitness - Fopt (-1.600000000000e+00) | best noise-free fitness - Fopt | measured fitness | best measured fitness | x1 | x2...
1 +7.884153396e+01 +7.884153396e+01 +7.724153396e+01 +7.724153396e+01 +0.0000e+00 +0.0000e+00 +0.0000e+00 +0.0000e+00 +0.0000e+00 +0.0000e+00 +0.0000e+00 +0.0000e+00 +0.0000e+00 +0.0000e+00
2 +7.188744138e+01 +7.188744138e+01 +7.028744138e+01 +7.028744138e+01 -3.9224e-01 -1.1586e+00 -2.0080e-01 -6.4952e-01 -1.3346e+00 -2.8369e-01 -6.0012e-01 -1.1854e+00 -4.3836e-02 +8.9677e-01
3 +5.248160419e+01 +5.248160419e+01 +5.088160419e+01 +5.088160419e+01 +1.8577e+00 -8.4999e-01 +6.0862e-01 +5.6112e-01 -8.4114e-01 +4.1369e-02 +5.5255e-01 +5.5993e-01 -1.2858e+00 +2.1985e+00
44 +4.943268061e+01 +4.943268061e+01 +4.783268061e+01 +4.783268061e+01 +1.7168e+00 -1.7272e-01 +8.6696e-01 +6.3051e-01 +2.3219e-01 +2.9833e-01 -1.1120e+00 +1.2508e+00 +5.3943e-01 +2.4273e+00
50 +3.470338427e+01 +3.470338427e+01 +3.310338427e+01 +3.310338427e+01 +2.6720e+00 -1.6048e+00 -4.8424e-01 +1.6816e-01 -3.5521e-01 +5.0413e-01 -1.5733e+00 +7.0827e-02 -2.1258e+00 +1.5287e+00
54 +2.548386413e+01 +2.548386413e+01 +2.388386413e+01 +2.388386413e+01 +2.3375e+00 -1.3812e+00 -2.7226e-01 -5.0044e-01 -6.9854e-01 +2.5697e-01 -1.9414e+00 +8.8578e-01 -2.2960e+00 +1.6534e+00
60 +2.417018307e+01 +2.417018307e+01 +2.257018307e+01 +2.257018307e+01 +1.6854e+00 -1.6998e+00 -8.2960e-01 -4.0842e-01 -6.7434e-02 +2.3844e-01 -7.0698e-01 -1.0665e-01 -1.7814e+00 +1.2385e+00
63 +1.735262150e+01 +1.735262150e+01 +1.575262150e+01 +1.575262150e+01 +1.7689e+00 -2.4150e+00 -1.1218e+00 -1.3509e+00 -8.3697e-01 +1.1356e+00 -9.3493e-01 +7.8446e-02 -2.5666e+00 +1.0945e+00
64 +1.684456587e+01 +1.684456587e+01 +1.524456587e+01 +1.524456587e+01 +1.9593e+00 -1.5528e+00 -5.2358e-01 -7.6987e-01 -1.0005e-01 +7.2220e-01 -8.0078e-01 -2.1206e-01 -2.0050e+00 +1.8330e+00
81 +1.616620332e+01 +1.616620332e+01 +1.456620332e+01 +1.456620332e+01 +2.4008e+00 -1.3191e+00 -2.0044e-02 -1.1249e+00 -8.0181e-01 +5.6807e-01 -1.1868e+00 +7.1637e-01 -2.3238e+00 +1.0135e+00
87 +1.468911465e+01 +1.468911465e+01 +1.308911465e+01 +1.308911465e+01 +2.1708e+00 -8.7683e-01 +3.6355e-01 -1.4398e+00 -1.1464e-01 +6.7381e-01 -5.6738e-01 +8.7966e-01 -2.0436e+00 +1.4879e+00
94 +1.425145214e+01 +1.425145214e+01 +1.265145214e+01 +1.265145214e+01 +1.5120e+00 -1.2948e+00 +2.0545e-01 -1.1896e+00 -6.5206e-01 +4.8987e-01 -5.3054e-01 +2.1308e-01 -1.9759e+00 +1.9978e+00
115 +1.272588657e+01 +1.272588657e+01 +1.112588657e+01 +1.112588657e+01 +2.0039e+00 -1.3676e+00 +2.2210e-01 -1.2387e+00 -8.6528e-01 +1.6751e+00 -5.2933e-01 +2.9392e-01 -6.4137e-01 +2.2969e+00
125 +1.145872619e+01 +1.145872619e+01 +9.858726185e+00 +9.858726185e+00 +2.0806e+00 -5.5411e-01 +2.7793e-01 -1.5100e+00 -1.0844e+00 +1.3307e+00 -1.3722e-01 +3.0076e-01 -1.0381e+00 +1.5368e+00
135 +8.711924342e+00 +8.711924342e+00 +7.111924342e+00 +7.111924342e+00 +1.6787e+00 -1.9740e-01 +6.9908e-01 -2.3529e+00 -1.6908e+00 +1.3229e+00 -7.9005e-02 -5.6900e-01 -1.0953e+00 +1.6795e+00
146 +8.664193727e+00 +8.664193727e+00 +7.064193727e+00 +7.064193727e+00 +1.2530e+00 -6.9991e-02 +7.5211e-01 -2.8658e+00 -1.9523e+00 +1.6532e+00 -8.3480e-01 -1.7092e+00 -1.0348e+00 +2.2254e+00
153 +7.207739597e+00 +7.207739597e+00 +5.607739597e+00 +5.607739597e+00 +9.8964e-01 +9.4966e-02 +5.5047e-01 -2.0258e+00 -2.3938e+00 +2.0915e+00 -3.6085e-01 -1.9172e+00 -1.1684e+00 +2.1356e+00
325 +7.028174230e+00 +7.028174230e+00 +5.428174230e+00 +5.428174230e+00 +3.5695e-01 -5.1677e-01 +7.0916e-01 -1.9517e+00 -1.3520e+00 +8.0770e-01 -1.4323e+00 -9.4675e-01 -3.1647e-01 +3.1515e+00
423 +6.786451314e+00 +6.786451314e+00 +5.186451314e+00 +5.186451314e+00 +6.6987e-01 -3.3199e-01 +1.1325e+00 -1.9608e+00 -1.0730e+00 +1.0512e+00 -1.1374e+00 -1.1233e+00 -6.9274e-01 +2.9110e+00
425 +6.731744861e+00 +6.731744861e+00 +5.131744861e+00 +5.131744861e+00 +8.9867e-01 -2.3047e-01 +1.2680e+00 -1.9142e+00 -1.1323e+00 +1.0672e+00 -1.0166e+00 -7.0016e-01 -7.3980e-01 +3.0889e+00
439 +6.505196799e+00 +6.505196799e+00 +4.905196799e+00 +4.905196799e+00 +9.7338e-01 -1.9337e-01 +1.2048e+00 -1.8134e+00 -1.1931e+00 +1.2829e+00 -1.0346e+00 -8.3789e-01 -4.5361e-01 +3.2259e+00
440 +6.213052396e+00 +6.213052396e+00 +4.613052396e+00 +4.613052396e+00 +8.5928e-01 -1.9141e-01 +1.1173e+00 -1.8301e+00 -1.2616e+00 +1.1612e+00 -9.5373e-01 -8.4579e-01 -8.3835e-01 +3.1131e+00
473 +5.863682322e+00 +5.863682322e+00 +4.263682322e+00 +4.263682322e+00 +8.6069e-01 -2.8517e-01 +9.7716e-01 -1.8575e+00 -1.2222e+00 +1.1322e+00 -8.7428e-01 -9.7819e-01 -6.0225e-01 +2.9157e+00
493 +5.418851090e+00 +5.418851090e+00 +3.818851090e+00 +3.818851090e+00 +8.0083e-01 -2.7029e-01 +9.7342e-01 -2.0363e+00 -1.3157e+00 +1.2250e+00 -1.1158e+00 -1.0765e+00 -6.3001e-01 +2.8538e+00
503 +5.177459155e+00 +5.177459155e+00 +3.577459155e+00 +3.577459155e+00 +7.6961e-01 -3.6256e-01 +9.0027e-01 -2.0195e+00 -1.6945e+00 +1.3661e+00 -1.0941e+00 -1.2111e+00 -5.6497e-01 +2.8446e+00
517 +5.052140727e+00 +5.052140727e+00 +3.452140727e+00 +3.452140727e+00 +8.7117e-01 -1.9788e-01 +9.4361e-01 -1.9582e+00 -1.5667e+00 +1.3301e+00 -1.0649e+00 -1.2612e+00 -6.1880e-01 +2.8831e+00
530 +4.858531234e+00 +4.858531234e+00 +3.258531234e+00 +3.258531234e+00 +7.6411e-01 -2.3398e-01 +8.4763e-01 -1.8607e+00 -1.7215e+00 +1.4043e+00 -9.7231e-01 -1.2032e+00 -6.0468e-01 +2.9517e+00
587 +4.647468235e+00 +4.647468235e+00 +3.047468235e+00 +3.047468235e+00 +1.0257e+00 +1.4596e-01 +1.4136e+00 -2.0871e+00 -1.6046e+00 +1.4244e+00 -7.1833e-01 -1.2273e+00 -5.0014e-01 +2.8448e+00
627 +4.457113575e+00 +4.457113575e+00 +2.857113575e+00 +2.857113575e+00 +1.0331e+00 +5.1970e-01 +1.3852e+00 -2.1242e+00 -1.9398e+00 +1.5079e+00 -4.4481e-01 -1.4766e+00 -4.4268e-01 +2.8480e+00
650 +4.311343179e+00 +4.311343179e+00 +2.711343179e+00 +2.711343179e+00 +8.6339e-01 +2.8712e-01 +1.3585e+00 -2.1917e+00 -1.9593e+00 +1.6334e+00 -6.3343e-01 -1.4964e+00 -5.1137e-01 +2.9944e+00
703 +4.161292613e+00 +4.161292613e+00 +2.561292613e+00 +2.561292613e+00 +9.2433e-01 +3.2187e-01 +1.2790e+00 -2.2264e+00 -2.0312e+00 +1.6567e+00 -5.8190e-01 -1.6225e+00 -6.8567e-01 +2.6734e+00
712 +4.024574860e+00 +4.024574860e+00 +2.424574860e+00 +2.424574860e+00 +9.8938e-01 +3.4244e-01 +1.3099e+00 -2.1424e+00 -1.9679e+00 +1.6264e+00 -5.9389e-01 -1.6471e+00 -5.8366e-01 +2.7710e+00
744 +3.967129522e+00 +3.967129522e+00 +2.367129522e+00 +2.367129522e+00 +9.6986e-01 +4.2636e-01 +1.3975e+00 -2.2364e+00 -2.0757e+00 +1.6004e+00 -5.2579e-01 -1.6315e+00 -5.9947e-01 +2.7633e+00
816 +3.869769536e+00 +3.869769536e+00 +2.269769536e+00 +2.269769536e+00 +1.0789e+00 +4.5502e-01 +1.4184e+00 -2.0592e+00 -2.3914e+00 +1.7312e+00 -4.0151e-01 -1.6456e+00 -5.9126e-01 +2.8180e+00
827 +3.796564246e+00 +3.796564246e+00 +2.196564246e+00 +2.196564246e+00 +1.1000e+00 +4.6673e-01 +1.4536e+00 -2.0696e+00 -2.3239e+00 +1.6766e+00 -4.5598e-01 -1.5681e+00 -6.5884e-01 +2.7844e+00
1144 +3.713758544e+00 +3.713758544e+00 +2.113758544e+00 +2.113758544e+00 +1.2998e+00 +6.4907e-01 +1.6473e+00 -2.0736e+00 -2.2857e+00 +1.7071e+00 -3.4076e-01 -1.5814e+00 -5.8289e-01 +2.7396e+00
% function evaluation | noise-free fitness - Fopt (-3.708400000000e+02) | best noise-free fitness - Fopt | measured fitness | best measured fitness | x1 | x2...
1 +6.478493794e+01 +6.478493794e+01 -3.060550621e+02 -3.060550621e+02 +0.0000e+00 +0.0000e+00 +0.0000e+00 +0.0000e+00 +0.0000e+00 +0.0000e+00 +0.0000e+00 +0.0000e+00 +0.0000e+00 +0.0000e+00
7 +4.689864272e+01 +4.689864272e+01 -3.239413573e+02 -3.239413573e+02 -9.6057e-02 -1.3263e+00 +1.7042e+00 -4.3599e-01 -4.2033e-01 -7.4132e-01 -1.4161e-01 -1.7803e+00 +2.9142e-01 +1.7549e+00
19 +3.857497156e+01 +3.857497156e+01 -3.322650284e+02 -3.322650284e+02 +7.9741e-01 -1.9547e+00 +2.6018e+00 -7.1322e-01 -7.9158e-01 -5.9202e-01 +1.8209e-01 -3.9433e+00 +1.2239e+00 +3.5280e+00
20 +3.271804600e+01 +3.271804600e+01 -3.381219540e+02 -3.381219540e+02 +1.3422e+00 -1.5284e+00 +2.5498e+00 +5.4073e-01 -2.6320e-01 -8.3065e-01 +1.6470e-02 -4.2154e+00 +1.3435e+00 +2.5207e-01
27 +2.928848873e+01 +2.928848873e+01 -3.415515113e+02 -3.415515113e+02 +7.1421e-01 -2.6042e+00 +2.7647e+00 -3.7859e-01 -1.8182e-01 -1.6210e+00 -9.3073e-01 -3.3025e+00 +1.4704e+00 +6.7011e-01
49 +1.620607356e+01 +1.620607356e+01 -3.546339264e+02 -3.546339264e+02 -1.5213e-03 -2.0813e+00 +2.6871e+00 -9.0750e-01 +1.7125e-01 +4.9237e-02 +6.6430e-01 -3.6798e+00 +1.6563e+00 -1.0463e-01
188 +1.141584352e+01 +1.141584352e+01 -3.594241565e+02 -3.594241565e+02 -1.6307e-01 -1.1927e+00 +2.4838e+00 -4.9497e-01 +5.2613e-01 -4.8904e-01 +2.1583e-01 -3.1141e+00 +2.0878e+00 -1.5552e-01
207 +1.021472450e+01 +1.021472450e+01 -3.606252755e+02 -3.606252755e+02 -3.4981e-01 -1.4662e+00 +2.6611e+00 -8.7248e-01 +1.8780e-01 -5.6153e-01 +6.1595e-01 -3.1901e+00 +1.4581e+00 +3.4338e-02
290 +9.842608933e+00 +9.842608933e+00 -3.609973911e+02 -3.609973911e+02 -4.6113e-01 -1.4832e+00 +2.9232e+00 -4.8868e-01 +3.6423e-01 -6.0044e-01 +8.1432e-01 -3.0437e+00 +1.4587e+00 +2.2227e-01
296 +9.657178993e+00 +9.657178993e+00 -3.611828210e+02 -3.611828210e+02 -5.3947e-01 -1.3445e+00 +2.8414e+00 -7.3430e-01 +2.3477e-01 -7.4137e-01 +7.9407e-01 -3.1028e+00 +1.4962e+00 -3.7305e-02
319 +9.496645007e+00 +9.496645007e+00 -3.613433550e+02 -3.613433550e+02 -3.6449e-01 -1.9159e+00 +3.0481e+00 -9.6808e-01 +4.0174e-01 -5.7028e-01 +6.4412e-01 -3.2958e+00 +1.4163e+00 -1.4915e-01
329 +9.137976318e+00 +9.137976318e+00 -3.617020237e+02 -3.617020237e+02 -5.8216e-01 -2.0304e+00 +3.0628e+00 -1.1039e+00 +4.4564e-01 -7.2819e-01 +5.6194e-01 -3.4193e+00 +1.5181e+00 -3.5819e-01
334 +9.081878194e+00 +9.081878194e+00 -3.617581218e+02 -3.617581218e+02 -5.0989e-01 -1.8636e+00 +3.0761e+00 -1.1905e+00 +3.8886e-01 -7.3641e-01 +7.0707e-01 -3.3620e+00 +1.4041e+00 -4.5200e-01
353 +8.889207516e+00 +8.889207516e+00 -3.619507925e+02 -3.619507925e+02 -6.7523e-01 -1.5682e+00 +3.0263e+00 -1.0877e+00 +3.9225e-01 -8.8265e-01 +6.8938e-01 -3.2152e+00 +1.5684e+00 -4.2811e-01
362 +8.504674624e+00 +8.504674624e+00 -3.623353254e+02 -3.623353254e+02 -8.8231e-01 -1.7128e+00 +2.9779e+00 -1.1333e+00 +5.4377e-01 -6.9858e-01 +4.5625e-01 -3.1341e+00 +1.6597e+00 -7.5635e-01
406 +8.270934793e+00 +8.270934793e+00 -3.625690652e+02 -3.625690652e+02 -6.9199e-01 -1.8257e+00 +3.0756e+00 -8.4248e-01 +4.3454e-01 -6.8906e-01 +5.4063e-01 -3.1462e+00 +1.5843e+00 -6.2495e-01
427 +8.099032929e+00 +8.099032929e+00 -3.627409671e+02 -3.627409671e+02 -8.1294e-01 -1.7707e+00 +3.1773e+00 -7.0992e-01 +3.0268e-01 -7.6988e-01 +4.7349e-01 -3.1370e+00 +1.7864e+00 -8.0539e-01
448 +7.939621296e+00 +7.939621296e+00 -3.629003787e+02 -3.629003787e+02 -8.3190e-01 -1.8121e+00 +3.0811e+00 -8.1867e-01 +2.8714e-01 -7.5882e-01 +5.2300e-01 -3.2111e+00 +1.7749e+00 -9.4052e-01
468 +7.756845874e+00 +7.756845874e+00 -3.630831541e+02 -3.630831541e+02 -9.1056e-01 -1.9648e+00 +3.2152e+00 -6.3895e-01 +2.2228e-01 -7.3700e-01 +4.2607e-01 -2.9508e+00 +2.1269e+00 -1.1809e+00
514 +7.515316923e+00 +7.515316923e+00 -3.633246831e+02 -3.633246831e+02 -1.0329e+00 -1.9873e+00 +3.3665e+00 -5.2783e-01 +3.2819e-01 -6.6221e-01 +4.4766e-01 -3.1043e+00 +2.2492e+00 -1.3544e+00
614 +7.235992576e+00 +7.235992576e+00 -3.636040074e+02 -3.636040074e+02 -1.3526e+00 -2.1414e+00 +3.3339e+00 -7.0282e-01 +2.5011e-01 -3.5967e-01 +2.9322e-01 -3.2368e+00 +2.2429e+00 -1.4179e+00
671 +7.071958124e+00 +7.071958124e+00 -3.637680419e+02 -3.637680419e+02 -1.4203e+00 -2.3407e+00 +3.4464e+00 -6.2679e-01 +2.1898e-01 -2.1747e-01 +2.0188e-01 -3.1883e+00 +2.3413e+00 -1.6205e+00
774 +6.909105312e+00 +6.909105312e+00 -3.639308947e+02 -3.639308947e+02 -1.5774e+00 -2.3788e+00 +3.4604e+00 -3.1240e-01 +2.8692e-01 +1.9654e-01 +2.0543e-01 -3.1383e+00 +2.6319e+00 -1.5528e+00
848 +6.758266901e+00 +6.758266901e+00 -3.640817331e+02 -3.640817331e+02 -1.6477e+00 -2.3214e+00 +3.4222e+00 -2.2617e-01 +4.2391e-01 +5.1258e-01 +1.0830e-01 -3.0491e+00 +2.6601e+00 -1.4318e+00
% function evaluation | noise-free fitness - Fopt (-3.256000000000e+01) | best noise-free fitness - Fopt | measured fitness | best measured fitness | x1 | x2...
1 +7.687366610e+01 +7.687366610e+01 +4.431366610e+01 +4.431366610e+01 +0.0000e+00 +0.0000e+00 +0.0000e+00 +0.0000e+00 +0.0000e+00 +0.0000e+00 +0.0000e+00 +0.0000e+00 +0.0000e+00 +0.0000e+00
2 +7.287402066e+01 +7.287402066e+01 +4.031402066e+01 +4.031402066e+01 +2.3671e+00 +1.4983e-01 +2.1917e+00 +6.2644e-01 -3.0096e+00 +1.4398e-01 +8.1430e-01 -1.3368e+00 +1.0336e+00 -2.2955e-01
3 +6.626115605e+01 +6.626115605e+01 +3.370115605e+01 +3.370115605e+01 +2.0390e+00 +2.1447e-01 -3.5335e-01 -2.2419e+00 +8.7922e-01 -8.3918e-01 +1.9144e-01 -1.7922e-01 +5.6181e-01 +3.2834e-01
18 +6.257661491e+01 +6.257661491e+01 +3.001661491e+01 +3.001661491e+01 +2.6858e+00 +1.6012e-01 -6.5582e-02 -3.2578e+00 +1.3858e+00 -1.7099e+00 -4.6463e-01 -1.4933e+00 +1.9542e-01 +7.5360e-01
40 +4.447466884e+01 +4.447466884e+01 +1.191466884e+01 +1.191466884e+01 +2.0885e+00 -1.8608e-02 +4.5684e-02 -4.2124e+00 +8.4533e-01 -5.8359e-01 -4.3131e-02 +2.9271e-01 -8.2393e-01 -1.9771e-01
72 +3.905983366e+01 +3.905983366e+01 +6.499833660e+00 +6.499833660e+00 +2.7781e+00 +2.9065e-01 +9.2411e-02 -5.9775e+00 +1.9085e-01 -2.5157e+00 -7.5175e-01 +1.1129e+00 -7.6182e-01 -2.4464e-01
77 +3.792023206e+01 +3.792023206e+01 +5.360232059e+00 +5.360232059e+00 +2.6575e+00 -3.6124e-01 +1.0357e+00 -5.0880e+00 +7.5531e-01 -1.9536e+00 -6.0487e-01 -7.9860e-02 -1.4718e+00 -8.1254e-01
85 +3.411165431e+01 +3.411165431e+01 +1.551654305e+00 +1.551654305e+00 +2.8483e+00 +7.2279e-02 +5.3331e-01 -4.4439e+00 -2.5471e-01 -1.9159e+00 -3.4141e-01 +2.3119e-01 -1.3499e+00 +2.6939e-01
90 +3.322839685e+01 +3.322839685e+01 +6.683968518e-01 +6.683968518e-01 +2.4200e+00 -1.1039e+00 +6.2895e-01 -6.4049e+00 +1.2967e+00 -1.9672e+00 -8.9443e-01 +2.2505e-01 -4.3490e-01 -2.7151e-01
213 +2.917823523e+01 +2.917823523e+01 -3.381764774e+00 -3.381764774e+00 +2.3027e+00 -2.1955e+00 +3.8694e-02 -7.0730e+00 +2.5279e-01 -2.5671e+00 -1.8635e+00 -8.7672e-01 +1.0370e-01 -9.1139e-02
224 +2.684662206e+01 +2.684662206e+01 -5.713377940e+00 -5.713377940e+00 +2.4884e+00 -1.8692e+00 +2.2932e-01 -6.4982e+00 -4.6526e-01 -2.8677e+00 -1.2949e+00 -1.3223e+00 +5.4521e-02 +1.7881e-02
232 +2.493925626e+01 +2.493925626e+01 -7.620743738e+00 -7.620743738e+00 +2.7888e+00 -1.2700e+00 +4.1982e-01 -6.1147e+00 -1.0256e+00 -2.3477e+00 -1.3129e+00 +3.6659e-02 +4.0622e-02 -6.8149e-01
249 +1.887356517e+01 +1.887356517e+01 -1.368643483e+01 -1.368643483e+01 +3.0445e+00 -1.8493e+00 +3.8395e-01 -5.8632e+00 -1.3194e+00 -2.1671e+00 -8.5709e-01 +5.3885e-02 +1.7769e-01 -1.1360e+00
259 +1.574707504e+01 +1.574707504e+01 -1.681292496e+01 -1.681292496e+01 +3.4613e+00 -2.3219e+00 -3.9055e-01 -6.2325e+00 -1.1406e+00 -2.0798e+00 -5.7715e-01 -1.9094e-01 +3.9746e-01 -1.3144e+00
261 +1.520563804e+01 +1.520563804e+01 -1.735436196e+01 -1.735436196e+01 +3.2193e+00 -2.5485e+00 +3.1243e-01 -6.4440e+00 -1.3842e+00 -2.2570e+00 -7.5530e-01 -1.5203e-01 +5.0740e-01 -1.3570e+00
264 +1.510462329e+01 +1.510462329e+01 -1.745537671e+01 -1.745537671e+01 +3.3260e+00 -2.6545e+00 +5.4813e-01 -6.4906e+00 -1.3161e+00 -1.7564e+00 -2.2411e-01 -1.8537e-01 +9.7301e-02 -1.5877e+00
351 +1.273013328e+01 +1.273013328e+01 -1.982986672e+01 -1.982986672e+01 +4.9373e+00 -2.5961e+00 +2.1188e+00 -5.8026e+00 -1.1660e+00 -2.1420e+00 -1.1712e-01 +7.3929e-01 -9.6169e-01 -2.6638e+00
421 +1.163512201e+01 +1.163512201e+01 -2.092487799e+01 -2.092487799e+01 +5.1898e+00 -2.3868e+00 +2.0799e+00 -5.1994e+00 -1.6174e+00 -2.3835e+00 +4.5896e-01 +1.1376e+00 -1.0894e+00 -2.4415e+00
432 +1.087066627e+01 +1.087066627e+01 -2.168933373e+01 -2.168933373e+01 +5.2094e+00 -2.3481e+00 +1.6833e+00 -5.0906e+00 -1.3655e+00 -2.0320e+00 +7.0466e-01 +1.1752e+00 -1.1119e+00 -2.4378e+00
489 +1.022893883e+01 +1.022893883e+01 -2.233106117e+01 -2.233106117e+01 +4.9051e+00 -2.5444e+00 +1.6736e+00 -4.9364e+00 -1.6641e+00 -1.8751e+00 +7.6117e-01 +9.9191e-01 -9.6525e-01 -2.2856e+00
497 +9.873789013e+00 +9.873789013e+00 -2.268621099e+01 -2.268621099e+01 +4.6288e+00 -2.3190e+00 +1.7956e+00 -5.1572e+00 -1.5581e+00 -1.7261e+00 +8.6854e-01 +8.9592e-01 -1.0549e+00 -2.2084e+00
506 +9.677789896e+00 +9.677789896e+00 -2.288221010e+01 -2.288221010e+01 +4.7361e+00 -2.3999e+00 +1.9029e+00 -4.7322e+00 -1.8756e+00 -1.8369e+00 +7.7906e-01 +7.3484e-01 -1.0165e+00 -2.1505e+00
514 +9.527757066e+00 +9.527757066e+00 -2.303224293e+01 -2.303224293e+01 +4.7642e+00 -2.3078e+00 +1.7881e+00 -4.7571e+00 -1.6830e+00 -1.9003e+00 +6.4385e-01 +7.0539e-01 -9.6950e-01 -1.9512e+00
563 +9.270213844e+00 +9.270213844e+00 -2.328978616e+01 -2.328978616e+01 +4.7298e+00 -2.2968e+00 +1.8352e+00 -4.8083e+00 -1.7424e+00 -1.8877e+00 +7.7773e-01 +8.3595e-01 -1.0796e+00 -1.9925e+00
732 +9.111182893e+00 +9.111182893e+00 -2.344881711e+01 -2.344881711e+01 +4.6101e+00 -2.4337e+00 +2.1330e+00 -5.0216e+00 -1.5711e+00 -1.8329e+00 +7.1070e-01 +6.8703e-01 -9.1117e-01 -2.1493e+00
842 +8.888504571e+00 +8.888504571e+00 -2.367149543e+01 -2.367149543e+01 +4.3320e+00 -2.1973e+00 +2.3973e+00 -4.7928e+00 -1.4113e+00 -1.6939e+00 +8.1211e-01 +6.8418e-01 -9.6092e-01 -1.9986e+00
% function evaluation | noise-free fitness - Fopt (5.154000000000e+02) | best noise-free fitness - Fopt | measured fitness | best measured fitness | x1 | x2...
1 +5.354617306e+01 +5.354617306e+01 +5.689461731e+02 +5.689461731e+02 +0.0000e+00 +0.0000e+00 +0.0000e+00 +0.0000e+00 +0.0000e+00 +0.0000e+00 +0.0000e+00 +0.0000e+00 +0.0000e+00 +0.0000e+00
12 +3.886181500e+01 +3.886181500e+01 +5.542618150e+02 +5.542618150e+02 -2.8461e-01 -8.8169e-01 +1.3952e-01 -1.7614e+00 +1.3590e+00 +2.8083e+00 -6.7963e-01 -3.0064e-01 -4.4079e-01 -1.6103e+00
80 +2.665263818e+01 +2.665263818e+01 +5.420526382e+02 +5.420526382e+02 -4.1560e-01 -9.8338e-01 +1.9882e+00 -5.3768e+00 +1.9030e+00 +1.0368e+00 +1.3220e+00 -8.7398e-01 +5.8247e-01 -1.9965e+00
91 +2.576560708e+01 +2.576560708e+01 +5.411656071e+02 +5.411656071e+02 -6.9359e-01 -2.1024e+00 +2.0071e+00 -4.9847e+00 +2.2395e+00 +1.7105e+00 +4.9363e-01 -8.5259e-02 -4.4385e-01 -1.7742e+00
92 +2.474650744e+01 +2.474650744e+01 +5.401465074e+02 +5.401465074e+02 -1.5295e+00 -2.4646e+00 +2.5734e+00 -4.5503e+00 +3.3689e+00 +1.6159e+00 +9.6163e-01 -1.0787e+00 -8.5550e-01 -2.0404e+00
105 +2.201370765e+01 +2.201370765e+01 +5.374137076e+02 +5.374137076e+02 -2.2250e+00 -2.7190e+00 +2.3547e+00 -4.2544e+00 +2.0481e+00 +1.5224e+00 -2.5527e-01 -9.2661e-01 -8.6428e-01 -1.4105e+00
145 +1.569419961e+01 +1.569419961e+01 +5.310941996e+02 +5.310941996e+02 -1.7926e+00 -1.9019e+00 +1.6540e+00 -4.9849e+00 +3.0392e+00 +2.8342e+00 -1.1329e+00 +2.4178e-01 +3.7944e-01 -3.9495e+00
165 +1.513488173e+01 +1.513488173e+01 +5.305348817e+02 +5.305348817e+02 -2.0845e+00 -1.8491e+00 +1.7772e+00 -4.7989e+00 +2.7513e+00 +2.8443e+00 -1.0022e+00 +2.6667e-01 +5.8895e-01 -3.8070e+00
169 +1.138998345e+01 +1.138998345e+01 +5.267899834e+02 +5.267899834e+02 -2.6170e+00 -1.5473e+00 +2.7495e+00 -4.6207e+00 +3.7931e+00 +3.3058e+00 -2.4872e+00 -7.4884e-01 -9.6055e-02 -4.1665e+00
173 +9.609720815e+00 +9.609720815e+00 +5.250097208e+02 +5.250097208e+02 -1.8088e+00 -1.4728e+00 +2.5250e+00 -4.2038e+00 +2.7022e+00 +2.4137e+00 -2.0302e+00 -9.2033e-01 +5.9828e-01 -3.7971e+00
175 +8.115007167e+00 +8.115007167e+00 +5.235150072e+02 +5.235150072e+02 -2.5092e+00 -2.2964e+00 +2.5469e+00 -3.7773e+00 +3.5157e+00 +2.9492e+00 -2.7973e+00 -8.4125e-01 +6.3010e-02 -4.1883e+00
303 +7.142474844e+00 +7.142474844e+00 +5.225424748e+02 +5.225424748e+02 -2.1687e+00 -1.6981e+00 +2.1128e+00 -3.7850e+00 +3.1313e+00 +2.6078e+00 -1.4609e+00 +3.2718e-01 +2.3796e-03 -3.5504e+00
315 +6.628840060e+00 +6.628840060e+00 +5.220288401e+02 +5.220288401e+02 -2.6576e+00 -1.3803e+00 +2.5294e+00 -3.1280e+00 +3.1430e+00 +3.0438e+00 -2.4684e+00 +9.2333e-01 +9.4585e-02 -3.8317e+00
479 +6.149114319e+00 +6.149114319e+00 +5.215491143e+02 +5.215491143e+02 -2.3544e+00 -1.4791e+00 +2.5349e+00 -3.8524e+00 +3.1262e+00 +2.6044e+00 -1.6778e+00 -5.5754e-01 +3.8001e-01 -3.8623e+00
484 +5.978449850e+00 +5.978449850e+00 +5.213784498e+02 +5.213784498e+02 -2.5647e+00 -1.2949e+00 +2.6897e+00 -3.9447e+00 +3.1045e+00 +2.7619e+00 -1.8735e+00 -8.6385e-01 +5.5719e-01 -3.7830e+00
504 +5.509763109e+00 +5.509763109e+00 +5.209097631e+02 +5.209097631e+02 -2.4881e+00 -1.1925e+00 +2.5865e+00 -3.7586e+00 +3.1525e+00 +2.7219e+00 -1.9956e+00 -8.0489e-01 +4.3082e-01 -3.7113e+00
514 +5.407638087e+00 +5.407638087e+00 +5.208076381e+02 +5.208076381e+02 -2.4836e+00 -1.3202e+00 +2.4764e+00 -3.8525e+00 +3.1693e+00 +2.7693e+00 -2.0324e+00 -7.3414e-01 +5.1435e-01 -3.6451e+00
521 +4.932671289e+00 +4.932671289e+00 +5.203326713e+02 +5.203326713e+02 -2.6700e+00 -1.3097e+00 +2.6904e+00 -3.6823e+00 +3.4337e+00 +2.7753e+00 -2.0091e+00 -8.8759e-01 +3.8024e-01 -3.7096e+00
523 +4.795934720e+00 +4.795934720e+00 +5.201959347e+02 +5.201959347e+02 -2.7712e+00 -1.2962e+00 +2.6665e+00 -3.6469e+00 +3.4796e+00 +2.8761e+00 -1.8870e+00 -8.5495e-01 +2.9211e-01 -3.5506e+00
527 +4.672731355e+00 +4.672731355e+00 +5.200727314e+02 +5.200727314e+02 -2.7298e+00 -1.2881e+00 +2.7889e+00 -3.2789e+00 +3.6618e+00 +2.9275e+00 -2.2063e+00 -9.8651e-01 +5.1668e-01 -3.6041e+00
545 +4.259865441e+00 +4.259865441e+00 +5.196598654e+02 +5.196598654e+02 -2.9170e+00 -1.0669e+00 +3.1048e+00 -3.3271e+00 +3.4807e+00 +2.9453e+00 -2.3296e+00 -8.9876e-01 +3.6482e-01 -3.3468e+00
567 +4.094177000e+00 +4.094177000e+00 +5.194941770e+02 +5.194941770e+02 -2.9065e+00 -1.1494e+00 +2.9230e+00 -3.4334e+00 +3.5105e+00 +2.9021e+00 -2.2779e+00 -8.8497e-01 +4.4297e-01 -3.2099e+00
571 +4.025381916e+00 +4.025381916e+00 +5.194253819e+02 +5.194253819e+02 -3.0419e+00 -1.1092e+00 +3.0729e+00 -3.2663e+00 +3.6920e+00 +3.0653e+00 -2.3737e+00 -1.0347e+00 +4.3490e-01 -3.1994e+00
581 +3.952324975e+00 +3.952324975e+00 +5.193523250e+02 +5.193523250e+02 -2.9352e+00 -1.1627e+00 +2.9253e+00 -3.4582e+00 +3.5976e+00 +2.9742e+00 -2.3487e+00 -6.8683e-01 +4.0203e-01 -3.1419e+00
628 +3.739333172e+00 +3.739333172e+00 +5.191393332e+02 +5.191393332e+02 -2.8309e+00 -1.0679e+00 +2.9387e+00 -3.3064e+00 +3.1730e+00 +3.0566e+00 -2.1466e+00 -4.0345e-01 +3.3946e-01 -3.0550e+00
638 +3.705148209e+00 +3.705148209e+00 +5.191051482e+02 +5.191051482e+02 -2.8263e+00 -1.0275e+00 +2.9090e+00 -3.2472e+00 +3.2746e+00 +3.2073e+00 -2.2147e+00 -2.9184e-01 +2.9462e-01 -3.0715e+00
662 +3.628758628e+00 +3.628758628e+00 +5.190287586e+02 +5.190287586e+02 -2.8691e+00 -8.2860e-01 +2.9735e+00 -3.1151e+00 +3.2926e+00 +3.2773e+00 -2.2322e+00 -2.6150e-01 +3.9162e-01 -2.9974e+00
687 +3.546351235e+00 +3.546351235e+00 +5.189463512e+02 +5.189463512e+02 -2.7591e+00 -9.3322e-01 +2.8996e+00 -3.2475e+00 +3.3502e+00 +3.0807e+00 -2.2185e+00 -5.2824e-01 +4.3797e-01 -3.1056e+00
706 +3.452687811e+00 +3.452687811e+00 +5.188526878e+02 +5.188526878e+02 -2.8064e+00 -7.5465e-01 +2.9390e+00 -3.1959e+00 +3.4605e+00 +3.0728e+00 -2.2310e+00 -5.7022e-01 +4.5755e-01 -3.0180e+00
747 +3.379439777e+00 +3.379439777e+00 +5.187794398e+02 +5.187794398e+02 -2.8106e+00 -7.7537e-01 +3.0132e+00 -3.1456e+00 +3.4652e+00 +3.0543e+00 -2.1260e+00 -5.8288e-01 +4.1756e-01 -3.0255e+00
764 +3.296232782e+00 +3.296232782e+00 +5.186962328e+02 +5.186962328e+02 -2.7738e+00 -7.9853e-01 +2.9912e+00 -3.1281e+00 +3.5198e+00 +3.1536e+00 -2.0891e+00 -5.3721e-01 +3.8902e-01 -3.0232e+00
794 +3.234609213e+00 +3.234609213e+00 +5.186346092e+02 +5.186346092e+02 -2.7964e+00 -7.2494e-01 +3.0259e+00 -3.0129e+00 +3.6500e+00 +3.1994e+00 -2.0995e+00 -5.3603e-01 +3.7646e-01 -2.9571e+00
% function evaluation | noise-free fitness - Fopt (-8.810000000000e+00) | best noise-free fitness - Fopt | measured fitness | best measured fitness | x1 | x2...
1 +7.160803259e+01 +7.160803259e+01 +6.279803259e+01 +6.279803259e+01 +0.0000e+00 +0.0000e+00 +0.0000e+00 +0.0000e+00 +0.0000e+00 +0.0000e+00 +0.0000e+00 +0.0000e+00 +0.0000e+00 +0.0000e+00
8 +6.906711759e+01 +6.906711759e+01 +6.025711759e+01 +6.025711759e+01 -1.9779e-01 +7.1823e-01 +3.5023e-01 +6.1544e-01 +4.0822e-01 -8.2413e-01 -6.4283e-01 +1.4261e+00 +8.9017e-01 +1.0445e+00
13 +6.090956434e+01 +6.090956434e+01 +5.209956434e+01 +5.209956434e+01 -1.8692e+00 +1.2971e+00 +1.9756e-01 -8.5415e-02 -3.0012e-01 -1.9350e+00 -9.6065e-01 +1.6225e+00 +1.5299e+00 +3.4394e-01
30 +5.422389325e+01 +5.422389325e+01 +4.541389325e+01 +4.541389325e+01 -2.8720e+00 +1.2924e+00 +2.5943e-02 +2.6456e-01 +1.1126e+00 -3.2779e+00 -9.1761e-01 +1.5795e+00 +4.5464e-01 +4.2029e-01
34 +5.227486482e+01 +5.227486482e+01 +4.346486482e+01 +4.346486482e+01 -2.9412e+00 +1.0130e+00 +3.3771e-01 +6.2576e-01 +1.0539e+00 -3.2614e+00 -1.3420e+00 +8.1028e-01 -7.5138e-01 +1.8522e+00
56 +5.010481869e+01 +5.010481869e+01 +4.129481869e+01 +4.129481869e+01 -1.6078e+00 +1.3620e+00 -7.7082e-01 +3.1909e+00 +1.2119e+00 -5.9177e-01 -2.2879e+00 +1.0186e+00 +1.8259e+00 +1.5543e+00
72 +3.730068035e+01 +3.730068035e+01 +2.849068035e+01 +2.849068035e+01 -1.7539e+00 +5.8743e-01 -3.6338e-01 +4.2929e+00 +9.9910e-01 +8.3336e-02 -3.0809e+00 +2.0050e-02 +1.0350e+00 +9.8556e-02
86 +2.673310444e+01 +2.673310444e+01 +1.792310444e+01 +1.792310444e+01 -8.5669e-01 +1.1027e+00 -8.4694e-01 +4.3660e+00 +2.0043e+00 +3.7951e-02 -3.1882e+00 +6.6231e-01 +1.0009e+00 -1.3629e-01
142 +2.415002155e+01 +2.415002155e+01 +1.534002155e+01 +1.534002155e+01 +1.9034e-01 +5.0091e-02 -1.8575e+00 +3.1081e+00 +2.6888e+00 -1.3295e+00 -3.3726e+00 +2.9411e+00 +5.0049e-01 -1.5748e+00
156 +2.382886282e+01 +2.382886282e+01 +1.501886282e+01 +1.501886282e+01 -1.6215e+00 -5.2895e-01 -1.6313e+00 +2.6926e+00 +2.8950e+00 -3.2359e+00 -3.5144e+00 +2.5432e+00 +7.0610e-01 -5.4533e-01
324 +2.284617732e+01 +2.284617732e+01 +1.403617732e+01 +1.403617732e+01 -2.4441e+00 -5.5809e-01 -7.1892e-01 +2.4682e+00 +2.1466e+00 -3.4549e+00 -2.1927e+00 +2.4198e+00 -4.0044e-01 -2.3100e+00
331 +2.215838052e+01 +2.215838052e+01 +1.334838052e+01 +1.334838052e+01 -2.6237e+00 +1.2420e-01 -4.0872e-01 +2.6970e+00 +1.7271e+00 -3.2974e+00 -2.4701e+00 +2.6681e+00 -4.6621e-01 -2.1371e+00
343 +2.143301835e+01 +2.143301835e+01 +1.262301835e+01 +1.262301835e+01 -2.4824e+00 +2.4934e-01 -8.4993e-01 +2.9826e+00 +1.7139e+00 -2.7245e+00 -2.4528e+00 +1.8917e+00 -3.3496e-01 -1.8345e+00
387 +2.030253138e+01 +2.030253138e+01 +1.149253138e+01 +1.149253138e+01 -2.4089e+00 -7.5491e-02 -1.4705e+00 +3.6204e+00 +1.6059e+00 -2.2782e+00 -2.4461e+00 +1.8803e+00 -4.0064e-01 -1.7109e+00
395 +1.817370290e+01 +1.817370290e+01 +9.363702902e+00 +9.363702902e+00 -2.2616e+00 +1.9359e-01 -1.3418e+00 +3.4748e+00 +1.7999e+00 -2.5102e+00 -2.4113e+00 +1.9274e+00 -4.9299e-01 -1.2000e+00
406 +1.738110605e+01 +1.738110605e+01 +8.571106052e+00 +8.571106052e+00 -1.7414e+00 -2.4838e-02 -1.8269e+00 +3.3483e+00 +1.9585e+00 -2.6333e+00 -2.6330e+00 +1.7949e+00 -2.3107e-01 -1.2794e+00
414 +1.719131584e+01 +1.719131584e+01 +8.381315836e+00 +8.381315836e+00 -1.5256e+00 -5.0442e-01 -2.3400e+00 +3.5145e+00 +1.9953e+00 -2.7400e+00 -2.4933e+00 +1.9278e+00 -5.7685e-01 -1.1573e+00
497 +1.688059210e+01 +1.688059210e+01 +8.070592104e+00 +8.070592104e+00 -1.4149e+00 -7.1203e-01 -2.5338e+00 +3.8115e+00 +2.2128e+00 -2.7012e+00 -2.9993e+00 +1.7946e+00 -5.3462e-02 -1.1118e+00
501 +1.654421835e+01 +1.654421835e+01 +7.734218349e+00 +7.734218349e+00 -1.7136e+00 -6.2469e-01 -2.6193e+00 +3.8187e+00 +2.0577e+00 -2.2611e+00 -3.0658e+00 +1.6302e+00 -6.5148e-02 -8.1299e-01
608 +1.618793100e+01 +1.618793100e+01 +7.377931000e+00 +7.377931000e+00 -1.4520e+00 -7.2413e-02 -2.0305e+00 +3.6698e+00 +2.2517e+00 -2.3575e+00 -2.8364e+00 +1.8868e+00 -1.4590e-01 -1.1489e+00
657 +1.579293323e+01 +1.579293323e+01 +6.982933226e+00 +6.982933226e+00 -1.6550e+00 -4.1491e-01 -2.2895e+00 +3.5174e+00 +2.1465e+00 -2.3768e+00 -2.9477e+00 +2.0745e+00 -8.7204e-02 -1.0166e+00
846 +1.545517207e+01 +1.545517207e+01 +6.645172067e+00 +6.645172067e+00 -1.4787e+00 -9.0329e-01 -2.7843e+00 +3.2521e+00 +2.3071e+00 -2.5670e+00 -2.5655e+00 +1.8498e+00 +3.3464e-01 -7.2829e-01
974 +1.509121827e+01 +1.509121827e+01 +6.281218273e+00 +6.281218273e+00 -1.3434e+00 -8.5469e-01 -2.8016e+00 +3.3977e+00 +2.2010e+00 -2.3762e+00 -2.5032e+00 +1.8388e+00 +3.7000e-01 -6.4213e-01
% function evaluation | noise-free fitness - Fopt (3.626000000000e+01) | best noise-free fitness - Fopt | measured fitness | best measured fitness | x1 | x2...
1 +6.902204926e+01 +6.902204926e+01 +1.052820493e+02 +1.052820493e+02 +0.0000e+00 +0.0000e+00 +0.0000e+00 +0.0000e+00 +0.0000e+00 +0.0000e+00 +0.0000e+00 +0.0000e+00 +0.0000e+00 +0.0000e+00
21 +3.661010256e+01 +3.661010256e+01 +7.287010256e+01 +7.287010256e+01 -1.4127e+00 -8.0110e-01 +2.1074e-01 -1.5483e+00 -7.1728e-01 +1.0997e+00 -2.4447e+00 -1.3720e+00 -1.4124e+00 +1.3166e+00
23 +2.526262995e+01 +2.526262995e+01 +6.152262995e+01 +6.152262995e+01 -1.3222e+00 -1.0908e+00 +2.7912e-01 -2.1232e+00 -3.7086e-01 +2.9185e-01 -3.6870e+00 -2.8572e+00 -7.9521e-01 +2.7281e+00
33 +1.546965601e+01 +1.546965601e+01 +5.172965601e+01 +5.172965601e+01 -1.1036e+00 -1.2465e+00 +1.9862e+00 -2.7783e+00 -2.3828e+00 +6.3041e-01 -1.2696e+00 -1.3927e+00 -3.0257e+00 +2.5462e+00
48 +9.444365118e+00 +9.444365118e+00 +4.570436512e+01 +4.570436512e+01 -2.1784e-01 -2.8476e-01 +2.1574e+00 -2.9514e+00 -2.3739e+00 +1.7520e-01 -1.6949e+00 -1.2658e+00 -1.8670e+00 +3.9879e+00
127 +5.187708069e+00 +5.187708069e+00 +4.144770807e+01 +4.144770807e+01 -9.1915e-01 -1.1841e+00 +2.0854e+00 -2.9574e+00 -1.7742e+00 +3.5310e-01 -2.2685e+00 -1.3545e+00 -2.0033e+00 +3.5923e+00
133 +4.974081287e+00 +4.974081287e+00 +4.123408129e+01 +4.123408129e+01 -1.4134e+00 -1.6420e+00 +1.8422e+00 -3.2826e+00 -2.0729e+00 +5.6627e-01 -2.1259e+00 -2.0685e+00 -2.0675e+00 +3.6436e+00
140 +2.232902190e+00 +2.232902190e+00 +3.849290219e+01 +3.849290219e+01 -1.4374e+00 -1.1128e+00 +2.6703e+00 -2.7604e+00 -1.9792e+00 +4.4627e-01 -2.4746e+00 -2.1275e+00 -2.1308e+00 +3.9978e+00
150 +2.151421361e+00 +2.151421361e+00 +3.841142136e+01 +3.841142136e+01 -1.2524e+00 -9.1327e-01 +2.4821e+00 -2.3923e+00 -1.5367e+00 +5.4887e-01 -2.5997e+00 -2.1149e+00 -1.6961e+00 +3.8241e+00
182 +2.031955382e+00 +2.031955382e+00 +3.829195538e+01 +3.829195538e+01 -1.5649e+00 -9.9438e-01 +2.5879e+00 -2.9188e+00 -1.1887e+00 +2.1097e-01 -1.9069e+00 -2.2197e+00 -1.2571e+00 +3.7002e+00
258 +1.979814100e+00 +1.979814100e+00 +3.823981410e+01 +3.823981410e+01 -1.5147e+00 -1.0061e+00 +2.4481e+00 -2.5764e+00 -1.3983e+00 +6.0135e-01 -2.1815e+00 -2.5719e+00 -1.6309e+00 +4.1993e+00
291 +1.926321797e+00 +1.926321797e+00 +3.818632180e+01 +3.818632180e+01 -1.7810e+00 -1.1523e+00 +2.3561e+00 -2.7929e+00 -1.3938e+00 +5.3249e-01 -2.1804e+00 -2.5308e+00 -1.5748e+00 +4.0424e+00
293 +1.842886404e+00 +1.842886404e+00 +3.810288640e+01 +3.810288640e+01 -1.7924e+00 -1.1601e+00 +2.5087e+00 -2.7611e+00 -1.2476e+00 +5.4322e-01 -2.1167e+00 -2.4229e+00 -1.7165e+00 +3.8219e+00
390 +1.813360017e+00 +1.813360017e+00 +3.807336002e+01 +3.807336002e+01 -1.7621e+00 -1.0547e+00 +2.5644e+00 -2.7072e+00 -1.2364e+00 +4.9611e-01 -2.1004e+00 -2.5333e+00 -1.7487e+00 +3.8483e+00
% function evaluation | noise-free fitness - Fopt (4.653000000000e+01) | best noise-free fitness - Fopt | measured fitness | best measured fitness | x1 | x2...
1 +7.361881953e+01 +7.361881953e+01 +1.201488195e+02 +1.201488195e+02 +0.0000e+00 +0.0000e+00 +0.0000e+00 +0.0000e+00 +0.0000e+00 +0.0000e+00 +0.0000e+00 +0.0000e+00 +0.0000e+00 +0.0000e+00
2 +7.098611805e+01 +7.098611805e+01 +1.175161181e+02 +1.175161181e+02 +2.7305e-01 -9.9594e-01 -5.8384e-01 +3.9810e-01 +8.7798e-01 -1.1678e+00 +3.4842e-01 -2.4323e+00 +1.0331e+00 +5.7856e-01
4 +6.947483692e+01 +6.947483692e+01 +1.160048369e+02 +1.160048369e+02 +1.4630e+00 -1.1791e+00 -1.7754e+00 -4.4919e-01 +2.6257e+00 -1.2936e+00 +1.7998e+00 -1.1497e+00 -1.7335e+00 -8.2628e-01
7 +5.262938442e+01 +5.262938442e+01 +9.915938442e+01 +9.915938442e+01 -2.1316e+00 -4.8273e-01 +2.1298e-01 +2.4385e-01 -2.7981e-01 +5.5848e-01 +7.2708e-01 +5.8986e-01 +7.6517e-01 -2.7357e-01
57 +4.990709069e+01 +4.990709069e+01 +9.643709069e+01 +9.643709069e+01 -1.4152e+00 -2.0909e+00 -5.4613e-01 +9.7986e-01 +7.7783e-01 +9.7244e-01 +8.5014e-01 -9.1980e-01 +2.4448e+00 +1.3664e-01
58 +4.070618627e+01 +4.070618627e+01 +8.723618627e+01 +8.723618627e+01 -2.6923e+00 -2.0216e+00 -3.5373e-01 +5.6597e-01 +9.0922e-01 +1.0624e+00 +6.0850e-01 +3.5664e-01 +2.5190e+00 -5.9372e-01
92 +3.870955167e+01 +3.870955167e+01 +8.523955167e+01 +8.523955167e+01 -1.9040e+00 -1.3267e+00 -1.5064e+00 +3.4336e-02 +4.5385e-01 +2.7049e+00 +1.1671e+00 +1.1765e+00 +1.3766e+00 -4.3708e-01
98 +2.977979621e+01 +2.977979621e+01 +7.630979621e+01 +7.630979621e+01 -2.4420e+00 -1.2893e+00 -1.2788e+00 +9.9449e-01 +1.3700e+00 +2.6967e+00 +1.4917e-01 +4.1443e-01 +5.8711e-01 -5.1701e-01
107 +2.244827301e+01 +2.244827301e+01 +6.897827301e+01 +6.897827301e+01 -2.2000e+00 -2.8125e-01 -1.2763e+00 +1.6874e+00 +6.7817e-01 +2.8241e+00 +5.7394e-01 +6.5659e-01 +9.1495e-01 +3.1424e-01
117 +2.118262472e+01 +2.118262472e+01 +6.771262472e+01 +6.771262472e+01 -2.7231e+00 -2.4403e-01 -1.1385e+00 +1.1849e+00 +7.1508e-01 +3.0769e+00 +1.0373e+00 +1.1162e+00 +7.0804e-01 +1.2100e+00
136 +1.933488267e+01 +1.933488267e+01 +6.586488267e+01 +6.586488267e+01 -2.5487e+00 -8.7838e-01 -1.5088e+00 +1.9552e+00 +4.0454e-01 +2.8158e+00 +8.9031e-01 +1.3220e+00 +4.5016e-01 +2.3286e+00
203 +1.685496857e+01 +1.685496857e+01 +6.338496857e+01 +6.338496857e+01 -2.3680e+00 -3.4707e-01 -1.5805e+00 +1.1948e+00 +9.1336e-01 +2.9083e+00 +9.9808e-01 +1.7201e+00 +1.4284e+00 +2.0900e+00
235 +1.658188380e+01 +1.658188380e+01 +6.311188380e+01 +6.311188380e+01 -2.4400e+00 -2.4736e-01 -1.3452e+00 +1.2219e+00 +6.0398e-01 +2.1877e+00 +1.1008e+00 +1.6740e+00 +1.2029e+00 +1.2983e+00
236 +1.582501256e+01 +1.582501256e+01 +6.235501256e+01 +6.235501256e+01 -2.4074e+00 -3.8288e-01 -1.2827e+00 +1.3753e+00 +4.1081e-01 +2.5444e+00 +1.0774e+00 +1.8031e+00 +9.9150e-01 +1.4796e+00
456 +1.546903411e+01 +1.546903411e+01 +6.199903411e+01 +6.199903411e+01 -2.1332e+00 -6.7419e-01 -1.2557e+00 +1.0090e+00 +7.8635e-01 +2.8518e+00 +8.6732e-01 +1.3495e+00 +1.2373e+00 +1.6908e+00
593 +1.513292917e+01 +1.513292917e+01 +6.166292917e+01 +6.166292917e+01 -2.2213e+00 -4.6281e-01 -1.2976e+00 +1.1863e+00 +5.3969e-01 +2.9864e+00 +9.1631e-01 +1.3921e+00 +9.1573e-01 +1.7053e+00
% function evaluation | noise-free fitness - Fopt (-4.910300000000e+02) | best noise-free fitness - Fopt | measured fitness | best measured fitness | x1 | x2...
1 +6.523531251e+01 +6.523531251e+01 -4.257946875e+02 -4.257946875e+02 +0.0000e+00 +0.0000e+00 +0.0000e+00 +0.0000e+00 +0.0000e+00 +0.0000e+00 +0.0000e+00 +0.0000e+00 +0.0000e+00 +0.0000e+00
3 +6.376929540e+01 +6.376929540e+01 -4.272607046e+02 -4.272607046e+02 +1.4141e+00 -6.9067e-01 -1.0237e-01 +3.4542e-01 +4.2535e-01 -1.3010e+00 +1.0412e+00 -4.6477e-01 +1.5818e+00 -2.2465e-02
10 +6.296972157e+01 +6.296972157e+01 -4.280602784e+02 -4.280602784e+02 +2.0894e+00 -5.3947e-01 +1.1651e+00 -1.5843e+00 -3.4125e-01 -1.4062e+00 -4.4786e-01 -7.7719e-01 +2.2206e+00 -5.1913e-01
14 +4.742871069e+01 +4.742871069e+01 -4.436012893e+02 -4.436012893e+02 -3.7512e-01 +1.1222e+00 +1.1313e+00 -1.5009e-01 -7.5634e-01 -2.9324e-01 -1.8802e-01 -2.8255e-01 +1.5980e+00 -2.0352e-03
22 +4.575776206e+01 +4.575776206e+01 -4.452722379e+02 -4.452722379e+02 -6.8541e-02 +2.1767e-01 +6.4138e-01 -8.3929e-01 -1.8348e+00 -1.4255e+00 -7.6202e-02 -3.8780e-01 +1.6087e+00 +1.2438e+00
25 +3.317953845e+01 +3.317953845e+01 -4.578504615e+02 -4.578504615e+02 -1.1277e+00 +8.1175e-01 +7.7163e-01 +1.7638e+00 -2.0298e-01 -1.1654e-01 +1.3012e+00 +7.8084e-01 +1.7155e+00 -3.9634e-01
26 +3.046744261e+01 +3.046744261e+01 -4.605625574e+02 -4.605625574e+02 +2.0124e-01 -3.0843e-03 +1.7511e+00 +3.0656e-01 -4.3163e-01 -9.1925e-01 -1.6256e-01 +7.9444e-01 +3.7814e-01 -1.7337e-01
52 +2.816921656e+01 +2.816921656e+01 -4.628607834e+02 -4.628607834e+02 -8.5900e-01 -6.1684e-01 +1.1862e+00 +2.0961e+00 -2.0636e+00 -1.0631e+00 +1.2062e+00 +1.6547e+00 -1.6132e+00 -4.3956e-01
58 +1.627207800e+01 +1.627207800e+01 -4.747579220e+02 -4.747579220e+02 -9.2921e-01 -6.6609e-01 +1.1745e+00 +1.2576e+00 -8.3546e-01 -6.5066e-01 +1.4542e+00 +2.1833e+00 +2.7993e-02 +3.0097e-01
67 +1.022792621e+01 +1.022792621e+01 -4.808020738e+02 -4.808020738e+02 -1.0555e+00 -5.2528e-01 +1.4932e+00 +2.2437e+00 -7.8783e-01 -1.3862e+00 +6.1418e-01 +1.4235e+00 +2.3928e-01 -3.5476e-01
87 +8.277291593e+00 +8.277291593e+00 -4.827527084e+02 -4.827527084e+02 -1.2297e+00 -1.4379e+00 +1.4753e+00 +2.5648e+00 -9.2815e-01 -8.4171e-01 +8.2764e-01 +1.8730e+00 +1.3386e-01 -3.9096e-01
101 +7.112782039e+00 +7.112782039e+00 -4.839172180e+02 -4.839172180e+02 -1.7752e+00 -1.3486e+00 +2.0048e+00 +2.3551e+00 -1.2645e+00 -7.6169e-01 +1.8381e+00 +1.8127e+00 +7.1100e-01 -4.8260e-01
113 +6.434361465e+00 +6.434361465e+00 -4.845956385e+02 -4.845956385e+02 -1.6580e+00 -1.4859e+00 +1.8135e+00 +3.6010e+00 -8.0564e-01 -9.4636e-01 +2.1621e+00 +2.1407e+00 +6.2585e-01 -3.7392e-02
146 +2.990895002e+00 +2.990895002e+00 -4.880391050e+02 -4.880391050e+02 -1.3467e+00 -1.6606e+00 +1.7505e+00 +3.5106e+00 -1.4245e+00 +2.1169e-01 +2.2489e+00 +2.3454e+00 +1.7819e-01 -2.2813e-01
160 +2.048781908e+00 +2.048781908e+00 -4.889812181e+02 -4.889812181e+02 -1.0262e+00 -1.3326e+00 +1.7816e+00 +2.8943e+00 -1.3822e+00 -2.8091e-01 +2.0685e+00 +1.9025e+00 +5.5742e-01 +4.7516e-02
165 +2.004899886e+00 +2.004899886e+00 -4.890251001e+02 -4.890251001e+02 -9.1518e-01 -1.2753e+00 +1.6025e+00 +2.7919e+00 -1.7158e+00 -9.9142e-02 +2.3648e+00 +2.3369e+00 +7.4703e-01 +2.1374e-01
172 +1.578584179e+00 +1.578584179e+00 -4.894514158e+02 -4.894514158e+02 -1.1232e+00 -1.1264e+00 +1.6789e+00 +3.0369e+00 -1.7351e+00 -2.2705e-01 +2.2521e+00 +1.8442e+00 +1.0263e+00 -1.4002e-01
184 +1.006545271e+00 +1.006545271e+00 -4.900234547e+02 -4.900234547e+02 -9.2928e-01 -1.0257e+00 +1.3012e+00 +3.2441e+00 -1.9656e+00 +2.9199e-01 +2.7115e+00 +1.7381e+00 +7.0894e-01 -3.9198e-01
189 +7.489273333e-01 +7.489273333e-01 -4.902810727e+02 -4.902810727e+02 -8.5365e-01 -1.5082e+00 +1.3956e+00 +3.3293e+00 -1.9588e+00 +1.0395e-02 +2.3852e+00 +1.5136e+00 +1.0330e+00 -2.8461e-02
196 +5.328312116e-01 +5.328312116e-01 -4.904971688e+02 -4.904971688e+02 -9.1051e-01 -1.5894e+00 +1.4793e+00 +3.9896e+00 -2.3182e+00 +3.8890e-01 +2.8929e+00 +1.2285e+00 +8.8485e-01 +1.0797e-01
204 +4.109076675e-01 +4.109076675e-01 -4.906190923e+02 -4.906190923e+02 -6.0471e-01 -1.2157e+00 +1.2358e+00 +3.9238e+00 -2.4871e+00 +2.9818e-01 +2.6737e+00 +1.3721e+00 +7.5329e-01 +6.4014e-02
219 +3.170337119e-01 +3.170337119e-01 -4.907129663e+02 -4.907129663e+02 -6.5691e-01 -8.6091e-01 +1.2493e+00 +4.0434e+00 -2.3381e+00 +4.9843e-01 +2.8363e+00 +1.4519e+00 +1.6401e-01 +1.5765e-01
274 +1.510486859e-01 +1.510486859e-01 -4.908789513e+02 -4.908789513e+02 -1.0039e+00 -9.5160e-01 +1.0385e+00 +4.0375e+00 -2.8453e+00 +3.6254e-01 +2.6869e+00 +9.3832e-01 +3.1825e-01 -2.0288e-01
300 +1.343143516e-01 +1.343143516e-01 -4.908956856e+02 -4.908956856e+02 -9.8345e-01 -6.3772e-01 +9.0340e-01 +4.4996e+00 -3.0392e+00 +6.6185e-01 +2.6373e+00 +6.9264e-01 +2.6355e-01 -2.6181e-01
303 +1.201708603e-01 +1.201708603e-01 -4.909098291e+02 -4.909098291e+02 -7.9800e-01 -5.9460e-01 +8.7717e-01 +4.1645e+00 -2.9897e+00 +6.1062e-01 +2.5265e+00 +7.8579e-01 +3.3536e-01 -4.0507e-02
350 +3.181700377e-02 +3.181700377e-02 -4.909981830e+02 -4.909981830e+02 -3.9809e-01 -8.6107e-01 +9.4288e-01 +3.8461e+00 -2.8750e+00 +6.6628e-01 +2.4744e+00 +9.1288e-01 +3.2250e-01 -2.2660e-01
358 +2.368492210e-02 +2.368492210e-02 -4.910063151e+02 -4.910063151e+02 -4.6340e-01 -8.0600e-01 +9.7571e-01 +3.9374e+00 -3.0014e+00 +7.8832e-01 +2.5755e+00 +1.0965e+00 +2.0144e-01 -3.5284e-01
362 +2.026862255e-02 +2.026862255e-02 -4.910097314e+02 -4.910097314e+02 -4.1774e-01 -6.1907e-01 +9.8564e-01 +4.0574e+00 -3.0984e+00 +8.4140e-01 +2.6143e+00 +1.1510e+00 +2.2267e-01 -4.9794e-01
363 +1.878400500e-02 +1.878400500e-02 -4.910112160e+02 -4.910112160e+02 -3.9687e-01 -6.9426e-01 +1.0298e+00 +3.9302e+00 -3.1614e+00 +8.2605e-01 +2.6431e+00 +9.9284e-01 +3.5145e-01 -4.4074e-01
381 +1.333706054e-02 +1.333706054e-02 -4.910166629e+02 -4.910166629e+02 -3.7234e-01 -5.1796e-01 +8.6443e-01 +3.9398e+00 -3.1094e+00 +7.6624e-01 +2.6280e+00 +1.1437e+00 +4.0897e-01 -4.5780e-01
410 +5.697300219e-03 +5.697300219e-03 -4.910243027e+02 -4.910243027e+02 -3.0211e-01 -5.2373e-01 +9.0542e-01 +3.8214e+00 -3.0518e+00 +8.1974e-01 +2.4808e+00 +9.7662e-01 +3.2932e-01 -3.8832e-01
508 +5.552316476e-03 +5.552316476e-03 -4.910244477e+02 -4.910244477e+02 -4.9393e-01 -5.1125e-01 +9.7423e-01 +3.9543e+00 -3.0656e+00 +7.9402e-01 +2.5258e+00 +9.7844e-01 +2.1164e-01 -3.7135e-01
536 +4.845993350e-03 +4.845993350e-03 -4.910251540e+02 -4.910251540e+02 -4.3392e-01 -4.1838e-01 +8.9390e-01 +3.9106e+00 -3.0899e+00 +8.6556e-01 +2.4967e+00 +9.4903e-01 +1.8208e-01 -3.0619e-01
546 +4.399377935e-03 +4.399377935e-03 -4.910256006e+02 -4.910256006e+02 -3.9113e-01 -2.8809e-01 +8.9208e-01 +3.9530e+00 -3.1345e+00 +8.8284e-01 +2.4797e+00 +9.2280e-01 +2.0962e-01 -3.2862e-01
561 +3.907159563e-03 +3.907159563e-03 -4.910260928e+02 -4.910260928e+02 -3.6215e-01 -2.5774e-01 +8.6408e-01 +3.9515e+00 -3.1590e+00 +8.7742e-01 +2.4974e+00 +8.7461e-01 +2.0807e-01 -3.3819e-01
562 +3.795952273e-03 +3.795952273e-03 -4.910262040e+02 -4.910262040e+02 -3.5781e-01 -2.9038e-01 +8.8532e-01 +3.9106e+00 -3.1336e+00 +8.5716e-01 +2.5038e+00 +8.3486e-01 +2.4372e-01 -3.5457e-01
574 +3.702565324e-03 +3.702565324e-03 -4.910262974e+02 -4.910262974e+02 -4.4264e-01 -3.6034e-01 +8.9291e-01 +3.9109e+00 -3.0797e+00 +7.9861e-01 +2.4952e+00 +8.2890e-01 +2.7369e-01 -3.1297e-01
579 +3.624150387e-03 +3.624150387e-03 -4.910263758e+02 -4.910263758e+02 -3.3454e-01 -2.0927e-01 +8.1224e-01 +3.8688e+00 -3.1889e+00 +8.6795e-01 +2.5255e+00 +7.8399e-01 +2.5502e-01 -3.3848e-01
597 +3.453274064e-03 +3.453274064e-03 -4.910265467e+02 -4.910265467e+02 -4.0685e-01 -2.8345e-01 +8.3889e-01 +3.8301e+00 -3.1842e+00 +8.5692e-01 +2.4707e+00 +8.6056e-01 +2.3502e-01 -3.2115e-01
617 +3.170413495e-03 +3.170413495e-03 -4.910268296e+02 -4.910268296e+02 -4.4686e-01 -3.7936e-01 +8.5753e-01 +3.8260e+00 -3.2126e+00 +8.2937e-01 +2.4782e+00 +8.1429e-01 +2.2134e-01 -3.4326e-01
621 +1.538782470e-03 +1.538782470e-03 -4.910284612e+02 -4.910284612e+02 -3.9549e-01 -2.6295e-01 +8.1560e-01 +3.8325e+00 -3.2314e+00 +8.3879e-01 +2.4502e+00 +8.0911e-01 +2.4844e-01 -3.6480e-01
623 +1.316697563e-03 +1.316697563e-03 -4.910286833e+02 -4.910286833e+02 -4.0556e-01 -3.3463e-01 +8.2803e-01 +3.8152e+00 -3.2263e+00 +8.3117e-01 +2.4446e+00 +8.4728e-01 +2.6485e-01 -3.8195e-01
633 +8.536407505e-04 +8.536407505e-04 -4.910291464e+02 -4.910291464e+02 -4.0142e-01 -3.5908e-01 +8.2004e-01 +3.8053e+00 -3.2391e+00 +8.0673e-01 +2.4267e+00 +8.0333e-01 +2.9830e-01 -4.4394e-01
642 +8.401353183e-04 +8.401353183e-04 -4.910291599e+02 -4.910291599e+02 -3.7443e-01 -3.8192e-01 +7.5186e-01 +3.7713e+00 -3.2708e+00 +8.0411e-01 +2.3622e+00 +7.8966e-01 +3.2988e-01 -4.5704e-01
644 +7.365574605e-04 +7.365574605e-04 -4.910292634e+02 -4.910292634e+02 -4.5515e-01 -3.5166e-01 +8.0250e-01 +3.8232e+00 -3.2270e+00 +7.8703e-01 +2.4355e+00 +7.9741e-01 +3.1397e-01 -4.6735e-01
646 +6.300369885e-04 +6.300369885e-04 -4.910293700e+02 -4.910293700e+02 -3.8041e-01 -3.7865e-01 +7.5182e-01 +3.7952e+00 -3.2739e+00 +8.2573e-01 +2.3898e+00 +7.6963e-01 +2.9916e-01 -5.0513e-01
652 +6.033133828e-04 +6.033133828e-04 -4.910293967e+02 -4.910293967e+02 -3.9681e-01 -3.9581e-01 +7.4445e-01 +3.8003e+00 -3.2543e+00 +8.0688e-01 +2.4083e+00 +7.4842e-01 +3.2130e-01 -5.4095e-01
657 +4.028536590e-04 +4.028536590e-04 -4.910295971e+02 -4.910295971e+02 -3.4137e-01 -3.6499e-01 +7.0877e-01 +3.8301e+00 -3.3032e+00 +8.3371e-01 +2.3723e+00 +7.3036e-01 +3.1261e-01 -5.2347e-01
681 +3.939347633e-04 +3.939347633e-04 -4.910296061e+02 -4.910296061e+02 -3.4762e-01 -2.7043e-01 +7.5428e-01 +3.8512e+00 -3.3022e+00 +8.7187e-01 +2.3716e+00 +7.1379e-01 +3.1338e-01 -5.3553e-01
687 +3.060770615e-04 +3.060770615e-04 -4.910296939e+02 -4.910296939e+02 -3.4580e-01 -3.2440e-01 +7.6631e-01 +3.8162e+00 -3.2637e+00 +8.4646e-01 +2.3779e+00 +7.2022e-01 +3.3176e-01 -5.2685e-01
695 +2.629596214e-04 +2.629596214e-04 -4.910297370e+02 -4.910297370e+02 -3.0707e-01 -2.3464e-01 +7.3358e-01 +3.8176e+00 -3.3130e+00 +8.7065e-01 +2.3600e+00 +6.6581e-01 +3.5809e-01 -5.5001e-01
731 +2.481234417e-04 +2.481234417e-04 -4.910297519e+02 -4.910297519e+02 -3.5518e-01 -2.6781e-01 +7.3807e-01 +3.8141e+00 -3.2845e+00 +8.2951e-01 +2.4152e+00 +6.9441e-01 +3.0355e-01 -4.7005e-01
734 +2.237599460e-04 +2.237599460e-04 -4.910297762e+02 -4.910297762e+02 -3.7659e-01 -2.7053e-01 +7.3330e-01 +3.8148e+00 -3.3045e+00 +8.2578e-01 +2.4179e+00 +6.9924e-01 +2.9190e-01 -4.8748e-01
742 +1.575561610e-04 +1.575561610e-04 -4.910298424e+02 -4.910298424e+02 -3.7501e-01 -2.2974e-01 +7.0732e-01 +3.7927e+00 -3.3368e+00 +8.4391e-01 +2.4206e+00 +6.3957e-01 +3.0864e-01 -4.9640e-01
756 +1.359910968e-04 +1.359910968e-04 -4.910298640e+02 -4.910298640e+02 -3.9415e-01 -1.8051e-01 +6.6593e-01 +3.7922e+00 -3.3524e+00 +8.4749e-01 +2.4189e+00 +6.3035e-01 +3.3421e-01 -5.2809e-01
762 +1.102616239e-04 +1.102616239e-04 -4.910298897e+02 -4.910298897e+02 -4.0673e-01 -1.9512e-01 +6.7897e-01 +3.7721e+00 -3.3598e+00 +8.3954e-01 +2.4189e+00 +6.1919e-01 +3.4591e-01 -5.5302e-01
764 +5.373647804e-05 +5.373647804e-05 -4.910299463e+02 -4.910299463e+02 -3.6930e-01 -1.8155e-01 +6.7137e-01 +3.7896e+00 -3.3461e+00 +8.2913e-01 +2.3985e+00 +6.4842e-01 +3.2766e-01 -5.5704e-01
773 +4.604258390e-05 +4.604258390e-05 -4.910299540e+02 -4.910299540e+02 -3.6055e-01 -1.3208e-01 +6.1332e-01 +3.7776e+00 -3.3834e+00 +8.2183e-01 +2.3770e+00 +5.8803e-01 +3.0769e-01 -6.2366e-01
776 +4.319324535e-05 +4.319324535e-05 -4.910299568e+02 -4.910299568e+02 -3.4036e-01 -1.3048e-01 +6.6598e-01 +3.7679e+00 -3.3590e+00 +8.4397e-01 +2.3664e+00 +6.0962e-01 +3.4935e-01 -5.7583e-01
777 +3.237354383e-05 +3.237354383e-05 -4.910299676e+02 -4.910299676e+02 -3.5139e-01 -1.5365e-01 +6.7928e-01 +3.7856e+00 -3.3593e+00 +8.3770e-01 +2.4051e+00 +6.2769e-01 +3.4688e-01 -6.0133e-01
785 +2.886860921e-05 +2.886860921e-05 -4.910299711e+02 -4.910299711e+02 -3.2745e-01 -1.6918e-01 +6.8603e-01 +3.7819e+00 -3.3487e+00 +8.3817e-01 +2.3846e+00 +6.1770e-01 +3.7103e-01 -5.9543e-01
799 +2.872966246e-05 +2.872966246e-05 -4.910299713e+02 -4.910299713e+02 -3.2549e-01 -1.4010e-01 +6.6385e-01 +3.7418e+00 -3.3670e+00 +8.4098e-01 +2.3930e+00 +5.8543e-01 +4.0131e-01 -6.3446e-01
804 +2.776840859e-05 +2.776840859e-05 -4.910299722e+02 -4.910299722e+02 -3.0571e-01 -1.4442e-01 +6.7859e-01 +3.7274e+00 -3.3510e+00 +8.3320e-01 +2.3857e+00 +6.0841e-01 +4.1749e-01 -6.2495e-01
822 +2.568826181e-05 +2.568826181e-05 -4.910299743e+02 -4.910299743e+02 -3.4997e-01 -1.5862e-01 +6.8800e-01 +3.7295e+00 -3.3420e+00 +8.1902e-01 +2.4053e+00 +5.9762e-01 +4.2006e-01 -5.9898e-01
846 +2.318364938e-05 +2.318364938e-05 -4.910299768e+02 -4.910299768e+02 -3.4678e-01 -1.6818e-01 +6.8492e-01 +3.7704e+00 -3.3476e+00 +8.1497e-01 +2.4047e+00 +6.1651e-01 +4.0979e-01 -6.0382e-01
865 +2.288251943e-05 +2.288251943e-05 -4.910299771e+02 -4.910299771e+02 -3.4734e-01 -1.8184e-01 +6.8816e-01 +3.7360e+00 -3.3290e+00 +8.1353e-01 +2.3919e+00 +6.1267e-01 +3.7637e-01 -6.0501e-01
866 +2.072137875e-05 +2.072137875e-05 -4.910299793e+02 -4.910299793e+02 -3.5014e-01 -1.7498e-01 +6.9479e-01 +3.7481e+00 -3.3216e+00 +8.1217e-01 +2.3950e+00 +6.3900e-01 +3.8645e-01 -5.8808e-01
867 +7.907185079e-06 +7.907185079e-06 -4.910299921e+02 -4.910299921e+02 -3.4316e-01 -1.6661e-01 +6.7606e-01 +3.7380e+00 -3.3483e+00 +8.0744e-01 +2.3956e+00 +6.1375e-01 +4.0280e-01 -6.1354e-01
871 +7.686565198e-06 +7.686565198e-06 -4.910299923e+02 -4.910299923e+02 -3.2618e-01 -1.4456e-01 +6.6012e-01 +3.7131e+00 -3.3460e+00 +8.0477e-01 +2.4092e+00 +6.0098e-01 +4.3826e-01 -6.2055e-01
878 +7.371390666e-06 +7.371390666e-06 -4.910299926e+02 -4.910299926e+02 -3.2058e-01 -1.6009e-01 +6.6899e-01 +3.7214e+00 -3.3430e+00 +8.0434e-01 +2.4036e+00 +6.0381e-01 +4.3708e-01 -6.1839e-01
882 +6.861930046e-06 +6.861930046e-06 -4.910299931e+02 -4.910299931e+02 -3.2161e-01 -1.5112e-01 +6.6456e-01 +3.7258e+00 -3.3485e+00 +8.1149e-01 +2.3963e+00 +6.0102e-01 +4.2593e-01 -6.2046e-01
887 +6.658302766e-06 +6.658302766e-06 -4.910299933e+02 -4.910299933e+02 -3.2670e-01 -1.5788e-01 +6.6854e-01 +3.7257e+00 -3.3375e+00 +7.9324e-01 +2.4057e+00 +6.0146e-01 +4.4481e-01 -6.1452e-01
906 +5.609239508e-06 +5.609239508e-06 -4.910299944e+02 -4.910299944e+02 -3.2183e-01 -1.3716e-01 +6.5594e-01 +3.7017e+00 -3.3355e+00 +7.8548e-01 +2.3916e+00 +5.7268e-01 +4.4588e-01 -6.3847e-01
915 +5.154593794e-06 +5.154593794e-06 -4.910299948e+02 -4.910299948e+02 -3.1790e-01 -1.2484e-01 +6.4303e-01 +3.6836e+00 -3.3387e+00 +7.7716e-01 +2.3739e+00 +5.4497e-01 +4.7555e-01 -6.5034e-01
926 +3.339451212e-06 +3.339451212e-06 -4.910299967e+02 -4.910299967e+02 -3.1378e-01 -1.2445e-01 +6.3922e-01 +3.6729e+00 -3.3431e+00 +7.7167e-01 +2.3737e+00 +5.4040e-01 +4.7887e-01 -6.4861e-01
931 +1.828490440e-06 +1.828490440e-06 -4.910299982e+02 -4.910299982e+02 -3.1945e-01 -1.2198e-01 +6.4442e-01 +3.6872e+00 -3.3428e+00 +7.7343e-01 +2.3752e+00 +5.5556e-01 +4.6769e-01 -6.4412e-01
939 +1.692836406e-06 +1.692836406e-06 -4.910299983e+02 -4.910299983e+02 -3.2458e-01 -1.1572e-01 +6.4696e-01 +3.6767e+00 -3.3413e+00 +7.7080e-01 +2.3719e+00 +5.4714e-01 +4.6165e-01 -6.3011e-01
948 +8.150752251e-07 +8.150752251e-07 -4.910299992e+02 -4.910299992e+02 -3.2195e-01 -1.2825e-01 +6.4139e-01 +3.6757e+00 -3.3414e+00 +7.6831e-01 +2.3665e+00 +5.5335e-01 +4.5511e-01 -6.1761e-01
955 +4.672234581e-07 +4.672234581e-07 -4.910299995e+02 -4.910299995e+02 -3.2178e-01 -1.3601e-01 +6.3624e-01 +3.6572e+00 -3.3443e+00 +7.5988e-01 +2.3493e+00 +5.3683e-01 +4.5907e-01 -6.2764e-01
971 +2.150047749e-07 +2.150047749e-07 -4.910299998e+02 -4.910299998e+02 -3.0964e-01 -1.3525e-01 +6.4190e-01 +3.6645e+00 -3.3343e+00 +7.6100e-01 +2.3454e+00 +5.4441e-01 +4.5522e-01 -6.3087e-01
1175 +2.069923539e-07 +2.069923539e-07 -4.910299998e+02 -4.910299998e+02 -3.1820e-01 -1.7644e-01 +6.5062e-01 +3.6822e+00 -3.3284e+00 +7.6533e-01 +2.3384e+00 +5.7743e-01 +4.3045e-01 -6.2748e-01
1176 +1.879291176e-07 +1.879291176e-07 -4.910299998e+02 -4.910299998e+02 -3.2050e-01 -1.6511e-01 +6.4908e-01 +3.6876e+00 -3.3296e+00 +7.7300e-01 +2.3474e+00 +5.8231e-01 +4.2686e-01 -6.1967e-01
1182 +1.552210733e-07 +1.552210733e-07 -4.910299998e+02 -4.910299998e+02 -3.1987e-01 -1.6377e-01 +6.4703e-01 +3.6887e+00 -3.3280e+00 +7.6839e-01 +2.3429e+00 +5.8045e-01 +4.2727e-01 -6.2279e-01
1193 +1.538083438e-07 +1.538083438e-07 -4.910299998e+02 -4.910299998e+02 -3.2122e-01 -1.6521e-01 +6.4747e-01 +3.6907e+00 -3.3318e+00 +7.6746e-01 +2.3423e+00 +5.7829e-01 +4.2459e-01 -6.2469e-01
1196 +1.417099043e-07 +1.417099043e-07 -4.910299999e+02 -4.910299999e+02 -3.2006e-01 -1.6391e-01 +6.4935e-01 +3.6885e+00 -3.3293e+00 +7.7096e-01 +2.3390e+00 +5.7990e-01 +4.2950e-01 -6.2321e-01
1197 +1.156217309e-07 +1.156217309e-07 -4.910299999e+02 -4.910299999e+02 -3.1983e-01 -1.5886e-01 +6.4667e-01 +3.6824e+00 -3.3270e+00 +7.6651e-01 +2.3419e+00 +5.8239e-01 +4.2990e-01 -6.2278e-01
1204 +9.055520422e-08 +9.055520422e-08 -4.910299999e+02 -4.910299999e+02 -3.1632e-01 -1.5810e-01 +6.4304e-01 +3.6746e+00 -3.3265e+00 +7.6168e-01 +2.3316e+00 +5.7875e-01 +4.3273e-01 -6.2623e-01
1206 +7.819244274e-08 +7.819244274e-08 -4.910299999e+02 -4.910299999e+02 -3.1678e-01 -1.5446e-01 +6.4575e-01 +3.6832e+00 -3.3304e+00 +7.6632e-01 +2.3371e+00 +5.8155e-01 +4.3063e-01 -6.2348e-01
1215 +6.022378329e-08 +6.022378329e-08 -4.910299999e+02 -4.910299999e+02 -3.1905e-01 -1.5309e-01 +6.4588e-01 +3.6826e+00 -3.3309e+00 +7.6457e-01 +2.3368e+00 +5.8081e-01 +4.3074e-01 -6.2614e-01
1220 +5.627657629e-08 +5.627657629e-08 -4.910299999e+02 -4.910299999e+02 -3.1867e-01 -1.5346e-01 +6.4518e-01 +3.6818e+00 -3.3310e+00 +7.6597e-01 +2.3362e+00 +5.7693e-01 +4.3437e-01 -6.2441e-01
1221 +5.274216619e-08 +5.274216619e-08 -4.910299999e+02 -4.910299999e+02 -3.1529e-01 -1.4964e-01 +6.4848e-01 +3.6825e+00 -3.3312e+00 +7.6634e-01 +2.3333e+00 +5.8154e-01 +4.2888e-01 -6.2726e-01
1238 +5.189042440e-08 +5.189042440e-08 -4.910299999e+02 -4.910299999e+02 -3.1566e-01 -1.4775e-01 +6.4699e-01 +3.6757e+00 -3.3317e+00 +7.6857e-01 +2.3375e+00 +5.8302e-01 +4.2738e-01 -6.2462e-01
1246 +5.024048733e-08 +5.024048733e-08 -4.910299999e+02 -4.910299999e+02 -3.1597e-01 -1.4704e-01 +6.4683e-01 +3.6758e+00 -3.3318e+00 +7.6675e-01 +2.3355e+00 +5.8247e-01 +4.2561e-01 -6.2647e-01
1262 +4.134767551e-08 +4.134767551e-08 -4.910300000e+02 -4.910300000e+02 -3.1769e-01 -1.4576e-01 +6.4636e-01 +3.6755e+00 -3.3312e+00 +7.6639e-01 +2.3362e+00 +5.7930e-01 +4.2720e-01 -6.2814e-01
1273 +4.020517963e-08 +4.020517963e-08 -4.910300000e+02 -4.910300000e+02 -3.1702e-01 -1.4463e-01 +6.4467e-01 +3.6767e+00 -3.3327e+00 +7.6465e-01 +2.3365e+00 +5.7957e-01 +4.2932e-01 -6.2887e-01
1274 +3.902727030e-08 +3.902727030e-08 -4.910300000e+02 -4.910300000e+02 -3.1809e-01 -1.4774e-01 +6.4767e-01 +3.6756e+00 -3.3324e+00 +7.6549e-01 +2.3368e+00 +5.7872e-01 +4.2870e-01 -6.2697e-01
1280 +2.689006351e-08 +2.689006351e-08 -4.910300000e+02 -4.910300000e+02 -3.1713e-01 -1.4436e-01 +6.4652e-01 +3.6730e+00 -3.3326e+00 +7.6667e-01 +2.3338e+00 +5.7692e-01 +4.2835e-01 -6.2783e-01
1285 +2.217711881e-08 +2.217711881e-08 -4.910300000e+02 -4.910300000e+02 -3.1570e-01 -1.4469e-01 +6.4653e-01 +3.6752e+00 -3.3336e+00 +7.6631e-01 +2.3333e+00 +5.7698e-01 +4.2764e-01 -6.3025e-01
1290 +2.171822189e-08 +2.171822189e-08 -4.910300000e+02 -4.910300000e+02 -3.1316e-01 -1.4055e-01 +6.4439e-01 +3.6675e+00 -3.3338e+00 +7.6504e-01 +2.3309e+00 +5.7487e-01 +4.2806e-01 -6.3021e-01
1293 +2.064757609e-08 +2.064757609e-08 -4.910300000e+02 -4.910300000e+02 -3.1285e-01 -1.3806e-01 +6.4529e-01 +3.6659e+00 -3.3346e+00 +7.6465e-01 +2.3295e+00 +5.7434e-01 +4.2867e-01 -6.3247e-01
1298 +1.631048008e-08 +1.631048008e-08 -4.910300000e+02 -4.910300000e+02 -3.1183e-01 -1.4145e-01 +6.4344e-01 +3.6686e+00 -3.3344e+00 +7.6673e-01 +2.3295e+00 +5.7376e-01 +4.2794e-01 -6.3132e-01
1303 +1.469430799e-08 +1.469430799e-08 -4.910300000e+02 -4.910300000e+02 -3.1228e-01 -1.4009e-01 +6.4234e-01 +3.6667e+00 -3.3343e+00 +7.6641e-01 +2.3292e+00 +5.7119e-01 +4.2778e-01 -6.3061e-01
1310 +1.274975148e-08 +1.274975148e-08 -4.910300000e+02 -4.910300000e+02 -3.1151e-01 -1.4094e-01 +6.4108e-01 +3.6682e+00 -3.3341e+00 +7.6558e-01 +2.3278e+00 +5.7046e-01 +4.2760e-01 -6.3201e-01
1314 +1.224628932e-08 +1.224628932e-08 -4.910300000e+02 -4.910300000e+02 -3.1371e-01 -1.4265e-01 +6.4361e-01 +3.6701e+00 -3.3328e+00 +7.6652e-01 +2.3321e+00 +5.7274e-01 +4.2986e-01 -6.3176e-01
1318 +1.200311317e-08 +1.200311317e-08 -4.910300000e+02 -4.910300000e+02 -3.1193e-01 -1.4051e-01 +6.4054e-01 +3.6704e+00 -3.3325e+00 +7.6566e-01 +2.3294e+00 +5.7102e-01 +4.2999e-01 -6.3147e-01
1326 +1.170468522e-08 +1.170468522e-08 -4.910300000e+02 -4.910300000e+02 -3.0891e-01 -1.3695e-01 +6.4002e-01 +3.6656e+00 -3.3364e+00 +7.6751e-01 +2.3247e+00 +5.6719e-01 +4.2948e-01 -6.3571e-01
1330 +6.396533081e-09 +6.396533081e-09 -4.910300000e+02 -4.910300000e+02 -3.1109e-01 -1.3904e-01 +6.4163e-01 +3.6678e+00 -3.3357e+00 +7.6670e-01 +2.3285e+00 +5.6667e-01 +4.3013e-01 -6.3308e-01
2126 +0.000000000e+00 +0.000000000e+00 -4.910300000e+02 -4.910300000e+02 -3.0955e-01 -1.3468e-01 +6.3551e-01 +3.6649e+00 -3.3442e+00 +7.6468e-01 +2.3270e+00 +5.5291e-01 +4.3924e-01 -6.4052e-01
% function evaluation | noise-free fitness - Fopt (-1.930700000000e+02) | best noise-free fitness - Fopt | measured fitness | best measured fitness | x1 | x2...
1 +7.156047975e+01 +7.156047975e+01 -1.215095202e+02 -1.215095202e+02 +0.0000e+00 +0.0000e+00 +0.0000e+00 +0.0000e+00 +0.0000e+00 +0.0000e+00 +0.0000e+00 +0.0000e+00 +0.0000e+00 +0.0000e+00
2 +6.976508533e+01 +6.976508533e+01 -1.233049147e+02 -1.233049147e+02 -1.8629e+00 +1.3153e+00 +1.2963e+00 -3.2509e-01 -5.2824e-01 +5.2518e-01 -1.2379e+00 -2.4775e-01 +6.8957e-01 -1.6721e+00
6 +6.651232012e+01 +6.651232012e+01 -1.265576799e+02 -1.265576799e+02 +1.5417e+00 -1.9264e+00 -7.7608e-01 +2.6302e-02 -4.1638e-02 -1.9071e-01 -7.9676e-02 +1.1133e+00 +5.1963e-01 -1.7383e+00
19 +6.416315556e+01 +6.416315556e+01 -1.289068444e+02 -1.289068444e+02 +4.7658e-01 -1.5408e+00 +1.7401e-01 -6.0229e-01 -6.0257e-01 -1.5466e-01 +8.8336e-01 +2.6747e-01 -1.8899e-01 -1.6044e+00
24 +6.180324123e+01 +6.180324123e+01 -1.312667588e+02 -1.312667588e+02 +1.5615e-01 -2.0635e+00 -6.9963e-02 -9.3993e-01 -1.1185e+00 +1.0147e+00 +1.0001e+00 +1.7983e-01 -2.0939e-01 -1.8113e+00
32 +5.812259084e+01 +5.812259084e+01 -1.349474092e+02 -1.349474092e+02 +7.8942e-01 -1.3905e+00 +9.8914e-01 -4.7731e-01 -1.4618e+00 +9.8356e-01 +9.7439e-02 +2.3627e-02 -2.2614e+00 -6.8230e-01
47 +5.180109227e+01 +5.180109227e+01 -1.412689077e+02 -1.412689077e+02 +1.2817e+00 -3.1255e+00 +5.5215e-01 -2.5768e+00 -1.5366e+00 +2.0776e+00 +9.6324e-01 +1.1434e+00 -3.8883e+00 -5.3304e-01
52 +2.876887925e+01 +2.876887925e+01 -1.643011207e+02 -1.643011207e+02 +1.2826e+00 -3.0799e+00 -1.3316e-01 -3.6497e+00 -2.3096e+00 +5.8872e-01 -2.7577e-01 +1.2221e+00 -4.3947e+00 -1.2186e+00
63 +2.386857478e+01 +2.386857478e+01 -1.692014252e+02 -1.692014252e+02 +1.5056e+00 -1.2864e+00 -3.8906e-01 -3.6734e+00 -3.1401e+00 +9.7681e-01 +4.5330e-01 +1.3826e+00 -4.7928e+00 -3.0832e-01
89 +1.763137519e+01 +1.763137519e+01 -1.754386248e+02 -1.754386248e+02 +2.3654e+00 -1.5203e+00 +3.0891e-01 -2.7820e+00 -2.8521e+00 +1.8772e+00 -1.4273e+00 +1.0169e+00 -3.9410e+00 -7.7766e-01
92 +1.107921527e+01 +1.107921527e+01 -1.819907847e+02 -1.819907847e+02 +2.8723e+00 -1.4580e+00 +1.4156e+00 -3.5090e+00 -3.4935e+00 +1.8217e+00 -1.1654e+00 +7.9700e-01 -3.1910e+00 -1.1653e+00
227 +9.891208274e+00 +9.891208274e+00 -1.831787917e+02 -1.831787917e+02 +2.9382e+00 -1.3495e+00 +8.6276e-01 -2.4756e+00 -4.2097e+00 +2.5114e+00 +4.6454e-01 +1.1718e+00 -3.5567e+00 -1.2313e+00
233 +9.280324337e+00 +9.280324337e+00 -1.837896757e+02 -1.837896757e+02 +2.8349e+00 -2.1406e+00 +7.1203e-01 -2.1721e+00 -3.5424e+00 +2.0424e+00 +5.9909e-01 +1.6232e+00 -4.2096e+00 -1.3926e+00
249 +7.916920944e+00 +7.916920944e+00 -1.851530791e+02 -1.851530791e+02 +2.9413e+00 -1.6589e+00 +6.0327e-01 -2.2592e+00 -4.8258e+00 +2.2273e+00 +2.1385e-01 +9.5850e-01 -4.2407e+00 -4.2060e-01
263 +7.232028261e+00 +7.232028261e+00 -1.858379717e+02 -1.858379717e+02 +3.5743e+00 -2.5397e+00 +4.5492e-01 -2.2950e+00 -4.3282e+00 +1.7216e+00 -3.3744e-01 +1.9042e-01 -3.6026e+00 -1.2080e+00
264 +6.638511921e+00 +6.638511921e+00 -1.864314881e+02 -1.864314881e+02 +3.0442e+00 -2.3683e+00 +4.7339e-01 -2.6234e+00 -5.2530e+00 +1.7100e+00 -4.1308e-01 +9.0429e-01 -3.8024e+00 -1.3083e+00
281 +6.175044321e+00 +6.175044321e+00 -1.868949557e+02 -1.868949557e+02 +3.9141e+00 -2.1546e+00 +2.4074e-01 -2.4165e+00 -4.9278e+00 +1.8533e+00 -1.2602e-01 +1.4790e+00 -4.2493e+00 -1.4044e+00
283 +5.797394830e+00 +5.797394830e+00 -1.872726052e+02 -1.872726052e+02 +3.7480e+00 -2.1115e+00 +5.1438e-01 -2.5234e+00 -4.6711e+00 +1.9778e+00 -3.9947e-01 +1.7320e+00 -4.1405e+00 -1.6026e+00
286 +5.078230862e+00 +5.078230862e+00 -1.879917691e+02 -1.879917691e+02 +3.3487e+00 -1.8207e+00 +5.0283e-01 -3.1120e+00 -4.5283e+00 +1.8088e+00 -1.9918e-01 +8.4368e-01 -3.8583e+00 -8.1566e-01
299 +4.291870549e+00 +4.291870549e+00 -1.887781295e+02 -1.887781295e+02 +3.2273e+00 -1.5137e+00 +3.2000e-01 -2.9616e+00 -4.5091e+00 +1.5495e+00 +5.2290e-02 +8.4633e-01 -4.2093e+00 -1.2422e+00
302 +3.135729551e+00 +3.135729551e+00 -1.899342704e+02 -1.899342704e+02 +3.3567e+00 -1.8303e+00 +6.8522e-01 -2.6966e+00 -4.5408e+00 +1.1053e+00 -6.7864e-01 +8.2367e-01 -4.1405e+00 -1.0931e+00
433 +3.026088880e+00 +3.026088880e+00 -1.900439111e+02 -1.900439111e+02 +3.5287e+00 -1.8402e+00 +8.4432e-01 -2.7365e+00 -4.2789e+00 +1.6158e+00 -2.9629e-01 +1.0458e+00 -4.0950e+00 -1.1827e+00
447 +2.994626523e+00 +2.994626523e+00 -1.900753735e+02 -1.900753735e+02 +3.6000e+00 -1.7130e+00 +6.9698e-01 -2.7305e+00 -4.4466e+00 +1.4533e+00 -4.4212e-01 +1.0863e+00 -4.0975e+00 -1.1143e+00
455 +2.841887514e+00 +2.841887514e+00 -1.902281125e+02 -1.902281125e+02 +3.5746e+00 -1.8198e+00 +6.5530e-01 -2.5821e+00 -4.4265e+00 +1.2922e+00 -1.9261e-01 +1.0993e+00 -4.1133e+00 -1.0036e+00
462 +2.788729556e+00 +2.788729556e+00 -1.902812704e+02 -1.902812704e+02 +3.5930e+00 -1.9222e+00 +5.1100e-01 -2.6095e+00 -4.4466e+00 +1.1295e+00 -2.1562e-01 +1.1844e+00 -4.1842e+00 -1.0170e+00
473 +2.581127219e+00 +2.581127219e+00 -1.904888728e+02 -1.904888728e+02 +3.4907e+00 -1.9696e+00 +5.7698e-01 -2.7302e+00 -4.3827e+00 +1.1748e+00 -3.5040e-01 +1.1263e+00 -4.2567e+00 -9.2645e-01
488 +2.536095796e+00 +2.536095796e+00 -1.905339042e+02 -1.905339042e+02 +3.5801e+00 -2.0581e+00 +5.7432e-01 -2.7482e+00 -4.2150e+00 +1.3131e+00 -3.5237e-01 +1.1777e+00 -4.4091e+00 -1.0077e+00
542 +2.502951816e+00 +2.502951816e+00 -1.905670482e+02 -1.905670482e+02 +3.3781e+00 -2.0943e+00 +5.7619e-01 -2.7502e+00 -4.2125e+00 +1.2804e+00 -3.3274e-01 +1.1328e+00 -4.4113e+00 -1.0817e+00
% function evaluation | noise-free fitness - Fopt (-9.968000000000e+01) | best noise-free fitness - Fopt | measured fitness | best measured fitness | x1 | x2...
1 +6.752466116e+01 +6.752466116e+01 -3.215533884e+01 -3.215533884e+01 +0.0000e+00 +0.0000e+00 +0.0000e+00 +0.0000e+00 +0.0000e+00 +0.0000e+00 +0.0000e+00 +0.0000e+00 +0.0000e+00 +0.0000e+00
6 +6.538901221e+01 +6.538901221e+01 -3.429098779e+01 -3.429098779e+01 -4.8723e-01 +8.7045e-01 +4.9642e-01 +1.0508e-01 -1.9507e+00 -1.3451e+00 -7.5892e-01 -1.1235e+00 +1.9238e+00 +1.3239e+00
13 +6.415346947e+01 +6.415346947e+01 -3.552653053e+01 -3.552653053e+01 +3.4613e-01 +9.8843e-01 +1.2502e+00 -1.4858e+00 -1.2130e+00 -1.3629e+00 -4.0694e-01 -4.0982e-01 +1.1846e+00 -5.8016e-01
22 +4.787777104e+01 +4.787777104e+01 -5.180222896e+01 -5.180222896e+01 +7.1707e-01 +5.9917e-01 -3.5678e-01 -1.0179e+00 -1.4721e+00 -7.8164e-01 -1.6965e+00 -1.6378e+00 -4.6161e-01 +1.2313e+00
33 +2.509502524e+01 +2.509502524e+01 -7.458497476e+01 -7.458497476e+01 +1.6848e+00 -1.3300e+00 +3.4008e-01 -4.5541e-01 -1.7695e+00 -2.3347e+00 -1.8148e-01 -1.6548e+00 +4.0809e-01 +1.7086e+00
78 +1.991854650e+01 +1.991854650e+01 -7.976145350e+01 -7.976145350e+01 +2.0354e+00 -2.7742e-01 +3.4270e-01 -1.6624e-01 -1.9922e+00 -2.2314e+00 -2.7630e-02 -2.3400e+00 +1.0293e-01 +2.0974e+00
125 +1.693728693e+01 +1.693728693e+01 -8.274271307e+01 -8.274271307e+01 +3.2512e+00 -8.6365e-03 +9.7672e-01 -4.7113e-01 -2.2019e+00 -2.1046e+00 -6.1135e-02 -3.1126e+00 +6.6947e-01 +1.5049e+00
149 +1.653954939e+01 +1.653954939e+01 -8.314045061e+01 -8.314045061e+01 +2.6172e+00 +3.3879e-01 +3.9871e-01 -1.1140e+00 -2.2535e+00 -2.0516e+00 -2.6300e-01 -3.0126e+00 +1.7375e-01 +1.8435e+00
155 +1.422360651e+01 +1.422360651e+01 -8.545639349e+01 -8.545639349e+01 +2.5767e+00 +7.2928e-02 +9.9586e-01 -1.1482e+00 -2.1816e+00 -2.2945e+00 -2.4149e-01 -2.7494e+00 +9.5793e-02 +2.1410e+00
222 +1.369825445e+01 +1.369825445e+01 -8.598174555e+01 -8.598174555e+01 +3.0220e+00 +6.2647e-02 +1.3919e+00 -1.0118e+00 -2.0688e+00 -2.1341e+00 +3.9964e-01 -2.4402e+00 +2.8715e-02 +2.8604e+00
233 +1.275008942e+01 +1.275008942e+01 -8.692991058e+01 -8.692991058e+01 +2.9981e+00 +2.0424e-01 +1.1881e+00 -1.2955e+00 -1.9413e+00 -2.1393e+00 +1.6764e-01 -2.6288e+00 +3.0502e-01 +2.8103e+00
270 +1.245535582e+01 +1.245535582e+01 -8.722464418e+01 -8.722464418e+01 +2.9973e+00 +6.9278e-02 +8.9577e-01 -1.4826e+00 -2.0683e+00 -2.3864e+00 +1.9607e-01 -2.7881e+00 +1.5133e-01 +2.7403e+00
299 +1.212382281e+01 +1.212382281e+01 -8.755617719e+01 -8.755617719e+01 +2.9223e+00 -8.9240e-03 +1.1520e+00 -1.4146e+00 -2.0212e+00 -2.3455e+00 +4.1482e-01 -2.9262e+00 +2.1562e-01 +2.6293e+00
334 +1.195512307e+01 +1.195512307e+01 -8.772487693e+01 -8.772487693e+01 +3.0164e+00 +1.0525e-01 +1.1954e+00 -1.5317e+00 -1.9571e+00 -2.3205e+00 +2.9765e-01 -2.8815e+00 +1.2153e-01 +2.8425e+00
373 +1.174167189e+01 +1.174167189e+01 -8.793832811e+01 -8.793832811e+01 +3.1154e+00 +1.6827e-01 +1.4249e+00 -1.6671e+00 -2.1619e+00 -2.3987e+00 +2.8777e-01 -2.9618e+00 +1.5324e-01 +2.9469e+00
% function evaluation | noise-free fitness - Fopt (-1.374400000000e+02) | best noise-free fitness - Fopt | measured fitness | best measured fitness | x1 | x2...
1 +7.717268581e+01 +7.717268581e+01 -6.026731419e+01 -6.026731419e+01 +0.0000e+00 +0.0000e+00 +0.0000e+00 +0.0000e+00 +0.0000e+00 +0.0000e+00 +0.0000e+00 +0.0000e+00 +0.0000e+00 +0.0000e+00
3 +6.965565985e+01 +6.965565985e+01 -6.778434015e+01 -6.778434015e+01 -1.5403e+00 -5.3235e-01 +1.0125e+00 -1.5098e+00 +2.0889e-01 +1.0917e+00 -9.4102e-01 +8.1211e-01 +1.0346e+00 -1.4488e+00
36 +6.218619396e+01 +6.218619396e+01 -7.525380604e+01 -7.525380604e+01 -3.8571e+00 -1.0840e+00 +1.9068e-01 -3.9655e+00 -1.8445e+00 +9.0052e-01 -4.6118e-01 +2.3353e+00 +2.6689e+00 -1.9602e+00
67 +5.077703842e+01 +5.077703842e+01 -8.666296158e+01 -8.666296158e+01 -3.8139e+00 -2.0707e+00 -2.2727e+00 -2.9662e+00 -1.8007e+00 -6.5756e-01 +4.7712e-01 +3.6090e+00 +2.9176e+00 -6.8761e-01
72 +5.004518280e+01 +5.004518280e+01 -8.739481720e+01 -8.739481720e+01 -2.4858e+00 -1.3989e+00 -1.5758e+00 -2.1149e+00 -1.2611e+00 -2.9918e-01 -2.8672e-01 +2.5790e+00 +2.4902e+00 -8.5099e-01
82 +2.776368013e+01 +2.776368013e+01 -1.096763199e+02 -1.096763199e+02 -3.3791e+00 -2.3047e+00 -1.8158e+00 -1.5774e+00 -1.2870e+00 -3.1054e-01 -7.9063e-01 +3.0662e+00 +2.6032e+00 -1.5213e+00
112 +2.477470123e+01 +2.477470123e+01 -1.126652988e+02 -1.126652988e+02 -3.4025e+00 -2.6510e+00 -1.8263e+00 -4.3027e-01 -2.0245e+00 +1.0523e+00 -7.1183e-01 +3.1373e+00 +2.7757e+00 -9.8742e-01
149 +2.420830446e+01 +2.420830446e+01 -1.132316955e+02 -1.132316955e+02 -3.9043e+00 -2.3951e+00 -1.2373e+00 +5.4774e-01 -2.0897e+00 +5.9726e-01 -2.3887e-01 +2.8504e+00 +2.9305e+00 -6.2603e-01
155 +2.332901126e+01 +2.332901126e+01 -1.141109887e+02 -1.141109887e+02 -4.1391e+00 -2.0057e+00 -1.4603e+00 -2.2309e-01 -1.7412e+00 +1.1440e+00 -8.3664e-01 +2.4326e+00 +2.6934e+00 -1.2280e+00
164 +2.173134781e+01 +2.173134781e+01 -1.157086522e+02 -1.157086522e+02 -4.2013e+00 -1.9822e+00 -1.3538e+00 -1.1851e-02 -2.1224e+00 +8.3619e-01 -8.1257e-01 +2.8669e+00 +3.5295e+00 -1.1706e+00
175 +2.135703136e+01 +2.135703136e+01 -1.160829686e+02 -1.160829686e+02 -4.2021e+00 -1.8671e+00 -1.3715e+00 -8.0291e-02 -2.7176e+00 +6.6190e-01 -6.4345e-01 +3.1305e+00 +3.8865e+00 -1.4916e+00
181 +1.805390176e+01 +1.805390176e+01 -1.193860982e+02 -1.193860982e+02 -3.7048e+00 -2.7071e+00 -1.5833e+00 +4.1585e-01 -2.1504e+00 +3.4119e-01 -7.1975e-01 +2.7393e+00 +3.0711e+00 -1.1743e+00
183 +1.700344284e+01 +1.700344284e+01 -1.204365572e+02 -1.204365572e+02 -3.8399e+00 -2.6222e+00 -2.0680e+00 +8.1172e-01 -2.2158e+00 +7.7501e-01 -7.2976e-01 +2.8018e+00 +2.7185e+00 -1.2322e+00
189 +1.573634451e+01 +1.573634451e+01 -1.217036555e+02 -1.217036555e+02 -4.3282e+00 -3.0705e+00 -1.7452e+00 +8.2177e-02 -2.5064e+00 +6.6436e-02 -1.0811e+00 +2.7667e+00 +3.3122e+00 -8.5623e-01
241 +1.546548061e+01 +1.546548061e+01 -1.219745194e+02 -1.219745194e+02 -3.7413e+00 -2.7801e+00 -1.0017e+00 -4.0026e-01 -3.4538e+00 -1.2999e+00 -7.5548e-01 +1.7060e+00 +3.4566e+00 -1.7434e+00
253 +1.403242808e+01 +1.403242808e+01 -1.234075719e+02 -1.234075719e+02 -4.1297e+00 -3.3188e+00 -1.2561e+00 -3.8585e-01 -3.3504e+00 -1.0989e+00 -1.0407e+00 +1.7081e+00 +3.3551e+00 -2.2590e+00
263 +1.098871634e+01 +1.098871634e+01 -1.264512837e+02 -1.264512837e+02 -3.7712e+00 -3.2949e+00 -1.7361e+00 -3.9017e-01 -3.4019e+00 -8.1253e-01 -1.0653e+00 +2.3370e+00 +2.9956e+00 -1.9873e+00
267 +1.095626085e+01 +1.095626085e+01 -1.264837392e+02 -1.264837392e+02 -4.0068e+00 -2.9430e+00 -1.6917e+00 -6.2990e-01 -3.2333e+00 -1.2410e+00 -1.1043e+00 +1.5724e+00 +3.2243e+00 -2.3909e+00
272 +9.710784574e+00 +9.710784574e+00 -1.277292154e+02 -1.277292154e+02 -3.8912e+00 -2.7539e+00 -1.6800e+00 +8.1004e-02 -3.5049e+00 -9.8421e-01 -1.3960e+00 +1.4034e+00 +3.0781e+00 -2.9195e+00
283 +7.673562547e+00 +7.673562547e+00 -1.297664375e+02 -1.297664375e+02 -3.5928e+00 -2.5144e+00 -1.8791e+00 -4.0322e-01 -3.7989e+00 -8.0581e-01 -1.5233e+00 +2.1167e+00 +3.1502e+00 -3.0158e+00
305 +6.904116475e+00 +6.904116475e+00 -1.305358835e+02 -1.305358835e+02 -3.4350e+00 -2.7232e+00 -2.5489e+00 +6.3453e-01 -3.5599e+00 -1.4326e+00 -1.2020e+00 +1.9279e+00 +3.5247e+00 -2.4935e+00
332 +6.480370980e+00 +6.480370980e+00 -1.309596290e+02 -1.309596290e+02 -3.0933e+00 -2.5727e+00 -2.2179e+00 -2.1797e-01 -3.5667e+00 -7.4862e-01 -1.1826e+00 +2.2489e+00 +3.2123e+00 -2.3477e+00
348 +6.261723142e+00 +6.261723142e+00 -1.311782769e+02 -1.311782769e+02 -3.0202e+00 -2.1773e+00 -2.4496e+00 +2.9262e-02 -3.9261e+00 -1.3644e+00 -1.3969e+00 +2.3365e+00 +3.2556e+00 -2.5786e+00
350 +5.225070504e+00 +5.225070504e+00 -1.322149295e+02 -1.322149295e+02 -2.2670e+00 -1.9441e+00 -3.0025e+00 +2.5502e-02 -4.4360e+00 -1.5208e+00 -1.0302e+00 +1.9459e+00 +2.6979e+00 -2.4457e+00
353 +4.665662387e+00 +4.665662387e+00 -1.327743376e+02 -1.327743376e+02 -2.5485e+00 -2.4158e+00 -2.8969e+00 +3.1840e-02 -4.1236e+00 -1.7277e+00 -7.7608e-01 +2.1007e+00 +2.8155e+00 -2.2783e+00
363 +3.438375169e+00 +3.438375169e+00 -1.340016248e+02 -1.340016248e+02 -1.9907e+00 -2.4735e+00 -3.6747e+00 +3.1140e-03 -4.3599e+00 -2.0750e+00 -6.4498e-01 +1.7786e+00 +2.7548e+00 -2.5590e+00
402 +2.997975917e+00 +2.997975917e+00 -1.344420241e+02 -1.344420241e+02 -2.1244e+00 -2.5874e+00 -3.3616e+00 -5.3110e-01 -4.1026e+00 -1.8847e+00 -8.9185e-01 +1.4996e+00 +2.3181e+00 -2.5848e+00
468 +2.813122360e+00 +2.813122360e+00 -1.346268776e+02 -1.346268776e+02 -1.8200e+00 -2.4756e+00 -3.6970e+00 -4.6948e-01 -3.8730e+00 -1.7747e+00 -1.1439e+00 +2.0513e+00 +1.8671e+00 -2.8628e+00
469 +2.430359181e+00 +2.430359181e+00 -1.350096408e+02 -1.350096408e+02 -1.7613e+00 -2.6504e+00 -4.1654e+00 -2.8007e-01 -4.1925e+00 -1.7567e+00 -9.4723e-01 +1.8124e+00 +2.3703e+00 -2.7822e+00
504 +2.345389634e+00 +2.345389634e+00 -1.350946104e+02 -1.350946104e+02 -1.8388e+00 -2.4230e+00 -3.8506e+00 -1.6307e-01 -4.1701e+00 -1.8415e+00 -9.3263e-01 +1.7140e+00 +2.1877e+00 -2.6399e+00
510 +2.319153979e+00 +2.319153979e+00 -1.351208460e+02 -1.351208460e+02 -1.7506e+00 -2.3858e+00 -3.7664e+00 -3.2761e-02 -4.2053e+00 -1.6357e+00 -9.8704e-01 +2.0395e+00 +2.0532e+00 -2.7029e+00
512 +2.258363218e+00 +2.258363218e+00 -1.351816368e+02 -1.351816368e+02 -1.7781e+00 -2.3789e+00 -3.9498e+00 -2.7973e-01 -4.1747e+00 -1.6846e+00 -1.0490e+00 +2.0127e+00 +2.0128e+00 -2.7874e+00
602 +2.231424356e+00 +2.231424356e+00 -1.352085756e+02 -1.352085756e+02 -1.8060e+00 -2.3868e+00 -3.9910e+00 -4.3330e-02 -4.2339e+00 -1.7027e+00 -1.2803e+00 +2.0406e+00 +2.1802e+00 -2.8681e+00
627 +2.186402629e+00 +2.186402629e+00 -1.352535974e+02 -1.352535974e+02 -1.7834e+00 -2.3289e+00 -3.8972e+00 -5.1393e-02 -4.1651e+00 -1.7708e+00 -1.1658e+00 +2.1452e+00 +2.1953e+00 -2.9114e+00
720 +2.133623596e+00 +2.133623596e+00 -1.353063764e+02 -1.353063764e+02 -1.9521e+00 -2.3398e+00 -3.6585e+00 -8.7633e-02 -4.2209e+00 -1.5673e+00 -1.2393e+00 +2.0764e+00 +2.3268e+00 -3.0336e+00
% function evaluation | noise-free fitness - Fopt (-4.956000000000e+01) | best noise-free fitness - Fopt | measured fitness | best measured fitness | x1 | x2...
1 +7.329669507e+01 +7.329669507e+01 +2.373669507e+01 +2.373669507e+01 +0.0000e+00 +0.0000e+00 +0.0000e+00 +0.0000e+00 +0.0000e+00 +0.0000e+00 +0.0000e+00 +0.0000e+00 +0.0000e+00 +0.0000e+00
4 +7.206248189e+01 +7.206248189e+01 +2.250248189e+01 +2.250248189e+01 +3.9735e-01 -6.3782e-01 +1.0242e+00 +5.6677e-01 -3.2614e-01 +4.7510e-01 +4.0123e-01 -1.0363e+00 +8.2378e-01 +2.4765e+00
5 +6.773156477e+01 +6.773156477e+01 +1.817156477e+01 +1.817156477e+01 -1.1639e+00 -7.7294e-01 +1.4855e+00 -6.7000e-01 +1.1053e+00 +3.5902e-02 +8.7875e-01 +3.6128e-01 -4.7182e-01 -1.0349e+00
12 +6.450839057e+01 +6.450839057e+01 +1.494839057e+01 +1.494839057e+01 +2.0163e+00 -1.7581e+00 -2.8243e+00 +7.6338e-02 +3.8691e+00 +1.1136e+00 +2.8082e+00 +9.1322e-01 -2.3039e+00 +1.7804e+00
13 +6.241063037e+01 +6.241063037e+01 +1.285063037e+01 +1.285063037e+01 -2.6398e-01 -1.8868e+00 -7.2808e-01 -1.2933e+00 +4.0565e+00 +8.7253e-01 +1.4962e+00 -1.6770e+00 -1.4898e+00 -2.5090e-01
17 +3.520263628e+01 +3.520263628e+01 -1.435736372e+01 -1.435736372e+01 +2.1286e+00 -2.2742e+00 -1.9926e+00 -1.0735e+00 +2.9232e+00 +1.1279e-01 +2.0151e+00 -1.1123e+00 -7.0218e-01 +1.8132e+00
27 +3.355261092e+01 +3.355261092e+01 -1.600738908e+01 -1.600738908e+01 +1.7601e-01 -1.4552e+00 -2.0144e+00 -3.5857e-01 +2.0412e+00 +2.8702e-01 +1.7527e+00 -1.1801e+00 +4.8911e-01 +1.3692e+00
40 +2.497203702e+01 +2.497203702e+01 -2.458796298e+01 -2.458796298e+01 -7.3613e-01 -2.6255e+00 -3.3930e+00 -7.7352e-01 +3.5417e+00 +5.3641e-01 +3.9949e+00 -2.2693e+00 +1.7814e-01 +3.2847e+00
44 +1.830519287e+01 +1.830519287e+01 -3.125480713e+01 -3.125480713e+01 -8.7886e-02 -3.2013e+00 -3.7470e+00 -5.9644e-02 +3.0524e+00 -9.2748e-01 +3.5153e+00 -8.5385e-01 -7.1237e-02 +3.3110e+00
67 +1.363011755e+01 +1.363011755e+01 -3.592988245e+01 -3.592988245e+01 +5.9665e-01 -4.9516e+00 -2.8269e+00 -9.2205e-01 +2.2911e+00 -1.2068e-01 +4.6952e+00 -8.9522e-01 +3.6477e-01 +3.4710e+00
73 +1.348219600e+01 +1.348219600e+01 -3.607780400e+01 -3.607780400e+01 +5.6563e-01 -4.3559e+00 -3.0309e+00 -2.4038e+00 +3.3450e+00 +9.5723e-02 +5.3951e+00 +3.6092e-02 -2.8145e-01 +3.4425e+00
85 +9.025231723e+00 +9.025231723e+00 -4.053476828e+01 -4.053476828e+01 -5.3107e-01 -3.9509e+00 -2.8270e+00 -6.3792e-01 +2.8896e+00 +1.1118e+00 +4.6683e+00 -7.9168e-01 +2.1847e-01 +3.5295e+00
98 +8.316778443e+00 +8.316778443e+00 -4.124322156e+01 -4.124322156e+01 -2.4875e-01 -3.9791e+00 -2.6425e+00 -1.5461e+00 +2.7689e+00 +3.8660e-01 +3.6237e+00 -3.5258e-01 +4.0697e-01 +2.4012e+00
103 +7.880744060e+00 +7.880744060e+00 -4.167925594e+01 -4.167925594e+01 +2.2902e-01 -3.7488e+00 -2.7131e+00 -1.0710e+00 +2.7462e+00 +3.6850e-01 +3.0128e+00 +2.3454e-01 +1.8454e-01 +2.5584e+00
118 +5.546086035e+00 +5.546086035e+00 -4.401391396e+01 -4.401391396e+01 +1.2555e-01 -3.9952e+00 -2.0189e+00 -1.1182e+00 +2.6483e+00 +1.2658e+00 +3.9091e+00 -1.3701e-01 -5.5228e-01 +2.4775e+00
177 +4.354645703e+00 +4.354645703e+00 -4.520535430e+01 -4.520535430e+01 -4.2028e-01 -4.1029e+00 -1.8792e+00 -1.5438e+00 +3.1259e+00 +4.8456e-01 +4.0275e+00 -7.2912e-02 -8.1854e-01 +2.7124e+00
195 +3.025524074e+00 +3.025524074e+00 -4.653447593e+01 -4.653447593e+01 +4.5122e-02 -4.0032e+00 -2.2687e+00 -1.2863e+00 +2.5715e+00 +3.9835e-01 +4.2391e+00 +1.7345e-01 -9.4816e-01 +2.6253e+00
238 +2.645949406e+00 +2.645949406e+00 -4.691405059e+01 -4.691405059e+01 -7.1605e-02 -4.3829e+00 -2.3535e+00 -1.5251e+00 +2.7992e+00 +6.2985e-01 +4.5307e+00 +6.0376e-01 -9.4692e-01 +2.9632e+00
274 +2.543631500e+00 +2.543631500e+00 -4.701636850e+01 -4.701636850e+01 +6.5354e-02 -4.0472e+00 -2.0647e+00 -1.5118e+00 +2.9642e+00 +4.5645e-01 +4.0187e+00 +4.5260e-01 -9.0120e-01 +2.8647e+00
317 +2.486583055e+00 +2.486583055e+00 -4.707341695e+01 -4.707341695e+01 +4.0893e-02 -3.9409e+00 -2.1423e+00 -1.5228e+00 +3.2034e+00 +5.5258e-01 +4.2405e+00 +3.8095e-01 -6.8197e-01 +2.8472e+00
350 +2.447638944e+00 +2.447638944e+00 -4.711236106e+01 -4.711236106e+01 +5.6773e-02 -3.8710e+00 -2.1400e+00 -1.4873e+00 +3.0665e+00 +5.8175e-01 +4.2690e+00 +2.7716e-01 -8.3441e-01 +2.9444e+00
359 +2.388011309e+00 +2.388011309e+00 -4.717198869e+01 -4.717198869e+01 +2.5977e-02 -3.8767e+00 -2.1890e+00 -1.4232e+00 +3.1415e+00 +5.9176e-01 +4.2429e+00 +3.3506e-01 -8.6250e-01 +3.0396e+00
380 +2.334663623e+00 +2.334663623e+00 -4.722533638e+01 -4.722533638e+01 -3.4304e-02 -4.1691e+00 -2.3898e+00 -1.3466e+00 +3.0467e+00 +5.5699e-01 +4.3611e+00 +4.3694e-01 -9.8723e-01 +3.1622e+00
417 +2.286570431e+00 +2.286570431e+00 -4.727342957e+01 -4.727342957e+01 -3.4407e-02 -4.0360e+00 -2.3376e+00 -1.2475e+00 +3.0163e+00 +5.6686e-01 +4.4131e+00 +5.4367e-01 -8.8200e-01 +3.1405e+00
% function evaluation | noise-free fitness - Fopt (2.668500000000e+02) | best noise-free fitness - Fopt | measured fitness | best measured fitness | x1 | x2...
1 +7.238617617e+01 +7.238617617e+01 +3.392361762e+02 +3.392361762e+02 +0.0000e+00 +0.0000e+00 +0.0000e+00 +0.0000e+00 +0.0000e+00 +0.0000e+00 +0.0000e+00 +0.0000e+00 +0.0000e+00 +0.0000e+00
2 +6.803744263e+01 +6.803744263e+01 +3.348874426e+02 +3.348874426e+02 -1.5180e-01 -5.9251e-01 -5.7713e-01 -1.2990e+00 -3.1402e-01 +1.8783e-01 -1.0305e-01 -1.0366e+00 +1.0661e-01 -5.2940e-01
14 +6.739474040e+01 +6.739474040e+01 +3.342447404e+02 +3.342447404e+02 -8.9829e-01 +7.8093e-01 -1.9610e-01 +5.4170e-02 -2.8536e-01 -9.0495e-01 -2.3914e+00 +8.5500e-01 -2.7056e-01 -4.1754e-01
16 +6.174407098e+01 +6.174407098e+01 +3.285940710e+02 +3.285940710e+02 -1.5839e-01 -5.0039e-01 -1.1534e+00 -2.7544e+00 -3.3033e-01 -4.7671e-01 -2.1020e-01 -1.6611e+00 +2.6570e-02 -9.5080e-01
20 +6.147294209e+01 +6.147294209e+01 +3.283229421e+02 +3.283229421e+02 +5.7098e-01 -8.4397e-01 -1.3427e+00 -1.8760e+00 +1.1892e+00 +1.6087e+00 -5.7959e-01 -1.1456e+00 +1.6802e+00 -2.2140e+00
41 +5.795070922e+01 +5.795070922e+01 +3.248007092e+02 +3.248007092e+02 +7.1908e-01 -1.5866e+00 -1.5888e-01 -1.4465e+00 +1.1253e+00 +1.5075e+00 -2.4421e-01 -4.5395e-01 +5.4032e-01 -3.2441e+00
43 +5.592400636e+01 +5.592400636e+01 +3.227740064e+02 +3.227740064e+02 +3.0529e-01 -2.1083e+00 +4.2742e-01 -1.9081e+00 +1.9683e+00 +8.2590e-01 -1.0657e+00 -1.4074e+00 +2.8545e-01 -4.0165e+00
46 +5.047365023e+01 +5.047365023e+01 +3.173236502e+02 +3.173236502e+02 +5.8728e-01 -1.2248e+00 -2.5595e-01 -5.9771e-01 +1.3525e+00 +1.3686e+00 +4.3647e-01 -7.7396e-01 +8.9747e-01 -3.2281e+00
59 +4.358301625e+01 +4.358301625e+01 +3.104330162e+02 +3.104330162e+02 +9.4451e-01 -2.0126e+00 -1.7601e+00 -6.2857e-01 +1.3938e+00 +1.8399e+00 +3.5716e-01 -1.2382e+00 +1.2690e+00 -3.8278e+00
70 +3.609772198e+01 +3.609772198e+01 +3.029477220e+02 +3.029477220e+02 -1.6874e-02 -2.1264e+00 -2.0038e+00 -1.2979e+00 +2.0864e+00 +1.6568e+00 +8.1086e-01 -2.2311e+00 +1.4917e+00 -4.0988e+00
80 +3.429200548e+01 +3.429200548e+01 +3.011420055e+02 +3.011420055e+02 -4.4676e-01 -2.5639e+00 -2.3672e+00 -1.4098e+00 +2.3682e+00 +1.6386e+00 +8.2195e-01 -2.0251e+00 +9.0556e-01 -4.2788e+00
82 +3.375161620e+01 +3.375161620e+01 +3.006016162e+02 +3.006016162e+02 -5.6908e-01 -1.9838e+00 -1.6776e+00 -1.7165e+00 +2.1704e+00 +1.4232e+00 -1.9454e-01 -2.1576e+00 +9.0657e-01 -4.3946e+00
84 +1.760298122e+01 +1.760298122e+01 +2.844529812e+02 +2.844529812e+02 -1.5456e+00 -3.3137e+00 -2.0029e+00 +1.6877e-01 +3.0616e+00 +9.7137e-01 +1.1506e+00 -2.2923e+00 +9.3618e-01 -4.1146e+00
95 +1.658505406e+01 +1.658505406e+01 +2.834350541e+02 +2.834350541e+02 -2.1679e+00 -3.8421e+00 -2.0951e+00 +9.6489e-01 +4.4254e+00 -5.1454e-01 +1.7072e+00 -1.5942e+00 +1.2687e+00 -4.9063e+00
152 +1.542784822e+01 +1.542784822e+01 +2.822778482e+02 +2.822778482e+02 -2.2588e+00 -3.8028e+00 -1.2382e+00 -2.5648e-01 +2.7470e+00 -5.1147e-01 +1.5705e+00 -1.8310e+00 +1.6767e+00 -5.1318e+00
158 +1.261975737e+01 +1.261975737e+01 +2.794697574e+02 +2.794697574e+02 -2.1486e+00 -2.9834e+00 -2.0908e+00 -4.6870e-01 +2.3925e+00 -9.3260e-01 +1.4853e+00 -2.4278e+00 +1.5249e+00 -5.7870e+00
162 +1.203494650e+01 +1.203494650e+01 +2.788849465e+02 +2.788849465e+02 -1.9457e+00 -3.3116e+00 -2.1565e+00 -1.8953e-03 +2.1633e+00 -5.6834e-01 +1.8080e+00 -2.0093e+00 +1.2215e+00 -5.4965e+00
174 +1.106340158e+01 +1.106340158e+01 +2.779134016e+02 +2.779134016e+02 -2.3058e+00 -2.6689e+00 -1.4327e+00 +6.7411e-02 +2.3929e+00 -9.8317e-01 +1.3313e+00 -2.1691e+00 +1.4216e+00 -5.4123e+00
177 +9.017414372e+00 +9.017414372e+00 +2.758674144e+02 +2.758674144e+02 -1.6542e+00 -2.8390e+00 -2.4735e+00 +3.1757e-01 +2.8956e+00 -1.5618e-01 +1.5402e+00 -2.0999e+00 +1.0587e+00 -4.6577e+00
216 +7.952152678e+00 +7.952152678e+00 +2.748021527e+02 +2.748021527e+02 -2.4778e+00 -3.6656e+00 -2.7282e+00 +1.2651e+00 +2.7376e+00 -8.1349e-01 +1.2607e+00 -1.9897e+00 +1.0254e+00 -4.8320e+00
223 +7.738244432e+00 +7.738244432e+00 +2.745882444e+02 +2.745882444e+02 -1.7519e+00 -3.9019e+00 -1.9795e+00 +7.5410e-01 +2.4368e+00 -7.6077e-01 +1.0572e+00 -2.3582e+00 +1.0077e+00 -4.8889e+00
233 +7.321662823e+00 +7.321662823e+00 +2.741716628e+02 +2.741716628e+02 -1.6900e+00 -3.7025e+00 -1.8400e+00 +5.7583e-01 +2.7538e+00 -5.2640e-01 +9.8400e-01 -2.3933e+00 +1.2414e+00 -4.4805e+00
256 +6.863485923e+00 +6.863485923e+00 +2.737134859e+02 +2.737134859e+02 -2.1430e+00 -3.4379e+00 -2.1609e+00 +7.8819e-01 +2.8239e+00 -4.0928e-01 +9.9863e-01 -2.3880e+00 +1.1109e+00 -4.4223e+00
266 +6.596888847e+00 +6.596888847e+00 +2.734468888e+02 +2.734468888e+02 -1.8366e+00 -3.3063e+00 -2.0130e+00 +8.8358e-01 +2.5748e+00 -3.7859e-01 +1.0105e+00 -2.4211e+00 +1.3408e+00 -4.3690e+00
273 +6.445638775e+00 +6.445638775e+00 +2.732956388e+02 +2.732956388e+02 -1.8243e+00 -2.9693e+00 -2.2029e+00 +9.5012e-01 +2.6723e+00 -5.9384e-01 +1.0094e+00 -2.5468e+00 +1.3783e+00 -4.3819e+00
275 +5.800943672e+00 +5.800943672e+00 +2.726509437e+02 +2.726509437e+02 -1.7035e+00 -3.1399e+00 -2.3709e+00 +8.6090e-01 +2.5233e+00 -5.9292e-01 +8.5051e-01 -2.6602e+00 +1.2922e+00 -4.2411e+00
390 +5.665914232e+00 +5.665914232e+00 +2.725159142e+02 +2.725159142e+02 -1.8384e+00 -3.1948e+00 -2.4853e+00 +8.7674e-01 +2.5483e+00 -8.0294e-01 +7.7318e-01 -2.5201e+00 +1.2611e+00 -4.2353e+00
392 +5.617331958e+00 +5.617331958e+00 +2.724673320e+02 +2.724673320e+02 -1.7622e+00 -3.2375e+00 -2.5691e+00 +8.9631e-01 +2.5960e+00 -7.7591e-01 +7.6800e-01 -2.6087e+00 +1.2214e+00 -4.2355e+00
434 +5.471910518e+00 +5.471910518e+00 +2.723219105e+02 +2.723219105e+02 -1.8808e+00 -3.3741e+00 -2.3608e+00 +1.0034e+00 +2.6494e+00 -7.8156e-01 +7.0136e-01 -2.5575e+00 +1.2160e+00 -4.3453e+00
449 +5.354700878e+00 +5.354700878e+00 +2.722047009e+02 +2.722047009e+02 -1.8202e+00 -3.3356e+00 -2.3886e+00 +8.7652e-01 +2.5904e+00 -7.7278e-01 +6.6858e-01 -2.6223e+00 +1.2351e+00 -4.4169e+00
% function evaluation | noise-free fitness - Fopt (2.780000000000e+02) | best noise-free fitness - Fopt | measured fitness | best measured fitness | x1 | x2...
1 +7.244150183e+01 +7.244150183e+01 +3.504415018e+02 +3.504415018e+02 +0.0000e+00 +0.0000e+00 +0.0000e+00 +0.0000e+00 +0.0000e+00 +0.0000e+00 +0.0000e+00 +0.0000e+00 +0.0000e+00 +0.0000e+00
3 +6.220346091e+01 +6.220346091e+01 +3.402034609e+02 +3.402034609e+02 -7.8633e-01 +1.1379e+00 +8.8580e-01 -6.4181e-01 -1.1679e+00 +9.0271e-01 -1.0113e+00 -9.5002e-01 +7.4996e-01 +1.3568e+00
13 +4.749261734e+01 +4.749261734e+01 +3.254926173e+02 +3.254926173e+02 -5.6968e-01 +1.3744e+00 +7.0294e-01 -1.8784e-02 -1.6357e-01 -1.2206e-01 +9.9167e-01 -2.1709e+00 +1.9834e+00 +5.7007e-01
32 +4.196129720e+01 +4.196129720e+01 +3.199612972e+02 +3.199612972e+02 -7.4211e-01 -5.1392e-01 +1.1739e+00 +1.1638e+00 -5.3432e-01 -3.0431e-01 +6.2434e-01 -2.5403e+00 +2.4274e+00 +2.3685e+00
72 +3.976912886e+01 +3.976912886e+01 +3.177691289e+02 +3.177691289e+02 -1.5903e-01 -1.0051e+00 +1.5295e-01 +9.3468e-02 -7.6948e-01 -3.5798e-01 -7.6077e-01 -1.7156e+00 +2.9328e+00 +1.7012e+00
75 +3.088951315e+01 +3.088951315e+01 +3.088895131e+02 +3.088895131e+02 +9.9426e-02 -6.5177e-01 -1.1310e+00 +3.9105e-01 -1.0555e+00 -1.2496e-01 -1.3095e-01 -2.5648e+00 +2.7871e+00 +1.3647e+00
155 +2.850912903e+01 +2.850912903e+01 +3.065091290e+02 +3.065091290e+02 -1.7046e+00 +8.5882e-01 +1.9450e+00 +1.6202e-01 -1.6734e+00 +2.2692e+00 -7.1317e-01 -2.4534e+00 +3.2343e+00 -2.6554e-01
162 +2.319928095e+01 +2.319928095e+01 +3.011992809e+02 +3.011992809e+02 -1.0249e+00 +1.3846e+00 +1.4309e+00 -2.8114e-01 -1.6785e+00 +1.6426e+00 -7.9115e-01 -2.5975e+00 +3.2904e+00 +7.5451e-02
195 +2.096765770e+01 +2.096765770e+01 +2.989676577e+02 +2.989676577e+02 -8.9023e-01 +1.1977e-01 +1.1083e+00 +6.2340e-01 -1.6056e+00 +1.2533e+00 -1.2966e-01 -2.9466e+00 +2.9705e+00 +4.8126e-01
233 +2.077505292e+01 +2.077505292e+01 +2.987750529e+02 +2.987750529e+02 -1.6494e+00 -8.5150e-01 -1.3980e-01 +4.2410e-01 -1.6723e+00 +6.8067e-01 -7.7069e-02 -3.1830e+00 +3.3240e+00 +2.8964e-01
236 +2.030701716e+01 +2.030701716e+01 +2.983070172e+02 +2.983070172e+02 -1.0527e+00 -7.7841e-02 -5.0500e-01 +2.0220e-01 -1.6868e+00 +5.8799e-01 +3.5851e-02 -3.3084e+00 +3.7414e+00 +4.7204e-01
257 +1.843479606e+01 +1.843479606e+01 +2.964347961e+02 +2.964347961e+02 -1.1021e+00 -7.4473e-02 +1.7551e-01 +2.2583e-01 -1.7100e+00 +6.8543e-01 -3.6663e-02 -2.5459e+00 +3.4596e+00 +5.0811e-01
267 +1.793060855e+01 +1.793060855e+01 +2.959306086e+02 +2.959306086e+02 -9.7531e-01 -6.4966e-02 +6.1422e-01 +1.7126e-01 -1.9610e+00 +9.8604e-01 +2.6512e-02 -2.5424e+00 +3.3422e+00 +4.3601e-01
310 +1.674432282e+01 +1.674432282e+01 +2.947443228e+02 +2.947443228e+02 -1.0026e+00 -4.2081e-02 +5.7656e-01 +1.9848e-01 -1.7529e+00 +9.4762e-01 -1.4924e-01 -2.8986e+00 +3.5594e+00 +4.2804e-01
318 +1.622276910e+01 +1.622276910e+01 +2.942227691e+02 +2.942227691e+02 -6.4748e-01 -9.1934e-02 +7.9709e-01 +2.0288e-01 -1.7854e+00 +9.7340e-01 -2.4276e-01 -2.8968e+00 +3.7384e+00 +6.2479e-01
362 +1.604058016e+01 +1.604058016e+01 +2.940405802e+02 +2.940405802e+02 -5.6571e-01 -1.2707e-01 +6.9093e-01 +4.4576e-01 -1.8110e+00 +8.0100e-01 -5.6155e-01 -3.1682e+00 +3.8032e+00 +8.2661e-01
364 +1.576639183e+01 +1.576639183e+01 +2.937663918e+02 +2.937663918e+02 -4.8330e-01 -3.5271e-01 +6.8480e-01 +4.9770e-01 -1.6488e+00 +7.5205e-01 -4.5629e-01 -3.1456e+00 +3.6971e+00 +7.2125e-01
478 +1.545457874e+01 +1.545457874e+01 +2.934545787e+02 +2.934545787e+02 -3.6744e-01 -5.5121e-02 +7.8386e-01 +4.3634e-01 -1.9182e+00 +7.6388e-01 -5.3173e-01 -3.1092e+00 +3.6815e+00 +6.5532e-01
640 +1.512968945e+01 +1.512968945e+01 +2.931296895e+02 +2.931296895e+02 -2.0468e-01 -3.0432e-01 +7.2659e-01 +6.2635e-01 -2.1068e+00 +5.4762e-01 -3.6664e-01 -3.2138e+00 +3.7954e+00 +7.6144e-01
