% function evaluation | noise-free fitness - Fopt (-4.620900000000e+02) | best noise-free fitness - Fopt | measured fitness | best measured fitness | x1 | x2...
1 +2.262090927e+02 +2.262090927e+02 -2.358809073e+02 -2.358809073e+02 +0.0000e+00 +0.0000e+00 +0.0000e+00 +0.0000e+00 +0.0000e+00 +0.0000e+00 +0.0000e+00 +0.0000e+00 +0.0000e+00 +0.0000e+00
17 +2.102169303e+02 +2.102169303e+02 -2.518730697e+02 -2.518730697e+02 +3.6665e-01 +2.1369e+00 +7.7729e-01 +1.8079e+00 -7.3519e-01 +1.1500e-01 +4.2991e-01 +4.2980e-01 -3.3783e-01 -9.6717e-01
44 +1.978451316e+02 +1.978451316e+02 -2.642448684e+02 -2.642448684e+02 -6.5448e-01 +3.0708e+00 -1.0667e+00 +8.9381e-01 +3.5935e-01 +1.8963e+00 +6.2926e-01 +1.1523e+00 +3.9397e-01 -1.0500e+00
50 +1.495951664e+02 +1.495951664e+02 -3.124948336e+02 -3.124948336e+02 +6.7750e-01 +3.1211e+00 -1.8484e-01 +1.6188e+00 +2.0407e-01 +1.4472e+00 +1.2289e+00 +1.6302e+00 +1.0392e-01 -5.2435e-01
53 +1.465790528e+02 +1.465790528e+02 -3.155109472e+02 -3.155109472e+02 +5.4569e-01 +4.6321e+00 -3.9093e-01 +2.6857e+00 +1.0045e+00 +1.9021e+00 +2.0846e+00 +3.2047e+00 +4.9386e-01 -5.3240e-01
66 +1.205896871e+02 +1.205896871e+02 -3.415003129e+02 -3.415003129e+02 +2.0969e-01 +4.0812e+00 -1.1922e+00 +3.6225e+00 +1.6699e+00 +1.5600e+00 +7.8823e-01 +2.9473e+00 +9.6350e-01 -9.1719e-01
229 +9.451389920e+01 +9.451389920e+01 -3.675761008e+02 -3.675761008e+02 +1.4430e+00 +3.2896e+00 +7.2538e-01 +1.8670e+00 +1.7924e+00 +8.0413e-01 +1.9924e+00 +3.3951e+00 +6.9352e-01 -3.6550e-01
234 +8.820247032e+01 +8.820247032e+01 -3.738875297e+02 -3.738875297e+02 +1.3645e+00 +3.6623e+00 -2.2542e-01 +1.6449e+00 +2.2630e+00 +1.6345e+00 +1.6391e+00 +2.8776e+00 +9.4484e-01 -6.7741e-01
461 +7.591581666e+01 +7.591581666e+01 -3.861741833e+02 -3.861741833e+02 +4.0766e-01 +3.1527e+00 +2.2825e+00 +1.3198e+00 +1.6342e+00 +2.5647e+00 +1.5008e+00 +4.2819e+00 +1.4894e+00 -2.7878e-01
516 +6.735992257e+01 +6.735992257e+01 -3.947300774e+02 -3.947300774e+02 +8.5044e-01 +1.6504e+00 +2.1717e+00 +6.6073e-01 +1.8320e+00 +2.2109e+00 +1.6005e+00 +4.3482e+00 +1.7905e+00 -2.4147e-01
607 +5.328673912e+01 +5.328673912e+01 -4.088032609e+02 -4.088032609e+02 +1.2856e+00 +1.4979e+00 +1.5082e+00 +3.9195e-01 +1.5276e+00 +2.2531e+00 +2.1371e+00 +2.5279e+00 +1.4779e+00 +6.1457e-02
1244 +5.241531994e+01 +5.241531994e+01 -4.096746801e+02 -4.096746801e+02 -7.4871e-01 +2.2954e+00 -1.3710e-01 +1.3204e+00 +1.1576e+00 +2.1634e+00 +2.1042e+00 +2.5750e+00 +1.2021e-01 +9.0279e-02
1259 +5.042094933e+01 +5.042094933e+01 -4.116690507e+02 -4.116690507e+02 -6.9487e-01 +2.2766e+00 -1.4864e-01 +1.3594e+00 +1.1381e+00 +2.1727e+00 +2.1130e+00 +2.5807e+00 +1.2512e-01 +5.8683e-02
1277 +5.010312988e+01 +5.010312988e+01 -4.119868701e+02 -4.119868701e+02 -7.0544e-01 +2.2684e+00 -1.5866e-01 +1.3241e+00 +1.1520e+00 +2.1727e+00 +2.1040e+00 +2.5849e+00 +1.1216e-01 +6.2239e-02
1354 +4.895087539e+01 +4.895087539e+01 -4.131391246e+02 -4.131391246e+02 -7.0648e-01 +2.3035e+00 -1.5045e-01 +1.3453e+00 +1.1653e+00 +2.1783e+00 +2.1031e+00 +2.6029e+00 +1.2278e-01 +5.9190e-02
% function evaluation | noise-free fitness - Fopt (7.766000000000e+01) | best noise-free fitness - Fopt | measured fitness | best measured fitness | x1 | x2...
1 +2.727873423e+02 +2.727873423e+02 +3.504473423e+02 +3.504473423e+02 +0.0000e+00 +0.0000e+00 +0.0000e+00 +0.0000e+00 +0.0000e+00 +0.0000e+00 +0.0000e+00 +0.0000e+00 +0.0000e+00 +0.0000e+00
17 +1.972594444e+02 +1.972594444e+02 +2.749194444e+02 +2.749194444e+02 +2.1820e+00 +1.0465e+00 -1.1195e+00 +1.0613e+00 +8.2205e-01 +1.0934e+00 +3.0940e-01 -1.5086e+00 -4.0827e-01 -1.8218e+00
27 +1.828161483e+02 +1.828161483e+02 +2.604761483e+02 +2.604761483e+02 +2.6845e+00 +5.0358e-01 +1.2214e+00 +1.1263e+00 -1.5881e-02 +7.6464e-01 -6.1501e-01 -1.6765e+00 -1.9801e-01 -2.3168e+00
39 +1.656275416e+02 +1.656275416e+02 +2.432875416e+02 +2.432875416e+02 +2.4278e+00 -2.9546e-01 +3.0146e-01 +2.7520e-01 +1.0865e+00 -1.0283e+00 -2.0938e-01 -6.2922e-01 -4.1331e-01 -3.8942e+00
64 +1.493006608e+02 +1.493006608e+02 +2.269606608e+02 +2.269606608e+02 +2.0485e+00 +1.3961e-01 +9.9559e-01 +8.2230e-01 +2.0079e+00 -5.3649e-01 +1.7256e-01 -1.1381e+00 -1.0290e+00 -3.1933e+00
66 +1.224701029e+02 +1.224701029e+02 +2.001301029e+02 +2.001301029e+02 +2.8110e+00 -7.9102e-01 -2.9167e-01 +5.7412e-01 +7.9728e-01 -5.9913e-01 -4.2298e-01 -6.9215e-01 -2.7888e-02 -2.9796e+00
283 +1.148946688e+02 +1.148946688e+02 +1.925546688e+02 +1.925546688e+02 +1.4601e+00 -1.0996e+00 +7.0264e-01 +6.4913e-01 -5.9027e-02 +1.0298e+00 +1.4057e-01 +1.0348e+00 -5.8785e-01 -3.7043e+00
350 +1.039055541e+02 +1.039055541e+02 +1.815655541e+02 +1.815655541e+02 +1.6496e+00 -9.7299e-01 +3.7570e-01 +4.5318e-01 -7.9348e-02 +1.2263e+00 +1.9511e-01 +1.8659e+00 -5.2071e-01 -3.8885e+00
425 +1.004688855e+02 +1.004688855e+02 +1.781288855e+02 +1.781288855e+02 +1.3255e+00 -9.1713e-01 +3.8773e-01 +5.9402e-01 +4.6894e-04 +9.8953e-01 +2.3865e-01 +1.8165e+00 -6.8137e-01 -3.8586e+00
474 +9.378683313e+01 +9.378683313e+01 +1.714468331e+02 +1.714468331e+02 +1.4471e+00 -1.0118e+00 +4.5580e-01 +6.2905e-01 -2.6126e-02 +8.9304e-01 +1.1284e-01 +1.8575e+00 -5.5521e-01 -3.8215e+00
483 +9.216846527e+01 +9.216846527e+01 +1.698284653e+02 +1.698284653e+02 +1.4268e+00 -1.0255e+00 +5.0268e-01 +5.5029e-01 -1.6185e-02 +8.7008e-01 +8.6579e-02 +1.8500e+00 -6.0738e-01 -3.8102e+00
493 +8.514311973e+01 +8.514311973e+01 +1.628031197e+02 +1.628031197e+02 +1.4747e+00 -9.4033e-01 +4.4571e-01 +5.5918e-01 +3.5995e-03 +9.0069e-01 +6.9796e-02 +1.9070e+00 -6.1644e-01 -3.8291e+00
510 +8.216582341e+01 +8.216582341e+01 +1.598258234e+02 +1.598258234e+02 +1.4187e+00 -9.3079e-01 +4.6735e-01 +5.6891e-01 -2.7447e-03 +9.1692e-01 +1.2741e-01 +1.8611e+00 -6.5838e-01 -3.8706e+00
534 +7.541634679e+01 +7.541634679e+01 +1.530763468e+02 +1.530763468e+02 +1.4331e+00 -9.3338e-01 +5.4593e-01 +5.8026e-01 -1.4417e-03 +1.2016e+00 +1.8593e-01 +1.8690e+00 -6.4465e-01 -3.8505e+00
550 +7.360613075e+01 +7.360613075e+01 +1.512661308e+02 +1.512661308e+02 +1.4173e+00 -9.3163e-01 +4.9410e-01 +6.1334e-01 -2.4259e-02 +1.1988e+00 +1.6419e-01 +1.8807e+00 -6.3235e-01 -3.8906e+00
568 +7.079429529e+01 +7.079429529e+01 +1.484542953e+02 +1.484542953e+02 +1.4016e+00 -9.2810e-01 +4.8444e-01 +5.2893e-01 +1.7833e-02 +1.2117e+00 +1.5160e-01 +1.9142e+00 -6.0569e-01 -3.8745e+00
577 +6.896552099e+01 +6.896552099e+01 +1.466255210e+02 +1.466255210e+02 +1.4444e+00 -9.3375e-01 +4.4967e-01 +5.4702e-01 +3.4286e-02 +1.1488e+00 +1.0618e-01 +1.8999e+00 -6.0878e-01 -3.8427e+00
673 +6.718466898e+01 +6.718466898e+01 +1.448446690e+02 +1.448446690e+02 +1.3809e+00 -8.9792e-01 +4.2235e-01 +5.2323e-01 +2.7817e-02 +1.1732e+00 +1.0593e-01 +1.8866e+00 -5.7650e-01 -3.8577e+00
695 +6.604008537e+01 +6.604008537e+01 +1.437000854e+02 +1.437000854e+02 +1.3997e+00 -9.0620e-01 +4.2685e-01 +5.2511e-01 +1.9332e-02 +1.1649e+00 +1.0947e-01 +1.8950e+00 -5.9989e-01 -3.8626e+00
774 +6.440822683e+01 +6.440822683e+01 +1.420682268e+02 +1.420682268e+02 +1.4180e+00 -8.7967e-01 +4.3155e-01 +5.3184e-01 +1.1794e-02 +1.1681e+00 +1.2470e-01 +1.8597e+00 -6.1261e-01 -3.8633e+00
% function evaluation | noise-free fitness - Fopt (1.156800000000e+02) | best noise-free fitness - Fopt | measured fitness | best measured fitness | x1 | x2...
1 +4.174500391e+02 +4.174500391e+02 +5.331300391e+02 +5.331300391e+02 +0.0000e+00 +0.0000e+00 +0.0000e+00 +0.0000e+00 +0.0000e+00 +0.0000e+00 +0.0000e+00 +0.0000e+00 +0.0000e+00 +0.0000e+00
16 +3.336080720e+02 +3.336080720e+02 +4.492880720e+02 +4.492880720e+02 -1.0279e+00 -2.4775e+00 -1.9489e+00 +9.1413e-01 -6.0430e-01 -1.3125e+00 -2.1906e-01 +1.5987e-02 +9.4893e-01 -1.2357e+00
29 +2.665349111e+02 +2.665349111e+02 +3.822149111e+02 +3.822149111e+02 -1.4254e+00 -1.0990e+00 -9.7253e-01 +3.7420e-01 -4.5804e-01 -2.0806e+00 +1.1342e+00 +7.6129e-01 +1.9418e+00 -2.5065e+00
37 +2.476467530e+02 +2.476467530e+02 +3.633267530e+02 +3.633267530e+02 -4.8652e-01 +1.1693e+00 +2.0136e-01 +2.2866e-01 -7.8298e-01 -2.1553e+00 +7.9886e-01 +8.8349e-01 +2.4113e+00 -1.9428e+00
39 +2.239636452e+02 +2.239636452e+02 +3.396436452e+02 +3.396436452e+02 -1.2090e+00 +5.5431e-02 -9.1849e-01 +5.1817e-01 +1.1567e+00 -1.7843e+00 +9.5149e-01 +1.7945e+00 +3.1373e+00 -3.0316e+00
43 +1.900477796e+02 +1.900477796e+02 +3.057277796e+02 +3.057277796e+02 -9.2190e-01 -9.6321e-02 -1.6549e+00 +9.3778e-01 +4.1309e-01 -2.2046e+00 +8.9849e-01 +2.3592e+00 +1.8626e+00 -1.5802e+00
58 +1.753375960e+02 +1.753375960e+02 +2.910175960e+02 +2.910175960e+02 -2.4803e-01 +8.6900e-01 -2.0459e+00 +8.1364e-01 +1.2357e+00 -1.5207e+00 +1.6345e+00 +1.2665e+00 +2.1100e+00 -1.8884e+00
64 +1.687083093e+02 +1.687083093e+02 +2.843883093e+02 +2.843883093e+02 -1.0056e+00 -4.0758e-02 -3.3538e+00 +2.4021e+00 +9.4714e-01 -1.6462e+00 +1.3478e+00 +1.3303e+00 +3.1480e+00 -1.6806e+00
65 +1.636806955e+02 +1.636806955e+02 +2.793606955e+02 +2.793606955e+02 +1.5223e-01 +1.8763e+00 -1.5850e+00 +1.0000e+00 +2.4802e+00 -1.8354e+00 +2.6767e+00 +1.7117e+00 +2.2047e+00 -2.3838e+00
67 +1.615503754e+02 +1.615503754e+02 +2.772303754e+02 +2.772303754e+02 -5.0469e-01 -7.2646e-01 -1.3110e+00 +1.1094e+00 +5.5649e-01 -8.4692e-01 +1.2566e+00 +2.2637e+00 +3.2205e+00 -2.6153e+00
81 +1.452670249e+02 +1.452670249e+02 +2.609470249e+02 +2.609470249e+02 +2.1461e-02 -2.2975e+00 -3.9756e-01 +1.6961e+00 +1.2491e+00 -6.2192e-01 +1.6420e+00 +1.4451e+00 +3.8941e+00 -2.6754e+00
102 +1.233972829e+02 +1.233972829e+02 +2.390772829e+02 +2.390772829e+02 +1.4919e+00 -1.8778e-01 -1.2609e+00 +4.9019e-01 +1.2583e+00 -1.9760e+00 +2.3556e+00 +2.7557e+00 +3.9655e+00 -1.9416e+00
140 +1.120750099e+02 +1.120750099e+02 +2.277550099e+02 +2.277550099e+02 +3.2383e-01 -1.2406e+00 -1.0888e+00 +1.9519e+00 +2.4918e+00 -1.7002e+00 +2.3508e+00 +2.7302e+00 +4.0361e+00 -1.8520e+00
157 +8.781103090e+01 +8.781103090e+01 +2.034910309e+02 +2.034910309e+02 +5.0021e-01 -9.0003e-01 -5.1713e-01 +2.0480e+00 +2.4422e+00 -1.5211e+00 +3.6056e+00 +2.8361e+00 +3.0489e+00 -9.6346e-01
192 +8.693896179e+01 +8.693896179e+01 +2.026189618e+02 +2.026189618e+02 +7.1112e-01 -9.9039e-01 -1.0303e+00 +1.7604e+00 +3.0624e+00 -3.8334e+00 +2.7684e+00 +3.1710e+00 +3.5421e+00 -1.3165e+00
293 +8.446717750e+01 +8.446717750e+01 +2.001471775e+02 +2.001471775e+02 +1.3976e-01 -1.8763e+00 -5.4310e-01 +8.5417e-01 +3.5823e+00 -4.2999e+00 +2.6316e+00 +2.4387e+00 +4.0914e+00 -2.2351e+00
305 +7.292552358e+01 +7.292552358e+01 +1.886055236e+02 +1.886055236e+02 +4.5165e-01 -1.9343e+00 -6.0352e-01 +9.7364e-01 +3.7173e+00 -4.1205e+00 +2.6158e+00 +2.7805e+00 +3.6639e+00 -2.2057e+00
351 +6.564229442e+01 +6.564229442e+01 +1.813222944e+02 +1.813222944e+02 +3.7957e-01 -2.0408e+00 -4.4653e-01 +9.5710e-01 +3.5642e+00 -3.8643e+00 +2.7014e+00 +2.6810e+00 +3.5250e+00 -2.2713e+00
440 +5.305844614e+01 +5.305844614e+01 +1.687384461e+02 +1.687384461e+02 +1.7509e-01 -1.0342e+00 -5.8019e-01 +1.2249e+00 +3.5135e+00 -2.7031e+00 +2.2718e+00 +2.0189e+00 +2.8407e+00 -1.6503e+00
803 +4.965877673e+01 +4.965877673e+01 +1.653387767e+02 +1.653387767e+02 +1.3403e-01 -1.4957e-01 -5.9843e-01 +1.2064e+00 +3.5142e+00 -3.6739e+00 +2.9692e+00 +1.5110e+00 +3.6065e+00 -1.9130e+00
809 +4.527182457e+01 +4.527182457e+01 +1.609518246e+02 +1.609518246e+02 +1.4524e-02 -1.5518e-01 -5.0037e-01 +1.2347e+00 +3.5916e+00 -3.6910e+00 +3.0925e+00 +1.4730e+00 +3.9037e+00 -1.9957e+00
839 +4.464837789e+01 +4.464837789e+01 +1.603283779e+02 +1.603283779e+02 +7.1535e-02 -7.4053e-02 -5.3261e-01 +1.1659e+00 +3.6123e+00 -3.6834e+00 +3.0375e+00 +1.5556e+00 +3.8731e+00 -1.9412e+00
848 +3.921817060e+01 +3.921817060e+01 +1.548981706e+02 +1.548981706e+02 +1.4591e-01 -9.3250e-02 -4.7730e-01 +1.1565e+00 +3.5940e+00 -3.7348e+00 +3.0432e+00 +1.5342e+00 +3.9174e+00 -1.8924e+00
938 +3.765511814e+01 +3.765511814e+01 +1.533351181e+02 +1.533351181e+02 +1.9385e-01 -1.8587e-01 -4.8294e-01 +1.1821e+00 +3.6727e+00 -3.8019e+00 +3.0439e+00 +1.5227e+00 +3.8951e+00 -1.9557e+00
962 +3.654474963e+01 +3.654474963e+01 +1.522247496e+02 +1.522247496e+02 +1.7725e-01 -1.0613e-01 -5.0448e-01 +1.2056e+00 +3.6594e+00 -3.7112e+00 +3.0296e+00 +1.4623e+00 +3.9093e+00 -1.9654e+00
966 +3.509525199e+01 +3.509525199e+01 +1.507752520e+02 +1.507752520e+02 +1.7154e-01 -1.4035e-01 -4.9509e-01 +1.2048e+00 +3.6575e+00 -3.7366e+00 +3.0348e+00 +1.4815e+00 +3.9162e+00 -1.9441e+00
978 +3.391885932e+01 +3.391885932e+01 +1.495988593e+02 +1.495988593e+02 +2.3004e-01 -5.4075e-02 -5.2066e-01 +1.1674e+00 +3.7126e+00 -3.7347e+00 +3.0384e+00 +1.4987e+00 +3.9621e+00 -1.9436e+00
1045 +3.312919471e+01 +3.312919471e+01 +1.488091947e+02 +1.488091947e+02 +1.3079e-01 -1.2478e-01 -5.1328e-01 +1.1962e+00 +3.6618e+00 -3.7405e+00 +3.0686e+00 +1.4710e+00 +3.9212e+00 -1.9303e+00
1047 +3.309103496e+01 +3.309103496e+01 +1.487710350e+02 +1.487710350e+02 +1.1718e-01 -8.7786e-02 -4.9913e-01 +1.2052e+00 +3.6611e+00 -3.7397e+00 +3.0485e+00 +1.4756e+00 +3.9072e+00 -1.9484e+00
1061 +3.230225476e+01 +3.230225476e+01 +1.479822548e+02 +1.479822548e+02 +1.1257e-01 -8.1847e-02 -5.0400e-01 +1.2120e+00 +3.6694e+00 -3.7623e+00 +3.0529e+00 +1.4716e+00 +3.9243e+00 -1.9490e+00
1116 +3.146850744e+01 +3.146850744e+01 +1.471485074e+02 +1.471485074e+02 +1.2907e-01 -7.7533e-02 -5.1251e-01 +1.2122e+00 +3.6610e+00 -3.7497e+00 +3.0727e+00 +1.5165e+00 +3.9062e+00 -1.9648e+00
1134 +3.071886081e+01 +3.071886081e+01 +1.463988608e+02 +1.463988608e+02 +1.1135e-01 -9.2560e-02 -5.2673e-01 +1.2229e+00 +3.6604e+00 -3.7426e+00 +3.1012e+00 +1.5038e+00 +3.9091e+00 -1.9544e+00
1158 +3.004165898e+01 +3.004165898e+01 +1.457216590e+02 +1.457216590e+02 +1.0921e-01 -8.4245e-02 -5.4954e-01 +1.2079e+00 +3.6648e+00 -3.7499e+00 +3.0851e+00 +1.5195e+00 +3.9101e+00 -1.9407e+00
1172 +2.898762618e+01 +2.898762618e+01 +1.446676262e+02 +1.446676262e+02 +1.0429e-01 -5.4057e-02 -5.1835e-01 +1.2045e+00 +3.6590e+00 -3.7770e+00 +3.0776e+00 +1.5019e+00 +3.9161e+00 -1.9478e+00
1202 +2.798313974e+01 +2.798313974e+01 +1.436631397e+02 +1.436631397e+02 +1.1841e-01 -4.6794e-02 -5.1014e-01 +1.1891e+00 +3.6654e+00 -3.7779e+00 +3.1119e+00 +1.4978e+00 +3.9164e+00 -1.9439e+00
1233 +2.750000673e+01 +2.750000673e+01 +1.431800067e+02 +1.431800067e+02 +1.3377e-01 -4.6108e-02 -5.2689e-01 +1.1844e+00 +3.6592e+00 -3.7746e+00 +3.1098e+00 +1.4823e+00 +3.9047e+00 -1.9473e+00
1285 +2.653394711e+01 +2.653394711e+01 +1.422139471e+02 +1.422139471e+02 +1.1856e-01 -4.4841e-02 -5.4260e-01 +1.1836e+00 +3.6616e+00 -3.7636e+00 +3.0908e+00 +1.5007e+00 +3.9250e+00 -1.9525e+00
1294 +2.627838632e+01 +2.627838632e+01 +1.419583863e+02 +1.419583863e+02 +1.2029e-01 -4.0136e-02 -5.4245e-01 +1.1695e+00 +3.6644e+00 -3.7628e+00 +3.1014e+00 +1.4997e+00 +3.9225e+00 -1.9646e+00
1353 +2.547394576e+01 +2.547394576e+01 +1.411539458e+02 +1.411539458e+02 +1.4584e-01 -5.3480e-02 -5.3124e-01 +1.1588e+00 +3.6594e+00 -3.7610e+00 +3.1093e+00 +1.4906e+00 +3.9184e+00 -1.9453e+00
1390 +2.505354516e+01 +2.505354516e+01 +1.407335452e+02 +1.407335452e+02 +1.5670e-01 -5.7004e-02 -5.3279e-01 +1.1509e+00 +3.6605e+00 -3.7661e+00 +3.1137e+00 +1.4898e+00 +3.9259e+00 -1.9519e+00
1414 +2.446048476e+01 +2.446048476e+01 +1.401404848e+02 +1.401404848e+02 +1.3855e-01 -6.1709e-02 -5.4530e-01 +1.1334e+00 +3.6598e+00 -3.7675e+00 +3.1240e+00 +1.4880e+00 +3.9219e+00 -1.9539e+00
1453 +2.391938222e+01 +2.391938222e+01 +1.395993822e+02 +1.395993822e+02 +1.3854e-01 -5.1864e-02 -5.4366e-01 +1.1271e+00 +3.6607e+00 -3.7893e+00 +3.1109e+00 +1.4964e+00 +3.9210e+00 -1.9478e+00
1557 +2.323587813e+01 +2.323587813e+01 +1.389158781e+02 +1.389158781e+02 +1.5129e-01 -5.4216e-02 -5.5612e-01 +1.0999e+00 +3.6619e+00 -3.7921e+00 +3.0908e+00 +1.4957e+00 +3.9244e+00 -1.9396e+00
1572 +2.263383089e+01 +2.263383089e+01 +1.383138309e+02 +1.383138309e+02 +1.6319e-01 -6.5294e-02 -5.5928e-01 +1.0845e+00 +3.6598e+00 -3.7821e+00 +3.1078e+00 +1.4942e+00 +3.9237e+00 -1.9473e+00
1647 +2.238408572e+01 +2.238408572e+01 +1.380640857e+02 +1.380640857e+02 +1.8039e-01 -4.5651e-02 -5.7024e-01 +1.0756e+00 +3.6700e+00 -3.7867e+00 +3.1140e+00 +1.4945e+00 +3.9230e+00 -1.9508e+00
% function evaluation | noise-free fitness - Fopt (-3.710000000000e+00) | best noise-free fitness - Fopt | measured fitness | best measured fitness | x1 | x2...
1 +2.788708135e+02 +2.788708135e+02 +2.751608135e+02 +2.751608135e+02 +0.0000e+00 +0.0000e+00 +0.0000e+00 +0.0000e+00 +0.0000e+00 +0.0000e+00 +0.0000e+00 +0.0000e+00 +0.0000e+00 +0.0000e+00
14 +2.709985449e+02 +2.709985449e+02 +2.672885449e+02 +2.672885449e+02 +1.2289e+00 +4.9368e-01 -1.2967e+00 -1.8188e+00 +1.0939e+00 +4.4864e-02 +2.0987e-01 +4.2471e-01 +1.0106e+00 +4.2928e-01
20 +2.595405753e+02 +2.595405753e+02 +2.558305753e+02 +2.558305753e+02 +8.0636e-01 +2.6888e+00 -1.7436e+00 +6.5084e-02 +1.5303e+00 +8.9272e-01 -8.4728e-01 -2.6285e-01 +1.1524e+00 +1.3065e+00
28 +2.510218794e+02 +2.510218794e+02 +2.473118794e+02 +2.473118794e+02 +8.2182e-01 +2.2961e+00 -8.4915e-01 -2.9492e-01 -3.1540e-01 +1.3502e+00 -1.1502e-01 -2.0730e+00 +1.1979e+00 -7.5708e-02
34 +2.105644152e+02 +2.105644152e+02 +2.068544152e+02 +2.068544152e+02 +1.6197e+00 +2.1942e+00 -6.6338e-01 -7.6861e-01 +7.0699e-01 +1.5976e+00 -1.2502e+00 -2.3243e+00 +1.4666e+00 -4.7872e-01
39 +2.087213996e+02 +2.087213996e+02 +2.050113996e+02 +2.050113996e+02 +8.6678e-01 +1.9161e+00 -1.9370e-01 -2.2074e-01 +7.1623e-01 +1.8339e+00 +6.0668e-02 -1.2186e+00 +1.2815e+00 -8.0521e-01
62 +1.811874190e+02 +1.811874190e+02 +1.774774190e+02 +1.774774190e+02 -3.8854e-01 +2.5165e-01 -4.9277e-01 +4.2005e-01 +1.4453e+00 +2.6034e+00 -2.7105e+00 -2.7641e+00 +1.7614e+00 +9.1597e-02
97 +1.688311608e+02 +1.688311608e+02 +1.651211608e+02 +1.651211608e+02 +4.1346e-01 -2.4277e+00 +1.1792e+00 +6.3930e-01 +2.0215e+00 +2.7978e+00 -8.3953e-01 -2.1603e+00 +2.2595e+00 +2.2775e+00
108 +1.658855806e+02 +1.658855806e+02 +1.621755806e+02 +1.621755806e+02 +5.0680e-01 -2.4220e+00 +8.7214e-01 -3.2642e-01 +2.5382e+00 +3.7155e+00 -1.0047e+00 -2.9017e+00 +2.4164e+00 +2.1808e+00
139 +1.497711245e+02 +1.497711245e+02 +1.460611245e+02 +1.460611245e+02 +6.9958e-01 -4.3376e-01 -1.2326e-01 +1.0929e+00 +2.4597e+00 +2.2148e+00 -4.1218e-03 -2.8716e+00 +7.8125e-01 +1.3735e+00
142 +1.183188787e+02 +1.183188787e+02 +1.146088787e+02 +1.146088787e+02 +8.1050e-01 -1.4654e+00 +4.3256e-01 +5.0868e-01 +2.0662e+00 +1.6346e+00 -1.1797e+00 -1.5801e+00 +1.3028e+00 +1.5940e+00
195 +1.065556473e+02 +1.065556473e+02 +1.028456473e+02 +1.028456473e+02 +9.1813e-01 -2.9983e+00 +1.1317e+00 +1.8185e+00 +2.3221e+00 +1.5370e+00 -3.7144e-01 -2.6643e+00 +1.2936e+00 +6.7179e-01
196 +1.040400637e+02 +1.040400637e+02 +1.003300637e+02 +1.003300637e+02 +1.3465e+00 -2.1925e+00 +6.3579e-01 +1.1590e+00 +2.0693e+00 +2.6124e+00 -8.6048e-01 -2.3760e+00 +1.6848e+00 +1.3506e+00
242 +8.413844481e+01 +8.413844481e+01 +8.042844481e+01 +8.042844481e+01 +1.0013e+00 -2.3317e+00 -4.8614e-01 +2.7654e+00 +3.1317e+00 +2.7457e+00 -7.1899e-02 -2.4341e+00 +1.9119e+00 +1.2319e+00
324 +8.225774477e+01 +8.225774477e+01 +7.854774477e+01 +7.854774477e+01 +1.1279e+00 -2.1533e+00 +2.8344e-01 +2.7964e+00 +1.4295e+00 +3.7098e+00 -7.0694e-01 -2.2553e+00 +1.9580e+00 +1.3152e+00
352 +6.748335598e+01 +6.748335598e+01 +6.377335598e+01 +6.377335598e+01 +1.1205e+00 -2.3246e+00 +2.6083e-01 +2.6695e+00 +1.4543e+00 +3.6453e+00 -8.2634e-01 -1.9472e+00 +2.2564e+00 +1.5622e+00
438 +6.463853957e+01 +6.463853957e+01 +6.092853957e+01 +6.092853957e+01 +1.2965e+00 -2.2509e+00 +1.8960e-01 +3.2474e+00 +1.5237e+00 +3.7224e+00 -3.9638e-01 -1.6611e+00 +1.9720e+00 +1.1868e+00
441 +5.406639559e+01 +5.406639559e+01 +5.035639559e+01 +5.035639559e+01 +1.1800e+00 -2.3873e+00 +2.2673e-01 +3.2684e+00 +1.5014e+00 +3.7639e+00 -3.8267e-01 -1.9221e+00 +2.0406e+00 +1.2493e+00
615 +4.984022393e+01 +4.984022393e+01 +4.613022393e+01 +4.613022393e+01 +1.2109e+00 -2.2162e+00 +2.6872e-01 +3.2444e+00 +1.4450e+00 +4.1616e+00 -2.0348e-01 -2.0321e+00 +2.0302e+00 +1.6408e+00
652 +4.318275303e+01 +4.318275303e+01 +3.947275303e+01 +3.947275303e+01 +1.2593e+00 -2.3319e+00 +2.4257e-01 +3.2207e+00 +1.5227e+00 +4.1858e+00 -2.7455e-01 -1.9983e+00 +2.0288e+00 +1.6255e+00
671 +4.038787151e+01 +4.038787151e+01 +3.667787151e+01 +3.667787151e+01 +1.1704e+00 -2.3042e+00 +2.3543e-01 +3.2222e+00 +1.5197e+00 +4.1690e+00 -3.0569e-01 -1.9810e+00 +2.0206e+00 +1.6350e+00
674 +3.776856174e+01 +3.776856174e+01 +3.405856174e+01 +3.405856174e+01 +1.2127e+00 -2.3030e+00 +2.7596e-01 +3.2334e+00 +1.4906e+00 +4.1750e+00 -3.4563e-01 -1.9958e+00 +2.0143e+00 +1.6352e+00
714 +3.662539486e+01 +3.662539486e+01 +3.291539486e+01 +3.291539486e+01 +1.2493e+00 -2.2931e+00 +2.7555e-01 +3.1580e+00 +1.5427e+00 +4.1921e+00 -2.7098e-01 -2.0034e+00 +1.9978e+00 +1.6349e+00
774 +3.565175720e+01 +3.565175720e+01 +3.194175720e+01 +3.194175720e+01 +1.2434e+00 -2.3265e+00 +2.8859e-01 +3.1848e+00 +1.4879e+00 +4.2003e+00 -2.8414e-01 -2.0144e+00 +1.9628e+00 +1.6406e+00
786 +3.540792057e+01 +3.540792057e+01 +3.169792057e+01 +3.169792057e+01 +1.2248e+00 -2.3394e+00 +3.0240e-01 +3.1719e+00 +1.4987e+00 +4.2093e+00 -2.7693e-01 -2.0217e+00 +1.9897e+00 +1.6373e+00
794 +3.452916497e+01 +3.452916497e+01 +3.081916497e+01 +3.081916497e+01 +1.2386e+00 -2.3303e+00 +2.9480e-01 +3.1843e+00 +1.4963e+00 +4.1818e+00 -2.7181e-01 -2.0037e+00 +1.9770e+00 +1.6317e+00
819 +3.377912863e+01 +3.377912863e+01 +3.006912863e+01 +3.006912863e+01 +1.2344e+00 -2.3690e+00 +3.1470e-01 +3.1778e+00 +1.5081e+00 +4.1809e+00 -2.7735e-01 -1.9991e+00 +1.9771e+00 +1.6380e+00
843 +3.297068371e+01 +3.297068371e+01 +2.926068371e+01 +2.926068371e+01 +1.2330e+00 -2.3644e+00 +3.3607e-01 +3.1824e+00 +1.5102e+00 +4.1871e+00 -2.8844e-01 -1.9715e+00 +1.9853e+00 +1.6400e+00
862 +3.228715138e+01 +3.228715138e+01 +2.857715138e+01 +2.857715138e+01 +1.2302e+00 -2.3261e+00 +3.2331e-01 +3.1722e+00 +1.4919e+00 +4.1874e+00 -2.7585e-01 -1.9926e+00 +1.9880e+00 +1.6333e+00
891 +3.156018351e+01 +3.156018351e+01 +2.785018351e+01 +2.785018351e+01 +1.2314e+00 -2.3131e+00 +3.4788e-01 +3.1847e+00 +1.4979e+00 +4.1834e+00 -2.8755e-01 -1.9851e+00 +1.9890e+00 +1.6324e+00
914 +3.085951613e+01 +3.085951613e+01 +2.714951613e+01 +2.714951613e+01 +1.2299e+00 -2.3054e+00 +3.8540e-01 +3.1814e+00 +1.4862e+00 +4.1941e+00 -2.9682e-01 -1.9783e+00 +1.9874e+00 +1.6422e+00
987 +3.007871961e+01 +3.007871961e+01 +2.636871961e+01 +2.636871961e+01 +1.1793e+00 -2.2883e+00 +3.6628e-01 +3.1700e+00 +1.4711e+00 +4.1785e+00 -2.8797e-01 -1.9884e+00 +1.9849e+00 +1.6401e+00
% function evaluation | noise-free fitness - Fopt (1.321800000000e+02) | best noise-free fitness - Fopt | measured fitness | best measured fitness | x1 | x2...
1 +1.874009908e+02 +1.874009908e+02 +3.195809908e+02 +3.195809908e+02 +0.0000e+00 +0.0000e+00 +0.0000e+00 +0.0000e+00 +0.0000e+00 +0.0000e+00 +0.0000e+00 +0.0000e+00 +0.0000e+00 +0.0000e+00
4 +1.483807501e+02 +1.483807501e+02 +2.805607501e+02 +2.805607501e+02 -2.3208e-01 +8.6475e-02 +1.6301e-01 +8.2905e-01 +8.6714e-02 -1.5599e+00 +9.3854e-01 +1.5157e-01 +4.5561e-01 +5.7223e-01
42 +9.827900082e+01 +9.827900082e+01 +2.304590008e+02 +2.304590008e+02 +1.6631e+00 -3.6283e-01 +2.3548e+00 -7.3749e-01 +6.7044e-01 -1.0749e+00 +1.6551e+00 +4.6237e-01 -4.5239e-02 +3.5754e-01
114 +9.033485505e+01 +9.033485505e+01 +2.225148550e+02 +2.225148550e+02 +1.7511e+00 -1.4697e-01 +2.2947e+00 -4.1030e-01 +1.4834e+00 +5.4800e-01 +2.2533e+00 +2.2059e-01 +1.7738e-01 +4.5345e-01
182 +8.718021226e+01 +8.718021226e+01 +2.193602123e+02 +2.193602123e+02 +1.8399e+00 -1.1484e+00 +2.2205e+00 -3.5890e-01 +1.5677e+00 -1.6492e+00 +1.2941e+00 +5.8471e-01 -1.2200e-01 +8.5583e-02
223 +8.334320602e+01 +8.334320602e+01 +2.155232060e+02 +2.155232060e+02 +1.6380e+00 -1.2671e+00 +2.0807e+00 -6.5142e-01 +1.6280e+00 -1.4923e+00 +1.3018e+00 +7.4482e-01 +1.8088e-01 +3.3725e-01
304 +8.137770539e+01 +8.137770539e+01 +2.135577054e+02 +2.135577054e+02 +1.8077e+00 -1.0319e+00 +2.0512e+00 -1.3571e+00 +1.8344e+00 -8.2002e-01 +1.7964e+00 +6.8815e-01 +1.7878e-01 +1.5279e-01
317 +7.952608123e+01 +7.952608123e+01 +2.117060812e+02 +2.117060812e+02 +1.8026e+00 -1.4026e+00 +2.1948e+00 -1.2016e+00 +2.0866e+00 -7.0663e-01 +2.2725e+00 +5.4065e-01 +2.4860e-01 +3.8423e-01
319 +7.606349038e+01 +7.606349038e+01 +2.082434904e+02 +2.082434904e+02 +1.7963e+00 -1.1598e+00 +2.2188e+00 -1.8073e+00 +1.8966e+00 -1.1210e+00 +1.7405e+00 +9.9734e-01 +3.0247e-01 +1.5061e-01
382 +7.464685381e+01 +7.464685381e+01 +2.068268538e+02 +2.068268538e+02 +1.8630e+00 -1.1836e+00 +2.0275e+00 -7.6773e-01 +1.9930e+00 -9.8576e-01 +2.1078e+00 +5.8275e-01 +2.3220e-01 +3.3720e-01
402 +7.255613790e+01 +7.255613790e+01 +2.047361379e+02 +2.047361379e+02 +1.7553e+00 -1.3452e+00 +1.8897e+00 -1.4033e+00 +1.9968e+00 -1.0153e+00 +1.8280e+00 +5.7947e-01 +1.0151e-01 +5.4065e-01
412 +5.885365710e+01 +5.885365710e+01 +1.910336571e+02 +1.910336571e+02 +1.9781e+00 -1.1568e+00 +1.9195e+00 -1.2814e+00 +2.0414e+00 -5.9135e-01 +1.7607e+00 +4.7903e-01 -1.4727e-01 +4.2649e-01
617 +5.154454329e+01 +5.154454329e+01 +1.837245433e+02 +1.837245433e+02 +1.9005e+00 -2.9588e-01 +2.5784e+00 -2.6965e+00 +1.7236e+00 -9.9662e-01 +1.8070e+00 +3.8635e-01 +8.1955e-02 +1.0070e-01
842 +4.974221816e+01 +4.974221816e+01 +1.819222182e+02 +1.819222182e+02 +1.8120e+00 -2.4059e-01 +2.5866e+00 -1.8729e+00 +2.4725e+00 -5.2354e-01 +2.2423e+00 +4.8078e-01 +4.3333e-01 +3.1711e-02
856 +4.038795418e+01 +4.038795418e+01 +1.725679542e+02 +1.725679542e+02 +1.8419e+00 -2.7474e-01 +2.5791e+00 -1.8635e+00 +2.4033e+00 -5.5198e-01 +2.1663e+00 +4.9491e-01 +5.2199e-01 +9.0744e-02
885 +3.751405506e+01 +3.751405506e+01 +1.696940551e+02 +1.696940551e+02 +1.9189e+00 -3.1271e-01 +2.6495e+00 -1.7864e+00 +2.4009e+00 -5.4238e-01 +2.2085e+00 +5.4679e-01 +5.8295e-01 +7.8415e-02
886 +3.024930013e+01 +3.024930013e+01 +1.624293001e+02 +1.624293001e+02 +1.8451e+00 -2.2025e-01 +2.6074e+00 -1.8545e+00 +2.4113e+00 -5.3399e-01 +2.2205e+00 +4.8893e-01 +5.7433e-01 +5.8801e-02
898 +2.509512332e+01 +2.509512332e+01 +1.572751233e+02 +1.572751233e+02 +1.8479e+00 -2.2088e-01 +2.5859e+00 -1.8930e+00 +2.4833e+00 -5.5017e-01 +2.2410e+00 +5.4267e-01 +5.9802e-01 +4.7493e-02
934 +2.395410181e+01 +2.395410181e+01 +1.561341018e+02 +1.561341018e+02 +1.8080e+00 -1.4416e-01 +2.6593e+00 -1.9404e+00 +2.4301e+00 -5.6464e-01 +2.2261e+00 +4.8362e-01 +5.4965e-01 +1.2999e-01
937 +2.265241984e+01 +2.265241984e+01 +1.548324198e+02 +1.548324198e+02 +1.7923e+00 -1.3512e-01 +2.6120e+00 -1.8971e+00 +2.4819e+00 -5.5659e-01 +2.2259e+00 +5.0413e-01 +5.7994e-01 +1.4407e-01
951 +1.963385053e+01 +1.963385053e+01 +1.518138505e+02 +1.518138505e+02 +1.8207e+00 -2.2887e-01 +2.6471e+00 -1.8740e+00 +2.4421e+00 -5.3534e-01 +2.2542e+00 +5.2151e-01 +5.8121e-01 +9.6070e-02
961 +1.841246090e+01 +1.841246090e+01 +1.505924609e+02 +1.505924609e+02 +1.8586e+00 -2.1018e-01 +2.6670e+00 -1.9228e+00 +2.4374e+00 -5.6127e-01 +2.2692e+00 +5.0483e-01 +5.9335e-01 +1.0986e-01
1002 +1.715900483e+01 +1.715900483e+01 +1.493390048e+02 +1.493390048e+02 +1.8703e+00 -1.8932e-01 +2.6218e+00 -1.9695e+00 +2.4232e+00 -5.5028e-01 +2.2583e+00 +4.9353e-01 +5.8271e-01 +9.8227e-02
1054 +1.633097641e+01 +1.633097641e+01 +1.485109764e+02 +1.485109764e+02 +1.8976e+00 -1.8857e-01 +2.6290e+00 -1.9925e+00 +2.4878e+00 -5.3739e-01 +2.2476e+00 +5.1364e-01 +5.9365e-01 +8.1702e-02
1056 +1.619238376e+01 +1.619238376e+01 +1.483723838e+02 +1.483723838e+02 +1.9016e+00 -2.0698e-01 +2.6495e+00 -1.9800e+00 +2.4881e+00 -5.6073e-01 +2.2624e+00 +5.2155e-01 +5.8588e-01 +8.0812e-02
1086 +1.534616732e+01 +1.534616732e+01 +1.475261673e+02 +1.475261673e+02 +1.8777e+00 -2.0043e-01 +2.6234e+00 -1.9890e+00 +2.4660e+00 -5.3375e-01 +2.2556e+00 +5.1391e-01 +5.7748e-01 +9.1976e-02
1109 +1.478596793e+01 +1.478596793e+01 +1.469659679e+02 +1.469659679e+02 +1.8711e+00 -1.9592e-01 +2.6351e+00 -1.9747e+00 +2.4679e+00 -5.3660e-01 +2.2609e+00 +5.1601e-01 +5.8642e-01 +8.8240e-02
1126 +1.436461430e+01 +1.436461430e+01 +1.465446143e+02 +1.465446143e+02 +1.8634e+00 -2.1087e-01 +2.6436e+00 -1.9465e+00 +2.4922e+00 -5.4947e-01 +2.2731e+00 +5.2578e-01 +5.9000e-01 +9.3123e-02
1172 +1.395259875e+01 +1.395259875e+01 +1.461325987e+02 +1.461325987e+02 +1.8689e+00 -1.9374e-01 +2.6451e+00 -1.9596e+00 +2.4908e+00 -5.3899e-01 +2.2608e+00 +5.2116e-01 +5.8316e-01 +9.6064e-02
1184 +1.371261310e+01 +1.371261310e+01 +1.458926131e+02 +1.458926131e+02 +1.8613e+00 -1.7834e-01 +2.6371e+00 -1.9671e+00 +2.4912e+00 -5.4640e-01 +2.2731e+00 +5.1910e-01 +5.8248e-01 +1.0835e-01
1212 +1.339205142e+01 +1.339205142e+01 +1.455720514e+02 +1.455720514e+02 +1.8525e+00 -1.6399e-01 +2.6416e+00 -1.9672e+00 +2.4893e+00 -5.4212e-01 +2.2652e+00 +5.1806e-01 +5.7685e-01 +9.8628e-02
1399 +1.317531503e+01 +1.317531503e+01 +1.453553150e+02 +1.453553150e+02 +1.8474e+00 -1.5862e-01 +2.6386e+00 -1.9727e+00 +2.4916e+00 -5.4654e-01 +2.2710e+00 +5.2510e-01 +5.8002e-01 +1.0036e-01
% function evaluation | noise-free fitness - Fopt (1.000000000000e+03) | best noise-free fitness - Fopt | measured fitness | best measured fitness | x1 | x2...
1 +2.808857572e+02 +2.808857572e+02 +1.280885757e+03 +1.280885757e+03 +0.0000e+00 +0.0000e+00 +0.0000e+00 +0.0000e+00 +0.0000e+00 +0.0000e+00 +0.0000e+00 +0.0000e+00 +0.0000e+00 +0.0000e+00
2 +2.753931344e+02 +2.753931344e+02 +1.275393134e+03 +1.275393134e+03 +7.5080e-01 -5.4436e-01 -5.2609e-01 -3.5800e-02 +9.8149e-01 -7.6691e-02 +6.0891e-01 +2.6057e-02 +5.5899e-01 +1.6714e+00
13 +2.074594604e+02 +2.074594604e+02 +1.207459460e+03 +1.207459460e+03 +1.0586e+00 -4.3219e-01 -7.1985e-01 +9.6430e-01 +4.4376e-01 +3.0829e-01 -7.0779e-01 +6.2439e-01 +1.3034e+00 +1.0675e+00
14 +2.011374034e+02 +2.011374034e+02 +1.201137403e+03 +1.201137403e+03 +1.4682e+00 -1.2183e+00 -1.3350e-01 -3.0180e-01 +4.1028e-01 +2.4033e-01 +1.8602e+00 +8.6041e-01 +7.3091e-01 +2.6744e+00
59 +1.935801533e+02 +1.935801533e+02 +1.193580153e+03 +1.193580153e+03 -4.7516e-01 -8.3029e-01 -1.9646e-01 -2.1199e-01 +6.2617e-02 +7.7178e-01 +1.0023e+00 -4.4900e-01 +6.1796e-01 +2.7503e+00
66 +1.775435564e+02 +1.775435564e+02 +1.177543556e+03 +1.177543556e+03 -4.8031e-01 -1.1254e+00 +1.1371e+00 +3.9285e-01 +5.1090e-02 +6.7933e-01 +1.7190e+00 -1.2627e+00 +2.0763e+00 +1.5047e+00
77 +1.472796507e+02 +1.472796507e+02 +1.147279651e+03 +1.147279651e+03 +3.2674e-02 -7.6846e-01 +7.4602e-01 +1.5335e+00 +1.3517e-02 +1.2285e+00 +1.3137e+00 -2.1370e+00 +2.0923e+00 +2.1575e+00
98 +1.400031962e+02 +1.400031962e+02 +1.140003196e+03 +1.140003196e+03 +4.4867e-01 -2.1563e+00 +7.1072e-01 +2.2614e+00 -4.7043e-03 +1.3558e+00 +8.1057e-01 -1.0758e+00 +1.8301e+00 +1.8580e+00
131 +1.365297353e+02 +1.365297353e+02 +1.136529735e+03 +1.136529735e+03 -3.6397e-01 -1.2544e+00 +7.1807e-01 +8.4772e-01 +1.4656e+00 +2.5853e+00 +1.6371e+00 +6.6416e-01 +2.5535e+00 +3.1180e+00
144 +1.315605634e+02 +1.315605634e+02 +1.131560563e+03 +1.131560563e+03 +1.1633e-01 -1.9400e-01 +8.6931e-01 +2.4240e+00 +7.1942e-01 +2.0802e+00 +1.5971e+00 -2.5841e-01 +2.6021e+00 +3.1856e+00
195 +1.202341957e+02 +1.202341957e+02 +1.120234196e+03 +1.120234196e+03 -1.2231e+00 +6.4112e-01 -6.5731e-01 +2.1563e+00 +1.2640e+00 +2.3908e+00 +1.8505e+00 -3.1766e-01 +2.4567e+00 +1.9639e+00
215 +1.187630903e+02 +1.187630903e+02 +1.118763090e+03 +1.118763090e+03 -3.0069e-01 -9.7779e-01 +1.8025e-01 +2.1660e+00 +1.1435e+00 +2.0130e+00 +9.9519e-01 -1.6125e+00 +2.5450e+00 +2.8107e+00
272 +1.036472507e+02 +1.036472507e+02 +1.103647251e+03 +1.103647251e+03 +6.9488e-01 -9.9855e-01 -7.1933e-01 +1.6154e+00 +4.7306e-01 +1.8483e+00 +1.7505e+00 -7.8045e-01 +1.9686e+00 +2.5864e+00
347 +1.012510385e+02 +1.012510385e+02 +1.101251039e+03 +1.101251039e+03 -2.8313e-01 -7.6421e-01 -6.8170e-01 +2.7835e+00 +6.2080e-01 +2.3226e+00 +1.7305e+00 -9.7378e-01 +1.9777e+00 +2.5542e+00
357 +9.548163823e+01 +9.548163823e+01 +1.095481638e+03 +1.095481638e+03 -2.0782e-01 -5.1677e-01 -8.0509e-01 +2.7719e+00 +6.0942e-01 +2.1996e+00 +1.6245e+00 -8.6404e-01 +2.0340e+00 +2.6389e+00
367 +8.562945373e+01 +8.562945373e+01 +1.085629454e+03 +1.085629454e+03 -5.6180e-01 -9.2234e-01 -9.8900e-01 +2.9019e+00 +5.8050e-01 +2.3387e+00 +1.3406e+00 -7.4512e-01 +2.1105e+00 +2.9031e+00
392 +7.702145448e+01 +7.702145448e+01 +1.077021454e+03 +1.077021454e+03 -2.9084e-02 -1.0932e+00 -8.9278e-01 +2.7224e+00 +5.5471e-01 +2.1718e+00 +1.2978e+00 -5.4069e-01 +2.1614e+00 +2.6105e+00
560 +6.796832739e+01 +6.796832739e+01 +1.067968327e+03 +1.067968327e+03 -9.5492e-02 -1.0171e+00 -2.7967e-01 +2.1522e+00 +5.5770e-01 +2.3183e+00 +8.1035e-01 -9.0373e-01 +1.8574e+00 +3.2646e+00
654 +6.092035375e+01 +6.092035375e+01 +1.060920354e+03 +1.060920354e+03 -1.6208e-01 -1.0676e+00 -2.0130e-01 +1.9836e+00 +5.1168e-01 +2.3090e+00 +7.8025e-01 -9.3709e-01 +2.1292e+00 +3.2245e+00
661 +5.690392791e+01 +5.690392791e+01 +1.056903928e+03 +1.056903928e+03 -2.6362e-01 -1.0051e+00 -1.5653e-01 +2.0566e+00 +4.2587e-01 +2.2737e+00 +8.2123e-01 -9.1692e-01 +2.1362e+00 +3.1802e+00
672 +5.479033658e+01 +5.479033658e+01 +1.054790337e+03 +1.054790337e+03 -5.0293e-01 -1.0120e+00 -1.7702e-01 +2.1109e+00 +4.6976e-01 +2.2731e+00 +7.9121e-01 -8.6141e-01 +2.2014e+00 +3.2482e+00
747 +5.065844649e+01 +5.065844649e+01 +1.050658446e+03 +1.050658446e+03 -4.2602e-01 -9.6342e-01 -1.9707e-01 +2.0795e+00 +4.7166e-01 +2.2958e+00 +7.9678e-01 -8.5134e-01 +2.1508e+00 +3.2180e+00
755 +4.965265265e+01 +4.965265265e+01 +1.049652653e+03 +1.049652653e+03 -4.8643e-01 -9.8797e-01 -2.0085e-01 +2.1261e+00 +4.7860e-01 +2.3140e+00 +7.5417e-01 -9.2056e-01 +2.1776e+00 +3.1955e+00
763 +4.871472231e+01 +4.871472231e+01 +1.048714722e+03 +1.048714722e+03 -4.3819e-01 -9.9986e-01 -1.8039e-01 +2.1171e+00 +4.6608e-01 +2.2685e+00 +7.4775e-01 -9.3471e-01 +2.1575e+00 +3.1984e+00
781 +4.701667921e+01 +4.701667921e+01 +1.047016679e+03 +1.047016679e+03 -4.0078e-01 -9.8201e-01 -1.5065e-01 +2.1177e+00 +4.5361e-01 +2.2765e+00 +7.7179e-01 -8.8437e-01 +2.1628e+00 +3.1950e+00
845 +4.659519019e+01 +4.659519019e+01 +1.046595190e+03 +1.046595190e+03 -3.6013e-01 -1.0107e+00 -1.3035e-01 +2.1644e+00 +4.5619e-01 +2.2743e+00 +7.5891e-01 -8.9090e-01 +2.1296e+00 +3.2054e+00
873 +4.466755903e+01 +4.466755903e+01 +1.044667559e+03 +1.044667559e+03 -3.4145e-01 -1.0062e+00 -1.4941e-01 +2.1285e+00 +4.8460e-01 +2.3251e+00 +7.6701e-01 -9.0428e-01 +2.1337e+00 +3.2159e+00
1081 +4.364321486e+01 +4.364321486e+01 +1.043643215e+03 +1.043643215e+03 -3.7665e-01 -1.0160e+00 -1.6943e-01 +2.1415e+00 +4.9152e-01 +2.3228e+00 +7.7854e-01 -8.9574e-01 +2.1481e+00 +3.2042e+00
% function evaluation | noise-free fitness - Fopt (-1.846000000000e+01) | best noise-free fitness - Fopt | measured fitness | best measured fitness | x1 | x2...
1 +1.692106249e+02 +1.692106249e+02 +1.507506249e+02 +1.507506249e+02 +0.0000e+00 +0.0000e+00 +0.0000e+00 +0.0000e+00 +0.0000e+00 +0.0000e+00 +0.0000e+00 +0.0000e+00 +0.0000e+00 +0.0000e+00
9 +1.569853691e+02 +1.569853691e+02 +1.385253691e+02 +1.385253691e+02 +8.3828e-01 +6.8372e-01 +1.7058e+00 +4.7825e-01 -1.6242e+00 -1.3917e-01 +4.0716e-01 +1.3348e+00 -9.4954e-02 -4.4625e-01
33 +1.356872209e+02 +1.356872209e+02 +1.172272209e+02 +1.172272209e+02 +1.5440e+00 +1.5925e+00 +2.8773e+00 +8.2864e-01 -6.4863e-01 -1.3960e+00 +8.2768e-02 +1.0602e+00 +8.2798e-01 +7.7577e-01
35 +1.171128182e+02 +1.171128182e+02 +9.865281824e+01 +9.865281824e+01 -1.5225e+00 +1.4053e+00 +2.9669e+00 +9.6768e-01 -1.1315e+00 +9.2279e-01 +1.2589e+00 +5.3566e-02 +1.1821e-01 +7.7567e-01
339 +1.133081135e+02 +1.133081135e+02 +9.484811346e+01 +9.484811346e+01 +6.9734e-02 +2.6249e+00 +8.6117e-01 +7.8133e-01 -2.0501e+00 +9.3802e-01 -9.3879e-02 +1.8657e+00 +7.8000e-01 +1.4936e+00
417 +1.113972973e+02 +1.113972973e+02 +9.293729730e+01 +9.293729730e+01 +4.8319e-02 +2.3743e+00 +8.9004e-01 +3.7381e-01 -2.1501e+00 +1.1923e+00 -1.2484e-01 +1.5757e+00 +5.9681e-01 +1.6476e+00
437 +1.068590116e+02 +1.068590116e+02 +8.839901160e+01 +8.839901160e+01 -1.4612e-01 +2.3003e+00 +9.1725e-01 +4.2814e-01 -2.1250e+00 +1.0006e+00 -1.0350e-01 +1.5729e+00 +6.5291e-01 +1.6999e+00
440 +9.720393855e+01 +9.720393855e+01 +7.874393855e+01 +7.874393855e+01 -2.3331e-02 +2.2824e+00 +9.1997e-01 +4.8775e-01 -2.0404e+00 +9.7792e-01 -1.0710e-01 +1.6365e+00 +5.6444e-01 +1.6867e+00
473 +8.012740711e+01 +8.012740711e+01 +6.166740711e+01 +6.166740711e+01 +3.2251e-02 +2.3402e+00 +9.5555e-01 +4.4590e-01 -2.1093e+00 +9.7008e-01 -4.6795e-03 +1.5292e+00 +5.4374e-01 +1.7508e+00
555 +7.934333342e+01 +7.934333342e+01 +6.088333342e+01 +6.088333342e+01 +8.5676e-03 +2.6604e+00 +7.7363e-01 +4.4966e-01 -2.1524e+00 +9.8007e-01 -1.7285e-01 +1.5679e+00 +5.6152e-01 +1.7405e+00
563 +7.591152373e+01 +7.591152373e+01 +5.745152373e+01 +5.745152373e+01 +2.2920e-03 +2.6044e+00 +7.7094e-01 +4.1810e-01 -2.1218e+00 +9.4745e-01 -1.4919e-01 +1.5948e+00 +5.9367e-01 +1.7388e+00
587 +7.233620898e+01 +7.233620898e+01 +5.387620898e+01 +5.387620898e+01 -1.4184e-02 +2.5524e+00 +8.1899e-01 +3.9748e-01 -2.1080e+00 +9.7357e-01 -8.4837e-02 +1.6073e+00 +5.9078e-01 +1.7456e+00
615 +7.031716525e+01 +7.031716525e+01 +5.185716525e+01 +5.185716525e+01 -4.2620e-02 +2.5709e+00 +8.1811e-01 +3.8409e-01 -2.1405e+00 +9.7933e-01 -6.1715e-02 +1.6087e+00 +5.5788e-01 +1.7495e+00
672 +6.901133431e+01 +6.901133431e+01 +5.055133431e+01 +5.055133431e+01 +8.8689e-03 +2.5924e+00 +8.2436e-01 +4.1774e-01 -2.1295e+00 +9.6482e-01 -8.1085e-03 +1.6212e+00 +5.5208e-01 +1.7168e+00
686 +6.692816884e+01 +6.692816884e+01 +4.846816884e+01 +4.846816884e+01 +1.0980e-02 +2.6045e+00 +8.0029e-01 +4.3928e-01 -2.1224e+00 +9.6466e-01 -1.8424e-02 +1.6118e+00 +5.6360e-01 +1.7395e+00
737 +6.589674839e+01 +6.589674839e+01 +4.743674839e+01 +4.743674839e+01 +1.5337e-02 +2.6086e+00 +8.0256e-01 +4.2650e-01 -2.1227e+00 +9.6063e-01 -3.6093e-02 +1.6078e+00 +5.5277e-01 +1.7375e+00
833 +6.449284878e+01 +6.449284878e+01 +4.603284878e+01 +4.603284878e+01 +7.1389e-02 +2.5826e+00 +7.9081e-01 +4.2875e-01 -2.1191e+00 +9.6085e-01 -3.1275e-02 +1.6045e+00 +5.5942e-01 +1.7355e+00
926 +6.303420608e+01 +6.303420608e+01 +4.457420608e+01 +4.457420608e+01 +1.1357e-01 +2.5966e+00 +7.9835e-01 +4.2805e-01 -2.1315e+00 +9.6860e-01 -3.6307e-02 +1.5915e+00 +5.5546e-01 +1.7533e+00
% function evaluation | noise-free fitness - Fopt (-6.046000000000e+01) | best noise-free fitness - Fopt | measured fitness | best measured fitness | x1 | x2...
1 +4.806637699e+02 +4.806637699e+02 +4.202037699e+02 +4.202037699e+02 +0.0000e+00 +0.0000e+00 +0.0000e+00 +0.0000e+00 +0.0000e+00 +0.0000e+00 +0.0000e+00 +0.0000e+00 +0.0000e+00 +0.0000e+00
2 +3.447650361e+02 +3.447650361e+02 +2.843050361e+02 +2.843050361e+02 -3.2538e-01 -5.8870e-01 +8.8398e-01 +2.7843e-01 +1.1742e+00 -6.1250e-01 +2.8228e-01 -2.7368e-01 -6.9149e-02 +7.5913e-01
16 +3.022445885e+02 +3.022445885e+02 +2.417845885e+02 +2.417845885e+02 -1.4880e+00 -8.2570e-01 +2.2683e+00 +1.5834e+00 +1.4196e+00 -8.8078e-01 -2.9762e-01 -2.7758e-01 -4.9753e-01 +1.4846e+00
24 +2.832408286e+02 +2.832408286e+02 +2.227808286e+02 +2.227808286e+02 +8.5783e-02 -3.6802e-01 +3.5358e-01 +1.1317e+00 +2.0441e+00 -8.7265e-01 +1.6153e-01 -1.7602e-01 +4.6577e-01 +1.3699e+00
32 +2.634574496e+02 +2.634574496e+02 +2.029974496e+02 +2.029974496e+02 +1.5436e+00 -1.2218e+00 +8.1860e-01 +3.5962e-01 +2.0329e+00 -1.3329e+00 +7.2287e-02 +6.0030e-02 +9.4712e-02 +2.5726e+00
39 +2.146330202e+02 +2.146330202e+02 +1.541730202e+02 +1.541730202e+02 -3.4963e-01 -5.7013e-01 -1.0092e-01 +1.1344e+00 +3.4162e+00 -4.9614e-01 -2.5554e-01 +1.1895e+00 +1.3165e+00 +2.7489e+00
57 +2.083264691e+02 +2.083264691e+02 +1.478664691e+02 +1.478664691e+02 -1.1876e+00 -3.3902e-01 -1.7895e+00 +1.9728e+00 +3.0415e+00 -1.0237e+00 +8.1739e-01 +6.8476e-01 +1.1038e+00 +4.4707e+00
65 +1.863834607e+02 +1.863834607e+02 +1.259234607e+02 +1.259234607e+02 -1.1343e+00 +1.2263e+00 -8.8194e-01 +2.2630e+00 +3.4793e+00 -1.3181e+00 -1.5638e-01 -6.9669e-01 +1.7726e+00 +3.6020e+00
72 +1.818514791e+02 +1.818514791e+02 +1.213914791e+02 +1.213914791e+02 -1.9605e-01 +7.4152e-01 -2.1839e+00 +2.6635e+00 +3.3908e+00 -8.3434e-01 +2.9422e-01 -3.7400e-01 +1.7211e+00 +3.6161e+00
74 +1.412986955e+02 +1.412986955e+02 +8.083869555e+01 +8.083869555e+01 -8.8145e-01 +2.9286e-01 +9.0110e-01 +2.0905e+00 +2.7802e+00 -9.5479e-01 +7.5696e-01 -2.5661e-01 +1.5965e+00 +2.7193e+00
90 +1.312764032e+02 +1.312764032e+02 +7.081640321e+01 +7.081640321e+01 -1.4950e+00 +4.2502e-01 +1.4946e+00 +2.5838e+00 +4.1003e+00 -8.3580e-01 +7.3551e-01 -6.6947e-01 +2.3069e+00 +2.4500e+00
112 +1.173277197e+02 +1.173277197e+02 +5.686771965e+01 +5.686771965e+01 -9.0912e-01 +3.8988e+00 +7.7639e-01 +3.3556e+00 +3.2528e+00 -2.2217e-01 +1.6221e+00 -1.5336e+00 +1.4832e+00 +3.5077e+00
124 +1.132081703e+02 +1.132081703e+02 +5.274817032e+01 +5.274817032e+01 -1.5458e+00 +3.0759e+00 +8.7573e-01 +2.7983e+00 +3.1398e+00 +1.0017e+00 +1.1473e+00 -5.8176e-01 +1.9352e+00 +3.9416e+00
291 +1.065217531e+02 +1.065217531e+02 +4.606175305e+01 +4.606175305e+01 -2.1806e+00 +2.0363e+00 +2.2065e+00 +3.5340e+00 +2.7628e+00 +1.2982e+00 +1.6287e+00 -1.8455e+00 +2.1099e+00 +3.9748e+00
294 +9.932643391e+01 +9.932643391e+01 +3.886643391e+01 +3.886643391e+01 -2.3016e+00 +2.9980e+00 +2.4314e+00 +3.4293e+00 +2.6606e+00 +1.3187e+00 +1.6456e+00 -1.6622e+00 +2.3369e+00 +3.8816e+00
599 +8.678768667e+01 +8.678768667e+01 +2.632768667e+01 +2.632768667e+01 -3.2446e+00 +3.2661e+00 +2.1030e+00 +2.4331e+00 +3.0649e+00 +7.1469e-01 +1.5168e+00 -2.1609e+00 +1.6223e+00 +3.6334e+00
616 +7.594692433e+01 +7.594692433e+01 +1.548692433e+01 +1.548692433e+01 -3.2837e+00 +2.9689e+00 +2.2122e+00 +2.2600e+00 +3.8928e+00 +2.5997e-01 +1.6672e+00 -1.8100e+00 +2.0505e+00 +3.9018e+00
899 +6.912014456e+01 +6.912014456e+01 +8.660144561e+00 +8.660144561e+00 -3.3869e+00 +2.9136e+00 +2.2091e+00 +2.4993e+00 +3.3002e+00 -3.8104e-01 +2.0720e+00 -1.9655e+00 +1.5315e+00 +3.6471e+00
906 +6.395336563e+01 +6.395336563e+01 +3.493365632e+00 +3.493365632e+00 -3.3433e+00 +2.9220e+00 +2.1877e+00 +2.4735e+00 +3.2751e+00 -3.1543e-01 +2.0198e+00 -1.8330e+00 +1.5479e+00 +3.5717e+00
960 +5.909125891e+01 +5.909125891e+01 -1.368741087e+00 -1.368741087e+00 -3.4497e+00 +2.9296e+00 +2.1586e+00 +2.5241e+00 +3.1882e+00 -3.5465e-01 +2.0626e+00 -1.8857e+00 +1.5688e+00 +3.6392e+00
972 +5.513179480e+01 +5.513179480e+01 -5.328205198e+00 -5.328205198e+00 -3.4675e+00 +2.8961e+00 +2.1487e+00 +2.5027e+00 +3.2062e+00 -3.4750e-01 +2.0531e+00 -1.6888e+00 +1.5877e+00 +3.6461e+00
1002 +4.850584436e+01 +4.850584436e+01 -1.195415564e+01 -1.195415564e+01 -3.4647e+00 +3.0245e+00 +2.1480e+00 +2.6306e+00 +3.2649e+00 -2.4568e-01 +2.0652e+00 -1.7335e+00 +1.5748e+00 +3.6379e+00
1028 +4.472443451e+01 +4.472443451e+01 -1.573556549e+01 -1.573556549e+01 -3.4456e+00 +2.9785e+00 +2.1837e+00 +2.6368e+00 +3.2702e+00 -3.0307e-01 +2.0760e+00 -1.7588e+00 +1.5978e+00 +3.6161e+00
1040 +4.450332060e+01 +4.450332060e+01 -1.595667940e+01 -1.595667940e+01 -3.3871e+00 +2.9998e+00 +2.1895e+00 +2.6167e+00 +3.2697e+00 -3.1312e-01 +2.0744e+00 -1.7335e+00 +1.5755e+00 +3.5853e+00
1069 +4.346844801e+01 +4.346844801e+01 -1.699155199e+01 -1.699155199e+01 -3.4571e+00 +3.0768e+00 +2.1147e+00 +2.5605e+00 +3.2593e+00 -3.1271e-01 +2.0799e+00 -1.7434e+00 +1.5668e+00 +3.5972e+00
1113 +4.264055391e+01 +4.264055391e+01 -1.781944609e+01 -1.781944609e+01 -3.4156e+00 +3.0245e+00 +2.1286e+00 +2.5473e+00 +3.2472e+00 -3.0671e-01 +2.0664e+00 -1.7356e+00 +1.5762e+00 +3.5951e+00
1129 +4.153854600e+01 +4.153854600e+01 -1.892145400e+01 -1.892145400e+01 -3.4325e+00 +3.0049e+00 +2.1342e+00 +2.5558e+00 +3.2594e+00 -3.0802e-01 +2.0757e+00 -1.7306e+00 +1.5807e+00 +3.6212e+00
1268 +4.052295198e+01 +4.052295198e+01 -1.993704802e+01 -1.993704802e+01 -3.4267e+00 +3.0341e+00 +2.1530e+00 +2.5618e+00 +3.2407e+00 -3.2852e-01 +2.0771e+00 -1.7257e+00 +1.5856e+00 +3.6137e+00
1648 +3.980753470e+01 +3.980753470e+01 -2.065246530e+01 -2.065246530e+01 -3.4082e+00 +3.0426e+00 +2.1553e+00 +2.5268e+00 +3.2695e+00 -3.3017e-01 +2.0870e+00 -1.7269e+00 +1.5864e+00 +3.6136e+00
% function evaluation | noise-free fitness - Fopt (3.173300000000e+02) | best noise-free fitness - Fopt | measured fitness | best measured fitness | x1 | x2...
1 +4.569348900e+02 +4.569348900e+02 +7.742648900e+02 +7.742648900e+02 +0.0000e+00 +0.0000e+00 +0.0000e+00 +0.0000e+00 +0.0000e+00 +0.0000e+00 +0.0000e+00 +0.0000e+00 +0.0000e+00 +0.0000e+00
2 +3.621047165e+02 +3.621047165e+02 +6.794347165e+02 +6.794347165e+02 -1.0178e-01 -7.8382e-01 +1.2207e+00 +8.7626e-01 +1.2488e+00 -8.8496e-02 +6.1158e-01 +1.3258e+00 +4.6070e-01 +4.9320e-01
7 +3.506926993e+02 +3.506926993e+02 +6.680226993e+02 +6.680226993e+02 -6.0520e-01 +7.6346e-01 +2.0021e+00 -7.4403e-01 +1.1663e+00 +2.3642e-01 +9.8459e-01 +5.1570e-01 +8.2690e-01 -8.2526e-01
12 +3.119068690e+02 +3.119068690e+02 +6.292368690e+02 +6.292368690e+02 +5.7107e-01 +1.2828e+00 +4.0534e+00 -2.5064e-02 +3.7233e-01 -1.4710e-01 -6.4243e-01 +2.7954e-01 +2.1498e+00 -9.3598e-01
13 +2.896041684e+02 +2.896041684e+02 +6.069341684e+02 +6.069341684e+02 +4.3252e-01 +8.7096e-01 +3.5630e+00 -1.7932e+00 +1.3455e-01 +4.8578e-01 +9.9788e-02 +2.2892e+00 +1.7780e+00 -2.0523e+00
17 +2.142603080e+02 +2.142603080e+02 +5.315903080e+02 +5.315903080e+02 +2.9597e-01 +1.0083e+00 +3.2329e+00 -2.0549e+00 +8.8374e-01 +8.7434e-01 +2.3770e+00 +1.7938e+00 +2.6434e+00 -6.8163e-01
69 +1.729260601e+02 +1.729260601e+02 +4.902560601e+02 +4.902560601e+02 +1.6293e+00 -1.6102e+00 +2.3699e+00 -1.5507e+00 -6.0884e-01 +7.0672e-01 +2.7625e+00 +1.2615e+00 +3.4405e+00 -6.1129e-01
120 +1.655208373e+02 +1.655208373e+02 +4.828508373e+02 +4.828508373e+02 +1.8814e+00 -1.3093e+00 +2.2924e+00 +5.5020e-01 -4.3638e-02 +9.2675e-01 +3.3800e+00 +2.3442e+00 +2.2744e+00 -1.9782e+00
121 +1.496533041e+02 +1.496533041e+02 +4.669833041e+02 +4.669833041e+02 +1.2501e+00 -1.6430e+00 +2.2666e+00 -8.2116e-01 +8.4636e-01 +4.7710e-01 +3.7280e+00 +2.8868e+00 +2.2862e+00 -1.3096e+00
167 +1.417319304e+02 +1.417319304e+02 +4.590619304e+02 +4.590619304e+02 +1.7731e+00 -1.5935e+00 +3.4474e+00 -8.7758e-01 +5.2099e-01 +2.3302e-01 +2.5724e+00 +2.1095e+00 +2.6500e+00 -1.2896e+00
197 +1.324321319e+02 +1.324321319e+02 +4.497621319e+02 +4.497621319e+02 +1.4463e+00 -1.6011e+00 +3.3888e+00 -9.7838e-01 -1.2151e-01 -8.4938e-01 +2.3719e+00 +2.6316e+00 +2.3367e+00 -1.9279e+00
206 +1.275355414e+02 +1.275355414e+02 +4.448655414e+02 +4.448655414e+02 +1.3733e+00 -1.6713e+00 +3.1309e+00 -8.0886e-01 -1.0487e-01 -5.5944e-01 +2.4898e+00 +2.7642e+00 +2.0458e+00 -2.0488e+00
217 +1.185108596e+02 +1.185108596e+02 +4.358408596e+02 +4.358408596e+02 +1.7581e+00 -1.5316e+00 +3.1577e+00 -7.2348e-01 -1.0327e-01 -7.4148e-01 +2.4596e+00 +2.7048e+00 +2.1091e+00 -1.9361e+00
378 +1.139989628e+02 +1.139989628e+02 +4.313289628e+02 +4.313289628e+02 +1.4033e+00 -1.4718e+00 +4.0219e+00 -7.5893e-01 +8.7073e-01 -5.6742e-01 +3.7509e+00 +2.3405e+00 +2.8294e+00 -1.2968e+00
380 +1.090934079e+02 +1.090934079e+02 +4.264234079e+02 +4.264234079e+02 +1.3389e+00 -1.5258e+00 +3.7795e+00 -9.3449e-01 +6.8168e-01 -6.7576e-01 +3.9228e+00 +2.3661e+00 +3.0087e+00 -1.3050e+00
394 +1.068005917e+02 +1.068005917e+02 +4.241305917e+02 +4.241305917e+02 +1.4946e+00 -1.6594e+00 +3.7290e+00 -9.7636e-01 +7.5835e-01 -7.7206e-01 +3.7031e+00 +2.2984e+00 +3.0780e+00 -1.3571e+00
396 +1.026283401e+02 +1.026283401e+02 +4.199583401e+02 +4.199583401e+02 +1.2574e+00 -1.5548e+00 +3.9139e+00 -8.5766e-01 +3.9385e-01 -7.0869e-01 +3.7612e+00 +2.3148e+00 +3.0160e+00 -1.1505e+00
414 +9.698967107e+01 +9.698967107e+01 +4.143196711e+02 +4.143196711e+02 +1.3923e+00 -1.4819e+00 +3.7842e+00 -9.8422e-01 +3.0178e-01 -8.2039e-01 +3.4509e+00 +2.3412e+00 +2.9397e+00 -1.0005e+00
453 +7.692815472e+01 +7.692815472e+01 +3.942581547e+02 +3.942581547e+02 +1.3787e+00 -1.6518e+00 +3.7992e+00 -9.7395e-01 +4.9660e-01 -7.6242e-01 +3.7179e+00 +2.0748e+00 +2.9321e+00 -1.2717e+00
754 +7.318833146e+01 +7.318833146e+01 +3.905183315e+02 +3.905183315e+02 +1.3298e+00 -1.8862e+00 +3.8373e+00 -1.7751e-02 +9.3672e-01 -7.4548e-01 +3.6695e+00 +2.2424e+00 +2.8952e+00 -2.5461e+00
822 +6.623647533e+01 +6.623647533e+01 +3.835664753e+02 +3.835664753e+02 +1.2637e+00 -1.9493e+00 +3.7906e+00 -1.1601e-01 +9.1836e-01 -7.7068e-01 +3.6444e+00 +2.3847e+00 +2.9673e+00 -2.5580e+00
890 +6.382667350e+01 +6.382667350e+01 +3.811566735e+02 +3.811566735e+02 +1.3465e+00 -1.8736e+00 +3.8227e+00 -2.7084e-02 +9.1063e-01 -7.1060e-01 +3.3027e+00 +2.3384e+00 +2.9118e+00 -2.5212e+00
926 +5.437400285e+01 +5.437400285e+01 +3.717040028e+02 +3.717040028e+02 +1.3288e+00 -1.8380e+00 +3.8403e+00 -6.1318e-02 +8.9173e-01 -7.7891e-01 +3.3161e+00 +2.3315e+00 +2.9449e+00 -2.5407e+00
972 +5.233893860e+01 +5.233893860e+01 +3.696689386e+02 +3.696689386e+02 +1.3449e+00 -1.8221e+00 +3.8216e+00 -7.9585e-02 +9.2411e-01 -7.8241e-01 +3.2930e+00 +2.3634e+00 +2.9016e+00 -2.5535e+00
984 +4.908212018e+01 +4.908212018e+01 +3.664121202e+02 +3.664121202e+02 +1.3656e+00 -1.8314e+00 +3.8113e+00 -4.7079e-02 +9.3860e-01 -7.8645e-01 +3.3108e+00 +2.3415e+00 +2.9208e+00 -2.5601e+00
987 +4.861504111e+01 +4.861504111e+01 +3.659450411e+02 +3.659450411e+02 +1.3531e+00 -1.8106e+00 +3.7903e+00 -6.7333e-02 +9.4118e-01 -7.6967e-01 +3.2910e+00 +2.3321e+00 +2.9038e+00 -2.5830e+00
1060 +4.765666629e+01 +4.765666629e+01 +3.649866663e+02 +3.649866663e+02 +1.4442e+00 -1.8235e+00 +3.7969e+00 -7.6352e-02 +9.5430e-01 -7.6007e-01 +3.2116e+00 +2.3442e+00 +2.9538e+00 -2.5922e+00
1132 +4.632030901e+01 +4.632030901e+01 +3.636503090e+02 +3.636503090e+02 +1.4582e+00 -1.8198e+00 +3.7913e+00 -9.1563e-02 +1.0037e+00 -7.6215e-01 +3.2472e+00 +2.3463e+00 +2.9365e+00 -2.5790e+00
1145 +4.541906998e+01 +4.541906998e+01 +3.627490700e+02 +3.627490700e+02 +1.4834e+00 -1.8210e+00 +3.7834e+00 -1.0095e-01 +1.0158e+00 -7.6680e-01 +3.2476e+00 +2.3503e+00 +2.9375e+00 -2.5790e+00
1218 +4.451013952e+01 +4.451013952e+01 +3.618401395e+02 +3.618401395e+02 +1.4864e+00 -1.8138e+00 +3.7915e+00 -9.2431e-02 +1.0183e+00 -7.7336e-01 +3.2695e+00 +2.3362e+00 +2.9352e+00 -2.5779e+00
1282 +4.350631361e+01 +4.350631361e+01 +3.608363136e+02 +3.608363136e+02 +1.4512e+00 -1.8081e+00 +3.8197e+00 -1.0108e-01 +1.0171e+00 -7.5948e-01 +3.2890e+00 +2.3324e+00 +2.9349e+00 -2.5797e+00
1457 +4.264319421e+01 +4.264319421e+01 +3.599731942e+02 +3.599731942e+02 +1.4843e+00 -1.7834e+00 +3.8432e+00 -1.1498e-01 +1.0096e+00 -7.7329e-01 +3.2956e+00 +2.3335e+00 +2.9296e+00 -2.5800e+00
1535 +4.136612013e+01 +4.136612013e+01 +3.586961201e+02 +3.586961201e+02 +1.4759e+00 -1.7428e+00 +3.8388e+00 -1.2257e-01 +1.0132e+00 -7.6516e-01 +3.3022e+00 +2.3337e+00 +2.9296e+00 -2.5760e+00
1565 +4.035880707e+01 +4.035880707e+01 +3.576888071e+02 +3.576888071e+02 +1.4658e+00 -1.7139e+00 +3.8346e+00 -1.1064e-01 +1.0068e+00 -7.6096e-01 +3.2935e+00 +2.3350e+00 +2.9334e+00 -2.5761e+00
1578 +3.975713475e+01 +3.975713475e+01 +3.570871348e+02 +3.570871348e+02 +1.4603e+00 -1.7002e+00 +3.8341e+00 -1.0319e-01 +1.0092e+00 -7.6533e-01 +3.2824e+00 +2.3390e+00 +2.9359e+00 -2.5728e+00
1601 +3.815921751e+01 +3.815921751e+01 +3.554892175e+02 +3.554892175e+02 +1.4741e+00 -1.6703e+00 +3.8396e+00 -1.0873e-01 +1.0088e+00 -7.6933e-01 +3.2833e+00 +2.3398e+00 +2.9347e+00 -2.5717e+00
1610 +3.796474746e+01 +3.796474746e+01 +3.552947475e+02 +3.552947475e+02 +1.4640e+00 -1.6626e+00 +3.8407e+00 -9.9368e-02 +1.0094e+00 -7.6839e-01 +3.2757e+00 +2.3388e+00 +2.9373e+00 -2.5703e+00
1618 +3.671396010e+01 +3.671396010e+01 +3.540439601e+02 +3.540439601e+02 +1.4777e+00 -1.6359e+00 +3.8437e+00 -8.7899e-02 +1.0058e+00 -7.7165e-01 +3.2820e+00 +2.3412e+00 +2.9395e+00 -2.5785e+00
1635 +3.608400399e+01 +3.608400399e+01 +3.534140040e+02 +3.534140040e+02 +1.4823e+00 -1.6356e+00 +3.8357e+00 -9.0561e-02 +1.0101e+00 -7.6686e-01 +3.2814e+00 +2.3371e+00 +2.9335e+00 -2.5728e+00
1652 +3.498684676e+01 +3.498684676e+01 +3.523168468e+02 +3.523168468e+02 +1.4900e+00 -1.6072e+00 +3.8299e+00 -8.3808e-02 +1.0105e+00 -7.6516e-01 +3.3027e+00 +2.3445e+00 +2.9389e+00 -2.5762e+00
1661 +3.410101734e+01 +3.410101734e+01 +3.514310173e+02 +3.514310173e+02 +1.4881e+00 -1.5986e+00 +3.8207e+00 -8.8301e-02 +1.0165e+00 -7.7142e-01 +3.2863e+00 +2.3430e+00 +2.9376e+00 -2.5763e+00
1662 +3.352765422e+01 +3.352765422e+01 +3.508576542e+02 +3.508576542e+02 +1.4879e+00 -1.5915e+00 +3.8205e+00 -8.2948e-02 +1.0122e+00 -7.6679e-01 +3.2841e+00 +2.3449e+00 +2.9350e+00 -2.5773e+00
1668 +3.235882441e+01 +3.235882441e+01 +3.496888244e+02 +3.496888244e+02 +1.4833e+00 -1.5774e+00 +3.8255e+00 -8.6408e-02 +1.0175e+00 -7.7052e-01 +3.2916e+00 +2.3379e+00 +2.9318e+00 -2.5773e+00
1682 +3.155667211e+01 +3.155667211e+01 +3.488866721e+02 +3.488866721e+02 +1.4663e+00 -1.5615e+00 +3.8312e+00 -8.8565e-02 +1.0088e+00 -7.7036e-01 +3.2973e+00 +2.3471e+00 +2.9248e+00 -2.5777e+00
1690 +3.089635655e+01 +3.089635655e+01 +3.482263565e+02 +3.482263565e+02 +1.4696e+00 -1.5463e+00 +3.8249e+00 -8.5483e-02 +1.0199e+00 -7.7096e-01 +3.2933e+00 +2.3476e+00 +2.9309e+00 -2.5809e+00
1693 +2.987663825e+01 +2.987663825e+01 +3.472066383e+02 +3.472066383e+02 +1.4715e+00 -1.5173e+00 +3.8269e+00 -7.6061e-02 +1.0211e+00 -7.6410e-01 +3.2946e+00 +2.3469e+00 +2.9324e+00 -2.5874e+00
1732 +2.943602694e+01 +2.943602694e+01 +3.467660269e+02 +3.467660269e+02 +1.4590e+00 -1.5149e+00 +3.8273e+00 -7.5704e-02 +1.0080e+00 -7.6692e-01 +3.3037e+00 +2.3449e+00 +2.9375e+00 -2.5819e+00
1777 +2.876388954e+01 +2.876388954e+01 +3.460938895e+02 +3.460938895e+02 +1.4757e+00 -1.4949e+00 +3.8174e+00 -8.7831e-02 +1.0117e+00 -7.6455e-01 +3.3067e+00 +2.3314e+00 +2.9273e+00 -2.5736e+00
1874 +2.802718683e+01 +2.802718683e+01 +3.453571868e+02 +3.453571868e+02 +1.4800e+00 -1.4700e+00 +3.8261e+00 -1.1665e-01 +1.0102e+00 -7.6531e-01 +3.2864e+00 +2.3395e+00 +2.9315e+00 -2.5755e+00
% function evaluation | noise-free fitness - Fopt (3.384000000000e+02) | best noise-free fitness - Fopt | measured fitness | best measured fitness | x1 | x2...
1 +2.317353064e+02 +2.317353064e+02 +5.701353064e+02 +5.701353064e+02 +0.0000e+00 +0.0000e+00 +0.0000e+00 +0.0000e+00 +0.0000e+00 +0.0000e+00 +0.0000e+00 +0.0000e+00 +0.0000e+00 +0.0000e+00
3 +2.204817331e+02 +2.204817331e+02 +5.588817331e+02 +5.588817331e+02 -1.2006e+00 -1.0465e+00 +1.3741e+00 +4.3502e-01 -1.3138e+00 +7.1334e-01 -2.2182e-01 -7.4142e-01 +7.7226e-01 -1.1823e+00
13 +2.030658245e+02 +2.030658245e+02 +5.414658245e+02 +5.414658245e+02 -1.6920e+00 -1.4581e+00 +1.9383e+00 +2.8623e-01 -6.3681e-01 +6.4984e-01 -3.6199e-01 -1.3849e+00 +1.2538e+00 -1.7578e+00
22 +1.623316929e+02 +1.623316929e+02 +5.007316929e+02 +5.007316929e+02 -1.2027e-01 -1.6292e+00 -3.1453e-01 +2.1639e-01 +1.0813e+00 -4.0641e-01 -4.6527e-01 -1.1251e+00 +4.0106e-01 -2.5499e+00
51 +1.418846809e+02 +1.418846809e+02 +4.802846809e+02 +4.802846809e+02 -6.2869e-01 -1.5616e+00 +5.0461e-01 +1.8576e+00 +3.2312e-01 -1.3145e+00 +3.9663e-02 -1.8037e+00 +9.1823e-01 -2.5931e+00
70 +1.186617699e+02 +1.186617699e+02 +4.570617699e+02 +4.570617699e+02 +3.3416e-01 -1.0103e+00 +1.1097e-02 +1.3995e+00 +1.6341e-01 -2.0186e+00 +1.6893e-01 -1.2137e+00 +1.1307e+00 -1.4572e+00
210 +1.045549527e+02 +1.045549527e+02 +4.429549527e+02 +4.429549527e+02 +1.3912e+00 -1.3541e+00 +7.5036e-01 +2.5735e+00 +7.0277e-01 -1.8086e+00 -7.7461e-01 -1.3125e+00 +1.3635e+00 -2.5184e+00
266 +8.046904480e+01 +8.046904480e+01 +4.188690448e+02 +4.188690448e+02 +1.4736e+00 -2.5791e-01 +1.3920e+00 +2.3109e+00 +6.7658e-01 -2.1032e+00 -2.2915e-01 -7.2968e-01 +1.6859e+00 -2.1716e+00
433 +7.112276220e+01 +7.112276220e+01 +4.095227622e+02 +4.095227622e+02 +1.1468e+00 -3.4367e-01 +6.9983e-01 +2.6489e+00 +5.3227e-01 -2.1079e+00 +2.4339e-01 +1.1913e-01 +9.3881e-01 -1.5710e+00
510 +7.079369790e+01 +7.079369790e+01 +4.091936979e+02 +4.091936979e+02 +1.2119e+00 -2.7091e-01 +9.7086e-01 +2.3807e+00 +5.1013e-01 -2.0069e+00 +1.0411e-01 -2.3822e-02 +9.5207e-01 -1.8269e+00
530 +6.871511945e+01 +6.871511945e+01 +4.071151195e+02 +4.071151195e+02 +1.2358e+00 -3.3683e-01 +9.4912e-01 +2.3662e+00 +5.1370e-01 -2.1080e+00 +1.4610e-01 +9.7111e-03 +9.7034e-01 -1.8193e+00
538 +5.428714890e+01 +5.428714890e+01 +3.926871489e+02 +3.926871489e+02 +1.2307e+00 -3.0069e-01 +7.9390e-01 +2.3964e+00 +5.2321e-01 -2.0605e+00 +9.0578e-02 +2.0006e-03 +9.3866e-01 -1.8733e+00
543 +5.130636503e+01 +5.130636503e+01 +3.897063650e+02 +3.897063650e+02 +1.1655e+00 -2.9136e-01 +7.6837e-01 +2.3906e+00 +5.0430e-01 -2.0427e+00 +1.1216e-01 -1.1380e-03 +8.9610e-01 -1.8409e+00
575 +5.098420790e+01 +5.098420790e+01 +3.893842079e+02 +3.893842079e+02 +1.2099e+00 -3.4591e-01 +7.1825e-01 +2.3588e+00 +4.9995e-01 -2.1034e+00 +5.5889e-02 +5.6220e-02 +9.2011e-01 -1.8451e+00
587 +4.897271836e+01 +4.897271836e+01 +3.873727184e+02 +3.873727184e+02 +1.1502e+00 -3.3569e-01 +6.8370e-01 +2.3759e+00 +5.2056e-01 -2.0921e+00 +1.3837e-01 +5.8567e-02 +9.3967e-01 -1.8715e+00
596 +4.542714248e+01 +4.542714248e+01 +3.838271425e+02 +3.838271425e+02 +1.1354e+00 -3.2245e-01 +7.2595e-01 +2.3043e+00 +4.9912e-01 -2.0700e+00 +1.4039e-01 +5.7392e-02 +9.2641e-01 -1.8452e+00
709 +4.317312097e+01 +4.317312097e+01 +3.815731210e+02 +3.815731210e+02 +1.1781e+00 -2.6929e-01 +7.2753e-01 +2.3706e+00 +5.9838e-01 -2.0738e+00 +8.7986e-02 +5.8897e-02 +9.4000e-01 -1.8473e+00
737 +4.263057401e+01 +4.263057401e+01 +3.810305740e+02 +3.810305740e+02 +1.1759e+00 -2.9701e-01 +7.1659e-01 +2.3832e+00 +6.0771e-01 -2.0738e+00 +1.1129e-01 +5.3078e-02 +9.3398e-01 -1.8370e+00
847 +4.153829447e+01 +4.153829447e+01 +3.799382945e+02 +3.799382945e+02 +1.1523e+00 -2.9088e-01 +7.3513e-01 +2.3657e+00 +5.8296e-01 -2.0560e+00 +1.2060e-01 +6.2204e-02 +9.3732e-01 -1.8351e+00
% function evaluation | noise-free fitness - Fopt (-4.940000000000e+01) | best noise-free fitness - Fopt | measured fitness | best measured fitness | x1 | x2...
1 +3.159485035e+02 +3.159485035e+02 +2.665485035e+02 +2.665485035e+02 +0.0000e+00 +0.0000e+00 +0.0000e+00 +0.0000e+00 +0.0000e+00 +0.0000e+00 +0.0000e+00 +0.0000e+00 +0.0000e+00 +0.0000e+00
2 +3.079563070e+02 +3.079563070e+02 +2.585563070e+02 +2.585563070e+02 +7.2373e-01 +1.4918e+00 +8.5190e-01 +2.1267e+00 +7.2218e-01 +1.7299e+00 +2.8569e-01 -1.0040e+00 -5.9516e-02 -9.9265e-01
10 +2.262072838e+02 +2.262072838e+02 +1.768072838e+02 +1.768072838e+02 +8.3053e-01 +2.7892e-01 -8.3320e-01 +1.7436e+00 +1.0304e+00 -4.1072e-01 +5.8172e-01 -9.6983e-01 +1.4108e+00 -8.3273e-01
14 +2.139838381e+02 +2.139838381e+02 +1.645838381e+02 +1.645838381e+02 +8.4832e-01 +1.9359e-01 -3.6662e-01 +1.9216e+00 +1.0528e+00 +1.9210e-01 +1.8365e+00 -9.7858e-01 +1.1791e+00 -6.0986e-01
16 +1.865627912e+02 +1.865627912e+02 +1.371627912e+02 +1.371627912e+02 +6.2955e-01 +1.5529e+00 +1.6497e-01 +3.4403e+00 +1.9779e+00 +2.6227e-01 +6.2598e-01 -3.1909e+00 +6.5618e-01 -5.9289e-01
24 +1.834745704e+02 +1.834745704e+02 +1.340745704e+02 +1.340745704e+02 +1.1252e+00 +2.6390e+00 -1.4465e+00 +3.8484e+00 +2.1054e+00 +1.3366e+00 +8.2191e-01 -2.7347e+00 +7.4206e-01 +2.3694e-01
73 +1.728011577e+02 +1.728011577e+02 +1.234011577e+02 +1.234011577e+02 -1.1261e+00 +7.1695e-01 -6.8485e-01 +2.2468e+00 +7.8556e-01 -7.5079e-01 +1.5100e+00 -9.3922e-01 +7.2219e-01 +6.2123e-01
123 +1.688231413e+02 +1.688231413e+02 +1.194231413e+02 +1.194231413e+02 -3.4372e-01 -1.4748e-01 +1.6317e-01 +2.7679e+00 +1.4002e+00 +7.9232e-01 +1.1902e+00 -3.2274e+00 +4.3716e-01 -3.3320e-02
133 +1.628248444e+02 +1.628248444e+02 +1.134248444e+02 +1.134248444e+02 -5.5917e-01 -3.4114e-01 +9.9550e-02 +2.5703e+00 +1.6620e+00 +1.1985e+00 +1.0144e+00 -2.1881e+00 +1.3792e-01 +5.0149e-01
150 +1.486515922e+02 +1.486515922e+02 +9.925159221e+01 +9.925159221e+01 -6.2315e-02 -3.2633e-01 +1.3352e-01 +2.3967e+00 +1.3145e+00 +1.4028e+00 +1.3965e+00 -2.5560e+00 -3.9212e-01 +1.4068e+00
181 +1.416647559e+02 +1.416647559e+02 +9.226475588e+01 +9.226475588e+01 +5.3347e-02 +9.7872e-01 -7.0394e-01 +2.1565e+00 +1.2758e+00 +9.9269e-01 +9.9237e-01 -3.9701e+00 +5.0544e-01 +1.8327e+00
236 +1.315349240e+02 +1.315349240e+02 +8.213492399e+01 +8.213492399e+01 +2.7116e-01 -1.4727e+00 -5.1723e-01 +2.0787e+00 +1.3694e+00 +7.7479e-01 +1.4874e+00 -1.3432e+00 +1.5540e+00 +2.0591e-01
255 +1.237938285e+02 +1.237938285e+02 +7.439382854e+01 +7.439382854e+01 +1.9427e-01 -3.2885e-01 -8.9689e-01 +2.0751e+00 +1.0866e+00 +6.2542e-01 +1.5280e+00 -2.0207e+00 +1.2941e+00 +5.8340e-01
266 +1.209777695e+02 +1.209777695e+02 +7.157776954e+01 +7.157776954e+01 -2.5366e-01 -5.7941e-01 -1.2391e-01 +2.2609e+00 +1.2576e+00 +4.5762e-01 +1.5764e+00 -2.0741e+00 +1.7423e+00 +4.5610e-01
424 +1.173090055e+02 +1.173090055e+02 +6.790900545e+01 +6.790900545e+01 -5.8531e-02 +4.6379e-01 -5.7644e-01 +1.5532e+00 +2.2867e+00 +5.6254e-01 +5.2914e-01 -2.1469e+00 +8.9714e-01 +7.8334e-01
472 +1.076932420e+02 +1.076932420e+02 +5.829324204e+01 +5.829324204e+01 -1.7866e-01 +7.2154e-01 -6.2575e-01 +1.5814e+00 +2.1022e+00 +7.1715e-01 +9.4704e-01 -2.1146e+00 +4.6365e-01 +5.0860e-01
515 +1.010244496e+02 +1.010244496e+02 +5.162444957e+01 +5.162444957e+01 -3.3174e-02 -2.6572e-01 -6.7390e-01 +2.3429e+00 +1.9564e+00 +3.6529e-01 +9.4915e-01 -2.0227e+00 +7.3754e-01 +8.8821e-01
643 +9.856473994e+01 +9.856473994e+01 +4.916473994e+01 +4.916473994e+01 +9.2607e-03 -5.1438e-01 -7.6216e-01 +2.0932e+00 +2.2222e+00 +1.1137e-01 +9.0324e-01 -1.6202e+00 +1.0131e+00 +5.4850e-01
671 +9.312337419e+01 +9.312337419e+01 +4.372337419e+01 +4.372337419e+01 -1.7166e-03 -3.2940e-01 -6.6231e-01 +2.1564e+00 +2.2151e+00 +9.9406e-02 +8.8905e-01 -1.6389e+00 +1.0059e+00 +5.6875e-01
673 +8.981837080e+01 +8.981837080e+01 +4.041837080e+01 +4.041837080e+01 -3.5906e-02 -3.3343e-01 -6.5409e-01 +2.2146e+00 +2.2508e+00 +7.8777e-02 +9.7679e-01 -1.6367e+00 +1.0081e+00 +5.4048e-01
676 +8.270486317e+01 +8.270486317e+01 +3.330486317e+01 +3.330486317e+01 +6.9864e-03 -3.7900e-01 -6.9178e-01 +2.0781e+00 +2.1526e+00 +1.7050e-01 +9.4576e-01 -1.6585e+00 +9.9461e-01 +5.6673e-01
694 +7.967177086e+01 +7.967177086e+01 +3.027177086e+01 +3.027177086e+01 -2.1297e-02 -3.7118e-01 -6.2234e-01 +2.1830e+00 +2.1139e+00 +1.5007e-01 +9.5855e-01 -1.6263e+00 +9.5873e-01 +5.7908e-01
696 +7.655627135e+01 +7.655627135e+01 +2.715627135e+01 +2.715627135e+01 +1.1779e-02 -3.9563e-01 -6.4861e-01 +2.0690e+00 +2.0775e+00 +1.4429e-01 +9.9099e-01 -1.5519e+00 +1.0015e+00 +5.6237e-01
703 +7.319409715e+01 +7.319409715e+01 +2.379409715e+01 +2.379409715e+01 -9.1583e-03 -3.9372e-01 -6.2004e-01 +2.0963e+00 +2.0461e+00 +1.8205e-01 +1.0051e+00 -1.6086e+00 +9.8637e-01 +5.4754e-01
832 +7.230206467e+01 +7.230206467e+01 +2.290206467e+01 +2.290206467e+01 -9.5313e-03 -3.3895e-01 -5.8246e-01 +2.1659e+00 +2.0660e+00 +1.3637e-01 +1.0417e+00 -1.5993e+00 +9.9053e-01 +5.4941e-01
902 +7.018422272e+01 +7.018422272e+01 +2.078422272e+01 +2.078422272e+01 +1.0016e-02 -3.2017e-01 -6.4487e-01 +2.1184e+00 +2.0759e+00 +1.3713e-01 +1.0458e+00 -1.6068e+00 +9.8755e-01 +5.4372e-01
968 +6.909905962e+01 +6.909905962e+01 +1.969905962e+01 +1.969905962e+01 +1.6052e-02 -3.1203e-01 -6.4900e-01 +2.1014e+00 +2.0642e+00 +1.4736e-01 +1.0217e+00 -1.6014e+00 +9.9238e-01 +5.4514e-01
% function evaluation | noise-free fitness - Fopt (-5.557000000000e+01) | best noise-free fitness - Fopt | measured fitness | best measured fitness | x1 | x2...
1 +2.679313907e+02 +2.679313907e+02 +2.123613907e+02 +2.123613907e+02 +0.0000e+00 +0.0000e+00 +0.0000e+00 +0.0000e+00 +0.0000e+00 +0.0000e+00 +0.0000e+00 +0.0000e+00 +0.0000e+00 +0.0000e+00
3 +2.526717890e+02 +2.526717890e+02 +1.971017890e+02 +1.971017890e+02 -4.9858e-01 -3.6535e-01 +6.5499e-01 +8.4683e-01 +6.8323e-01 -1.5232e-01 +4.1946e-02 -3.5084e-01 -5.1997e-01 +4.6712e-01
7 +2.284105394e+02 +2.284105394e+02 +1.728405394e+02 +1.728405394e+02 +9.0043e-01 -8.1690e-01 +5.4994e-01 +9.2958e-01 +1.6355e-01 +1.0147e+00 -3.4024e-01 -4.1957e-01 +1.1291e+00 -2.3184e-01
53 +1.872823751e+02 +1.872823751e+02 +1.317123751e+02 +1.317123751e+02 -1.5472e+00 +8.7099e-01 +2.4886e-02 +1.6103e+00 -6.1751e-01 +2.3224e+00 -7.4628e-01 +5.1479e-01 +1.6547e-01 +1.2134e+00
65 +1.196522235e+02 +1.196522235e+02 +6.408222346e+01 +6.408222346e+01 -9.9709e-01 +1.5149e+00 +7.0990e-02 +1.1908e+00 +6.1853e-01 +2.3781e+00 +3.9326e-02 +8.7964e-01 +1.1550e+00 +1.3171e+00
95 +1.079624214e+02 +1.079624214e+02 +5.239242141e+01 +5.239242141e+01 -1.0033e+00 +1.4379e+00 +3.3444e-01 +3.3352e+00 +6.4115e-01 +3.9678e+00 -1.7855e-01 +8.1215e-01 +3.5385e-01 +3.2181e+00
422 +1.021071706e+02 +1.021071706e+02 +4.653717056e+01 +4.653717056e+01 -2.0046e+00 +1.4426e+00 -1.1125e+00 +2.2360e+00 +1.0112e+00 +2.6783e+00 +9.3886e-01 +3.5253e-01 +1.0266e-01 +2.4878e+00
425 +9.537360812e+01 +9.537360812e+01 +3.980360812e+01 +3.980360812e+01 -2.2095e+00 +8.1559e-01 -1.1525e+00 +1.5729e+00 +1.1848e+00 +2.8856e+00 +5.8325e-01 +3.4883e-02 +7.3733e-01 +2.9043e+00
709 +9.121016625e+01 +9.121016625e+01 +3.564016625e+01 +3.564016625e+01 -2.1518e+00 +1.4771e+00 +4.9589e-01 +1.6224e+00 +1.1823e+00 +3.2545e+00 +5.3446e-01 +4.0015e-01 +6.5802e-01 +2.1788e+00
916 +7.455081543e+01 +7.455081543e+01 +1.898081543e+01 +1.898081543e+01 -1.0553e+00 +1.3231e+00 +2.4733e-01 +2.1783e+00 +6.0765e-01 +3.0818e+00 +6.1757e-01 -4.3251e-01 +1.1647e+00 +2.3018e+00
1003 +6.733910535e+01 +6.733910535e+01 +1.176910535e+01 +1.176910535e+01 -1.2237e+00 +1.3734e+00 -8.8113e-02 +2.2367e+00 +6.1926e-01 +3.1497e+00 +5.4067e-01 -3.6613e-01 +1.1465e+00 +2.2408e+00
1044 +6.391884325e+01 +6.391884325e+01 +8.348843247e+00 +8.348843247e+00 -1.2022e+00 +1.4998e+00 -1.2679e-01 +2.1584e+00 +6.4916e-01 +3.1880e+00 +5.5829e-01 -3.9004e-01 +1.0805e+00 +2.2487e+00
1061 +6.067381448e+01 +6.067381448e+01 +5.103814479e+00 +5.103814479e+00 -1.1687e+00 +1.5502e+00 -1.5432e-01 +2.2016e+00 +6.5272e-01 +3.2183e+00 +5.8350e-01 -3.9105e-01 +1.1119e+00 +2.2401e+00
1062 +5.813017480e+01 +5.813017480e+01 +2.560174804e+00 +2.560174804e+00 -1.2304e+00 +1.4603e+00 -1.5261e-01 +2.1565e+00 +6.7252e-01 +3.1939e+00 +5.8983e-01 -3.9381e-01 +1.1081e+00 +2.2459e+00
1110 +5.707755888e+01 +5.707755888e+01 +1.507558877e+00 +1.507558877e+00 -1.2026e+00 +1.3981e+00 -1.3385e-01 +2.1421e+00 +6.2113e-01 +3.2493e+00 +6.0866e-01 -4.1307e-01 +1.1602e+00 +2.2315e+00
1125 +5.506675472e+01 +5.506675472e+01 -5.032452800e-01 -5.032452800e-01 -1.2017e+00 +1.4649e+00 -1.6082e-01 +2.1087e+00 +6.3179e-01 +3.2401e+00 +5.9437e-01 -4.2560e-01 +1.1544e+00 +2.2320e+00
1135 +5.457415414e+01 +5.457415414e+01 -9.958458612e-01 -9.958458612e-01 -1.2056e+00 +1.4504e+00 -1.6401e-01 +2.1493e+00 +6.4575e-01 +3.2568e+00 +6.0496e-01 -4.0318e-01 +1.1614e+00 +2.2483e+00
1142 +5.259536465e+01 +5.259536465e+01 -2.974635346e+00 -2.974635346e+00 -1.2266e+00 +1.4605e+00 -1.7590e-01 +2.1729e+00 +6.6041e-01 +3.2503e+00 +5.8983e-01 -3.7575e-01 +1.1484e+00 +2.2167e+00
1155 +5.215848892e+01 +5.215848892e+01 -3.411511076e+00 -3.411511076e+00 -1.1970e+00 +1.4534e+00 -1.5627e-01 +2.1529e+00 +6.8271e-01 +3.2308e+00 +5.9475e-01 -3.9191e-01 +1.1548e+00 +2.2309e+00
1205 +5.092876430e+01 +5.092876430e+01 -4.641235705e+00 -4.641235705e+00 -1.1758e+00 +1.4446e+00 -2.0236e-01 +2.1710e+00 +6.7283e-01 +3.2453e+00 +5.9411e-01 -3.8426e-01 +1.1476e+00 +2.2463e+00
1234 +4.938871815e+01 +4.938871815e+01 -6.181281850e+00 -6.181281850e+00 -1.1598e+00 +1.4859e+00 -2.4667e-01 +2.1788e+00 +6.9429e-01 +3.2579e+00 +5.9722e-01 -3.7709e-01 +1.1550e+00 +2.2212e+00
1243 +4.834228682e+01 +4.834228682e+01 -7.227713182e+00 -7.227713182e+00 -1.1906e+00 +1.4780e+00 -2.4773e-01 +2.1653e+00 +6.8277e-01 +3.2566e+00 +5.9980e-01 -3.8728e-01 +1.1520e+00 +2.2223e+00
1248 +4.743107791e+01 +4.743107791e+01 -8.138922095e+00 -8.138922095e+00 -1.1550e+00 +1.4697e+00 -2.7502e-01 +2.1814e+00 +6.9308e-01 +3.2517e+00 +5.9097e-01 -3.7599e-01 +1.1454e+00 +2.2244e+00
1253 +4.585965360e+01 +4.585965360e+01 -9.710346397e+00 -9.710346397e+00 -1.1583e+00 +1.4754e+00 -2.9562e-01 +2.1910e+00 +6.9032e-01 +3.2443e+00 +5.8744e-01 -3.8874e-01 +1.1465e+00 +2.2274e+00
1254 +4.499338441e+01 +4.499338441e+01 -1.057661559e+01 -1.057661559e+01 -1.1350e+00 +1.4560e+00 -3.3414e-01 +2.1857e+00 +6.8678e-01 +3.2434e+00 +5.9121e-01 -3.6008e-01 +1.1457e+00 +2.2121e+00
1262 +4.311616173e+01 +4.311616173e+01 -1.245383827e+01 -1.245383827e+01 -1.1146e+00 +1.4570e+00 -3.6808e-01 +2.1654e+00 +6.7640e-01 +3.2425e+00 +5.9697e-01 -3.5668e-01 +1.1583e+00 +2.2052e+00
1278 +4.199071547e+01 +4.199071547e+01 -1.357928453e+01 -1.357928453e+01 -1.0842e+00 +1.4738e+00 -4.1741e-01 +2.1616e+00 +6.7356e-01 +3.2549e+00 +6.0287e-01 -3.5361e-01 +1.1549e+00 +2.2023e+00
1287 +4.106393115e+01 +4.106393115e+01 -1.450606885e+01 -1.450606885e+01 -1.0995e+00 +1.4524e+00 -4.0534e-01 +2.1491e+00 +6.7792e-01 +3.2699e+00 +6.0277e-01 -3.8167e-01 +1.1482e+00 +2.1968e+00
1293 +4.052467112e+01 +4.052467112e+01 -1.504532888e+01 -1.504532888e+01 -1.0796e+00 +1.4755e+00 -3.9431e-01 +2.1484e+00 +6.6385e-01 +3.2642e+00 +6.1018e-01 -3.8720e-01 +1.1558e+00 +2.2089e+00
1306 +3.947828468e+01 +3.947828468e+01 -1.609171532e+01 -1.609171532e+01 -1.1210e+00 +1.4689e+00 -4.2609e-01 +2.1506e+00 +6.7457e-01 +3.2680e+00 +6.0782e-01 -3.7474e-01 +1.1491e+00 +2.2060e+00
1319 +3.883871072e+01 +3.883871072e+01 -1.673128928e+01 -1.673128928e+01 -1.1169e+00 +1.4710e+00 -4.1074e-01 +2.1463e+00 +6.6674e-01 +3.2654e+00 +5.9870e-01 -3.8863e-01 +1.1604e+00 +2.2125e+00
1350 +3.747513828e+01 +3.747513828e+01 -1.809486172e+01 -1.809486172e+01 -1.1012e+00 +1.4735e+00 -4.5334e-01 +2.1406e+00 +6.5651e-01 +3.2817e+00 +5.8449e-01 -4.0122e-01 +1.1555e+00 +2.2182e+00
1374 +3.694478539e+01 +3.694478539e+01 -1.862521461e+01 -1.862521461e+01 -1.1021e+00 +1.4553e+00 -4.5835e-01 +2.1435e+00 +6.5186e-01 +3.2673e+00 +5.8429e-01 -3.9027e-01 +1.1471e+00 +2.2250e+00
1538 +3.622658718e+01 +3.622658718e+01 -1.934341282e+01 -1.934341282e+01 -1.1484e+00 +1.4422e+00 -4.6305e-01 +2.1665e+00 +6.6010e-01 +3.2629e+00 +5.7361e-01 -3.9790e-01 +1.1574e+00 +2.2283e+00
% function evaluation | noise-free fitness - Fopt (-1.412700000000e+02) | best noise-free fitness - Fopt | measured fitness | best measured fitness | x1 | x2...
1 +2.941375014e+02 +2.941375014e+02 +1.528675014e+02 +1.528675014e+02 +0.0000e+00 +0.0000e+00 +0.0000e+00 +0.0000e+00 +0.0000e+00 +0.0000e+00 +0.0000e+00 +0.0000e+00 +0.0000e+00 +0.0000e+00
15 +2.545564380e+02 +2.545564380e+02 +1.132864380e+02 +1.132864380e+02 +1.8758e+00 +8.8186e-01 -7.4276e-01 -1.5320e+00 -4.3947e-02 -4.9933e-02 +1.6903e+00 -7.0641e-01 +1.9951e-01 -5.1452e-01
18 +2.149463751e+02 +2.149463751e+02 +7.367637507e+01 +7.367637507e+01 +8.9511e-01 -1.8007e+00 +3.9489e-01 -5.9769e-01 -2.4668e-01 +1.6539e+00 +1.2991e+00 +1.4805e-02 +4.8498e-01 -1.4048e-01
49 +2.061127164e+02 +2.061127164e+02 +6.484271643e+01 +6.484271643e+01 +2.7243e+00 -4.7032e+00 -2.5422e-01 -1.9414e+00 -1.0941e+00 +3.1874e+00 +1.0716e+00 -1.7109e+00 +3.0013e-01 -2.0170e+00
70 +2.016343996e+02 +2.016343996e+02 +6.036439961e+01 +6.036439961e+01 +2.7959e+00 -3.9788e+00 +3.9750e-01 -2.4774e+00 -5.8541e-01 +1.7301e+00 +3.3582e-01 -1.9163e+00 +8.7048e-02 -1.9553e+00
116 +1.502747872e+02 +1.502747872e+02 +9.004787171e+00 +9.004787171e+00 +1.0842e+00 -2.0949e+00 +3.0732e-01 -3.4569e+00 +3.5867e-01 +1.0278e+00 +1.2812e+00 -3.5529e+00 +5.0825e-02 -3.3151e+00
273 +1.434112825e+02 +1.434112825e+02 +2.141282473e+00 +2.141282473e+00 +1.8466e+00 -3.0222e+00 -8.3618e-01 -6.5970e-02 +7.2243e-01 +1.0188e+00 +1.7145e+00 -2.4843e+00 -1.3205e+00 -2.6006e+00
280 +1.311688983e+02 +1.311688983e+02 -1.010110170e+01 -1.010110170e+01 +1.2995e+00 -2.0693e+00 +1.6976e-01 +7.2822e-01 +3.0312e-01 +1.5154e+00 +2.3034e+00 -3.0304e+00 -4.5131e-01 -2.7690e+00
287 +1.233034133e+02 +1.233034133e+02 -1.796658667e+01 -1.796658667e+01 +9.1356e-01 -1.7862e+00 -1.6023e-01 +1.6431e-01 -2.3045e-01 +2.2015e+00 +1.9839e+00 -3.2926e+00 +2.2907e-01 -3.1766e+00
320 +1.170057570e+02 +1.170057570e+02 -2.426424304e+01 -2.426424304e+01 +1.2542e+00 -2.0038e+00 -1.0815e+00 -6.0334e-01 -8.0650e-01 +3.5743e+00 +2.2935e+00 -2.5364e+00 +4.9337e-01 -2.8924e+00
948 +1.139306414e+02 +1.139306414e+02 -2.733935861e+01 -2.733935861e+01 +8.7685e-01 -1.9004e+00 -2.6307e+00 +8.7818e-01 -2.7895e+00 +2.7274e+00 +1.8551e+00 -2.5351e+00 +4.3136e-01 -2.8594e+00
963 +1.097390899e+02 +1.097390899e+02 -3.153091006e+01 -3.153091006e+01 +8.8345e-01 -1.9427e+00 -2.6358e+00 +8.5084e-01 -2.7298e+00 +2.7295e+00 +1.8232e+00 -2.5270e+00 +4.5163e-01 -2.8161e+00
970 +1.093315274e+02 +1.093315274e+02 -3.193847257e+01 -3.193847257e+01 +9.0541e-01 -1.9621e+00 -2.6500e+00 +8.0069e-01 -2.7262e+00 +2.7173e+00 +1.8717e+00 -2.5417e+00 +4.3904e-01 -2.8704e+00
1113 +1.064759960e+02 +1.064759960e+02 -3.479400401e+01 -3.479400401e+01 +8.2602e-01 -1.9517e+00 -2.6523e+00 +7.1329e-01 -2.7207e+00 +2.7590e+00 +1.8597e+00 -2.5454e+00 +4.7673e-01 -2.8407e+00
1243 +1.044152132e+02 +1.044152132e+02 -3.685478682e+01 -3.685478682e+01 +8.6740e-01 -1.9812e+00 -2.6313e+00 +6.8157e-01 -2.7433e+00 +2.7401e+00 +1.8621e+00 -2.5267e+00 +4.5668e-01 -2.8479e+00
% function evaluation | noise-free fitness - Fopt (1.822100000000e+02) | best noise-free fitness - Fopt | measured fitness | best measured fitness | x1 | x2...
1 +2.669075388e+02 +2.669075388e+02 +4.491175388e+02 +4.491175388e+02 +0.0000e+00 +0.0000e+00 +0.0000e+00 +0.0000e+00 +0.0000e+00 +0.0000e+00 +0.0000e+00 +0.0000e+00 +0.0000e+00 +0.0000e+00
8 +2.524646185e+02 +2.524646185e+02 +4.346746185e+02 +4.346746185e+02 +9.0557e-02 -1.4978e+00 -5.3971e-01 +1.2466e+00 -7.3169e-01 -7.5284e-01 +7.3730e-02 +9.3454e-01 -9.0239e-01 +1.2888e-01
12 +2.061946226e+02 +2.061946226e+02 +3.884046226e+02 +3.884046226e+02 +6.4843e-01 -2.1932e+00 +3.9189e-02 +1.1403e+00 -6.5953e-01 -1.5612e+00 +6.1518e-01 +2.0775e+00 -9.3625e-01 -8.8751e-02
37 +1.691579310e+02 +1.691579310e+02 +3.513679310e+02 +3.513679310e+02 +1.2793e+00 -1.4619e+00 -5.3557e-01 +1.7312e+00 -5.8018e-01 +1.4555e-01 -2.9186e-01 +1.3964e+00 +1.1530e+00 +4.9375e-01
43 +1.147609485e+02 +1.147609485e+02 +2.969709485e+02 +2.969709485e+02 +1.8282e+00 -6.5272e-01 -7.9207e-01 +1.7147e+00 -8.8241e-02 +6.5780e-01 -5.7037e-01 +1.5558e+00 +1.0923e+00 +4.1010e-01
84 +1.094346062e+02 +1.094346062e+02 +2.916446062e+02 +2.916446062e+02 +6.7696e-01 -8.7876e-01 -2.7081e+00 +3.1048e+00 -1.2031e+00 +2.1830e+00 +2.8397e-01 +2.3449e+00 +1.1027e+00 +1.0472e+00
250 +9.928614965e+01 +9.928614965e+01 +2.814961496e+02 +2.814961496e+02 +1.7758e+00 -4.3656e-01 -1.2897e+00 +4.5266e+00 -1.2639e+00 +1.7755e+00 +5.8019e-01 +9.1877e-01 +1.0667e+00 +1.9322e+00
363 +9.719995737e+01 +9.719995737e+01 +2.794099574e+02 +2.794099574e+02 +1.3858e+00 -7.4074e-01 -1.4421e-01 +4.4781e+00 -1.1896e+00 +6.7077e-01 +1.1655e+00 +1.8104e+00 +9.8569e-01 +1.8843e+00
394 +8.752236682e+01 +8.752236682e+01 +2.697323668e+02 +2.697323668e+02 +8.0200e-01 -4.6709e-01 -3.0402e-01 +4.5018e+00 -1.2724e+00 +8.1081e-01 +8.8810e-01 +1.8769e+00 +1.1845e+00 +1.8458e+00
424 +7.784326271e+01 +7.784326271e+01 +2.600532627e+02 +2.600532627e+02 +1.1226e+00 -9.2060e-01 -8.0523e-02 +4.6125e+00 -1.1105e+00 +7.8176e-01 +7.1766e-01 +2.0466e+00 +1.2247e+00 +1.9236e+00
460 +7.588482134e+01 +7.588482134e+01 +2.580948213e+02 +2.580948213e+02 +1.8054e+00 -1.2927e+00 -8.2000e-03 +4.4391e+00 -1.2734e+00 +1.2277e+00 +4.6889e-01 +2.1259e+00 +1.4832e+00 +1.8293e+00
473 +6.542768353e+01 +6.542768353e+01 +2.476376835e+02 +2.476376835e+02 +1.7862e+00 -1.0220e+00 -7.5236e-02 +4.5575e+00 -1.1874e+00 +1.2588e+00 +6.5236e-01 +2.1216e+00 +1.2271e+00 +1.8348e+00
482 +5.349956470e+01 +5.349956470e+01 +2.357095647e+02 +2.357095647e+02 +1.8847e+00 -8.8797e-01 +3.8234e-02 +4.4738e+00 -1.1294e+00 +1.3593e+00 +8.4927e-01 +2.4491e+00 +1.1862e+00 +1.8073e+00
483 +4.736437738e+01 +4.736437738e+01 +2.295743774e+02 +2.295743774e+02 +1.6837e+00 -8.3159e-01 +3.5862e-02 +4.6336e+00 -1.1280e+00 +1.3313e+00 +6.9719e-01 +2.0608e+00 +1.1526e+00 +1.8957e+00
495 +4.625571758e+01 +4.625571758e+01 +2.284657176e+02 +2.284657176e+02 +1.6080e+00 -9.1927e-01 -4.5515e-02 +4.5004e+00 -1.2248e+00 +1.3003e+00 +7.5073e-01 +2.0725e+00 +1.1410e+00 +1.8254e+00
642 +3.823874481e+01 +3.823874481e+01 +2.204487448e+02 +2.204487448e+02 +1.7968e+00 -6.9553e-01 +2.9975e-02 +4.4703e+00 -1.1954e+00 +1.7202e+00 +7.5161e-01 +2.0457e+00 +1.1639e+00 +1.5425e+00
652 +3.270576644e+01 +3.270576644e+01 +2.149157664e+02 +2.149157664e+02 +1.7328e+00 -8.4033e-01 -2.2796e-02 +4.5146e+00 -1.2506e+00 +1.7176e+00 +8.1471e-01 +2.0715e+00 +1.1867e+00 +1.5001e+00
749 +3.212757632e+01 +3.212757632e+01 +2.143375763e+02 +2.143375763e+02 +1.7562e+00 -8.6354e-01 +4.1657e-03 +4.5741e+00 -1.2133e+00 +1.7127e+00 +7.3012e-01 +2.0085e+00 +1.1583e+00 +1.4974e+00
756 +3.036427094e+01 +3.036427094e+01 +2.125742709e+02 +2.125742709e+02 +1.7283e+00 -8.4165e-01 +1.2340e-03 +4.5670e+00 -1.2243e+00 +1.7045e+00 +7.7235e-01 +2.0154e+00 +1.1532e+00 +1.4880e+00
793 +3.007896077e+01 +3.007896077e+01 +2.122889608e+02 +2.122889608e+02 +1.7287e+00 -8.2253e-01 +4.0979e-02 +4.5437e+00 -1.2269e+00 +1.7193e+00 +7.9343e-01 +2.0234e+00 +1.1609e+00 +1.5085e+00
834 +2.878906579e+01 +2.878906579e+01 +2.109990658e+02 +2.109990658e+02 +1.7635e+00 -8.3891e-01 +3.8331e-02 +4.5385e+00 -1.2394e+00 +1.7122e+00 +7.8892e-01 +2.0193e+00 +1.1671e+00 +1.4780e+00
879 +2.801760841e+01 +2.801760841e+01 +2.102276084e+02 +2.102276084e+02 +1.7459e+00 -8.2247e-01 +1.3980e-02 +4.5201e+00 -1.2015e+00 +1.7201e+00 +7.8856e-01 +2.0364e+00 +1.1601e+00 +1.4765e+00
995 +2.743846358e+01 +2.743846358e+01 +2.096484636e+02 +2.096484636e+02 +1.7631e+00 -8.0587e-01 +2.9051e-02 +4.4870e+00 -1.2078e+00 +1.7226e+00 +7.9159e-01 +2.0427e+00 +1.1657e+00 +1.4792e+00
1208 +2.690477659e+01 +2.690477659e+01 +2.091147766e+02 +2.091147766e+02 +1.7747e+00 -8.1199e-01 +3.0759e-02 +4.4156e+00 -1.2203e+00 +1.7173e+00 +7.8602e-01 +2.0395e+00 +1.1605e+00 +1.4852e+00
% function evaluation | noise-free fitness - Fopt (8.191000000000e+01) | best noise-free fitness - Fopt | measured fitness | best measured fitness | x1 | x2...
1 +2.446493882e+02 +2.446493882e+02 +3.265593882e+02 +3.265593882e+02 +0.0000e+00 +0.0000e+00 +0.0000e+00 +0.0000e+00 +0.0000e+00 +0.0000e+00 +0.0000e+00 +0.0000e+00 +0.0000e+00 +0.0000e+00
22 +1.660255724e+02 +1.660255724e+02 +2.479355724e+02 +2.479355724e+02 -8.4865e-01 -1.0957e-01 -4.9830e-02 -1.1726e+00 +2.7395e+00 +4.0485e-01 -1.8956e-01 +1.5115e+00 -6.2305e-02 +1.4530e-01
43 +1.459737779e+02 +1.459737779e+02 +2.278837779e+02 +2.278837779e+02 -8.4821e-01 -3.4797e-01 +2.6184e-02 -2.4653e+00 +2.8473e+00 -1.2994e-01 -1.4026e+00 +3.2945e+00 +1.0221e+00 -1.7507e+00
63 +1.445094648e+02 +1.445094648e+02 +2.264194648e+02 +2.264194648e+02 -2.2848e+00 -3.4743e-01 +4.6735e-01 -2.0287e+00 +3.0070e+00 +8.2205e-01 +6.0730e-01 +2.6368e+00 +1.1302e+00 -9.9450e-01
64 +1.392918826e+02 +1.392918826e+02 +2.212018826e+02 +2.212018826e+02 -2.5820e+00 +1.3125e-01 +3.5832e-01 -2.8615e+00 +2.3379e+00 +9.9928e-01 -3.0126e-02 +3.2862e+00 +9.1667e-01 -1.6043e+00
65 +1.326621113e+02 +1.326621113e+02 +2.145721113e+02 +2.145721113e+02 -2.0289e+00 -1.2465e+00 +3.6591e-01 -2.1794e+00 +2.2293e+00 +1.1286e+00 +7.3181e-01 +3.0399e+00 +3.4952e-01 -2.6650e-02
74 +1.056507391e+02 +1.056507391e+02 +1.875607391e+02 +1.875607391e+02 -1.7743e+00 -2.3700e+00 +3.3225e-01 -2.1313e+00 +2.8364e+00 +1.2437e+00 +6.9949e-01 +2.7602e+00 +3.4048e-01 -2.6851e-01
112 +1.040091966e+02 +1.040091966e+02 +1.859191966e+02 +1.859191966e+02 -6.6909e-01 -2.2130e+00 -9.8745e-01 -7.3502e-01 +2.8845e+00 +1.1285e+00 -1.0062e+00 +3.3599e+00 +2.8456e-01 -1.3814e+00
125 +1.005902731e+02 +1.005902731e+02 +1.825002731e+02 +1.825002731e+02 +1.8622e-01 -1.9821e+00 -1.2460e+00 -1.5269e+00 +2.2674e+00 +5.0978e-01 -6.6589e-02 +3.2541e+00 +5.1465e-01 -9.6533e-01
159 +8.422362257e+01 +8.422362257e+01 +1.661336226e+02 +1.661336226e+02 -7.0001e-01 -1.0219e+00 -7.1814e-01 -7.6953e-01 +3.4966e+00 +4.2171e-01 +1.9528e-01 +4.0547e+00 +7.8119e-01 +2.1010e-01
392 +6.819348249e+01 +6.819348249e+01 +1.501034825e+02 +1.501034825e+02 -5.8634e-01 -7.2568e-01 -4.4176e-02 -2.0533e+00 +3.5130e+00 +4.2730e-01 +2.3074e-01 +3.6663e+00 +1.2568e+00 -5.6525e-02
545 +5.829789210e+01 +5.829789210e+01 +1.402078921e+02 +1.402078921e+02 -7.8659e-01 -3.8552e-01 -7.0568e-03 -2.0243e+00 +3.5236e+00 +4.7693e-01 +1.5617e-01 +4.1267e+00 +1.1387e+00 -5.4588e-02
573 +5.201831537e+01 +5.201831537e+01 +1.339283154e+02 +1.339283154e+02 -8.9324e-01 -3.2164e-01 +1.1938e-01 -2.0884e+00 +3.6130e+00 +5.3591e-01 +1.7610e-01 +4.1521e+00 +1.2296e+00 -6.3156e-03
600 +4.684931915e+01 +4.684931915e+01 +1.287593192e+02 +1.287593192e+02 -8.2267e-01 -3.4421e-01 -2.1122e-02 -2.0384e+00 +3.5022e+00 +6.6846e-01 +2.5995e-01 +4.0849e+00 +1.3077e+00 -1.4566e-01
621 +3.425341984e+01 +3.425341984e+01 +1.161634198e+02 +1.161634198e+02 -7.8047e-01 -3.4152e-01 +7.1896e-02 -2.0490e+00 +3.4818e+00 +5.0414e-01 +2.2108e-01 +4.0950e+00 +1.2718e+00 -4.6962e-02
685 +3.353217524e+01 +3.353217524e+01 +1.154421752e+02 +1.154421752e+02 -7.8598e-01 -3.7795e-01 +3.3544e-02 -2.0404e+00 +3.5401e+00 +5.1243e-01 +1.8372e-01 +4.1071e+00 +1.2561e+00 -1.2868e-01
710 +3.065195907e+01 +3.065195907e+01 +1.125619591e+02 +1.125619591e+02 -7.8985e-01 -3.7059e-01 +6.0634e-02 -2.0431e+00 +3.5356e+00 +5.4341e-01 +1.4258e-01 +4.0863e+00 +1.2612e+00 -1.0522e-01
725 +2.824747306e+01 +2.824747306e+01 +1.101574731e+02 +1.101574731e+02 -7.8605e-01 -3.6091e-01 +4.5033e-02 -2.0738e+00 +3.5143e+00 +5.7705e-01 +1.6964e-01 +4.1108e+00 +1.2976e+00 -9.2609e-02
739 +2.726945550e+01 +2.726945550e+01 +1.091794555e+02 +1.091794555e+02 -8.1359e-01 -3.7402e-01 +7.3893e-02 -2.0641e+00 +3.5217e+00 +5.6751e-01 +1.9608e-01 +4.1315e+00 +1.2938e+00 -1.1005e-01
757 +2.625213289e+01 +2.625213289e+01 +1.081621329e+02 +1.081621329e+02 -7.6233e-01 -3.6471e-01 +8.0546e-02 -2.0777e+00 +3.5274e+00 +5.3856e-01 +1.9866e-01 +4.1066e+00 +1.2839e+00 -8.1738e-02
815 +2.434085000e+01 +2.434085000e+01 +1.062508500e+02 +1.062508500e+02 -7.7001e-01 -3.4877e-01 +1.3963e-01 -2.1103e+00 +3.5172e+00 +5.3308e-01 +2.1855e-01 +4.1156e+00 +1.2928e+00 -9.9034e-02
821 +2.379568449e+01 +2.379568449e+01 +1.057056845e+02 +1.057056845e+02 -7.5707e-01 -3.5897e-01 +1.2457e-01 -2.0931e+00 +3.5155e+00 +5.4250e-01 +1.8422e-01 +4.1066e+00 +1.2990e+00 -9.5901e-02
823 +2.325236542e+01 +2.325236542e+01 +1.051623654e+02 +1.051623654e+02 -7.7017e-01 -3.5930e-01 +1.5075e-01 -2.0840e+00 +3.5137e+00 +5.3426e-01 +1.7468e-01 +4.0974e+00 +1.3095e+00 -9.8674e-02
964 +2.274410646e+01 +2.274410646e+01 +1.046541065e+02 +1.046541065e+02 -7.9829e-01 -3.7259e-01 +1.4181e-01 -2.1207e+00 +3.5412e+00 +5.3453e-01 +1.9228e-01 +4.0999e+00 +1.3060e+00 -9.4270e-02
1057 +2.237320053e+01 +2.237320053e+01 +1.042832005e+02 +1.042832005e+02 -7.8436e-01 -3.6627e-01 +1.4704e-01 -2.1226e+00 +3.5437e+00 +5.3368e-01 +1.8936e-01 +4.0933e+00 +1.3067e+00 -1.0483e-01
