% function evaluation | noise-free fitness - Fopt (-4.620900000000e+02) | best noise-free fitness - Fopt | measured fitness | best measured fitness | x1 | x2...
1 +1.226420764e+03 +1.226420764e+03 +7.643307640e+02 +7.643307640e+02
344 +1.130901794e+03 +1.130901794e+03 +6.688117937e+02 +6.688117937e+02
447 +1.015248157e+03 +1.015248157e+03 +5.531581573e+02 +5.531581573e+02
596 +9.792135498e+02 +9.792135498e+02 +5.171235498e+02 +5.171235498e+02
616 +9.759548765e+02 +9.759548765e+02 +5.138648765e+02 +5.138648765e+02
656 +9.410847142e+02 +9.410847142e+02 +4.789947142e+02 +4.789947142e+02
690 +9.293294339e+02 +9.293294339e+02 +4.672394339e+02 +4.672394339e+02
775 +9.065993159e+02 +9.065993159e+02 +4.445093159e+02 +4.445093159e+02
777 +8.873982311e+02 +8.873982311e+02 +4.253082311e+02 +4.253082311e+02
829 +8.412113911e+02 +8.412113911e+02 +3.791213911e+02 +3.791213911e+02
1130 +8.142039872e+02 +8.142039872e+02 +3.521139872e+02 +3.521139872e+02
1252 +8.120000893e+02 +8.120000893e+02 +3.499100893e+02 +3.499100893e+02
1369 +7.889226205e+02 +7.889226205e+02 +3.268326205e+02 +3.268326205e+02
1380 +7.245274977e+02 +7.245274977e+02 +2.624374977e+02 +2.624374977e+02
1576 +7.239732361e+02 +7.239732361e+02 +2.618832361e+02 +2.618832361e+02
1825 +6.995069589e+02 +6.995069589e+02 +2.374169589e+02 +2.374169589e+02
1883 +6.817997697e+02 +6.817997697e+02 +2.197097697e+02 +2.197097697e+02
1893 +6.454245124e+02 +6.454245124e+02 +1.833345124e+02 +1.833345124e+02
1922 +6.275186338e+02 +6.275186338e+02 +1.654286338e+02 +1.654286338e+02
2188 +6.092506631e+02 +6.092506631e+02 +1.471606631e+02 +1.471606631e+02
2215 +5.922004788e+02 +5.922004788e+02 +1.301104788e+02 +1.301104788e+02
2402 +5.885854586e+02 +5.885854586e+02 +1.264954586e+02 +1.264954586e+02
2523 +5.751237013e+02 +5.751237013e+02 +1.130337013e+02 +1.130337013e+02
2581 +5.599816487e+02 +5.599816487e+02 +9.789164873e+01 +9.789164873e+01
2624 +5.477104981e+02 +5.477104981e+02 +8.562049807e+01 +8.562049807e+01
2661 +5.357705559e+02 +5.357705559e+02 +7.368055586e+01 +7.368055586e+01
2722 +5.205192588e+02 +5.205192588e+02 +5.842925878e+01 +5.842925878e+01
2826 +5.117220790e+02 +5.117220790e+02 +4.963207900e+01 +4.963207900e+01
3015 +5.006760739e+02 +5.006760739e+02 +3.858607390e+01 +3.858607390e+01
3176 +4.895910261e+02 +4.895910261e+02 +2.750102610e+01 +2.750102610e+01
3326 +4.785787369e+02 +4.785787369e+02 +1.648873688e+01 +1.648873688e+01
3608 +4.675526709e+02 +4.675526709e+02 +5.462670924e+00 +5.462670924e+00
% function evaluation | noise-free fitness - Fopt (7.766000000000e+01) | best noise-free fitness - Fopt | measured fitness | best measured fitness | x1 | x2...
1 +1.490301739e+03 +1.490301739e+03 +1.567961739e+03 +1.567961739e+03
114 +1.416118550e+03 +1.416118550e+03 +1.493778550e+03 +1.493778550e+03
128 +1.265622790e+03 +1.265622790e+03 +1.343282790e+03 +1.343282790e+03
133 +1.222264191e+03 +1.222264191e+03 +1.299924191e+03 +1.299924191e+03
142 +1.141724134e+03 +1.141724134e+03 +1.219384134e+03 +1.219384134e+03
145 +1.103303181e+03 +1.103303181e+03 +1.180963181e+03 +1.180963181e+03
163 +1.078816915e+03 +1.078816915e+03 +1.156476915e+03 +1.156476915e+03
275 +1.026550043e+03 +1.026550043e+03 +1.104210043e+03 +1.104210043e+03
405 +1.020124427e+03 +1.020124427e+03 +1.097784427e+03 +1.097784427e+03
418 +9.969947495e+02 +9.969947495e+02 +1.074654750e+03 +1.074654750e+03
438 +9.553501026e+02 +9.553501026e+02 +1.033010103e+03 +1.033010103e+03
490 +9.377067286e+02 +9.377067286e+02 +1.015366729e+03 +1.015366729e+03
496 +8.955751403e+02 +8.955751403e+02 +9.732351403e+02 +9.732351403e+02
516 +8.641393910e+02 +8.641393910e+02 +9.417993910e+02 +9.417993910e+02
517 +8.433738121e+02 +8.433738121e+02 +9.210338121e+02 +9.210338121e+02
525 +7.964844621e+02 +7.964844621e+02 +8.741444621e+02 +8.741444621e+02
538 +7.747916576e+02 +7.747916576e+02 +8.524516576e+02 +8.524516576e+02
575 +7.546280429e+02 +7.546280429e+02 +8.322880429e+02 +8.322880429e+02
643 +7.348499996e+02 +7.348499996e+02 +8.125099996e+02 +8.125099996e+02
923 +7.179015517e+02 +7.179015517e+02 +7.955615517e+02 +7.955615517e+02
1018 +6.954693019e+02 +6.954693019e+02 +7.731293019e+02 +7.731293019e+02
1042 +6.630408303e+02 +6.630408303e+02 +7.407008303e+02 +7.407008303e+02
1105 +6.598060645e+02 +6.598060645e+02 +7.374660645e+02 +7.374660645e+02
1446 +6.381180354e+02 +6.381180354e+02 +7.157780354e+02 +7.157780354e+02
1631 +6.220853002e+02 +6.220853002e+02 +6.997453002e+02 +6.997453002e+02
1632 +6.138682295e+02 +6.138682295e+02 +6.915282295e+02 +6.915282295e+02
1738 +5.810777398e+02 +5.810777398e+02 +6.587377398e+02 +6.587377398e+02
2062 +5.722472069e+02 +5.722472069e+02 +6.499072069e+02 +6.499072069e+02
2091 +5.509222962e+02 +5.509222962e+02 +6.285822962e+02 +6.285822962e+02
2093 +5.425879993e+02 +5.425879993e+02 +6.202479993e+02 +6.202479993e+02
2127 +5.237572724e+02 +5.237572724e+02 +6.014172724e+02 +6.014172724e+02
2343 +5.095992968e+02 +5.095992968e+02 +5.872592968e+02 +5.872592968e+02
2402 +5.004021231e+02 +5.004021231e+02 +5.780621231e+02 +5.780621231e+02
2463 +4.888193651e+02 +4.888193651e+02 +5.664793651e+02 +5.664793651e+02
2628 +4.780902567e+02 +4.780902567e+02 +5.557502567e+02 +5.557502567e+02
2787 +4.677332776e+02 +4.677332776e+02 +5.453932776e+02 +5.453932776e+02
3264 +4.570700816e+02 +4.570700816e+02 +5.347300816e+02 +5.347300816e+02
% function evaluation | noise-free fitness - Fopt (1.156800000000e+02) | best noise-free fitness - Fopt | measured fitness | best measured fitness | x1 | x2...
1 +1.393266783e+03 +1.393266783e+03 +1.508946783e+03 +1.508946783e+03
19 +1.380267255e+03 +1.380267255e+03 +1.495947255e+03 +1.495947255e+03
24 +1.306998856e+03 +1.306998856e+03 +1.422678856e+03 +1.422678856e+03
34 +1.276334911e+03 +1.276334911e+03 +1.392014911e+03 +1.392014911e+03
41 +1.222701369e+03 +1.222701369e+03 +1.338381369e+03 +1.338381369e+03
61 +1.112021035e+03 +1.112021035e+03 +1.227701035e+03 +1.227701035e+03
71 +1.070604784e+03 +1.070604784e+03 +1.186284784e+03 +1.186284784e+03
100 +1.027280905e+03 +1.027280905e+03 +1.142960905e+03 +1.142960905e+03
106 +1.020145795e+03 +1.020145795e+03 +1.135825795e+03 +1.135825795e+03
194 +9.548035432e+02 +9.548035432e+02 +1.070483543e+03 +1.070483543e+03
215 +8.896688376e+02 +8.896688376e+02 +1.005348838e+03 +1.005348838e+03
619 +8.665152123e+02 +8.665152123e+02 +9.821952123e+02 +9.821952123e+02
680 +8.380876058e+02 +8.380876058e+02 +9.537676058e+02 +9.537676058e+02
794 +8.098044158e+02 +8.098044158e+02 +9.254844158e+02 +9.254844158e+02
804 +7.676545191e+02 +7.676545191e+02 +8.833345191e+02 +8.833345191e+02
971 +7.473686565e+02 +7.473686565e+02 +8.630486565e+02 +8.630486565e+02
1135 +7.315701640e+02 +7.315701640e+02 +8.472501640e+02 +8.472501640e+02
1196 +6.962494369e+02 +6.962494369e+02 +8.119294369e+02 +8.119294369e+02
1211 +6.635365920e+02 +6.635365920e+02 +7.792165920e+02 +7.792165920e+02
1782 +6.406768560e+02 +6.406768560e+02 +7.563568560e+02 +7.563568560e+02
1880 +6.301298566e+02 +6.301298566e+02 +7.458098566e+02 +7.458098566e+02
1887 +6.101182117e+02 +6.101182117e+02 +7.257982117e+02 +7.257982117e+02
1902 +6.023598481e+02 +6.023598481e+02 +7.180398481e+02 +7.180398481e+02
1968 +5.801909721e+02 +5.801909721e+02 +6.958709721e+02 +6.958709721e+02
1990 +5.733320085e+02 +5.733320085e+02 +6.890120085e+02 +6.890120085e+02
2019 +5.461021719e+02 +5.461021719e+02 +6.617821719e+02 +6.617821719e+02
2106 +5.357179084e+02 +5.357179084e+02 +6.513979084e+02 +6.513979084e+02
2215 +5.211197739e+02 +5.211197739e+02 +6.367997739e+02 +6.367997739e+02
2259 +5.101887009e+02 +5.101887009e+02 +6.258687009e+02 +6.258687009e+02
2268 +4.986527837e+02 +4.986527837e+02 +6.143327837e+02 +6.143327837e+02
2343 +4.897208940e+02 +4.897208940e+02 +6.054008940e+02 +6.054008940e+02
2414 +4.753000905e+02 +4.753000905e+02 +5.909800905e+02 +5.909800905e+02
2587 +4.675525365e+02 +4.675525365e+02 +5.832325365e+02 +5.832325365e+02
2743 +4.567757514e+02 +4.567757514e+02 +5.724557514e+02 +5.724557514e+02
2998 +4.466489714e+02 +4.466489714e+02 +5.623289714e+02 +5.623289714e+02
3626 +4.361889232e+02 +4.361889232e+02 +5.518689232e+02 +5.518689232e+02
% function evaluation | noise-free fitness - Fopt (-3.710000000000e+00) | best noise-free fitness - Fopt | measured fitness | best measured fitness | x1 | x2...
1 +1.193510135e+03 +1.193510135e+03 +1.189800135e+03 +1.189800135e+03
315 +1.167689036e+03 +1.167689036e+03 +1.163979036e+03 +1.163979036e+03
322 +1.090246011e+03 +1.090246011e+03 +1.086536011e+03 +1.086536011e+03
361 +1.064051934e+03 +1.064051934e+03 +1.060341934e+03 +1.060341934e+03
363 +1.008198135e+03 +1.008198135e+03 +1.004488135e+03 +1.004488135e+03
414 +9.974568261e+02 +9.974568261e+02 +9.937468261e+02 +9.937468261e+02
438 +9.709112353e+02 +9.709112353e+02 +9.672012353e+02 +9.672012353e+02
451 +9.306315627e+02 +9.306315627e+02 +9.269215627e+02 +9.269215627e+02
463 +9.075292513e+02 +9.075292513e+02 +9.038192513e+02 +9.038192513e+02
472 +8.271493812e+02 +8.271493812e+02 +8.234393812e+02 +8.234393812e+02
542 +7.935407141e+02 +7.935407141e+02 +7.898307141e+02 +7.898307141e+02
593 +7.337477960e+02 +7.337477960e+02 +7.300377960e+02 +7.300377960e+02
671 +7.215001397e+02 +7.215001397e+02 +7.177901397e+02 +7.177901397e+02
672 +6.727505141e+02 +6.727505141e+02 +6.690405141e+02 +6.690405141e+02
1924 +6.394211028e+02 +6.394211028e+02 +6.357111028e+02 +6.357111028e+02
2292 +6.280770124e+02 +6.280770124e+02 +6.243670124e+02 +6.243670124e+02
2403 +6.130867060e+02 +6.130867060e+02 +6.093767060e+02 +6.093767060e+02
2427 +5.920964153e+02 +5.920964153e+02 +5.883864153e+02 +5.883864153e+02
2602 +5.860665343e+02 +5.860665343e+02 +5.823565343e+02 +5.823565343e+02
2757 +5.608877140e+02 +5.608877140e+02 +5.571777140e+02 +5.571777140e+02
2821 +5.408886909e+02 +5.408886909e+02 +5.371786909e+02 +5.371786909e+02
3248 +5.285764870e+02 +5.285764870e+02 +5.248664870e+02 +5.248664870e+02
3260 +4.948416342e+02 +4.948416342e+02 +4.911316342e+02 +4.911316342e+02
3358 +4.854866135e+02 +4.854866135e+02 +4.817766135e+02 +4.817766135e+02
3405 +4.776416283e+02 +4.776416283e+02 +4.739316283e+02 +4.739316283e+02
3461 +4.664762159e+02 +4.664762159e+02 +4.627662159e+02 +4.627662159e+02
3529 +4.569420150e+02 +4.569420150e+02 +4.532320150e+02 +4.532320150e+02
3561 +4.458934161e+02 +4.458934161e+02 +4.421834161e+02 +4.421834161e+02
3735 +4.313658785e+02 +4.313658785e+02 +4.276558785e+02 +4.276558785e+02
3760 +4.259385536e+02 +4.259385536e+02 +4.222285536e+02 +4.222285536e+02
4144 +4.157525766e+02 +4.157525766e+02 +4.120425766e+02 +4.120425766e+02
4457 +4.073386545e+02 +4.073386545e+02 +4.036286545e+02 +4.036286545e+02
% function evaluation | noise-free fitness - Fopt (1.321800000000e+02) | best noise-free fitness - Fopt | measured fitness | best measured fitness | x1 | x2...
1 +1.437855579e+03 +1.437855579e+03 +1.570035579e+03 +1.570035579e+03
6 +1.358772088e+03 +1.358772088e+03 +1.490952088e+03 +1.490952088e+03
15 +1.278708836e+03 +1.278708836e+03 +1.410888836e+03 +1.410888836e+03
133 +1.237959630e+03 +1.237959630e+03 +1.370139630e+03 +1.370139630e+03
142 +1.179643830e+03 +1.179643830e+03 +1.311823830e+03 +1.311823830e+03
289 +1.142291754e+03 +1.142291754e+03 +1.274471754e+03 +1.274471754e+03
318 +1.045862474e+03 +1.045862474e+03 +1.178042474e+03 +1.178042474e+03
338 +1.012594972e+03 +1.012594972e+03 +1.144774972e+03 +1.144774972e+03
347 +9.251029692e+02 +9.251029692e+02 +1.057282969e+03 +1.057282969e+03
415 +9.071163997e+02 +9.071163997e+02 +1.039296400e+03 +1.039296400e+03
502 +8.876308380e+02 +8.876308380e+02 +1.019810838e+03 +1.019810838e+03
551 +8.422221800e+02 +8.422221800e+02 +9.744021800e+02 +9.744021800e+02
650 +8.078853389e+02 +8.078853389e+02 +9.400653389e+02 +9.400653389e+02
722 +7.865018782e+02 +7.865018782e+02 +9.186818782e+02 +9.186818782e+02
781 +7.568274993e+02 +7.568274993e+02 +8.890074993e+02 +8.890074993e+02
785 +7.370130027e+02 +7.370130027e+02 +8.691930027e+02 +8.691930027e+02
1119 +7.228828142e+02 +7.228828142e+02 +8.550628142e+02 +8.550628142e+02
1122 +6.671654610e+02 +6.671654610e+02 +7.993454610e+02 +7.993454610e+02
1127 +5.838725829e+02 +5.838725829e+02 +7.160525829e+02 +7.160525829e+02
2030 +5.690979908e+02 +5.690979908e+02 +7.012779908e+02 +7.012779908e+02
2040 +5.451695913e+02 +5.451695913e+02 +6.773495913e+02 +6.773495913e+02
2070 +5.236110134e+02 +5.236110134e+02 +6.557910134e+02 +6.557910134e+02
2130 +4.938286432e+02 +4.938286432e+02 +6.260086432e+02 +6.260086432e+02
2150 +4.406146015e+02 +4.406146015e+02 +5.727946015e+02 +5.727946015e+02
2662 +4.314578548e+02 +4.314578548e+02 +5.636378548e+02 +5.636378548e+02
2695 +4.053739122e+02 +4.053739122e+02 +5.375539122e+02 +5.375539122e+02
3098 +3.920146648e+02 +3.920146648e+02 +5.241946648e+02 +5.241946648e+02
3194 +3.792384967e+02 +3.792384967e+02 +5.114184967e+02 +5.114184967e+02
3202 +3.707940670e+02 +3.707940670e+02 +5.029740670e+02 +5.029740670e+02
3234 +3.578219905e+02 +3.578219905e+02 +4.900019905e+02 +4.900019905e+02
3244 +3.536449007e+02 +3.536449007e+02 +4.858249007e+02 +4.858249007e+02
3256 +3.268668099e+02 +3.268668099e+02 +4.590468099e+02 +4.590468099e+02
3270 +3.169943420e+02 +3.169943420e+02 +4.491743420e+02 +4.491743420e+02
3346 +3.124496847e+02 +3.124496847e+02 +4.446296847e+02 +4.446296847e+02
3421 +3.065479306e+02 +3.065479306e+02 +4.387279306e+02 +4.387279306e+02
3437 +3.010062368e+02 +3.010062368e+02 +4.331862368e+02 +4.331862368e+02
3458 +2.916571248e+02 +2.916571248e+02 +4.238371248e+02 +4.238371248e+02
3464 +2.840375471e+02 +2.840375471e+02 +4.162175471e+02 +4.162175471e+02
3476 +2.773073345e+02 +2.773073345e+02 +4.094873345e+02 +4.094873345e+02
3482 +2.744985090e+02 +2.744985090e+02 +4.066785090e+02 +4.066785090e+02
3515 +2.665136145e+02 +2.665136145e+02 +3.986936145e+02 +3.986936145e+02
3547 +2.601322065e+02 +2.601322065e+02 +3.923122065e+02 +3.923122065e+02
3762 +2.554381996e+02 +2.554381996e+02 +3.876181996e+02 +3.876181996e+02
3793 +2.493684889e+02 +2.493684889e+02 +3.815484889e+02 +3.815484889e+02
3825 +2.442812382e+02 +2.442812382e+02 +3.764612382e+02 +3.764612382e+02
3934 +2.392442549e+02 +2.392442549e+02 +3.714242549e+02 +3.714242549e+02
4002 +2.341004095e+02 +2.341004095e+02 +3.662804095e+02 +3.662804095e+02
4076 +2.289011989e+02 +2.289011989e+02 +3.610811989e+02 +3.610811989e+02
4184 +2.226527805e+02 +2.226527805e+02 +3.548327805e+02 +3.548327805e+02
4410 +2.184906640e+02 +2.184906640e+02 +3.506706640e+02 +3.506706640e+02
4658 +2.137354940e+02 +2.137354940e+02 +3.459154940e+02 +3.459154940e+02
5114 +2.087948276e+02 +2.087948276e+02 +3.409748276e+02 +3.409748276e+02
% function evaluation | noise-free fitness - Fopt (1.000000000000e+03) | best noise-free fitness - Fopt | measured fitness | best measured fitness | x1 | x2...
1 +1.292677354e+03 +1.292677354e+03 +2.292677354e+03 +2.292677354e+03
2 +1.110354894e+03 +1.110354894e+03 +2.110354894e+03 +2.110354894e+03
360 +1.075915962e+03 +1.075915962e+03 +2.075915962e+03 +2.075915962e+03
375 +1.063728404e+03 +1.063728404e+03 +2.063728404e+03 +2.063728404e+03
390 +1.022949917e+03 +1.022949917e+03 +2.022949917e+03 +2.022949917e+03
490 +9.931809740e+02 +9.931809740e+02 +1.993180974e+03 +1.993180974e+03
497 +9.676000045e+02 +9.676000045e+02 +1.967600004e+03 +1.967600004e+03
504 +9.012164031e+02 +9.012164031e+02 +1.901216403e+03 +1.901216403e+03
668 +8.911082738e+02 +8.911082738e+02 +1.891108274e+03 +1.891108274e+03
673 +8.329313941e+02 +8.329313941e+02 +1.832931394e+03 +1.832931394e+03
782 +8.129569390e+02 +8.129569390e+02 +1.812956939e+03 +1.812956939e+03
810 +8.031928784e+02 +8.031928784e+02 +1.803192878e+03 +1.803192878e+03
819 +7.677832207e+02 +7.677832207e+02 +1.767783221e+03 +1.767783221e+03
854 +7.228639478e+02 +7.228639478e+02 +1.722863948e+03 +1.722863948e+03
910 +7.025892852e+02 +7.025892852e+02 +1.702589285e+03 +1.702589285e+03
941 +6.636745438e+02 +6.636745438e+02 +1.663674544e+03 +1.663674544e+03
1141 +6.594062712e+02 +6.594062712e+02 +1.659406271e+03 +1.659406271e+03
1206 +6.158349851e+02 +6.158349851e+02 +1.615834985e+03 +1.615834985e+03
1298 +5.899986285e+02 +5.899986285e+02 +1.589998629e+03 +1.589998629e+03
1682 +5.865879528e+02 +5.865879528e+02 +1.586587953e+03 +1.586587953e+03
2056 +5.620435208e+02 +5.620435208e+02 +1.562043521e+03 +1.562043521e+03
2082 +5.445463714e+02 +5.445463714e+02 +1.544546371e+03 +1.544546371e+03
2661 +5.297322581e+02 +5.297322581e+02 +1.529732258e+03 +1.529732258e+03
2735 +5.113349244e+02 +5.113349244e+02 +1.511334924e+03 +1.511334924e+03
2796 +4.952456543e+02 +4.952456543e+02 +1.495245654e+03 +1.495245654e+03
3288 +4.893566706e+02 +4.893566706e+02 +1.489356671e+03 +1.489356671e+03
3435 +4.751954881e+02 +4.751954881e+02 +1.475195488e+03 +1.475195488e+03
3455 +4.550145467e+02 +4.550145467e+02 +1.455014547e+03 +1.455014547e+03
3580 +4.463763264e+02 +4.463763264e+02 +1.446376326e+03 +1.446376326e+03
3756 +4.333051593e+02 +4.333051593e+02 +1.433305159e+03 +1.433305159e+03
3775 +4.243654901e+02 +4.243654901e+02 +1.424365490e+03 +1.424365490e+03
3786 +4.096851359e+02 +4.096851359e+02 +1.409685136e+03 +1.409685136e+03
3792 +4.041052082e+02 +4.041052082e+02 +1.404105208e+03 +1.404105208e+03
4138 +3.964952520e+02 +3.964952520e+02 +1.396495252e+03 +1.396495252e+03
4223 +3.879313524e+02 +3.879313524e+02 +1.387931352e+03 +1.387931352e+03
4232 +3.764446586e+02 +3.764446586e+02 +1.376444659e+03 +1.376444659e+03
4346 +3.712585821e+02 +3.712585821e+02 +1.371258582e+03 +1.371258582e+03
4436 +3.621321039e+02 +3.621321039e+02 +1.362132104e+03 +1.362132104e+03
4587 +3.512366699e+02 +3.512366699e+02 +1.351236670e+03 +1.351236670e+03
4599 +3.466646335e+02 +3.466646335e+02 +1.346664634e+03 +1.346664634e+03
4734 +3.371903450e+02 +3.371903450e+02 +1.337190345e+03 +1.337190345e+03
4865 +3.303295255e+02 +3.303295255e+02 +1.330329525e+03 +1.330329525e+03
5084 +3.234823442e+02 +3.234823442e+02 +1.323482344e+03 +1.323482344e+03
5195 +3.158649750e+02 +3.158649750e+02 +1.315864975e+03 +1.315864975e+03
5538 +3.089644807e+02 +3.089644807e+02 +1.308964481e+03 +1.308964481e+03
% function evaluation | noise-free fitness - Fopt (-1.846000000000e+01) | best noise-free fitness - Fopt | measured fitness | best measured fitness | x1 | x2...
1 +1.221025601e+03 +1.221025601e+03 +1.202565601e+03 +1.202565601e+03
133 +1.064437834e+03 +1.064437834e+03 +1.045977834e+03 +1.045977834e+03
302 +1.039592166e+03 +1.039592166e+03 +1.021132166e+03 +1.021132166e+03
305 +9.982705359e+02 +9.982705359e+02 +9.798105359e+02 +9.798105359e+02
313 +9.509532984e+02 +9.509532984e+02 +9.324932984e+02 +9.324932984e+02
326 +9.178612787e+02 +9.178612787e+02 +8.994012787e+02 +8.994012787e+02
367 +8.331492474e+02 +8.331492474e+02 +8.146892474e+02 +8.146892474e+02
401 +8.035729604e+02 +8.035729604e+02 +7.851129604e+02 +7.851129604e+02
406 +7.925153920e+02 +7.925153920e+02 +7.740553920e+02 +7.740553920e+02
416 +7.641982672e+02 +7.641982672e+02 +7.457382672e+02 +7.457382672e+02
426 +7.527871612e+02 +7.527871612e+02 +7.343271612e+02 +7.343271612e+02
456 +7.092108040e+02 +7.092108040e+02 +6.907508040e+02 +6.907508040e+02
461 +6.723450937e+02 +6.723450937e+02 +6.538850937e+02 +6.538850937e+02
672 +6.594642069e+02 +6.594642069e+02 +6.410042069e+02 +6.410042069e+02
723 +6.426165993e+02 +6.426165993e+02 +6.241565993e+02 +6.241565993e+02
758 +6.227751289e+02 +6.227751289e+02 +6.043151289e+02 +6.043151289e+02
759 +6.062443254e+02 +6.062443254e+02 +5.877843254e+02 +5.877843254e+02
1200 +5.931283632e+02 +5.931283632e+02 +5.746683632e+02 +5.746683632e+02
1495 +5.796932504e+02 +5.796932504e+02 +5.612332504e+02 +5.612332504e+02
1630 +5.515429188e+02 +5.515429188e+02 +5.330829188e+02 +5.330829188e+02
2288 +5.419085213e+02 +5.419085213e+02 +5.234485213e+02 +5.234485213e+02
2474 +5.288707450e+02 +5.288707450e+02 +5.104107450e+02 +5.104107450e+02
2477 +5.233061415e+02 +5.233061415e+02 +5.048461415e+02 +5.048461415e+02
2555 +5.029854083e+02 +5.029854083e+02 +4.845254083e+02 +4.845254083e+02
2667 +5.003972896e+02 +5.003972896e+02 +4.819372896e+02 +4.819372896e+02
2684 +4.817218261e+02 +4.817218261e+02 +4.632618261e+02 +4.632618261e+02
2687 +4.696931862e+02 +4.696931862e+02 +4.512331862e+02 +4.512331862e+02
2787 +4.670817363e+02 +4.670817363e+02 +4.486217363e+02 +4.486217363e+02
2823 +4.553307682e+02 +4.553307682e+02 +4.368707682e+02 +4.368707682e+02
2837 +4.457592968e+02 +4.457592968e+02 +4.272992968e+02 +4.272992968e+02
2882 +4.363540210e+02 +4.363540210e+02 +4.178940210e+02 +4.178940210e+02
2912 +4.232448313e+02 +4.232448313e+02 +4.047848313e+02 +4.047848313e+02
2970 +4.161400250e+02 +4.161400250e+02 +3.976800250e+02 +3.976800250e+02
3007 +4.067296481e+02 +4.067296481e+02 +3.882696481e+02 +3.882696481e+02
3022 +3.947000295e+02 +3.947000295e+02 +3.762400295e+02 +3.762400295e+02
3047 +3.883516237e+02 +3.883516237e+02 +3.698916237e+02 +3.698916237e+02
3133 +3.785761305e+02 +3.785761305e+02 +3.601161305e+02 +3.601161305e+02
3209 +3.705596515e+02 +3.705596515e+02 +3.520996515e+02 +3.520996515e+02
3235 +3.612554750e+02 +3.612554750e+02 +3.427954750e+02 +3.427954750e+02
3263 +3.532367902e+02 +3.532367902e+02 +3.347767902e+02 +3.347767902e+02
3326 +3.455947590e+02 +3.455947590e+02 +3.271347590e+02 +3.271347590e+02
3466 +3.377676110e+02 +3.377676110e+02 +3.193076110e+02 +3.193076110e+02
3599 +3.308441256e+02 +3.308441256e+02 +3.123841256e+02 +3.123841256e+02
5274 +3.235934871e+02 +3.235934871e+02 +3.051334871e+02 +3.051334871e+02
% function evaluation | noise-free fitness - Fopt (-6.046000000000e+01) | best noise-free fitness - Fopt | measured fitness | best measured fitness | x1 | x2...
1 +1.331421602e+03 +1.331421602e+03 +1.270961602e+03 +1.270961602e+03
3 +1.279560669e+03 +1.279560669e+03 +1.219100669e+03 +1.219100669e+03
43 +1.241381960e+03 +1.241381960e+03 +1.180921960e+03 +1.180921960e+03
84 +1.116109057e+03 +1.116109057e+03 +1.055649057e+03 +1.055649057e+03
101 +1.058459340e+03 +1.058459340e+03 +9.979993395e+02 +9.979993395e+02
265 +1.026225336e+03 +1.026225336e+03 +9.657653358e+02 +9.657653358e+02
274 +1.018058991e+03 +1.018058991e+03 +9.575989910e+02 +9.575989910e+02
506 +9.984800148e+02 +9.984800148e+02 +9.380200148e+02 +9.380200148e+02
525 +9.598430249e+02 +9.598430249e+02 +8.993830249e+02 +8.993830249e+02
544 +9.380986725e+02 +9.380986725e+02 +8.776386725e+02 +8.776386725e+02
553 +9.316482425e+02 +9.316482425e+02 +8.711882425e+02 +8.711882425e+02
554 +8.631410312e+02 +8.631410312e+02 +8.026810312e+02 +8.026810312e+02
652 +8.193622204e+02 +8.193622204e+02 +7.589022204e+02 +7.589022204e+02
776 +8.106011918e+02 +8.106011918e+02 +7.501411918e+02 +7.501411918e+02
795 +7.736606869e+02 +7.736606869e+02 +7.132006869e+02 +7.132006869e+02
804 +7.519456321e+02 +7.519456321e+02 +6.914856321e+02 +6.914856321e+02
832 +7.147747072e+02 +7.147747072e+02 +6.543147072e+02 +6.543147072e+02
1139 +6.287909443e+02 +6.287909443e+02 +5.683309443e+02 +5.683309443e+02
1719 +5.782539497e+02 +5.782539497e+02 +5.177939497e+02 +5.177939497e+02
1815 +5.649989391e+02 +5.649989391e+02 +5.045389391e+02 +5.045389391e+02
1928 +5.605123738e+02 +5.605123738e+02 +5.000523738e+02 +5.000523738e+02
2005 +5.391229127e+02 +5.391229127e+02 +4.786629127e+02 +4.786629127e+02
2047 +5.076605586e+02 +5.076605586e+02 +4.472005586e+02 +4.472005586e+02
2182 +4.974258147e+02 +4.974258147e+02 +4.369658147e+02 +4.369658147e+02
2300 +4.890244682e+02 +4.890244682e+02 +4.285644682e+02 +4.285644682e+02
2309 +4.563225598e+02 +4.563225598e+02 +3.958625598e+02 +3.958625598e+02
2318 +4.453497481e+02 +4.453497481e+02 +3.848897481e+02 +3.848897481e+02
2479 +4.242452324e+02 +4.242452324e+02 +3.637852324e+02 +3.637852324e+02
2710 +3.825093343e+02 +3.825093343e+02 +3.220493343e+02 +3.220493343e+02
2728 +3.760023084e+02 +3.760023084e+02 +3.155423084e+02 +3.155423084e+02
2754 +3.618239900e+02 +3.618239900e+02 +3.013639900e+02 +3.013639900e+02
2929 +3.436226119e+02 +3.436226119e+02 +2.831626119e+02 +2.831626119e+02
2956 +3.337226104e+02 +3.337226104e+02 +2.732626104e+02 +2.732626104e+02
2969 +3.309619665e+02 +3.309619665e+02 +2.705019665e+02 +2.705019665e+02
2976 +3.163619703e+02 +3.163619703e+02 +2.559019703e+02 +2.559019703e+02
2989 +3.131837276e+02 +3.131837276e+02 +2.527237276e+02 +2.527237276e+02
3012 +3.087067576e+02 +3.087067576e+02 +2.482467576e+02 +2.482467576e+02
3106 +2.997194168e+02 +2.997194168e+02 +2.392594168e+02 +2.392594168e+02
3367 +2.934699178e+02 +2.934699178e+02 +2.330099178e+02 +2.330099178e+02
3402 +2.881644325e+02 +2.881644325e+02 +2.277044325e+02 +2.277044325e+02
3514 +2.812330859e+02 +2.812330859e+02 +2.207730859e+02 +2.207730859e+02
3537 +2.749626491e+02 +2.749626491e+02 +2.145026491e+02 +2.145026491e+02
3566 +2.687451110e+02 +2.687451110e+02 +2.082851110e+02 +2.082851110e+02
3620 +2.618531232e+02 +2.618531232e+02 +2.013931232e+02 +2.013931232e+02
3811 +2.559443220e+02 +2.559443220e+02 +1.954843220e+02 +1.954843220e+02
3921 +2.510184632e+02 +2.510184632e+02 +1.905584632e+02 +1.905584632e+02
4209 +2.454619511e+02 +2.454619511e+02 +1.850019511e+02 +1.850019511e+02
5002 +2.398137954e+02 +2.398137954e+02 +1.793537954e+02 +1.793537954e+02
% function evaluation | noise-free fitness - Fopt (3.173300000000e+02) | best noise-free fitness - Fopt | measured fitness | best measured fitness | x1 | x2...
1 +1.163896019e+03 +1.163896019e+03 +1.481226019e+03 +1.481226019e+03
342 +1.095699859e+03 +1.095699859e+03 +1.413029859e+03 +1.413029859e+03
501 +1.030581148e+03 +1.030581148e+03 +1.347911148e+03 +1.347911148e+03
516 +1.011330685e+03 +1.011330685e+03 +1.328660685e+03 +1.328660685e+03
529 +9.224810394e+02 +9.224810394e+02 +1.239811039e+03 +1.239811039e+03
532 +8.939206020e+02 +8.939206020e+02 +1.211250602e+03 +1.211250602e+03
551 +8.440944033e+02 +8.440944033e+02 +1.161424403e+03 +1.161424403e+03
574 +8.114735091e+02 +8.114735091e+02 +1.128803509e+03 +1.128803509e+03
601 +7.453694677e+02 +7.453694677e+02 +1.062699468e+03 +1.062699468e+03
1418 +7.329746703e+02 +7.329746703e+02 +1.050304670e+03 +1.050304670e+03
1526 +7.145745662e+02 +7.145745662e+02 +1.031904566e+03 +1.031904566e+03
1541 +6.924168475e+02 +6.924168475e+02 +1.009746847e+03 +1.009746847e+03
1566 +6.697553680e+02 +6.697553680e+02 +9.870853680e+02 +9.870853680e+02
1610 +6.436964062e+02 +6.436964062e+02 +9.610264062e+02 +9.610264062e+02
1633 +6.266210951e+02 +6.266210951e+02 +9.439510951e+02 +9.439510951e+02
1646 +5.847905223e+02 +5.847905223e+02 +9.021205223e+02 +9.021205223e+02
1781 +5.544364847e+02 +5.544364847e+02 +8.717664847e+02 +8.717664847e+02
1989 +5.412584215e+02 +5.412584215e+02 +8.585884215e+02 +8.585884215e+02
2239 +5.296533521e+02 +5.296533521e+02 +8.469833521e+02 +8.469833521e+02
2245 +5.247191932e+02 +5.247191932e+02 +8.420491932e+02 +8.420491932e+02
2276 +5.007900962e+02 +5.007900962e+02 +8.181200962e+02 +8.181200962e+02
2311 +4.869638795e+02 +4.869638795e+02 +8.042938795e+02 +8.042938795e+02
2424 +4.756288139e+02 +4.756288139e+02 +7.929588139e+02 +7.929588139e+02
2448 +4.596296233e+02 +4.596296233e+02 +7.769596233e+02 +7.769596233e+02
2478 +4.557383500e+02 +4.557383500e+02 +7.730683500e+02 +7.730683500e+02
2496 +4.442504814e+02 +4.442504814e+02 +7.615804814e+02 +7.615804814e+02
2602 +4.362776622e+02 +4.362776622e+02 +7.536076622e+02 +7.536076622e+02
2609 +4.232312493e+02 +4.232312493e+02 +7.405612493e+02 +7.405612493e+02
2650 +4.148782680e+02 +4.148782680e+02 +7.322082680e+02 +7.322082680e+02
2824 +4.061434476e+02 +4.061434476e+02 +7.234734476e+02 +7.234734476e+02
3151 +3.980771599e+02 +3.980771599e+02 +7.154071599e+02 +7.154071599e+02
3221 +3.887801379e+02 +3.887801379e+02 +7.061101379e+02 +7.061101379e+02
3262 +3.791051868e+02 +3.791051868e+02 +6.964351868e+02 +6.964351868e+02
3533 +3.712753265e+02 +3.712753265e+02 +6.886053265e+02 +6.886053265e+02
3691 +3.624814153e+02 +3.624814153e+02 +6.798114153e+02 +6.798114153e+02
4026 +3.547277955e+02 +3.547277955e+02 +6.720577955e+02 +6.720577955e+02
4372 +3.465195881e+02 +3.465195881e+02 +6.638495881e+02 +6.638495881e+02
4536 +3.383785010e+02 +3.383785010e+02 +6.557085010e+02 +6.557085010e+02
4806 +3.310914631e+02 +3.310914631e+02 +6.484214631e+02 +6.484214631e+02
% function evaluation | noise-free fitness - Fopt (3.384000000000e+02) | best noise-free fitness - Fopt | measured fitness | best measured fitness | x1 | x2...
1 +1.255749279e+03 +1.255749279e+03 +1.594149279e+03 +1.594149279e+03
155 +1.230234338e+03 +1.230234338e+03 +1.568634338e+03 +1.568634338e+03
173 +1.166830248e+03 +1.166830248e+03 +1.505230248e+03 +1.505230248e+03
181 +1.095993522e+03 +1.095993522e+03 +1.434393522e+03 +1.434393522e+03
220 +1.033353920e+03 +1.033353920e+03 +1.371753920e+03 +1.371753920e+03
236 +9.681271079e+02 +9.681271079e+02 +1.306527108e+03 +1.306527108e+03
256 +8.932576789e+02 +8.932576789e+02 +1.231657679e+03 +1.231657679e+03
295 +8.816632241e+02 +8.816632241e+02 +1.220063224e+03 +1.220063224e+03
426 +8.165781743e+02 +8.165781743e+02 +1.154978174e+03 +1.154978174e+03
437 +8.102872638e+02 +8.102872638e+02 +1.148687264e+03 +1.148687264e+03
521 +7.798077237e+02 +7.798077237e+02 +1.118207724e+03 +1.118207724e+03
528 +7.487991428e+02 +7.487991428e+02 +1.087199143e+03 +1.087199143e+03
535 +7.307874353e+02 +7.307874353e+02 +1.069187435e+03 +1.069187435e+03
542 +6.807819297e+02 +6.807819297e+02 +1.019181930e+03 +1.019181930e+03
545 +6.628516164e+02 +6.628516164e+02 +1.001251616e+03 +1.001251616e+03
979 +6.452971858e+02 +6.452971858e+02 +9.836971858e+02 +9.836971858e+02
1015 +6.247983495e+02 +6.247983495e+02 +9.631983495e+02 +9.631983495e+02
1030 +5.988998651e+02 +5.988998651e+02 +9.372998651e+02 +9.372998651e+02
1813 +5.669717389e+02 +5.669717389e+02 +9.053717389e+02 +9.053717389e+02
2208 +5.602135774e+02 +5.602135774e+02 +8.986135774e+02 +8.986135774e+02
2242 +5.378371261e+02 +5.378371261e+02 +8.762371261e+02 +8.762371261e+02
2314 +5.346543802e+02 +5.346543802e+02 +8.730543802e+02 +8.730543802e+02
2400 +5.071638173e+02 +5.071638173e+02 +8.455638173e+02 +8.455638173e+02
2654 +4.991147620e+02 +4.991147620e+02 +8.375147620e+02 +8.375147620e+02
2668 +4.847029889e+02 +4.847029889e+02 +8.231029889e+02 +8.231029889e+02
2715 +4.755037513e+02 +4.755037513e+02 +8.139037513e+02 +8.139037513e+02
2760 +4.673054184e+02 +4.673054184e+02 +8.057054184e+02 +8.057054184e+02
2799 +4.555765746e+02 +4.555765746e+02 +7.939765746e+02 +7.939765746e+02
2902 +4.434810045e+02 +4.434810045e+02 +7.818810045e+02 +7.818810045e+02
2909 +4.278352936e+02 +4.278352936e+02 +7.662352936e+02 +7.662352936e+02
2912 +4.253197352e+02 +4.253197352e+02 +7.637197352e+02 +7.637197352e+02
2927 +4.166469191e+02 +4.166469191e+02 +7.550469191e+02 +7.550469191e+02
2968 +4.071633987e+02 +4.071633987e+02 +7.455633987e+02 +7.455633987e+02
2993 +3.975790351e+02 +3.975790351e+02 +7.359790351e+02 +7.359790351e+02
3050 +3.868479299e+02 +3.868479299e+02 +7.252479299e+02 +7.252479299e+02
3079 +3.709133827e+02 +3.709133827e+02 +7.093133827e+02 +7.093133827e+02
3167 +3.615344301e+02 +3.615344301e+02 +6.999344301e+02 +6.999344301e+02
3327 +3.541823053e+02 +3.541823053e+02 +6.925823053e+02 +6.925823053e+02
3395 +3.466616706e+02 +3.466616706e+02 +6.850616706e+02 +6.850616706e+02
3595 +3.384294864e+02 +3.384294864e+02 +6.768294864e+02 +6.768294864e+02
3732 +3.309529152e+02 +3.309529152e+02 +6.693529152e+02 +6.693529152e+02
3959 +3.229892172e+02 +3.229892172e+02 +6.613892172e+02 +6.613892172e+02
4133 +3.159952147e+02 +3.159952147e+02 +6.543952147e+02 +6.543952147e+02
4357 +3.088302160e+02 +3.088302160e+02 +6.472302160e+02 +6.472302160e+02
% function evaluation | noise-free fitness - Fopt (-4.940000000000e+01) | best noise-free fitness - Fopt | measured fitness | best measured fitness | x1 | x2...
1 +1.086894253e+03 +1.086894253e+03 +1.037494253e+03 +1.037494253e+03
333 +1.070037256e+03 +1.070037256e+03 +1.020637256e+03 +1.020637256e+03
352 +1.030260822e+03 +1.030260822e+03 +9.808608220e+02 +9.808608220e+02
354 +1.022158449e+03 +1.022158449e+03 +9.727584491e+02 +9.727584491e+02
371 +9.973500602e+02 +9.973500602e+02 +9.479500602e+02 +9.479500602e+02
374 +9.704672876e+02 +9.704672876e+02 +9.210672876e+02 +9.210672876e+02
449 +8.792142234e+02 +8.792142234e+02 +8.298142234e+02 +8.298142234e+02
475 +8.329209716e+02 +8.329209716e+02 +7.835209716e+02 +7.835209716e+02
481 +8.297371751e+02 +8.297371751e+02 +7.803371751e+02 +7.803371751e+02
1387 +8.124614145e+02 +8.124614145e+02 +7.630614145e+02 +7.630614145e+02
1406 +7.875358658e+02 +7.875358658e+02 +7.381358658e+02 +7.381358658e+02
1421 +7.702979710e+02 +7.702979710e+02 +7.208979710e+02 +7.208979710e+02
1435 +7.025488689e+02 +7.025488689e+02 +6.531488689e+02 +6.531488689e+02
1551 +6.475905696e+02 +6.475905696e+02 +5.981905696e+02 +5.981905696e+02
1919 +6.261266886e+02 +6.261266886e+02 +5.767266886e+02 +5.767266886e+02
1974 +6.107255844e+02 +6.107255844e+02 +5.613255844e+02 +5.613255844e+02
1990 +5.739335744e+02 +5.739335744e+02 +5.245335744e+02 +5.245335744e+02
2181 +5.454438363e+02 +5.454438363e+02 +4.960438363e+02 +4.960438363e+02
2318 +5.219158561e+02 +5.219158561e+02 +4.725158561e+02 +4.725158561e+02
2577 +4.991304119e+02 +4.991304119e+02 +4.497304119e+02 +4.497304119e+02
2589 +4.749034063e+02 +4.749034063e+02 +4.255034063e+02 +4.255034063e+02
2735 +4.669101292e+02 +4.669101292e+02 +4.175101292e+02 +4.175101292e+02
2766 +4.479271789e+02 +4.479271789e+02 +3.985271789e+02 +3.985271789e+02
2927 +4.256405747e+02 +4.256405747e+02 +3.762405747e+02 +3.762405747e+02
3139 +4.153779257e+02 +4.153779257e+02 +3.659779257e+02 +3.659779257e+02
3563 +3.987356591e+02 +3.987356591e+02 +3.493356591e+02 +3.493356591e+02
3584 +3.956582810e+02 +3.956582810e+02 +3.462582810e+02 +3.462582810e+02
3607 +3.853047065e+02 +3.853047065e+02 +3.359047065e+02 +3.359047065e+02
3626 +3.788489562e+02 +3.788489562e+02 +3.294489562e+02 +3.294489562e+02
3676 +3.687322626e+02 +3.687322626e+02 +3.193322626e+02 +3.193322626e+02
3771 +3.618998359e+02 +3.618998359e+02 +3.124998359e+02 +3.124998359e+02
3887 +3.548080747e+02 +3.548080747e+02 +3.054080747e+02 +3.054080747e+02
3912 +3.464414123e+02 +3.464414123e+02 +2.970414123e+02 +2.970414123e+02
4005 +3.385162314e+02 +3.385162314e+02 +2.891162314e+02 +2.891162314e+02
4066 +3.300026627e+02 +3.300026627e+02 +2.806026627e+02 +2.806026627e+02
4112 +3.217868757e+02 +3.217868757e+02 +2.723868757e+02 +2.723868757e+02
4179 +3.138827911e+02 +3.138827911e+02 +2.644827911e+02 +2.644827911e+02
4213 +3.087153929e+02 +3.087153929e+02 +2.593153929e+02 +2.593153929e+02
4412 +3.016497666e+02 +3.016497666e+02 +2.522497666e+02 +2.522497666e+02
4660 +2.950122481e+02 +2.950122481e+02 +2.456122481e+02 +2.456122481e+02
5297 +2.883959958e+02 +2.883959958e+02 +2.389959958e+02 +2.389959958e+02
% function evaluation | noise-free fitness - Fopt (-5.557000000000e+01) | best noise-free fitness - Fopt | measured fitness | best measured fitness | x1 | x2...
1 +1.012643693e+03 +1.012643693e+03 +9.570736927e+02 +9.570736927e+02
284 +9.871117962e+02 +9.871117962e+02 +9.315417962e+02 +9.315417962e+02
294 +9.374018878e+02 +9.374018878e+02 +8.818318878e+02 +8.818318878e+02
759 +9.011787689e+02 +9.011787689e+02 +8.456087689e+02 +8.456087689e+02
768 +8.665062315e+02 +8.665062315e+02 +8.109362315e+02 +8.109362315e+02
887 +8.302849983e+02 +8.302849983e+02 +7.747149983e+02 +7.747149983e+02
942 +7.956729160e+02 +7.956729160e+02 +7.401029160e+02 +7.401029160e+02
1010 +7.762209588e+02 +7.762209588e+02 +7.206509588e+02 +7.206509588e+02
1139 +7.380203880e+02 +7.380203880e+02 +6.824503880e+02 +6.824503880e+02
1176 +7.204656795e+02 +7.204656795e+02 +6.648956795e+02 +6.648956795e+02
1222 +7.056928887e+02 +7.056928887e+02 +6.501228887e+02 +6.501228887e+02
1249 +6.884811365e+02 +6.884811365e+02 +6.329111365e+02 +6.329111365e+02
1372 +6.472845784e+02 +6.472845784e+02 +5.917145784e+02 +5.917145784e+02
1379 +6.446159176e+02 +6.446159176e+02 +5.890459176e+02 +5.890459176e+02
1387 +6.155046787e+02 +6.155046787e+02 +5.599346787e+02 +5.599346787e+02
2092 +5.952060961e+02 +5.952060961e+02 +5.396360961e+02 +5.396360961e+02
2122 +5.807663881e+02 +5.807663881e+02 +5.251963881e+02 +5.251963881e+02
2164 +5.686650739e+02 +5.686650739e+02 +5.130950739e+02 +5.130950739e+02
2208 +5.551616025e+02 +5.551616025e+02 +4.995916025e+02 +4.995916025e+02
2460 +5.470397872e+02 +5.470397872e+02 +4.914697872e+02 +4.914697872e+02
2621 +5.216478659e+02 +5.216478659e+02 +4.660778659e+02 +4.660778659e+02
2706 +5.065109668e+02 +5.065109668e+02 +4.509409668e+02 +4.509409668e+02
2749 +4.956909337e+02 +4.956909337e+02 +4.401209337e+02 +4.401209337e+02
2803 +4.809464724e+02 +4.809464724e+02 +4.253764724e+02 +4.253764724e+02
2813 +4.688738425e+02 +4.688738425e+02 +4.133038425e+02 +4.133038425e+02
2838 +4.593551141e+02 +4.593551141e+02 +4.037851141e+02 +4.037851141e+02
2856 +4.527298343e+02 +4.527298343e+02 +3.971598343e+02 +3.971598343e+02
2968 +4.423019347e+02 +4.423019347e+02 +3.867319347e+02 +3.867319347e+02
3007 +4.362988898e+02 +4.362988898e+02 +3.807288898e+02 +3.807288898e+02
3058 +4.235023676e+02 +4.235023676e+02 +3.679323676e+02 +3.679323676e+02
3187 +4.154941269e+02 +4.154941269e+02 +3.599241269e+02 +3.599241269e+02
3295 +4.056078950e+02 +4.056078950e+02 +3.500378950e+02 +3.500378950e+02
3357 +3.961611853e+02 +3.961611853e+02 +3.405911853e+02 +3.405911853e+02
3460 +3.871934801e+02 +3.871934801e+02 +3.316234801e+02 +3.316234801e+02
3498 +3.790331946e+02 +3.790331946e+02 +3.234631946e+02 +3.234631946e+02
3592 +3.706503706e+02 +3.706503706e+02 +3.150803706e+02 +3.150803706e+02
3754 +3.627819911e+02 +3.627819911e+02 +3.072119911e+02 +3.072119911e+02
4135 +3.546434152e+02 +3.546434152e+02 +2.990734152e+02 +2.990734152e+02
% function evaluation | noise-free fitness - Fopt (-1.412700000000e+02) | best noise-free fitness - Fopt | measured fitness | best measured fitness | x1 | x2...
1 +1.114534052e+03 +1.114534052e+03 +9.732640521e+02 +9.732640521e+02
257 +1.072765530e+03 +1.072765530e+03 +9.314955302e+02 +9.314955302e+02
273 +1.027236545e+03 +1.027236545e+03 +8.859665452e+02 +8.859665452e+02
369 +9.943238893e+02 +9.943238893e+02 +8.530538893e+02 +8.530538893e+02
374 +9.473850846e+02 +9.473850846e+02 +8.061150846e+02 +8.061150846e+02
397 +9.124451457e+02 +9.124451457e+02 +7.711751457e+02 +7.711751457e+02
443 +8.711324677e+02 +8.711324677e+02 +7.298624677e+02 +7.298624677e+02
461 +8.140472763e+02 +8.140472763e+02 +6.727772763e+02 +6.727772763e+02
585 +7.812979934e+02 +7.812979934e+02 +6.400279934e+02 +6.400279934e+02
765 +7.567362936e+02 +7.567362936e+02 +6.154662936e+02 +6.154662936e+02
962 +7.017672998e+02 +7.017672998e+02 +5.604972998e+02 +5.604972998e+02
1283 +6.776521593e+02 +6.776521593e+02 +5.363821593e+02 +5.363821593e+02
1713 +6.611993494e+02 +6.611993494e+02 +5.199293494e+02 +5.199293494e+02
1913 +6.553180858e+02 +6.553180858e+02 +5.140480858e+02 +5.140480858e+02
2001 +6.379380369e+02 +6.379380369e+02 +4.966680369e+02 +4.966680369e+02
2009 +6.295694178e+02 +6.295694178e+02 +4.882994178e+02 +4.882994178e+02
2020 +6.141833883e+02 +6.141833883e+02 +4.729133883e+02 +4.729133883e+02
2030 +5.881321948e+02 +5.881321948e+02 +4.468621948e+02 +4.468621948e+02
2069 +5.634151134e+02 +5.634151134e+02 +4.221451134e+02 +4.221451134e+02
2410 +5.555831541e+02 +5.555831541e+02 +4.143131541e+02 +4.143131541e+02
2771 +5.481713621e+02 +5.481713621e+02 +4.069013621e+02 +4.069013621e+02
2778 +5.263647188e+02 +5.263647188e+02 +3.850947188e+02 +3.850947188e+02
2809 +5.216892188e+02 +5.216892188e+02 +3.804192188e+02 +3.804192188e+02
2813 +5.047866176e+02 +5.047866176e+02 +3.635166176e+02 +3.635166176e+02
2821 +4.956248188e+02 +4.956248188e+02 +3.543548188e+02 +3.543548188e+02
3014 +4.861163324e+02 +4.861163324e+02 +3.448463324e+02 +3.448463324e+02
3044 +4.765313766e+02 +4.765313766e+02 +3.352613766e+02 +3.352613766e+02
3165 +4.638884683e+02 +4.638884683e+02 +3.226184683e+02 +3.226184683e+02
3176 +4.549964037e+02 +4.549964037e+02 +3.137264037e+02 +3.137264037e+02
3218 +4.441766891e+02 +4.441766891e+02 +3.029066891e+02 +3.029066891e+02
3234 +4.364934246e+02 +4.364934246e+02 +2.952234246e+02 +2.952234246e+02
3267 +4.242988094e+02 +4.242988094e+02 +2.830288094e+02 +2.830288094e+02
3325 +4.137605263e+02 +4.137605263e+02 +2.724905263e+02 +2.724905263e+02
3387 +4.064605169e+02 +4.064605169e+02 +2.651905169e+02 +2.651905169e+02
3433 +3.931863750e+02 +3.931863750e+02 +2.519163750e+02 +2.519163750e+02
3456 +3.875291762e+02 +3.875291762e+02 +2.462591762e+02 +2.462591762e+02
3606 +3.791359318e+02 +3.791359318e+02 +2.378659318e+02 +2.378659318e+02
3694 +3.699252462e+02 +3.699252462e+02 +2.286552462e+02 +2.286552462e+02
3967 +3.625031008e+02 +3.625031008e+02 +2.212331008e+02 +2.212331008e+02
4865 +3.547991029e+02 +3.547991029e+02 +2.135291029e+02 +2.135291029e+02
% function evaluation | noise-free fitness - Fopt (1.822100000000e+02) | best noise-free fitness - Fopt | measured fitness | best measured fitness | x1 | x2...
1 +1.140067270e+03 +1.140067270e+03 +1.322277270e+03 +1.322277270e+03
262 +1.059537891e+03 +1.059537891e+03 +1.241747891e+03 +1.241747891e+03
307 +1.006840383e+03 +1.006840383e+03 +1.189050383e+03 +1.189050383e+03
422 +9.908685998e+02 +9.908685998e+02 +1.173078600e+03 +1.173078600e+03
426 +9.623049577e+02 +9.623049577e+02 +1.144514958e+03 +1.144514958e+03
427 +9.367768550e+02 +9.367768550e+02 +1.118986855e+03 +1.118986855e+03
432 +8.193825955e+02 +8.193825955e+02 +1.001592595e+03 +1.001592595e+03
504 +7.676289392e+02 +7.676289392e+02 +9.498389392e+02 +9.498389392e+02
1001 +7.365079321e+02 +7.365079321e+02 +9.187179321e+02 +9.187179321e+02
1029 +7.198096925e+02 +7.198096925e+02 +9.020196925e+02 +9.020196925e+02
1192 +6.738740354e+02 +6.738740354e+02 +8.560840354e+02 +8.560840354e+02
1366 +6.507389819e+02 +6.507389819e+02 +8.329489819e+02 +8.329489819e+02
1458 +6.204062035e+02 +6.204062035e+02 +8.026162035e+02 +8.026162035e+02
1839 +5.758900956e+02 +5.758900956e+02 +7.581000956e+02 +7.581000956e+02
2401 +5.656291605e+02 +5.656291605e+02 +7.478391605e+02 +7.478391605e+02
2405 +5.534998497e+02 +5.534998497e+02 +7.357098497e+02 +7.357098497e+02
2433 +5.406130247e+02 +5.406130247e+02 +7.228230247e+02 +7.228230247e+02
2509 +5.351800036e+02 +5.351800036e+02 +7.173900036e+02 +7.173900036e+02
2641 +5.238752010e+02 +5.238752010e+02 +7.060852010e+02 +7.060852010e+02
2702 +5.082550584e+02 +5.082550584e+02 +6.904650584e+02 +6.904650584e+02
2837 +4.978373330e+02 +4.978373330e+02 +6.800473330e+02 +6.800473330e+02
2864 +4.879774711e+02 +4.879774711e+02 +6.701874711e+02 +6.701874711e+02
2878 +4.778478691e+02 +4.778478691e+02 +6.600578691e+02 +6.600578691e+02
2974 +4.602715737e+02 +4.602715737e+02 +6.424815737e+02 +6.424815737e+02
3020 +4.567939668e+02 +4.567939668e+02 +6.390039668e+02 +6.390039668e+02
3158 +4.457654060e+02 +4.457654060e+02 +6.279754060e+02 +6.279754060e+02
3281 +4.358203046e+02 +4.358203046e+02 +6.180303046e+02 +6.180303046e+02
3332 +4.259928104e+02 +4.259928104e+02 +6.082028104e+02 +6.082028104e+02
3481 +4.158922199e+02 +4.158922199e+02 +5.981022199e+02 +5.981022199e+02
3523 +4.071801342e+02 +4.071801342e+02 +5.893901342e+02 +5.893901342e+02
3598 +3.973765682e+02 +3.973765682e+02 +5.795865682e+02 +5.795865682e+02
3765 +3.884066094e+02 +3.884066094e+02 +5.706166094e+02 +5.706166094e+02
4185 +3.800335891e+02 +3.800335891e+02 +5.622435891e+02 +5.622435891e+02
% function evaluation | noise-free fitness - Fopt (8.191000000000e+01) | best noise-free fitness - Fopt | measured fitness | best measured fitness | x1 | x2...
1 +1.034751504e+03 +1.034751504e+03 +1.116661504e+03 +1.116661504e+03
2 +9.855364729e+02 +9.855364729e+02 +1.067446473e+03 +1.067446473e+03
19 +9.518337152e+02 +9.518337152e+02 +1.033743715e+03 +1.033743715e+03
760 +9.322416517e+02 +9.322416517e+02 +1.014151652e+03 +1.014151652e+03
768 +9.040172140e+02 +9.040172140e+02 +9.859272140e+02 +9.859272140e+02
819 +8.712580361e+02 +8.712580361e+02 +9.531680361e+02 +9.531680361e+02
853 +8.673843670e+02 +8.673843670e+02 +9.492943670e+02 +9.492943670e+02
926 +8.451666071e+02 +8.451666071e+02 +9.270766071e+02 +9.270766071e+02
1010 +8.256023917e+02 +8.256023917e+02 +9.075123917e+02 +9.075123917e+02
1131 +8.041033159e+02 +8.041033159e+02 +8.860133159e+02 +8.860133159e+02
1207 +7.930210687e+02 +7.930210687e+02 +8.749310687e+02 +8.749310687e+02
1208 +7.644307990e+02 +7.644307990e+02 +8.463407990e+02 +8.463407990e+02
1671 +7.581493150e+02 +7.581493150e+02 +8.400593150e+02 +8.400593150e+02
1761 +7.347679530e+02 +7.347679530e+02 +8.166779530e+02 +8.166779530e+02
1827 +7.031321618e+02 +7.031321618e+02 +7.850421618e+02 +7.850421618e+02
2063 +6.724301422e+02 +6.724301422e+02 +7.543401422e+02 +7.543401422e+02
2283 +6.606859605e+02 +6.606859605e+02 +7.425959605e+02 +7.425959605e+02
2329 +6.339486027e+02 +6.339486027e+02 +7.158586027e+02 +7.158586027e+02
2336 +6.309450033e+02 +6.309450033e+02 +7.128550033e+02 +7.128550033e+02
2392 +6.153473030e+02 +6.153473030e+02 +6.972573030e+02 +6.972573030e+02
2467 +6.010911978e+02 +6.010911978e+02 +6.830011978e+02 +6.830011978e+02
2504 +5.737472381e+02 +5.737472381e+02 +6.556572381e+02 +6.556572381e+02
2553 +5.605041531e+02 +5.605041531e+02 +6.424141531e+02 +6.424141531e+02
2658 +5.481922028e+02 +5.481922028e+02 +6.301022028e+02 +6.301022028e+02
2714 +5.357715372e+02 +5.357715372e+02 +6.176815372e+02 +6.176815372e+02
2778 +5.238238970e+02 +5.238238970e+02 +6.057338970e+02 +6.057338970e+02
2832 +5.116684834e+02 +5.116684834e+02 +5.935784834e+02 +5.935784834e+02
2947 +5.005288727e+02 +5.005288727e+02 +5.824388727e+02 +5.824388727e+02
3129 +4.893674538e+02 +4.893674538e+02 +5.712774538e+02 +5.712774538e+02
3362 +4.786085609e+02 +4.786085609e+02 +5.605185609e+02 +5.605185609e+02
