% function evaluation | noise-free fitness - Fopt (-4.620900000000e+02) | best noise-free fitness - Fopt | measured fitness | best measured fitness | x1 | x2...
1 +1.181909657e+02 +1.181909657e+02 -3.438990343e+02 -3.438990343e+02 +0.0000e+00 +0.0000e+00 +0.0000e+00 +0.0000e+00 +0.0000e+00
4 +7.915244600e+01 +7.915244600e+01 -3.829375540e+02 -3.829375540e+02 +4.9869e-01 +1.8943e-01 +2.6801e-01 +3.3057e-01 +1.4417e+00
31 +4.687516140e+01 +4.687516140e+01 -4.152148386e+02 -4.152148386e+02 -1.8631e+00 +2.1885e+00 +1.4927e+00 +7.9508e-01 +1.9392e+00
158 +4.517146831e+01 +4.517146831e+01 -4.169185317e+02 -4.169185317e+02 +2.2956e+00 +2.9462e+00 +1.0304e+00 +1.1211e+00 +1.0652e+00
202 +3.213584482e+01 +3.213584482e+01 -4.299541552e+02 -4.299541552e+02 +2.1988e+00 +2.4322e+00 +1.0443e+00 +1.0740e+00 +1.6255e+00
216 +1.770348914e+01 +1.770348914e+01 -4.443865109e+02 -4.443865109e+02 +2.3432e+00 +2.3292e+00 +1.6266e+00 +7.4596e-01 +1.7350e+00
329 +1.545359612e+01 +1.545359612e+01 -4.466364039e+02 -4.466364039e+02 +2.4290e+00 +2.2907e+00 +1.7997e+00 +7.6591e-01 +2.3302e+00
333 +1.277825818e+01 +1.277825818e+01 -4.493117418e+02 -4.493117418e+02 +2.3473e+00 +2.2242e+00 +1.7130e+00 +7.2350e-01 +2.3232e+00
403 +6.807845288e+00 +6.807845288e+00 -4.552821547e+02 -4.552821547e+02 +2.2367e+00 +2.3568e+00 +1.6426e+00 +6.8492e-01 +2.2895e+00
428 +4.695505729e+00 +4.695505729e+00 -4.573944943e+02 -4.573944943e+02 +2.2726e+00 +2.2788e+00 +1.6725e+00 +7.2195e-01 +2.2688e+00
438 +3.102615891e+00 +3.102615891e+00 -4.589873841e+02 -4.589873841e+02 +2.2608e+00 +2.3083e+00 +1.6128e+00 +7.0451e-01 +2.2845e+00
464 +2.258563262e+00 +2.258563262e+00 -4.598314367e+02 -4.598314367e+02 +2.2827e+00 +2.2903e+00 +1.6131e+00 +7.0757e-01 +2.2900e+00
527 +2.171058254e+00 +2.171058254e+00 -4.599189417e+02 -4.599189417e+02 +2.2783e+00 +2.3084e+00 +1.6384e+00 +7.1271e-01 +2.2934e+00
584 +1.898108213e+00 +1.898108213e+00 -4.601918918e+02 -4.601918918e+02 +2.2799e+00 +2.2985e+00 +1.6156e+00 +7.4268e-01 +2.2989e+00
589 +1.812273134e+00 +1.812273134e+00 -4.602777269e+02 -4.602777269e+02 +2.2709e+00 +2.3033e+00 +1.6187e+00 +7.3093e-01 +2.2979e+00
626 +1.690563784e+00 +1.690563784e+00 -4.603994362e+02 -4.603994362e+02 +2.2866e+00 +2.3034e+00 +1.6238e+00 +7.1775e-01 +2.2984e+00
639 +1.649219493e+00 +1.649219493e+00 -4.604407805e+02 -4.604407805e+02 +2.2836e+00 +2.3041e+00 +1.6191e+00 +7.2645e-01 +2.2955e+00
651 +1.565736867e+00 +1.565736867e+00 -4.605242631e+02 -4.605242631e+02 +2.2953e+00 +2.3046e+00 +1.6040e+00 +7.2103e-01 +2.2979e+00
668 +1.544425278e+00 +1.544425278e+00 -4.605455747e+02 -4.605455747e+02 +2.3160e+00 +2.2812e+00 +1.5999e+00 +7.1665e-01 +2.2933e+00
669 +1.394829980e+00 +1.394829980e+00 -4.606951700e+02 -4.606951700e+02 +2.3299e+00 +2.2960e+00 +1.6141e+00 +7.1181e-01 +2.2937e+00
676 +1.285834334e+00 +1.285834334e+00 -4.608041657e+02 -4.608041657e+02 +2.3171e+00 +2.2938e+00 +1.6116e+00 +7.2437e-01 +2.2901e+00
679 +1.119873952e+00 +1.119873952e+00 -4.609701260e+02 -4.609701260e+02 +2.3309e+00 +2.2868e+00 +1.6128e+00 +7.2541e-01 +2.2955e+00
691 +1.079617534e+00 +1.079617534e+00 -4.610103825e+02 -4.610103825e+02 +2.3400e+00 +2.2999e+00 +1.6154e+00 +7.2512e-01 +2.2998e+00
819 +1.068359832e+00 +1.068359832e+00 -4.610216402e+02 -4.610216402e+02 +2.3234e+00 +2.3043e+00 +1.6204e+00 +7.2918e-01 +2.2991e+00
836 +1.043782220e+00 +1.043782220e+00 -4.610462178e+02 -4.610462178e+02 +2.3360e+00 +2.3059e+00 +1.6240e+00 +7.2619e-01 +2.2963e+00
843 +1.013812013e+00 +1.013812013e+00 -4.610761880e+02 -4.610761880e+02 +2.3368e+00 +2.3005e+00 +1.6230e+00 +7.2940e-01 +2.2977e+00
919 +9.968742730e-01 +9.968742730e-01 -4.610931257e+02 -4.610931257e+02 +2.3403e+00 +2.3005e+00 +1.6186e+00 +7.2908e-01 +2.2992e+00
% function evaluation | noise-free fitness - Fopt (7.766000000000e+01) | best noise-free fitness - Fopt | measured fitness | best measured fitness | x1 | x2...
1 +1.918840342e+02 +1.918840342e+02 +2.695440342e+02 +2.695440342e+02 +0.0000e+00 +0.0000e+00 +0.0000e+00 +0.0000e+00 +0.0000e+00
3 +1.826353346e+02 +1.826353346e+02 +2.602953346e+02 +2.602953346e+02 +1.1374e+00 +1.7049e+00 +1.3107e+00 +2.4017e-01 +1.2332e-01
5 +1.655836741e+02 +1.655836741e+02 +2.432436741e+02 +2.432436741e+02 +2.3668e-01 +1.3118e-01 +3.2281e-01 +3.3118e-01 -2.8372e-02
13 +1.420940309e+02 +1.420940309e+02 +2.197540309e+02 +2.197540309e+02 +9.4125e-01 +2.0877e-01 -3.3315e-01 +2.9684e-01 +5.9286e-01
15 +1.116192139e+02 +1.116192139e+02 +1.892792139e+02 +1.892792139e+02 -1.5851e-01 -1.9137e-01 -1.6189e-01 +7.0623e-01 +1.2046e+00
16 +9.940925312e+01 +9.940925312e+01 +1.770692531e+02 +1.770692531e+02 +4.4322e-01 -3.5062e-02 +1.1391e+00 +7.2767e-01 +7.9575e-01
23 +9.652387939e+01 +9.652387939e+01 +1.741838794e+02 +1.741838794e+02 +8.7497e-01 -3.2501e-01 +1.1864e+00 +3.6576e-01 +1.7060e+00
27 +8.613749186e+01 +8.613749186e+01 +1.637974919e+02 +1.637974919e+02 +5.4153e-01 +3.8978e-02 +1.3740e+00 -9.1859e-02 +1.5001e+00
31 +7.595705926e+01 +7.595705926e+01 +1.536170593e+02 +1.536170593e+02 +1.4110e+00 +1.8123e-01 +1.3639e+00 +1.2341e+00 +1.8804e+00
50 +7.576542479e+01 +7.576542479e+01 +1.534254248e+02 +1.534254248e+02 +7.5391e-01 -2.0041e-01 +6.6692e-01 +1.5099e+00 +1.9432e+00
51 +6.266978128e+01 +6.266978128e+01 +1.403297813e+02 +1.403297813e+02 +1.1817e+00 -2.0225e-02 +7.0284e-01 +1.0814e+00 +1.5186e+00
60 +5.965428792e+01 +5.965428792e+01 +1.373142879e+02 +1.373142879e+02 +1.6955e+00 -8.5737e-02 +6.8517e-01 +1.2121e+00 +1.8993e+00
69 +5.598547951e+01 +5.598547951e+01 +1.336454795e+02 +1.336454795e+02 +1.5067e+00 -3.0746e-01 +8.1421e-01 +1.1644e+00 +1.7167e+00
82 +3.218848436e+01 +3.218848436e+01 +1.098484844e+02 +1.098484844e+02 +1.5898e+00 -1.4387e+00 +7.0390e-01 +2.3983e+00 +2.1406e+00
154 +2.577493415e+01 +2.577493415e+01 +1.034349342e+02 +1.034349342e+02 +2.2789e+00 -7.8129e-01 +7.6983e-01 +3.4149e+00 +1.5134e+00
203 +2.150660653e+01 +2.150660653e+01 +9.916660653e+01 +9.916660653e+01 +2.3983e+00 -8.8211e-01 +1.3492e+00 +2.4085e+00 +2.4340e+00
253 +1.471431981e+01 +1.471431981e+01 +9.237431981e+01 +9.237431981e+01 +2.3487e+00 -8.6240e-01 +1.1855e+00 +2.3822e+00 +2.4524e+00
304 +1.362038714e+01 +1.362038714e+01 +9.128038714e+01 +9.128038714e+01 +2.2993e+00 -8.5775e-01 +1.1967e+00 +2.1446e+00 +2.4554e+00
342 +1.344036803e+01 +1.344036803e+01 +9.110036803e+01 +9.110036803e+01 +2.3572e+00 -8.3822e-01 +1.1849e+00 +2.1330e+00 +2.4572e+00
365 +1.281764985e+01 +1.281764985e+01 +9.047764985e+01 +9.047764985e+01 +2.3666e+00 -8.3275e-01 +1.1983e+00 +2.1250e+00 +2.4649e+00
379 +1.216966549e+01 +1.216966549e+01 +8.982966549e+01 +8.982966549e+01 +2.3468e+00 -8.4209e-01 +1.2137e+00 +2.1237e+00 +2.4621e+00
384 +1.200449115e+01 +1.200449115e+01 +8.966449115e+01 +8.966449115e+01 +2.3458e+00 -8.3050e-01 +1.2081e+00 +2.1366e+00 +2.4614e+00
388 +1.160159623e+01 +1.160159623e+01 +8.926159623e+01 +8.926159623e+01 +2.3750e+00 -8.4217e-01 +1.2060e+00 +2.1354e+00 +2.4552e+00
393 +1.054808170e+01 +1.054808170e+01 +8.820808170e+01 +8.820808170e+01 +2.3871e+00 -8.3603e-01 +1.2373e+00 +2.1534e+00 +2.4516e+00
402 +1.036139266e+01 +1.036139266e+01 +8.802139266e+01 +8.802139266e+01 +2.3928e+00 -8.2786e-01 +1.2692e+00 +2.1574e+00 +2.4473e+00
419 +9.864698655e+00 +9.864698655e+00 +8.752469866e+01 +8.752469866e+01 +2.3722e+00 -8.3845e-01 +1.2447e+00 +2.1475e+00 +2.4553e+00
451 +9.489025206e+00 +9.489025206e+00 +8.714902521e+01 +8.714902521e+01 +2.3623e+00 -8.4543e-01 +1.2565e+00 +2.1419e+00 +2.4597e+00
473 +9.150073040e+00 +9.150073040e+00 +8.681007304e+01 +8.681007304e+01 +2.3965e+00 -8.6737e-01 +1.2726e+00 +2.1419e+00 +2.4553e+00
611 +9.115972303e+00 +9.115972303e+00 +8.677597230e+01 +8.677597230e+01 +2.3959e+00 -8.7658e-01 +1.2679e+00 +2.1418e+00 +2.4640e+00
% function evaluation | noise-free fitness - Fopt (1.156800000000e+02) | best noise-free fitness - Fopt | measured fitness | best measured fitness | x1 | x2...
1 +2.457187506e+02 +2.457187506e+02 +3.613987506e+02 +3.613987506e+02 +0.0000e+00 +0.0000e+00 +0.0000e+00 +0.0000e+00 +0.0000e+00
4 +2.278295864e+02 +2.278295864e+02 +3.435095864e+02 +3.435095864e+02 +2.0146e+00 -5.0460e-01 -8.5666e-01 -2.7388e-01 +3.7510e-02
5 +2.136747643e+02 +2.136747643e+02 +3.293547643e+02 +3.293547643e+02 +6.0093e-01 -4.7134e-01 +1.3504e-01 -4.0881e-01 +4.0528e-01
6 +2.030962900e+02 +2.030962900e+02 +3.187762900e+02 +3.187762900e+02 -1.0943e+00 +1.2262e+00 +2.6454e-01 +9.8122e-02 +4.8479e-01
8 +1.680284113e+02 +1.680284113e+02 +2.837084113e+02 +2.837084113e+02 -9.4977e-01 +5.4739e-03 -1.3503e-01 -1.8975e-02 +9.5141e-01
10 +1.624315034e+02 +1.624315034e+02 +2.781115034e+02 +2.781115034e+02 -1.3537e+00 -1.1877e+00 -4.8400e-01 +4.5160e-01 +1.1893e+00
15 +1.617672676e+02 +1.617672676e+02 +2.774472676e+02 +2.774472676e+02 -1.3961e+00 -1.4741e+00 -2.0272e+00 +3.0610e-01 +2.0708e+00
17 +1.181530725e+02 +1.181530725e+02 +2.338330725e+02 +2.338330725e+02 +3.0066e-01 +1.6396e-01 -5.8699e-01 -2.7642e-01 +2.6783e+00
18 +9.787068757e+01 +9.787068757e+01 +2.135506876e+02 +2.135506876e+02 -1.3935e+00 +7.3689e-01 -1.9476e-01 +3.0489e+00 +1.3404e+00
23 +6.360378904e+01 +6.360378904e+01 +1.792837890e+02 +1.792837890e+02 -1.8567e+00 -9.6444e-01 -1.3597e+00 +2.5245e+00 +2.7937e+00
36 +3.328162397e+01 +3.328162397e+01 +1.489616240e+02 +1.489616240e+02 -8.3895e-01 -8.0672e-01 +1.3645e-01 +2.5723e+00 +3.5976e+00
40 +2.313367019e+01 +2.313367019e+01 +1.388136702e+02 +1.388136702e+02 -1.8207e+00 -8.9372e-01 -3.1828e-01 +3.1307e+00 +3.6385e+00
455 +2.241603202e+01 +2.241603202e+01 +1.380960320e+02 +1.380960320e+02 -8.6237e-01 -2.3233e+00 -3.5112e-01 +4.0027e+00 +2.9204e+00
473 +2.217688127e+01 +2.217688127e+01 +1.378568813e+02 +1.378568813e+02 -8.7386e-01 -2.3442e+00 -3.5301e-01 +4.0046e+00 +2.9147e+00
% function evaluation | noise-free fitness - Fopt (-3.710000000000e+00) | best noise-free fitness - Fopt | measured fitness | best measured fitness | x1 | x2...
1 +2.580895641e+02 +2.580895641e+02 +2.543795641e+02 +2.543795641e+02 +0.0000e+00 +0.0000e+00 +0.0000e+00 +0.0000e+00 +0.0000e+00
5 +1.749717035e+02 +1.749717035e+02 +1.712617035e+02 +1.712617035e+02 +6.2477e-01 -1.4304e+00 +4.4322e-02 +1.1085e+00 +7.7986e-01
12 +1.326690772e+02 +1.326690772e+02 +1.289590772e+02 +1.289590772e+02 +9.8555e-01 -3.1982e+00 -1.1156e+00 +1.4177e+00 +1.5178e+00
15 +1.210485159e+02 +1.210485159e+02 +1.173385159e+02 +1.173385159e+02 +1.4870e+00 -2.2463e+00 -8.6942e-01 +5.4589e-01 +2.8694e+00
28 +1.170491931e+02 +1.170491931e+02 +1.133391931e+02 +1.133391931e+02 +1.5028e+00 -9.0782e-01 -1.0562e-01 +1.1776e+00 +3.2401e+00
30 +1.061160742e+02 +1.061160742e+02 +1.024060742e+02 +1.024060742e+02 +1.3626e-01 -3.1129e+00 +4.9225e-01 +5.7396e-01 +3.1206e+00
46 +9.219224268e+01 +9.219224268e+01 +8.848224268e+01 +8.848224268e+01 +2.2175e+00 -7.2572e-01 +1.0402e+00 +7.2706e-01 +2.8458e+00
52 +7.923716272e+01 +7.923716272e+01 +7.552716272e+01 +7.552716272e+01 +1.4347e+00 -1.1048e+00 +2.0135e+00 +2.4033e+00 +2.6264e+00
69 +7.608734869e+01 +7.608734869e+01 +7.237734869e+01 +7.237734869e+01 +4.7427e-01 -1.9308e+00 +1.1023e+00 +1.8537e+00 +3.1390e+00
73 +7.455696593e+01 +7.455696593e+01 +7.084696593e+01 +7.084696593e+01 +1.8335e+00 -6.7505e-01 +1.7448e+00 +1.3455e+00 +3.1749e+00
93 +6.744515250e+01 +6.744515250e+01 +6.373515250e+01 +6.373515250e+01 +1.5960e+00 -1.3423e-01 +9.8993e-01 +2.4510e+00 +2.8170e+00
105 +4.288600751e+01 +4.288600751e+01 +3.917600751e+01 +3.917600751e+01 +1.1263e+00 -6.7417e-01 +1.6495e+00 +4.4574e+00 +2.5008e+00
220 +4.227191607e+01 +4.227191607e+01 +3.856191607e+01 +3.856191607e+01 +1.2165e+00 +8.5713e-01 +6.3469e-01 +3.4543e+00 +2.5206e+00
282 +3.096143834e+01 +3.096143834e+01 +2.725143834e+01 +2.725143834e+01 +9.4586e-01 +7.3816e-01 +1.2868e+00 +3.5183e+00 +2.8556e+00
330 +2.959468756e+01 +2.959468756e+01 +2.588468756e+01 +2.588468756e+01 +1.0615e+00 +7.3384e-01 +1.1554e+00 +3.5581e+00 +2.8712e+00
343 +2.470149999e+01 +2.470149999e+01 +2.099149999e+01 +2.099149999e+01 +1.1815e+00 +7.9488e-01 +1.1662e+00 +3.5291e+00 +2.8290e+00
384 +2.424539734e+01 +2.424539734e+01 +2.053539734e+01 +2.053539734e+01 +1.2263e+00 +7.5059e-01 +1.2280e+00 +3.5061e+00 +2.8290e+00
410 +2.391025011e+01 +2.391025011e+01 +2.020025011e+01 +2.020025011e+01 +1.1552e+00 +7.8237e-01 +1.1875e+00 +3.4743e+00 +2.8399e+00
422 +2.324751556e+01 +2.324751556e+01 +1.953751556e+01 +1.953751556e+01 +1.1690e+00 +7.5763e-01 +1.2052e+00 +3.4963e+00 +2.8342e+00
482 +2.290583686e+01 +2.290583686e+01 +1.919583686e+01 +1.919583686e+01 +1.1693e+00 +7.3958e-01 +1.1845e+00 +3.5050e+00 +2.8432e+00
% function evaluation | noise-free fitness - Fopt (1.321800000000e+02) | best noise-free fitness - Fopt | measured fitness | best measured fitness | x1 | x2...
1 +1.867275087e+02 +1.867275087e+02 +3.189075087e+02 +3.189075087e+02 +0.0000e+00 +0.0000e+00 +0.0000e+00 +0.0000e+00 +0.0000e+00
3 +1.746994400e+02 +1.746994400e+02 +3.068794400e+02 +3.068794400e+02 +1.4033e+00 -6.8761e-01 +6.3799e-01 +1.2111e+00 +5.5419e-01
5 +1.487059898e+02 +1.487059898e+02 +2.808859898e+02 +2.808859898e+02 -9.7694e-02 +2.6712e-01 +2.3901e-01 -1.1080e+00 +4.6402e-01
9 +1.320524469e+02 +1.320524469e+02 +2.642324469e+02 +2.642324469e+02 +3.1831e-01 +6.5165e-01 +5.5689e-01 -8.9313e-02 +9.1181e-01
15 +8.762191111e+01 +8.762191111e+01 +2.198019111e+02 +2.198019111e+02 +1.0793e+00 +9.7295e-01 +1.3692e+00 -8.2270e-01 +2.2639e+00
16 +8.102242958e+01 +8.102242958e+01 +2.132024296e+02 +2.132024296e+02 +7.4574e-01 +1.5479e+00 +1.3702e+00 -1.9181e-01 +1.0879e+00
22 +7.826288365e+01 +7.826288365e+01 +2.104428836e+02 +2.104428836e+02 -3.4717e-01 +1.6199e+00 +9.8498e-01 -1.8634e+00 +1.5661e+00
25 +5.842337787e+01 +5.842337787e+01 +1.906033779e+02 +1.906033779e+02 +2.2178e-01 +2.2985e+00 +2.2754e+00 -1.0557e+00 +1.8459e+00
39 +5.015351370e+01 +5.015351370e+01 +1.823335137e+02 +1.823335137e+02 +9.0214e-01 +3.0504e+00 +2.2937e+00 -1.6977e+00 +2.4653e+00
113 +2.369042520e+01 +2.369042520e+01 +1.558704252e+02 +1.558704252e+02 +2.6074e+00 +2.1163e+00 +2.9036e+00 -1.9503e+00 +1.5459e+00
% function evaluation | noise-free fitness - Fopt (1.000000000000e+03) | best noise-free fitness - Fopt | measured fitness | best measured fitness | x1 | x2...
1 +1.329655761e+02 +1.329655761e+02 +1.132965576e+03 +1.132965576e+03 +0.0000e+00 +0.0000e+00 +0.0000e+00 +0.0000e+00 +0.0000e+00
2 +1.042592641e+02 +1.042592641e+02 +1.104259264e+03 +1.104259264e+03 +5.3794e-01 -6.1879e-01 +3.4911e-01 +8.2602e-01 +6.0517e-01
3 +9.243056497e+01 +9.243056497e+01 +1.092430565e+03 +1.092430565e+03 -1.0042e+00 +1.0188e+00 -4.6123e-01 +9.0698e-01 +3.8098e-01
11 +8.712753644e+01 +8.712753644e+01 +1.087127536e+03 +1.087127536e+03 +1.2445e-01 +9.5954e-01 -9.1846e-01 +3.5132e-01 +4.5504e-01
34 +6.811285356e+01 +6.811285356e+01 +1.068112854e+03 +1.068112854e+03 -1.0325e-01 +1.0373e+00 -3.6952e-01 +6.4034e-01 +4.4063e-01
52 +6.077997338e+01 +6.077997338e+01 +1.060779973e+03 +1.060779973e+03 -3.9286e-01 +2.3309e+00 +1.8171e-01 +1.6449e+00 +6.6852e-01
58 +5.635891498e+01 +5.635891498e+01 +1.056358915e+03 +1.056358915e+03 -8.7118e-01 +2.6116e+00 -8.0853e-01 +2.4900e+00 +1.6294e-01
111 +4.434216843e+01 +4.434216843e+01 +1.044342168e+03 +1.044342168e+03 -4.1746e-01 +3.2028e+00 -3.8426e-01 +2.7807e+00 +2.7769e-01
252 +3.984516283e+01 +3.984516283e+01 +1.039845163e+03 +1.039845163e+03 +1.5705e+00 +3.5715e+00 -7.9144e-01 +2.4788e+00 +5.6150e-01
259 +3.784568555e+01 +3.784568555e+01 +1.037845686e+03 +1.037845686e+03 +1.4013e+00 +1.0520e+00 +6.4685e-01 +3.1932e+00 +5.8725e-01
306 +2.756790332e+01 +2.756790332e+01 +1.027567903e+03 +1.027567903e+03 +1.5844e+00 +1.9855e+00 +6.2569e-01 +2.8727e+00 +7.1182e-01
356 +2.316693024e+01 +2.316693024e+01 +1.023166930e+03 +1.023166930e+03 +1.6036e+00 +1.9487e+00 +6.3136e-01 +3.3383e+00 +4.5765e-01
430 +2.211803222e+01 +2.211803222e+01 +1.022118032e+03 +1.022118032e+03 +1.7864e+00 +2.0349e+00 +1.0884e-01 +3.2801e+00 +5.1612e-01
466 +1.734626155e+01 +1.734626155e+01 +1.017346262e+03 +1.017346262e+03 +1.5634e+00 +1.9626e+00 +1.2181e-01 +3.2356e+00 +5.2395e-01
475 +1.631511317e+01 +1.631511317e+01 +1.016315113e+03 +1.016315113e+03 +1.5495e+00 +1.9513e+00 +1.0882e-01 +3.2753e+00 +5.3886e-01
478 +1.554427947e+01 +1.554427947e+01 +1.015544279e+03 +1.015544279e+03 +1.5503e+00 +1.9716e+00 +1.3755e-01 +3.2955e+00 +5.3432e-01
481 +1.352728121e+01 +1.352728121e+01 +1.013527281e+03 +1.013527281e+03 +1.5153e+00 +1.9992e+00 +1.0068e-01 +3.2819e+00 +5.0456e-01
483 +1.244236967e+01 +1.244236967e+01 +1.012442370e+03 +1.012442370e+03 +1.4901e+00 +1.9632e+00 +7.1478e-02 +3.2884e+00 +4.9570e-01
516 +1.146473367e+01 +1.146473367e+01 +1.011464734e+03 +1.011464734e+03 +1.5698e+00 +1.9592e+00 +6.6053e-02 +3.2949e+00 +5.0688e-01
546 +1.088183277e+01 +1.088183277e+01 +1.010881833e+03 +1.010881833e+03 +1.5665e+00 +1.9609e+00 +2.2586e-02 +3.3007e+00 +4.8677e-01
572 +1.063849735e+01 +1.063849735e+01 +1.010638497e+03 +1.010638497e+03 +1.5661e+00 +1.9555e+00 +7.6902e-02 +3.3128e+00 +5.0028e-01
584 +1.024016973e+01 +1.024016973e+01 +1.010240170e+03 +1.010240170e+03 +1.5695e+00 +1.9827e+00 +5.1358e-02 +3.3069e+00 +4.8208e-01
593 +1.011372832e+01 +1.011372832e+01 +1.010113728e+03 +1.010113728e+03 +1.5684e+00 +1.9635e+00 +5.6135e-02 +3.3220e+00 +4.8841e-01
596 +9.971697807e+00 +9.971697807e+00 +1.009971698e+03 +1.009971698e+03 +1.5733e+00 +1.9647e+00 +6.6987e-02 +3.3148e+00 +4.7928e-01
% function evaluation | noise-free fitness - Fopt (-1.846000000000e+01) | best noise-free fitness - Fopt | measured fitness | best measured fitness | x1 | x2...
1 +1.192778086e+02 +1.192778086e+02 +1.008178086e+02 +1.008178086e+02 +0.0000e+00 +0.0000e+00 +0.0000e+00 +0.0000e+00 +0.0000e+00
2 +9.738056405e+01 +9.738056405e+01 +7.892056405e+01 +7.892056405e+01 -5.9946e-01 +1.2037e-01 +5.5870e-01 +1.1629e-01 +8.7957e-01
8 +7.938339394e+01 +7.938339394e+01 +6.092339394e+01 +6.092339394e+01 -2.5102e+00 +1.5787e+00 +2.5065e+00 +4.9038e-01 +9.1987e-02
78 +5.949778809e+01 +5.949778809e+01 +4.103778809e+01 +4.103778809e+01 -3.0925e+00 +2.5470e+00 +1.8263e+00 +1.7239e+00 +5.9357e-01
83 +5.847752037e+01 +5.847752037e+01 +4.001752037e+01 +4.001752037e+01 -2.9217e+00 +9.6277e-01 +1.4331e+00 +1.6258e+00 +2.3417e-01
119 +4.915789993e+01 +4.915789993e+01 +3.069789993e+01 +3.069789993e+01 -7.1241e-01 +1.0068e+00 +2.4794e+00 +1.4103e+00 +2.3908e-01
124 +3.445919429e+01 +3.445919429e+01 +1.599919429e+01 +1.599919429e+01 -7.6697e-01 +8.4166e-01 +2.4876e+00 +1.1869e+00 +5.5194e-01
125 +3.276250971e+01 +3.276250971e+01 +1.430250971e+01 +1.430250971e+01 +2.6049e-01 +7.0278e-01 +3.2945e+00 +8.0373e-01 +5.7095e-01
261 +3.173953980e+01 +3.173953980e+01 +1.327953980e+01 +1.327953980e+01 +2.1118e-01 +4.0713e-01 +2.4410e+00 +7.8651e-01 +2.7932e-01
285 +3.064913464e+01 +3.064913464e+01 +1.218913464e+01 +1.218913464e+01 +1.3179e-01 +3.5263e-01 +2.4375e+00 +8.3161e-01 +2.2815e-01
337 +2.734385393e+01 +2.734385393e+01 +8.883853927e+00 +8.883853927e+00 +8.9442e-03 +2.5308e-01 +2.6201e+00 +8.4705e-01 +2.5024e-01
357 +2.581763866e+01 +2.581763866e+01 +7.357638664e+00 +7.357638664e+00 +1.6427e-01 +4.2012e-01 +2.6294e+00 +8.2539e-01 +2.3413e-01
359 +2.205480168e+01 +2.205480168e+01 +3.594801677e+00 +3.594801677e+00 +9.1068e-02 +3.1141e-01 +2.5677e+00 +8.3490e-01 +2.5745e-01
375 +2.111960539e+01 +2.111960539e+01 +2.659605386e+00 +2.659605386e+00 +9.4829e-02 +2.8667e-01 +2.6643e+00 +7.9329e-01 +2.7552e-01
391 +2.062138011e+01 +2.062138011e+01 +2.161380108e+00 +2.161380108e+00 +1.4160e-01 +2.5405e-01 +2.6695e+00 +7.8240e-01 +2.6078e-01
393 +1.854962653e+01 +1.854962653e+01 +8.962653168e-02 +8.962653168e-02 +1.8626e-01 +3.1302e-01 +2.6580e+00 +7.7966e-01 +2.3252e-01
399 +1.815316934e+01 +1.815316934e+01 -3.068306643e-01 -3.068306643e-01 +1.5400e-01 +2.9401e-01 +2.6255e+00 +7.7264e-01 +2.4973e-01
408 +1.756894617e+01 +1.756894617e+01 -8.910538282e-01 -8.910538282e-01 +1.5793e-01 +2.8572e-01 +2.6001e+00 +7.9630e-01 +2.5279e-01
486 +1.734964968e+01 +1.734964968e+01 -1.110350319e+00 -1.110350319e+00 +1.6821e-01 +2.9315e-01 +2.5807e+00 +7.8137e-01 +2.3808e-01
600 +1.695052398e+01 +1.695052398e+01 -1.509476017e+00 -1.509476017e+00 +2.1524e-01 +3.0839e-01 +2.5931e+00 +7.9274e-01 +2.4208e-01
% function evaluation | noise-free fitness - Fopt (-6.046000000000e+01) | best noise-free fitness - Fopt | measured fitness | best measured fitness | x1 | x2...
1 +2.565883406e+02 +2.565883406e+02 +1.961283406e+02 +1.961283406e+02 +0.0000e+00 +0.0000e+00 +0.0000e+00 +0.0000e+00 +0.0000e+00
5 +1.697491897e+02 +1.697491897e+02 +1.092891897e+02 +1.092891897e+02 -1.1036e+00 +2.4559e-02 +6.4123e-02 +1.5391e+00 +1.0833e+00
10 +1.471162809e+02 +1.471162809e+02 +8.665628090e+01 +8.665628090e+01 -8.3738e-01 -1.6216e-02 +1.4485e+00 -2.6692e-01 +9.9693e-01
17 +1.288698877e+02 +1.288698877e+02 +6.840988773e+01 +6.840988773e+01 -1.5977e+00 -8.1857e-02 +1.9207e+00 -5.1974e-01 +1.9974e+00
20 +1.043704902e+02 +1.043704902e+02 +4.391049018e+01 +4.391049018e+01 -1.5589e+00 +2.9793e-01 +2.6292e+00 +4.6965e-01 +2.4347e+00
22 +8.914634892e+01 +8.914634892e+01 +2.868634892e+01 +2.868634892e+01 -2.1368e+00 -5.3301e-01 +1.3378e+00 +1.2225e+00 +2.7019e+00
25 +8.243471974e+01 +8.243471974e+01 +2.197471974e+01 +2.197471974e+01 -8.6750e-01 +1.5910e+00 +8.3739e-01 +9.0150e-01 +2.4593e+00
39 +6.750272045e+01 +6.750272045e+01 +7.042720455e+00 +7.042720455e+00 -2.5484e+00 +2.8027e+00 +2.2005e+00 +2.1896e+00 +3.2951e+00
54 +5.060205001e+01 +5.060205001e+01 -9.857949987e+00 -9.857949987e+00 +5.9338e-01 +1.5965e+00 +2.4647e+00 +7.5439e-01 +2.8784e+00
74 +3.729427409e+01 +3.729427409e+01 -2.316572591e+01 -2.316572591e+01 +7.7125e-01 +1.5488e+00 +3.0483e+00 +5.2723e-01 +3.5892e+00
144 +3.427640422e+01 +3.427640422e+01 -2.618359578e+01 -2.618359578e+01 -3.7872e-01 +2.1460e+00 +2.4441e+00 +8.4523e-02 +3.6894e+00
158 +3.140102518e+01 +3.140102518e+01 -2.905897482e+01 -2.905897482e+01 -1.8200e-01 +2.2347e+00 +2.4166e+00 +1.7577e-01 +3.6608e+00
173 +2.204899390e+01 +2.204899390e+01 -3.841100610e+01 -3.841100610e+01 -1.8782e-01 +2.2217e+00 +2.9011e+00 +1.4444e-01 +3.6000e+00
323 +2.111106344e+01 +2.111106344e+01 -3.934893656e+01 -3.934893656e+01 -2.7861e-01 +2.1828e+00 +2.3651e+00 +1.1098e-01 +3.2508e+00
347 +1.984377861e+01 +1.984377861e+01 -4.061622139e+01 -4.061622139e+01 -3.1241e-01 +2.2473e+00 +2.4190e+00 +1.1855e-01 +3.2259e+00
411 +1.904939697e+01 +1.904939697e+01 -4.141060303e+01 -4.141060303e+01 -2.4385e-01 +2.2265e+00 +2.3842e+00 +1.0655e-01 +3.2289e+00
% function evaluation | noise-free fitness - Fopt (3.173300000000e+02) | best noise-free fitness - Fopt | measured fitness | best measured fitness | x1 | x2...
1 +1.510452669e+02 +1.510452669e+02 +4.683752669e+02 +4.683752669e+02 +0.0000e+00 +0.0000e+00 +0.0000e+00 +0.0000e+00 +0.0000e+00
4 +5.971170542e+01 +5.971170542e+01 +3.770417054e+02 +3.770417054e+02 -7.4976e-01 -1.6984e-01 +2.3956e+00 +2.4120e+00 +2.8509e-01
24 +5.157809092e+01 +5.157809092e+01 +3.689080909e+02 +3.689080909e+02 -1.6015e+00 -2.0182e+00 +2.7639e+00 +1.1566e+00 +1.9830e-01
83 +4.763936932e+01 +4.763936932e+01 +3.649693693e+02 +3.649693693e+02 -1.6682e+00 -2.4420e+00 +3.1614e+00 +3.2092e+00 +9.5975e-01
86 +2.737904155e+01 +2.737904155e+01 +3.447090416e+02 +3.447090416e+02 -5.1984e-01 -2.9836e+00 +3.2469e+00 +1.4815e+00 +6.5010e-01
246 +1.848106535e+01 +1.848106535e+01 +3.358110654e+02 +3.358110654e+02 +1.4323e+00 -2.7359e+00 +2.3077e+00 +1.5344e+00 +9.2515e-01
270 +1.766291217e+01 +1.766291217e+01 +3.349929122e+02 +3.349929122e+02 +1.3270e+00 -1.8572e+00 +3.2827e+00 +2.3616e+00 +2.8336e-01
496 +1.419936784e+01 +1.419936784e+01 +3.315293678e+02 +3.315293678e+02 +5.0887e-01 -1.8178e+00 +3.1697e+00 +1.4859e+00 +2.5546e-01
519 +1.251916645e+01 +1.251916645e+01 +3.298491665e+02 +3.298491665e+02 +4.9577e-01 -1.7631e+00 +3.1921e+00 +1.4963e+00 +2.8177e-01
524 +1.128323015e+01 +1.128323015e+01 +3.286132302e+02 +3.286132302e+02 +4.8871e-01 -1.7573e+00 +3.2377e+00 +1.4880e+00 +2.5973e-01
565 +1.113107917e+01 +1.113107917e+01 +3.284610792e+02 +3.284610792e+02 +5.0365e-01 -1.7044e+00 +3.2495e+00 +1.4859e+00 +2.6391e-01
678 +1.095838118e+01 +1.095838118e+01 +3.282883812e+02 +3.282883812e+02 +4.8747e-01 -1.7151e+00 +3.2435e+00 +1.4970e+00 +2.6495e-01
% function evaluation | noise-free fitness - Fopt (3.384000000000e+02) | best noise-free fitness - Fopt | measured fitness | best measured fitness | x1 | x2...
1 +1.095274171e+02 +1.095274171e+02 +4.479274171e+02 +4.479274171e+02 +0.0000e+00 +0.0000e+00 +0.0000e+00 +0.0000e+00 +0.0000e+00
12 +1.033136774e+02 +1.033136774e+02 +4.417136774e+02 +4.417136774e+02 -8.1922e-01 -8.0066e-01 -3.7068e-01 -2.9829e-04 +1.1188e+00
14 +9.249732267e+01 +9.249732267e+01 +4.308973227e+02 +4.308973227e+02 -1.5263e+00 -9.8823e-01 +2.1664e+00 +1.0900e+00 -1.8311e-01
18 +7.815694098e+01 +7.815694098e+01 +4.165569410e+02 +4.165569410e+02 -8.0950e-01 +6.7912e-01 +9.5389e-01 +2.2557e-01 +1.3125e+00
40 +7.446311871e+01 +7.446311871e+01 +4.128631187e+02 +4.128631187e+02 -7.3460e-01 -6.9269e-01 +1.1977e+00 +8.9741e-01 +9.4271e-01
47 +5.113431232e+01 +5.113431232e+01 +3.895343123e+02 +3.895343123e+02 +1.0384e+00 -6.7167e-01 +6.3356e-01 +4.9144e-01 +9.3670e-01
84 +4.640698987e+01 +4.640698987e+01 +3.848069899e+02 +3.848069899e+02 +1.4872e+00 -2.1453e+00 -9.9201e-02 +1.0526e+00 +9.6451e-01
86 +4.488741621e+01 +4.488741621e+01 +3.832874162e+02 +3.832874162e+02 +9.9595e-01 -2.2218e+00 +2.1080e+00 +1.3707e+00 +1.0955e+00
88 +4.442119282e+01 +4.442119282e+01 +3.828211928e+02 +3.828211928e+02 +1.8951e+00 -2.2221e+00 +8.5232e-01 +1.5204e+00 +1.2650e+00
112 +2.281505313e+01 +2.281505313e+01 +3.612150531e+02 +3.612150531e+02 +1.9385e+00 -2.2318e+00 +1.0981e+00 +1.0287e+00 +5.6300e-01
402 +1.861732663e+01 +1.861732663e+01 +3.570173266e+02 +3.570173266e+02 +1.9021e+00 -3.0994e+00 +1.5903e+00 +1.1501e+00 +1.2184e+00
441 +1.547202753e+01 +1.547202753e+01 +3.538720275e+02 +3.538720275e+02 +1.9795e+00 -3.0876e+00 +1.4969e+00 +1.1507e+00 +1.2136e+00
456 +1.001167174e+01 +1.001167174e+01 +3.484116717e+02 +3.484116717e+02 +2.0830e+00 -3.1255e+00 +1.5443e+00 +1.0273e+00 +1.1881e+00
467 +8.737982268e+00 +8.737982268e+00 +3.471379823e+02 +3.471379823e+02 +2.1172e+00 -3.1294e+00 +1.4863e+00 +1.0133e+00 +1.2097e+00
489 +3.672253235e+00 +3.672253235e+00 +3.420722532e+02 +3.420722532e+02 +2.0993e+00 -3.1496e+00 +1.5262e+00 +1.0575e+00 +1.2226e+00
598 +3.129715467e+00 +3.129715467e+00 +3.415297155e+02 +3.415297155e+02 +2.1125e+00 -3.1807e+00 +1.5302e+00 +1.0778e+00 +1.2308e+00
611 +3.090218844e+00 +3.090218844e+00 +3.414902188e+02 +3.414902188e+02 +2.1354e+00 -3.1932e+00 +1.5251e+00 +1.0693e+00 +1.2334e+00
724 +3.003826533e+00 +3.003826533e+00 +3.414038265e+02 +3.414038265e+02 +2.1228e+00 -3.1981e+00 +1.5573e+00 +1.0769e+00 +1.2371e+00
726 +2.919123141e+00 +2.919123141e+00 +3.413191231e+02 +3.413191231e+02 +2.1343e+00 -3.1950e+00 +1.5606e+00 +1.0629e+00 +1.2388e+00
758 +2.869476414e+00 +2.869476414e+00 +3.412694764e+02 +3.412694764e+02 +2.1325e+00 -3.1870e+00 +1.5556e+00 +1.0616e+00 +1.2352e+00
777 +2.803934400e+00 +2.803934400e+00 +3.412039344e+02 +3.412039344e+02 +2.1266e+00 -3.1838e+00 +1.5497e+00 +1.0685e+00 +1.2345e+00
793 +2.752638010e+00 +2.752638010e+00 +3.411526380e+02 +3.411526380e+02 +2.1361e+00 -3.1758e+00 +1.5529e+00 +1.0660e+00 +1.2379e+00
794 +2.656575423e+00 +2.656575423e+00 +3.410565754e+02 +3.410565754e+02 +2.1280e+00 -3.1643e+00 +1.5417e+00 +1.0678e+00 +1.2364e+00
810 +2.616714182e+00 +2.616714182e+00 +3.410167142e+02 +3.410167142e+02 +2.1289e+00 -3.1593e+00 +1.5422e+00 +1.0683e+00 +1.2374e+00
843 +2.563350634e+00 +2.563350634e+00 +3.409633506e+02 +3.409633506e+02 +2.1286e+00 -3.1467e+00 +1.5445e+00 +1.0728e+00 +1.2381e+00
848 +2.476221037e+00 +2.476221037e+00 +3.408762210e+02 +3.408762210e+02 +2.1280e+00 -3.1323e+00 +1.5480e+00 +1.0708e+00 +1.2374e+00
858 +2.443248700e+00 +2.443248700e+00 +3.408432487e+02 +3.408432487e+02 +2.1236e+00 -3.1226e+00 +1.5419e+00 +1.0682e+00 +1.2378e+00
864 +2.356415885e+00 +2.356415885e+00 +3.407564159e+02 +3.407564159e+02 +2.1268e+00 -3.1091e+00 +1.5468e+00 +1.0730e+00 +1.2387e+00
873 +2.319044169e+00 +2.319044169e+00 +3.407190442e+02 +3.407190442e+02 +2.1265e+00 -3.0894e+00 +1.5488e+00 +1.0772e+00 +1.2396e+00
876 +2.259263847e+00 +2.259263847e+00 +3.406592638e+02 +3.406592638e+02 +2.1232e+00 -3.0888e+00 +1.5438e+00 +1.0724e+00 +1.2396e+00
882 +2.206357363e+00 +2.206357363e+00 +3.406063574e+02 +3.406063574e+02 +2.1244e+00 -3.0780e+00 +1.5417e+00 +1.0761e+00 +1.2390e+00
883 +2.084233475e+00 +2.084233475e+00 +3.404842335e+02 +3.404842335e+02 +2.1217e+00 -3.0597e+00 +1.5465e+00 +1.0733e+00 +1.2394e+00
947 +2.034030601e+00 +2.034030601e+00 +3.404340306e+02 +3.404340306e+02 +2.1230e+00 -3.0468e+00 +1.5430e+00 +1.0670e+00 +1.2374e+00
1104 +1.994489361e+00 +1.994489361e+00 +3.403944894e+02 +3.403944894e+02 +2.1338e+00 -3.0435e+00 +1.5488e+00 +1.0696e+00 +1.2383e+00
% function evaluation | noise-free fitness - Fopt (-4.940000000000e+01) | best noise-free fitness - Fopt | measured fitness | best measured fitness | x1 | x2...
1 +1.980011705e+02 +1.980011705e+02 +1.486011705e+02 +1.486011705e+02 +0.0000e+00 +0.0000e+00 +0.0000e+00 +0.0000e+00 +0.0000e+00
11 +1.873689785e+02 +1.873689785e+02 +1.379689785e+02 +1.379689785e+02 -8.0950e-02 +7.8213e-02 -5.1302e-01 +1.3692e+00 -4.8459e-02
13 +1.752189623e+02 +1.752189623e+02 +1.258189623e+02 +1.258189623e+02 +4.5711e-01 +8.1534e-01 +3.2915e-01 +1.6050e+00 +7.0031e-01
15 +1.285805519e+02 +1.285805519e+02 +7.918055193e+01 +7.918055193e+01 -2.3208e-01 +3.3285e-01 -1.6310e-01 +1.9790e+00 +1.3831e+00
23 +9.779669161e+01 +9.779669161e+01 +4.839669161e+01 +4.839669161e+01 -3.6068e-01 +6.1576e-01 -4.3013e-01 +2.4770e+00 +1.9982e+00
40 +7.363583454e+01 +7.363583454e+01 +2.423583454e+01 +2.423583454e+01 -1.0617e+00 +1.5984e+00 -6.7435e-01 +6.2640e-01 +3.4834e+00
53 +7.068512340e+01 +7.068512340e+01 +2.128512340e+01 +2.128512340e+01 -2.2649e-01 +1.3548e+00 +1.0092e-01 +3.6913e-01 +2.2613e+00
60 +6.232688134e+01 +6.232688134e+01 +1.292688134e+01 +1.292688134e+01 -1.0607e+00 +1.4294e+00 -1.5594e+00 +1.0000e+00 +3.3787e+00
84 +5.933678774e+01 +5.933678774e+01 +9.936787741e+00 +9.936787741e+00 -9.5568e-02 +4.7317e-01 -1.5848e+00 +6.7479e-01 +3.1056e+00
89 +4.860176073e+01 +4.860176073e+01 -7.982392701e-01 -7.982392701e-01 -1.0606e+00 +1.3035e+00 -9.3557e-01 +1.0958e+00 +3.5491e+00
125 +4.445091807e+01 +4.445091807e+01 -4.949081930e+00 -4.949081930e+00 -1.1318e+00 +1.2301e+00 -9.3141e-01 +2.3635e+00 +3.3802e+00
372 +4.287003266e+01 +4.287003266e+01 -6.529967338e+00 -6.529967338e+00 -6.7178e-02 +2.1211e+00 -4.5780e-01 +6.1231e-01 +3.5773e+00
408 +4.052589885e+01 +4.052589885e+01 -8.874101148e+00 -8.874101148e+00 +1.9101e-01 +2.2614e+00 +1.2864e-01 +6.0774e-01 +3.4788e+00
439 +2.993893124e+01 +2.993893124e+01 -1.946106876e+01 -1.946106876e+01 -5.7502e-02 +1.9535e+00 -3.8341e-01 +6.5750e-01 +3.4403e+00
540 +2.703783082e+01 +2.703783082e+01 -2.236216918e+01 -2.236216918e+01 +6.3245e-02 +1.9939e+00 -5.1154e-01 +6.1291e-01 +3.4407e+00
563 +2.607499186e+01 +2.607499186e+01 -2.332500814e+01 -2.332500814e+01 +1.2138e-02 +2.0344e+00 -4.1253e-01 +5.7812e-01 +3.4135e+00
568 +2.550128682e+01 +2.550128682e+01 -2.389871318e+01 -2.389871318e+01 +5.7397e-02 +1.9875e+00 -4.3339e-01 +6.3055e-01 +3.4290e+00
622 +2.510881811e+01 +2.510881811e+01 -2.429118189e+01 -2.429118189e+01 +1.3841e-02 +2.0194e+00 -4.5688e-01 +5.9802e-01 +3.4523e+00
635 +2.402598199e+01 +2.402598199e+01 -2.537401801e+01 -2.537401801e+01 -2.6861e-02 +2.0242e+00 -4.6319e-01 +6.0752e-01 +3.4375e+00
664 +2.370180008e+01 +2.370180008e+01 -2.569819992e+01 -2.569819992e+01 -3.0536e-02 +2.0255e+00 -4.4351e-01 +6.0725e-01 +3.4297e+00
782 +2.343404356e+01 +2.343404356e+01 -2.596595644e+01 -2.596595644e+01 +2.2909e-03 +2.0475e+00 -4.3840e-01 +6.0971e-01 +3.4308e+00
884 +2.290195470e+01 +2.290195470e+01 -2.649804530e+01 -2.649804530e+01 -3.4409e-06 +2.1480e+00 -4.3736e-01 +6.0619e-01 +3.4294e+00
% function evaluation | noise-free fitness - Fopt (-5.557000000000e+01) | best noise-free fitness - Fopt | measured fitness | best measured fitness | x1 | x2...
1 +1.375951538e+02 +1.375951538e+02 +8.202515376e+01 +8.202515376e+01 +0.0000e+00 +0.0000e+00 +0.0000e+00 +0.0000e+00 +0.0000e+00
6 +7.698111213e+01 +7.698111213e+01 +2.141111213e+01 +2.141111213e+01 -1.2184e+00 +1.4986e+00 +5.5635e-01 +1.7310e+00 +8.5759e-01
61 +5.972166088e+01 +5.972166088e+01 +4.151660880e+00 +4.151660880e+00 -1.1661e+00 +1.3850e+00 +2.5536e-01 +2.8468e+00 +1.7006e+00
85 +4.465442815e+01 +4.465442815e+01 -1.091557185e+01 -1.091557185e+01 +8.2248e-01 +8.1728e-01 +2.6405e-01 +2.9597e+00 +1.2123e+00
119 +4.284234945e+01 +4.284234945e+01 -1.272765055e+01 -1.272765055e+01 +2.6808e+00 +1.8339e-01 +4.6417e-01 +3.2989e+00 +1.1291e+00
188 +3.523585833e+01 +3.523585833e+01 -2.033414167e+01 -2.033414167e+01 +2.1733e+00 -7.5545e-01 -2.5355e-01 +2.8743e+00 +1.0550e+00
251 +3.291061341e+01 +3.291061341e+01 -2.265938659e+01 -2.265938659e+01 +2.0416e+00 -6.4550e-01 -2.6670e-01 +2.9007e+00 +8.2187e-01
285 +3.188127000e+01 +3.188127000e+01 -2.368873000e+01 -2.368873000e+01 +2.1735e+00 -7.3872e-01 -1.4218e-01 +2.8921e+00 +1.1387e+00
297 +2.896284490e+01 +2.896284490e+01 -2.660715510e+01 -2.660715510e+01 +2.1130e+00 -7.2985e-01 -1.9006e-01 +2.8745e+00 +1.1462e+00
303 +2.874080179e+01 +2.874080179e+01 -2.682919821e+01 -2.682919821e+01 +2.1155e+00 -6.4157e-01 -2.0984e-01 +2.9269e+00 +1.1195e+00
321 +2.652157885e+01 +2.652157885e+01 -2.904842115e+01 -2.904842115e+01 +2.0664e+00 -6.7221e-01 -2.0210e-01 +2.8962e+00 +1.1345e+00
342 +2.555950188e+01 +2.555950188e+01 -3.001049812e+01 -3.001049812e+01 +2.0660e+00 -6.9242e-01 -2.4237e-01 +2.9092e+00 +1.1160e+00
418 +2.506477150e+01 +2.506477150e+01 -3.050522850e+01 -3.050522850e+01 +2.0145e+00 -6.8630e-01 -2.3278e-01 +2.8933e+00 +1.1235e+00
% function evaluation | noise-free fitness - Fopt (-1.412700000000e+02) | best noise-free fitness - Fopt | measured fitness | best measured fitness | x1 | x2...
1 +8.762152488e+01 +8.762152488e+01 -5.364847512e+01 -5.364847512e+01 +0.0000e+00 +0.0000e+00 +0.0000e+00 +0.0000e+00 +0.0000e+00
9 +7.839985100e+01 +7.839985100e+01 -6.287014900e+01 -6.287014900e+01 +3.9622e-01 -3.2698e-01 -1.7586e+00 -4.4409e-01 -1.0683e-01
18 +6.834603627e+01 +6.834603627e+01 -7.292396373e+01 -7.292396373e+01 -1.7591e-01 +5.7063e-01 -2.5186e-01 -2.9444e-01 +9.0523e-02
19 +3.316108041e+01 +3.316108041e+01 -1.081089196e+02 -1.081089196e+02 +1.0850e+00 +1.1013e+00 -9.8653e-01 -3.9819e-01 +1.8259e-01
378 +3.080213972e+01 +3.080213972e+01 -1.104678603e+02 -1.104678603e+02 +1.9016e+00 +3.5492e+00 -1.6497e+00 -3.9140e-01 +5.5101e-01
437 +2.652603393e+01 +2.652603393e+01 -1.147439661e+02 -1.147439661e+02 +1.8205e+00 +3.4497e+00 -1.7583e+00 -4.4855e-01 +5.2148e-01
462 +2.609830020e+01 +2.609830020e+01 -1.151716998e+02 -1.151716998e+02 +1.8674e+00 +3.3189e+00 -1.7083e+00 -3.7798e-01 +5.2849e-01
495 +2.418614308e+01 +2.418614308e+01 -1.170838569e+02 -1.170838569e+02 +1.8654e+00 +3.4935e+00 -1.8249e+00 -3.5063e-01 +5.1877e-01
505 +2.195335537e+01 +2.195335537e+01 -1.193166446e+02 -1.193166446e+02 +1.8380e+00 +3.4830e+00 -1.7655e+00 -4.1129e-01 +5.4469e-01
517 +2.171991108e+01 +2.171991108e+01 -1.195500889e+02 -1.195500889e+02 +1.8653e+00 +3.4599e+00 -1.7508e+00 -3.7843e-01 +5.2415e-01
543 +2.033025311e+01 +2.033025311e+01 -1.209397469e+02 -1.209397469e+02 +1.8265e+00 +3.4687e+00 -1.7524e+00 -3.5785e-01 +5.5004e-01
577 +1.900300434e+01 +1.900300434e+01 -1.222669957e+02 -1.222669957e+02 +1.8579e+00 +3.4376e+00 -1.7812e+00 -3.7476e-01 +5.5322e-01
% function evaluation | noise-free fitness - Fopt (1.822100000000e+02) | best noise-free fitness - Fopt | measured fitness | best measured fitness | x1 | x2...
1 +1.397251727e+02 +1.397251727e+02 +3.219351727e+02 +3.219351727e+02 +0.0000e+00 +0.0000e+00 +0.0000e+00 +0.0000e+00 +0.0000e+00
14 +1.113213305e+02 +1.113213305e+02 +2.935313305e+02 +2.935313305e+02 -7.7993e-01 -2.7839e+00 -3.8217e-01 +7.0098e-01 +4.6952e-01
34 +8.837721477e+01 +8.837721477e+01 +2.705872148e+02 +2.705872148e+02 -1.1648e+00 -4.1143e-01 -4.9373e-01 +8.1600e-01 +5.3263e-01
37 +8.144402176e+01 +8.144402176e+01 +2.636540218e+02 +2.636540218e+02 -3.0720e-01 -1.8685e+00 -7.0976e-01 +1.2916e+00 +2.6018e-01
46 +7.859449021e+01 +7.859449021e+01 +2.608044902e+02 +2.608044902e+02 +1.3422e+00 -1.0706e+00 -3.5210e-01 +2.3751e+00 -2.0349e-01
50 +7.632045924e+01 +7.632045924e+01 +2.585304592e+02 +2.585304592e+02 -6.6289e-01 -1.1152e+00 -1.0425e+00 +1.1967e+00 -2.0758e-01
55 +7.548333600e+01 +7.548333600e+01 +2.576933360e+02 +2.576933360e+02 -6.4841e-02 -1.0588e+00 -9.6674e-01 +1.6799e+00 -6.7850e-01
72 +4.964940560e+01 +4.964940560e+01 +2.318594056e+02 +2.318594056e+02 -1.7921e-01 -2.5443e+00 -1.0697e+00 +2.1966e+00 -7.6268e-01
157 +3.493690971e+01 +3.493690971e+01 +2.171469097e+02 +2.171469097e+02 -1.4573e+00 -4.1324e+00 -7.0078e-02 +2.5838e+00 +1.4100e-01
158 +3.449407899e+01 +3.449407899e+01 +2.167040790e+02 +2.167040790e+02 -1.4341e+00 -4.1355e+00 -6.7664e-01 +3.3298e+00 -5.0786e-01
266 +3.358230060e+01 +3.358230060e+01 +2.157923006e+02 +2.157923006e+02 -1.2636e+00 -4.0702e+00 -5.2982e-01 +3.8267e+00 -6.7488e-02
279 +3.156608186e+01 +3.156608186e+01 +2.137760819e+02 +2.137760819e+02 -1.2538e+00 -3.9089e+00 -5.6505e-01 +3.8269e+00 -1.5355e-01
287 +2.947626145e+01 +2.947626145e+01 +2.116862615e+02 +2.116862615e+02 -1.2610e+00 -3.3797e+00 -5.4980e-01 +3.7238e+00 -1.1637e-01
313 +2.268972498e+01 +2.268972498e+01 +2.048997250e+02 +2.048997250e+02 -1.3485e+00 -2.5711e+00 -5.5463e-01 +4.1403e+00 -2.0285e-01
333 +1.542973181e+01 +1.542973181e+01 +1.976397318e+02 +1.976397318e+02 -1.2191e+00 -3.2827e+00 -6.0580e-01 +3.7901e+00 -2.2803e-01
% function evaluation | noise-free fitness - Fopt (8.191000000000e+01) | best noise-free fitness - Fopt | measured fitness | best measured fitness | x1 | x2...
1 +2.145374042e+02 +2.145374042e+02 +2.964474042e+02 +2.964474042e+02 +0.0000e+00 +0.0000e+00 +0.0000e+00 +0.0000e+00 +0.0000e+00
2 +1.115987208e+02 +1.115987208e+02 +1.935087208e+02 +1.935087208e+02 -1.9045e-01 -1.2922e+00 -8.8381e-01 -2.7353e-01 +2.4536e+00
12 +1.002309714e+02 +1.002309714e+02 +1.821409714e+02 +1.821409714e+02 -5.9727e-01 +7.5718e-01 -1.5647e-01 -1.4670e+00 +2.2969e+00
19 +8.387576680e+01 +8.387576680e+01 +1.657857668e+02 +1.657857668e+02 -3.1985e-01 -2.1048e+00 -2.5357e-01 -1.2554e+00 +3.1069e+00
46 +8.290484859e+01 +8.290484859e+01 +1.648148486e+02 +1.648148486e+02 -1.5577e+00 -9.6459e-01 -9.5180e-01 -4.4625e-01 +3.3357e+00
53 +4.392353049e+01 +4.392353049e+01 +1.258335305e+02 +1.258335305e+02 -1.7137e+00 -2.9393e-02 -8.9501e-01 -1.7001e+00 +2.5424e+00
162 +3.716099390e+01 +3.716099390e+01 +1.190709939e+02 +1.190709939e+02 -2.7946e+00 +1.6870e-01 +9.8978e-02 -1.7429e+00 +3.5386e+00
169 +3.477505934e+01 +3.477505934e+01 +1.166850593e+02 +1.166850593e+02 -2.8278e+00 -5.8035e-01 +2.0714e-01 -1.6213e+00 +3.3072e+00
224 +3.385155999e+01 +3.385155999e+01 +1.157615600e+02 +1.157615600e+02 -1.5235e+00 +6.3704e-02 +5.5594e-02 -2.8149e+00 +2.6226e+00
233 +2.476096333e+01 +2.476096333e+01 +1.066709633e+02 +1.066709633e+02 -1.7217e+00 +1.4222e-01 +2.0604e-01 -2.7398e+00 +2.5829e+00
286 +2.360162866e+01 +2.360162866e+01 +1.055116287e+02 +1.055116287e+02 -1.9357e+00 +3.0421e-01 -4.8720e-01 -2.7561e+00 +2.8979e+00
293 +1.524937140e+01 +1.524937140e+01 +9.715937140e+01 +9.715937140e+01 -1.7696e+00 +3.8543e-01 -3.9353e-01 -2.8005e+00 +2.8683e+00
366 +1.503904730e+01 +1.503904730e+01 +9.694904730e+01 +9.694904730e+01 -1.7574e+00 +2.2476e-01 -3.9212e-01 -2.8105e+00 +2.8786e+00
389 +1.466814688e+01 +1.466814688e+01 +9.657814688e+01 +9.657814688e+01 -1.6760e+00 +2.2056e-01 -4.0355e-01 -2.8112e+00 +2.8439e+00
409 +1.407811380e+01 +1.407811380e+01 +9.598811380e+01 +9.598811380e+01 -1.6569e+00 +2.7521e-01 -4.3724e-01 -2.7991e+00 +2.8506e+00
413 +1.318545889e+01 +1.318545889e+01 +9.509545889e+01 +9.509545889e+01 -1.7095e+00 +3.1141e-01 -4.1870e-01 -2.8139e+00 +2.8618e+00
471 +1.302186995e+01 +1.302186995e+01 +9.493186995e+01 +9.493186995e+01 -1.7123e+00 +3.2596e-01 -4.3723e-01 -2.8146e+00 +2.8571e+00
