% function evaluation | noise-free fitness - Fopt (1.238300000000e+02) | best noise-free fitness - Fopt | measured fitness | best measured fitness | x1 | x2...
1 +6.500000000e+00 +6.500000000e+00 +1.303300000e+02 +1.303300000e+02 +0.0000e+00 +0.0000e+00
9 +3.748742410e+00 +3.748742410e+00 +1.275787424e+02 +1.275787424e+02 +1.2615e+00 -7.2462e-01
28 +3.324842567e+00 +3.324842567e+00 +1.271548426e+02 +1.271548426e+02 +8.2219e-01 -7.7976e-01
29 +1.169274042e+00 +1.169274042e+00 +1.249992740e+02 +1.249992740e+02 +6.4353e-02 -6.8581e-01
100 +6.847041267e-01 +6.847041267e-01 +1.245147041e+02 +1.245147041e+02 -7.3498e-02 -5.5904e-01
101 +6.088198915e-01 +6.088198915e-01 +1.244388199e+02 +1.244388199e+02 -1.2551e-01 -2.5272e-02
112 +4.118283227e-01 +4.118283227e-01 +1.242418283e+02 +1.242418283e+02 -1.5351e-01 -3.6956e-01
129 +3.636453826e-01 +3.636453826e-01 +1.241936454e+02 +1.241936454e+02 -1.4579e-01 -1.4194e-01
133 +3.290822935e-01 +3.290822935e-01 +1.241590823e+02 +1.241590823e+02 -1.8895e-01 -1.9874e-01
146 +3.163256170e-01 +3.163256170e-01 +1.241463256e+02 +1.241463256e+02 -1.6380e-01 -2.7033e-01
188 +2.498665299e-01 +2.498665299e-01 +1.240798665e+02 +1.240798665e+02 -1.7181e-01 -1.8468e-01
227 +2.150503260e-01 +2.150503260e-01 +1.240450503e+02 +1.240450503e+02 -1.7851e-01 -1.1746e-01
236 +1.858559916e-01 +1.858559916e-01 +1.240158560e+02 +1.240158560e+02 -1.7531e-01 -7.7240e-02
242 +1.482344277e-01 +1.482344277e-01 +1.239782344e+02 +1.239782344e+02 -1.6946e-01 -1.1740e-02
272 +1.471793582e-01 +1.471793582e-01 +1.239771794e+02 +1.239771794e+02 -1.6573e-01 -7.8516e-03
290 +1.402123038e-01 +1.402123038e-01 +1.239702123e+02 +1.239702123e+02 -1.7056e-01 +1.3984e-02
294 +1.337432383e-01 +1.337432383e-01 +1.239637432e+02 +1.239637432e+02 -1.6559e-01 +1.8399e-02
302 +1.155723789e-01 +1.155723789e-01 +1.239455724e+02 +1.239455724e+02 -1.6399e-01 +6.2545e-02
312 +1.058246301e-01 +1.058246301e-01 +1.239358246e+02 +1.239358246e+02 -1.6271e-01 +1.0000e-01
316 +1.045886229e-01 +1.045886229e-01 +1.239345886e+02 +1.239345886e+02 -1.6226e-01 +1.0134e-01
325 +8.626478377e-02 +8.626478377e-02 +1.239162648e+02 +1.239162648e+02 -1.5453e-01 +1.7808e-01
334 +6.056558409e-02 +6.056558409e-02 +1.238905656e+02 +1.238905656e+02 -1.4098e-01 +2.2189e-01
342 +5.799567816e-02 +5.799567816e-02 +1.238879957e+02 +1.238879957e+02 -1.2643e-01 +3.5199e-01
346 +3.389348533e-02 +3.389348533e-02 +1.238638935e+02 +1.238638935e+02 -1.1987e-01 +3.3685e-01
353 +2.827161552e-02 +2.827161552e-02 +1.238582716e+02 +1.238582716e+02 -1.1540e-01 +3.6638e-01
359 +2.480393363e-02 +2.480393363e-02 +1.238548039e+02 +1.238548039e+02 -1.1015e-01 +3.8645e-01
362 +1.633402894e-02 +1.633402894e-02 +1.238463340e+02 +1.238463340e+02 -9.5145e-02 +4.6835e-01
364 +1.314180492e-02 +1.314180492e-02 +1.238431418e+02 +1.238431418e+02 -9.2022e-02 +4.6959e-01
382 +8.187986829e-03 +8.187986829e-03 +1.238381880e+02 +1.238381880e+02 -7.4537e-02 +5.3439e-01
384 +6.739682923e-03 +6.739682923e-03 +1.238367397e+02 +1.238367397e+02 -6.4743e-02 +5.7052e-01
398 +4.664977243e-03 +4.664977243e-03 +1.238346650e+02 +1.238346650e+02 -5.8068e-02 +5.9724e-01
407 +1.331004570e-04 +1.331004570e-04 +1.238301331e+02 +1.238301331e+02 -3.6539e-02 +6.8312e-01
458 +8.392257055e-05 +8.392257055e-05 +1.238300839e+02 +1.238300839e+02 -3.5502e-02 +6.8791e-01
462 +8.388131562e-06 +8.388131562e-06 +1.238300084e+02 +1.238300084e+02 -2.9132e-02 +7.0928e-01
466 +7.450864103e-06 +7.450864103e-06 +1.238300075e+02 +1.238300075e+02 -2.8553e-02 +7.1187e-01
494 +6.155112970e-07 +6.155112970e-07 +1.238300006e+02 +1.238300006e+02 -3.0313e-02 +7.0549e-01
510 +2.855123000e-07 +2.855123000e-07 +1.238300003e+02 +1.238300003e+02 -3.0376e-02 +7.0535e-01
727 +2.082423123e-08 +2.082423123e-08 +1.238300000e+02 +1.238300000e+02 -2.9994e-02 +7.0668e-01
822 +4.511875318e-09 +4.511875318e-09 +1.238300000e+02 +1.238300000e+02 -3.0100e-02 +7.0634e-01
15432 +0.000000000e+00 +0.000000000e+00 +1.238300000e+02 +1.238300000e+02 -3.0061e-02 +7.0647e-01
% function evaluation | noise-free fitness - Fopt (4.751000000000e+01) | best noise-free fitness - Fopt | measured fitness | best measured fitness | x1 | x2...
1 +6.500000000e+00 +6.500000000e+00 +5.401000000e+01 +5.401000000e+01 +0.0000e+00 +0.0000e+00
3 +3.208995112e+00 +3.208995112e+00 +5.071899511e+01 +5.071899511e+01 -4.1875e-01 +3.9098e-02
26 +2.441544221e+00 +2.441544221e+00 +4.995154422e+01 +4.995154422e+01 -9.5624e-01 -4.1385e-01
68 +2.286800592e+00 +2.286800592e+00 +4.979680059e+01 +4.979680059e+01 -1.4112e-01 +2.8919e-01
71 +6.672500174e-01 +6.672500174e-01 +4.817725002e+01 +4.817725002e+01 -1.8999e-01 +2.4100e-01
92 +4.907002550e-01 +4.907002550e-01 +4.800070026e+01 +4.800070026e+01 -4.1796e-01 +1.8953e-01
126 +2.834800624e-01 +2.834800624e-01 +4.779348006e+01 +4.779348006e+01 -2.0334e-01 +2.0030e-01
179 +2.648735342e-01 +2.648735342e-01 +4.777487353e+01 +4.777487353e+01 -1.2876e-01 +1.7693e-01
182 +7.744986075e-02 +7.744986075e-02 +4.758744986e+01 +4.758744986e+01 +1.8350e-01 +1.2708e-01
257 +5.229529393e-02 +5.229529393e-02 +4.756229529e+01 +4.756229529e+01 +2.9628e-01 +9.7368e-02
259 +2.520388050e-02 +2.520388050e-02 +4.753520388e+01 +4.753520388e+01 +4.0152e-01 +5.5201e-02
284 +4.674539104e-04 +4.674539104e-04 +4.751046745e+01 +4.751046745e+01 +7.1130e-01 -6.8013e-02
406 +1.876371535e-04 +1.876371535e-04 +4.751018764e+01 +4.751018764e+01 +6.8451e-01 -5.4799e-02
498 +1.630488948e-04 +1.630488948e-04 +4.751016305e+01 +4.751016305e+01 +6.7839e-01 -5.2716e-02
541 +1.225317342e-04 +1.225317342e-04 +4.751012253e+01 +4.751012253e+01 +6.8250e-01 -5.4559e-02
588 +1.168281073e-04 +1.168281073e-04 +4.751011683e+01 +4.751011683e+01 +6.8378e-01 -5.5162e-02
591 +1.072020406e-04 +1.072020406e-04 +4.751010720e+01 +4.751010720e+01 +6.9872e-01 -6.0972e-02
597 +3.970706229e-05 +3.970706229e-05 +4.751003971e+01 +4.751003971e+01 +6.9261e-01 -5.8930e-02
602 +2.837828734e-05 +2.837828734e-05 +4.751002838e+01 +4.751002838e+01 +6.9508e-01 -6.0013e-02
613 +2.486037907e-05 +2.486037907e-05 +4.751002486e+01 +4.751002486e+01 +7.0382e-01 -6.3445e-02
630 +4.761773063e-06 +4.761773063e-06 +4.751000476e+01 +4.751000476e+01 +7.0717e-01 -6.5237e-02
667 +1.050916822e-06 +1.050916822e-06 +4.751000105e+01 +4.751000105e+01 +7.0344e-01 -6.3571e-02
730 +9.881806875e-07 +9.881806875e-07 +4.751000099e+01 +4.751000099e+01 +7.0230e-01 -6.3040e-02
742 +3.214790922e-07 +3.214790922e-07 +4.751000032e+01 +4.751000032e+01 +7.0308e-01 -6.3362e-02
795 +2.868021980e-07 +2.868021980e-07 +4.751000029e+01 +4.751000029e+01 +7.0312e-01 -6.3384e-02
820 +2.557801935e-07 +2.557801935e-07 +4.751000026e+01 +4.751000026e+01 +7.0320e-01 -6.3415e-02
823 +2.425847114e-07 +2.425847114e-07 +4.751000024e+01 +4.751000024e+01 +7.0323e-01 -6.3439e-02
847 +2.366264624e-07 +2.366264624e-07 +4.751000024e+01 +4.751000024e+01 +7.0323e-01 -6.3429e-02
849 +1.968115271e-07 +1.968115271e-07 +4.751000020e+01 +4.751000020e+01 +7.0331e-01 -6.3466e-02
861 +1.476029112e-07 +1.476029112e-07 +4.751000015e+01 +4.751000015e+01 +7.0344e-01 -6.3520e-02
869 +1.085756480e-07 +1.085756480e-07 +4.751000011e+01 +4.751000011e+01 +7.0355e-01 -6.3569e-02
888 +9.736692874e-08 +9.736692874e-08 +4.751000010e+01 +4.751000010e+01 +7.0365e-01 -6.3609e-02
940 +9.223791153e-08 +9.223791153e-08 +4.751000009e+01 +4.751000009e+01 +7.0360e-01 -6.3594e-02
944 +8.894288328e-08 +8.894288328e-08 +4.751000009e+01 +4.751000009e+01 +7.0361e-01 -6.3596e-02
958 +8.382682637e-08 +8.382682637e-08 +4.751000008e+01 +4.751000008e+01 +7.0365e-01 -6.3612e-02
963 +8.309679345e-08 +8.309679345e-08 +4.751000008e+01 +4.751000008e+01 +7.0366e-01 -6.3614e-02
968 +7.162424964e-08 +7.162424964e-08 +4.751000007e+01 +4.751000007e+01 +7.0367e-01 -6.3624e-02
975 +6.676807374e-08 +6.676807374e-08 +4.751000007e+01 +4.751000007e+01 +7.0373e-01 -6.3646e-02
983 +5.668008640e-08 +5.668008640e-08 +4.751000006e+01 +4.751000006e+01 +7.0375e-01 -6.3655e-02
985 +5.544853110e-08 +5.544853110e-08 +4.751000006e+01 +4.751000006e+01 +7.0373e-01 -6.3653e-02
1038 +5.381351542e-08 +5.381351542e-08 +4.751000005e+01 +4.751000005e+01 +7.0374e-01 -6.3656e-02
1054 +4.962555522e-08 +4.962555522e-08 +4.751000005e+01 +4.751000005e+01 +7.0376e-01 -6.3664e-02
1092 +4.835126077e-08 +4.835126077e-08 +4.751000005e+01 +4.751000005e+01 +7.0377e-01 -6.3667e-02
1095 +4.690995326e-08 +4.690995326e-08 +4.751000005e+01 +4.751000005e+01 +7.0377e-01 -6.3670e-02
1096 +4.484611082e-08 +4.484611082e-08 +4.751000004e+01 +4.751000004e+01 +7.0378e-01 -6.3676e-02
1097 +4.365468698e-08 +4.365468698e-08 +4.751000004e+01 +4.751000004e+01 +7.0379e-01 -6.3676e-02
1109 +4.245023888e-08 +4.245023888e-08 +4.751000004e+01 +4.751000004e+01 +7.0380e-01 -6.3679e-02
1114 +4.138327370e-08 +4.138327370e-08 +4.751000004e+01 +4.751000004e+01 +7.0380e-01 -6.3682e-02
1135 +3.979286589e-08 +3.979286589e-08 +4.751000004e+01 +4.751000004e+01 +7.0381e-01 -6.3690e-02
1144 +3.653450165e-08 +3.653450165e-08 +4.751000004e+01 +4.751000004e+01 +7.0383e-01 -6.3693e-02
1165 +3.399716064e-08 +3.399716064e-08 +4.751000003e+01 +4.751000003e+01 +7.0384e-01 -6.3699e-02
1175 +3.381798308e-08 +3.381798308e-08 +4.751000003e+01 +4.751000003e+01 +7.0384e-01 -6.3699e-02
1185 +3.170030283e-08 +3.170030283e-08 +4.751000003e+01 +4.751000003e+01 +7.0385e-01 -6.3707e-02
1194 +3.090290335e-08 +3.090290335e-08 +4.751000003e+01 +4.751000003e+01 +7.0386e-01 -6.3706e-02
1195 +2.965003887e-08 +2.965003887e-08 +4.751000003e+01 +4.751000003e+01 +7.0386e-01 -6.3710e-02
1197 +2.780593888e-08 +2.780593888e-08 +4.751000003e+01 +4.751000003e+01 +7.0388e-01 -6.3719e-02
1205 +2.717062131e-08 +2.717062131e-08 +4.751000003e+01 +4.751000003e+01 +7.0390e-01 -6.3726e-02
1209 +2.673191801e-08 +2.673191801e-08 +4.751000003e+01 +4.751000003e+01 +7.0389e-01 -6.3721e-02
1211 +2.438176949e-08 +2.438176949e-08 +4.751000002e+01 +4.751000002e+01 +7.0390e-01 -6.3728e-02
1216 +2.303583813e-08 +2.303583813e-08 +4.751000002e+01 +4.751000002e+01 +7.0391e-01 -6.3732e-02
1217 +2.280727074e-08 +2.280727074e-08 +4.751000002e+01 +4.751000002e+01 +7.0391e-01 -6.3730e-02
1219 +1.807312344e-08 +1.807312344e-08 +4.751000002e+01 +4.751000002e+01 +7.0396e-01 -6.3754e-02
1223 +1.745588918e-08 +1.745588918e-08 +4.751000002e+01 +4.751000002e+01 +7.0397e-01 -6.3757e-02
1227 +1.446828435e-08 +1.446828435e-08 +4.751000001e+01 +4.751000001e+01 +7.0400e-01 -6.3770e-02
1229 +1.311126141e-08 +1.311126141e-08 +4.751000001e+01 +4.751000001e+01 +7.0400e-01 -6.3773e-02
1232 +7.290623216e-09 +7.290623216e-09 +4.751000001e+01 +4.751000001e+01 +7.0407e-01 -6.3801e-02
1625 +0.000000000e+00 +0.000000000e+00 +4.751000000e+01 +4.751000000e+01 +7.0422e-01 -6.3864e-02
% function evaluation | noise-free fitness - Fopt (5.534000000000e+01) | best noise-free fitness - Fopt | measured fitness | best measured fitness | x1 | x2...
1 +6.500000000e+00 +6.500000000e+00 +6.184000000e+01 +6.184000000e+01 +0.0000e+00 +0.0000e+00
8 +7.454892577e-01 +7.454892577e-01 +5.608548926e+01 +5.608548926e+01 +5.1722e-01 +5.7840e-02
37 +4.956685563e-01 +4.956685563e-01 +5.583566856e+01 +5.583566856e+01 +3.4141e-01 -1.1152e-01
42 +3.309724019e-01 +3.309724019e-01 +5.567097240e+01 +5.567097240e+01 +2.2484e-01 -1.4082e-01
54 +2.800800756e-01 +2.800800756e-01 +5.562008008e+01 +5.562008008e+01 +1.7375e-01 -1.5182e-01
69 +1.677368739e-01 +1.677368739e-01 +5.550773687e+01 +5.550773687e+01 -2.0518e-02 -1.5843e-01
73 +1.465103808e-01 +1.465103808e-01 +5.548651038e+01 +5.548651038e+01 +1.9706e-02 -1.5880e-01
90 +1.442258401e-01 +1.442258401e-01 +5.548422584e+01 +5.548422584e+01 -4.6850e-02 -1.8806e-01
105 +1.245071512e-01 +1.245071512e-01 +5.546450715e+01 +5.546450715e+01 -1.0644e-01 -1.9522e-01
111 +1.099700771e-01 +1.099700771e-01 +5.544997008e+01 +5.544997008e+01 -3.3880e-02 -1.7551e-01
127 +9.327569978e-02 +9.327569978e-02 +5.543327570e+01 +5.543327570e+01 -1.0274e-01 -1.8858e-01
133 +9.059545539e-02 +9.059545539e-02 +5.543059546e+01 +5.543059546e+01 -8.9707e-02 -1.7914e-01
183 +8.186947200e-02 +8.186947200e-02 +5.542186947e+01 +5.542186947e+01 -1.5141e-01 -1.8176e-01
184 +8.063389942e-02 +8.063389942e-02 +5.542063390e+01 +5.542063390e+01 -1.1405e-01 -1.8402e-01
211 +7.617640150e-02 +7.617640150e-02 +5.541617640e+01 +5.541617640e+01 -1.3475e-01 -1.8917e-01
212 +6.435180810e-02 +6.435180810e-02 +5.540435181e+01 +5.540435181e+01 -1.6774e-01 -1.8912e-01
232 +6.276565462e-02 +6.276565462e-02 +5.540276565e+01 +5.540276565e+01 -1.7356e-01 -1.9085e-01
242 +6.140522857e-02 +6.140522857e-02 +5.540140523e+01 +5.540140523e+01 -1.8214e-01 -1.9279e-01
256 +5.260175667e-02 +5.260175667e-02 +5.539260176e+01 +5.539260176e+01 -2.1236e-01 -1.9252e-01
277 +3.985702715e-02 +3.985702715e-02 +5.537985703e+01 +5.537985703e+01 -2.8431e-01 -1.9471e-01
281 +3.688971816e-02 +3.688971816e-02 +5.537688972e+01 +5.537688972e+01 -2.9536e-01 -1.9566e-01
282 +3.361571057e-02 +3.361571057e-02 +5.537361571e+01 +5.537361571e+01 -3.0619e-01 -2.0103e-01
287 +2.951782643e-02 +2.951782643e-02 +5.536951783e+01 +5.536951783e+01 -3.9225e-01 -1.9664e-01
289 +2.037761403e-02 +2.037761403e-02 +5.536037761e+01 +5.536037761e+01 -3.8115e-01 -2.0045e-01
305 +1.430904029e-02 +1.430904029e-02 +5.535430904e+01 +5.535430904e+01 -4.9503e-01 -2.0718e-01
307 +6.009278302e-05 +6.009278302e-05 +5.534006009e+01 +5.534006009e+01 -6.8097e-01 -1.9995e-01
474 +4.911000357e-05 +4.911000357e-05 +5.534004911e+01 +5.534004911e+01 -6.6489e-01 -2.0001e-01
525 +2.757146535e-05 +2.757146535e-05 +5.534002757e+01 +5.534002757e+01 -6.7945e-01 -1.9989e-01
545 +2.229475256e-05 +2.229475256e-05 +5.534002229e+01 +5.534002229e+01 -6.8887e-01 -1.9929e-01
563 +1.578149477e-05 +1.578149477e-05 +5.534001578e+01 +5.534001578e+01 -6.8197e-01 -1.9973e-01
564 +2.283167774e-06 +2.283167774e-06 +5.534000228e+01 +5.534000228e+01 -6.7798e-01 -1.9965e-01
584 +2.040644731e-06 +2.040644731e-06 +5.534000204e+01 +5.534000204e+01 -6.8152e-01 -1.9958e-01
649 +9.853386658e-07 +9.853386658e-07 +5.534000099e+01 +5.534000099e+01 -6.8007e-01 -1.9961e-01
656 +6.066739573e-07 +6.066739573e-07 +5.534000061e+01 +5.534000061e+01 -6.7794e-01 -1.9968e-01
665 +5.482014487e-07 +5.482014487e-07 +5.534000055e+01 +5.534000055e+01 -6.7924e-01 -1.9964e-01
688 +3.607360952e-07 +3.607360952e-07 +5.534000036e+01 +5.534000036e+01 -6.7936e-01 -1.9968e-01
691 +1.379033279e-07 +1.379033279e-07 +5.534000014e+01 +5.534000014e+01 -6.7915e-01 -1.9967e-01
722 +1.005859787e-07 +1.005859787e-07 +5.534000010e+01 +5.534000010e+01 -6.7901e-01 -1.9967e-01
767 +9.071840168e-08 +9.071840168e-08 +5.534000009e+01 +5.534000009e+01 -6.7898e-01 -1.9968e-01
773 +7.675446057e-09 +7.675446057e-09 +5.534000001e+01 +5.534000001e+01 -6.7842e-01 -1.9970e-01
1458 +0.000000000e+00 +0.000000000e+00 +5.534000000e+01 +5.534000000e+01 -6.7832e-01 -1.9970e-01
% function evaluation | noise-free fitness - Fopt (-9.033000000000e+01) | best noise-free fitness - Fopt | measured fitness | best measured fitness | x1 | x2...
1 +6.500000000e+00 +6.500000000e+00 -8.383000000e+01 -8.383000000e+01 +0.0000e+00 +0.0000e+00
5 +2.827447209e+00 +2.827447209e+00 -8.750255279e+01 -8.750255279e+01 +2.6640e-01 -7.1774e-01
22 +5.419536082e-01 +5.419536082e-01 -8.978804639e+01 -8.978804639e+01 +1.8438e-01 -1.0775e-02
54 +4.000614208e-01 +4.000614208e-01 -8.992993858e+01 -8.992993858e+01 +2.6010e-01 -8.1877e-02
58 +3.210614672e-01 +3.210614672e-01 -9.000893853e+01 -9.000893853e+01 +2.2968e-01 -3.3992e-02
59 +1.314189709e-01 +1.314189709e-01 -9.019858103e+01 -9.019858103e+01 +1.1029e-01 +1.2647e-01
75 +1.583649071e-02 +1.583649071e-02 -9.031416351e+01 -9.031416351e+01 -2.9488e-01 +4.5103e-01
99 +6.897060307e-03 +6.897060307e-03 -9.032310294e+01 -9.032310294e+01 -3.1769e-01 +4.6978e-01
103 +6.093614552e-03 +6.093614552e-03 -9.032390639e+01 -9.032390639e+01 -3.0629e-01 +4.6319e-01
132 +2.010991271e-03 +2.010991271e-03 -9.032798901e+01 -9.032798901e+01 -3.7177e-01 +5.0809e-01
156 +1.722870339e-03 +1.722870339e-03 -9.032827713e+01 -9.032827713e+01 -3.9884e-01 +5.2571e-01
163 +1.133858926e-04 +1.133858926e-04 -9.032988661e+01 -9.032988661e+01 -4.1988e-01 +5.4169e-01
218 +6.553632797e-05 +6.553632797e-05 -9.032993446e+01 -9.032993446e+01 -4.2571e-01 +5.4519e-01
464 +6.259636291e-05 +6.259636291e-05 -9.032993740e+01 -9.032993740e+01 -4.2695e-01 +5.4596e-01
470 +5.746526548e-05 +5.746526548e-05 -9.032994253e+01 -9.032994253e+01 -4.2528e-01 +5.4503e-01
473 +4.244670390e-05 +4.244670390e-05 -9.032995755e+01 -9.032995755e+01 -4.2705e-01 +5.4623e-01
482 +2.618458763e-05 +2.618458763e-05 -9.032997382e+01 -9.032997382e+01 -4.2961e-01 +5.4795e-01
488 +2.494143709e-05 +2.494143709e-05 -9.032997506e+01 -9.032997506e+01 -4.3028e-01 +5.4846e-01
490 +2.271387375e-05 +2.271387375e-05 -9.032997729e+01 -9.032997729e+01 -4.3038e-01 +5.4840e-01
494 +6.577598256e-06 +6.577598256e-06 -9.032999342e+01 -9.032999342e+01 -4.3642e-01 +5.5228e-01
505 +4.463400018e-06 +4.463400018e-06 -9.032999554e+01 -9.032999554e+01 -4.3536e-01 +5.5173e-01
516 +3.981146037e-06 +3.981146037e-06 -9.032999602e+01 -9.032999602e+01 -4.3793e-01 +5.5348e-01
518 +3.852683903e-06 +3.852683903e-06 -9.032999615e+01 -9.032999615e+01 -4.3551e-01 +5.5182e-01
520 +1.231175276e-06 +1.231175276e-06 -9.032999877e+01 -9.032999877e+01 -4.3722e-01 +5.5294e-01
525 +7.109967157e-07 +7.109967157e-07 -9.032999929e+01 -9.032999929e+01 -4.3793e-01 +5.5335e-01
553 +6.630820195e-07 +6.630820195e-07 -9.032999934e+01 -9.032999934e+01 -4.3765e-01 +5.5320e-01
564 +4.329978935e-07 +4.329978935e-07 -9.032999957e+01 -9.032999957e+01 -4.3794e-01 +5.5339e-01
572 +2.542837763e-08 +2.542837763e-08 -9.032999997e+01 -9.032999997e+01 -4.3904e-01 +5.5410e-01
649 +5.032205763e-10 +5.032205763e-10 -9.033000000e+01 -9.033000000e+01 -4.3916e-01 +5.5418e-01
1524 +0.000000000e+00 +0.000000000e+00 -9.033000000e+01 -9.033000000e+01 -4.3917e-01 +5.5419e-01
% function evaluation | noise-free fitness - Fopt (6.561000000000e+01) | best noise-free fitness - Fopt | measured fitness | best measured fitness | x1 | x2...
1 +6.500000000e+00 +6.500000000e+00 +7.211000000e+01 +7.211000000e+01 +0.0000e+00 +0.0000e+00
10 +5.090580747e+00 +5.090580747e+00 +7.070058075e+01 +7.070058075e+01 +1.1793e+00 +3.4434e-01
26 +4.498425490e+00 +4.498425490e+00 +7.010842549e+01 +7.010842549e+01 +8.2299e-01 +6.3670e-01
27 +1.412837039e+00 +1.412837039e+00 +6.702283704e+01 +6.702283704e+01 +4.9040e-01 +6.3577e-01
61 +5.132612767e-01 +5.132612767e-01 +6.612326128e+01 +6.612326128e+01 +1.2629e-01 +4.5630e-01
96 +2.805348460e-01 +2.805348460e-01 +6.589053485e+01 +6.589053485e+01 -1.8199e-01 +6.3840e-02
113 +1.926255563e-01 +1.926255563e-01 +6.580262556e+01 +6.580262556e+01 -1.4764e-01 +4.2893e-02
124 +1.076341357e-01 +1.076341357e-01 +6.571763414e+01 +6.571763414e+01 -2.5975e-01 -2.0419e-01
171 +9.498085992e-02 +9.498085992e-02 +6.570498086e+01 +6.570498086e+01 -2.0032e-01 -2.0390e-02
178 +8.711246036e-02 +8.711246036e-02 +6.569711246e+01 +6.569711246e+01 -2.1611e-01 -5.1338e-02
207 +7.147661108e-02 +7.147661108e-02 +6.568147661e+01 +6.568147661e+01 -2.2240e-01 -7.7790e-02
237 +5.398932551e-02 +5.398932551e-02 +6.566398933e+01 +6.566398933e+01 -2.4819e-01 -1.4445e-01
254 +5.350208943e-02 +5.350208943e-02 +6.566350209e+01 +6.566350209e+01 -2.5620e-01 -1.4916e-01
262 +5.205095383e-02 +5.205095383e-02 +6.566205095e+01 +6.566205095e+01 -2.5568e-01 -1.4976e-01
273 +5.008095788e-02 +5.008095788e-02 +6.566008096e+01 +6.566008096e+01 -2.5307e-01 -1.5351e-01
282 +4.878979272e-02 +4.878979272e-02 +6.565878979e+01 +6.565878979e+01 -2.5674e-01 -1.5628e-01
309 +4.591797686e-02 +4.591797686e-02 +6.565591798e+01 +6.565591798e+01 -2.6002e-01 -1.6675e-01
313 +4.457293540e-02 +4.457293540e-02 +6.565457294e+01 +6.565457294e+01 -2.6186e-01 -1.7264e-01
336 +4.283574358e-02 +4.283574358e-02 +6.565283574e+01 +6.565283574e+01 -2.6691e-01 -1.8109e-01
337 +4.154875846e-02 +4.154875846e-02 +6.565154876e+01 +6.565154876e+01 -2.6763e-01 -1.9127e-01
340 +4.048979606e-02 +4.048979606e-02 +6.565048980e+01 +6.565048980e+01 -2.7084e-01 -2.0144e-01
343 +3.917580426e-02 +3.917580426e-02 +6.564917580e+01 +6.564917580e+01 -2.7100e-01 -1.9573e-01
346 +3.826115406e-02 +3.826115406e-02 +6.564826115e+01 +6.564826115e+01 -2.7546e-01 -2.1396e-01
353 +3.611273423e-02 +3.611273423e-02 +6.564611273e+01 +6.564611273e+01 -2.7851e-01 -2.2089e-01
354 +3.547883792e-02 +3.547883792e-02 +6.564547884e+01 +6.564547884e+01 -2.8128e-01 -2.1656e-01
366 +3.403716329e-02 +3.403716329e-02 +6.564403716e+01 +6.564403716e+01 -2.8751e-01 -2.3039e-01
378 +3.347484513e-02 +3.347484513e-02 +6.564347485e+01 +6.564347485e+01 -2.8129e-01 -2.2238e-01
379 +3.255010806e-02 +3.255010806e-02 +6.564255011e+01 +6.564255011e+01 -2.8957e-01 -2.3637e-01
387 +3.158033246e-02 +3.158033246e-02 +6.564158033e+01 +6.564158033e+01 -2.8655e-01 -2.3257e-01
388 +2.952205728e-02 +2.952205728e-02 +6.563952206e+01 +6.563952206e+01 -2.9893e-01 -2.5972e-01
392 +2.917042450e-02 +2.917042450e-02 +6.563917042e+01 +6.563917042e+01 -2.9956e-01 -2.6147e-01
394 +2.808844527e-02 +2.808844527e-02 +6.563808845e+01 +6.563808845e+01 -3.0459e-01 -2.7399e-01
396 +2.464831781e-02 +2.464831781e-02 +6.563464832e+01 +6.563464832e+01 -3.0597e-01 -2.8093e-01
402 +2.444724087e-02 +2.444724087e-02 +6.563444724e+01 +6.563444724e+01 -3.0510e-01 -2.7935e-01
412 +2.207664407e-02 +2.207664407e-02 +6.563207664e+01 +6.563207664e+01 -3.0503e-01 -2.8470e-01
419 +2.144891284e-02 +2.144891284e-02 +6.563144891e+01 +6.563144891e+01 -3.1364e-01 -3.0220e-01
423 +1.599650489e-02 +1.599650489e-02 +6.562599650e+01 +6.562599650e+01 -3.2862e-01 -3.4477e-01
430 +1.479642337e-02 +1.479642337e-02 +6.562479642e+01 +6.562479642e+01 -3.2753e-01 -3.4401e-01
435 +1.157367079e-02 +1.157367079e-02 +6.562157367e+01 +6.562157367e+01 -3.3241e-01 -3.6270e-01
443 +9.985153419e-03 +9.985153419e-03 +6.561998515e+01 +6.561998515e+01 -3.4281e-01 -4.0182e-01
444 +9.188299827e-03 +9.188299827e-03 +6.561918830e+01 +6.561918830e+01 -3.4031e-01 -3.8588e-01
449 +8.880010108e-03 +8.880010108e-03 +6.561888001e+01 +6.561888001e+01 -3.4211e-01 -3.9034e-01
457 +7.579194265e-03 +7.579194265e-03 +6.561757919e+01 +6.561757919e+01 -3.4699e-01 -4.1130e-01
460 +4.292037188e-03 +4.292037188e-03 +6.561429204e+01 +6.561429204e+01 -3.7286e-01 -4.8174e-01
465 +3.751225214e-03 +3.751225214e-03 +6.561375123e+01 +6.561375123e+01 -3.6212e-01 -4.5462e-01
471 +3.219164506e-03 +3.219164506e-03 +6.561321916e+01 +6.561321916e+01 -3.7123e-01 -4.7906e-01
476 +2.221754564e-03 +2.221754564e-03 +6.561222175e+01 +6.561222175e+01 -3.8208e-01 -5.1371e-01
484 +1.208121938e-03 +1.208121938e-03 +6.561120812e+01 +6.561120812e+01 -3.9176e-01 -5.4682e-01
487 +1.082051489e-03 +1.082051489e-03 +6.561108205e+01 +6.561108205e+01 -3.8436e-01 -5.2389e-01
494 +2.728320344e-04 +2.728320344e-04 +6.561027283e+01 +6.561027283e+01 -3.9258e-01 -5.5304e-01
496 +1.166853587e-04 +1.166853587e-04 +6.561011669e+01 +6.561011669e+01 -3.9421e-01 -5.5978e-01
507 +1.097236362e-04 +1.097236362e-04 +6.561010972e+01 +6.561010972e+01 -4.0576e-01 -5.9902e-01
517 +1.988530748e-05 +1.988530748e-05 +6.561001989e+01 +6.561001989e+01 -4.0246e-01 -5.8914e-01
552 +8.255883287e-06 +8.255883287e-06 +6.561000826e+01 +6.561000826e+01 -3.9895e-01 -5.7645e-01
563 +4.871581510e-06 +4.871581510e-06 +6.561000487e+01 +6.561000487e+01 -4.0024e-01 -5.8053e-01
569 +4.136877152e-06 +4.136877152e-06 +6.561000414e+01 +6.561000414e+01 -4.0062e-01 -5.8186e-01
573 +2.976666480e-06 +2.976666480e-06 +6.561000298e+01 +6.561000298e+01 -4.0009e-01 -5.8057e-01
607 +2.059392585e-07 +2.059392585e-07 +6.561000021e+01 +6.561000021e+01 -4.0053e-01 -5.8193e-01
822 +1.607700426e-07 +1.607700426e-07 +6.561000016e+01 +6.561000016e+01 -4.0092e-01 -5.8328e-01
823 +2.105036856e-08 +2.105036856e-08 +6.561000002e+01 +6.561000002e+01 -4.0082e-01 -5.8289e-01
921 +2.082374806e-08 +2.082374806e-08 +6.561000002e+01 +6.561000002e+01 -4.0081e-01 -5.8286e-01
935 +1.368535152e-08 +1.368535152e-08 +6.561000001e+01 +6.561000001e+01 -4.0073e-01 -5.8261e-01
937 +2.618833150e-09 +2.618833150e-09 +6.561000000e+01 +6.561000000e+01 -4.0075e-01 -5.8264e-01
1718 +0.000000000e+00 +0.000000000e+00 +6.561000000e+01 +6.561000000e+01 -4.0073e-01 -5.8259e-01
% function evaluation | noise-free fitness - Fopt (2.866800000000e+02) | best noise-free fitness - Fopt | measured fitness | best measured fitness | x1 | x2...
1 +6.500000000e+00 +6.500000000e+00 +2.931800000e+02 +2.931800000e+02 +0.0000e+00 +0.0000e+00
2 +3.072047256e+00 +3.072047256e+00 +2.897520473e+02 +2.897520473e+02 -1.1607e+00 -1.4905e-01
9 +2.468598438e+00 +2.468598438e+00 +2.891485984e+02 +2.891485984e+02 -8.0580e-01 -5.4884e-01
11 +2.298575911e+00 +2.298575911e+00 +2.889785759e+02 +2.889785759e+02 -7.8618e-01 -4.2158e-01
22 +7.864926997e-01 +7.864926997e-01 +2.874664927e+02 +2.874664927e+02 -2.7431e-01 -4.8203e-01
64 +6.330359340e-01 +6.330359340e-01 +2.873130359e+02 +2.873130359e+02 -1.6052e-01 -4.8072e-01
79 +2.384771710e-01 +2.384771710e-01 +2.869184772e+02 +2.869184772e+02 +4.4508e-02 -2.2519e-01
134 +8.949987660e-02 +8.949987660e-02 +2.867694999e+02 +2.867694999e+02 +2.1713e-01 +3.6242e-02
159 +2.855786282e-02 +2.855786282e-02 +2.867085579e+02 +2.867085579e+02 +3.1136e-01 +2.5749e-01
163 +1.089016471e-03 +1.089016471e-03 +2.866810890e+02 +2.866810890e+02 +4.2845e-01 +5.5725e-01
492 +5.875315962e-04 +5.875315962e-04 +2.866805875e+02 +2.866805875e+02 +4.1370e-01 +5.1036e-01
500 +3.149052987e-04 +3.149052987e-04 +2.866803149e+02 +2.866803149e+02 +4.2049e-01 +5.3152e-01
502 +1.414841948e-04 +1.414841948e-04 +2.866801415e+02 +2.866801415e+02 +4.2280e-01 +5.3714e-01
506 +6.186928033e-05 +6.186928033e-05 +2.866800619e+02 +2.866800619e+02 +4.2819e-01 +5.5295e-01
529 +5.864859440e-05 +5.864859440e-05 +2.866800586e+02 +2.866800586e+02 +4.2552e-01 +5.4447e-01
545 +5.210310405e-05 +5.210310405e-05 +2.866800521e+02 +2.866800521e+02 +4.2586e-01 +5.4527e-01
554 +4.353003442e-05 +4.353003442e-05 +2.866800435e+02 +2.866800435e+02 +4.2681e-01 +5.4848e-01
559 +3.595128010e-05 +3.595128010e-05 +2.866800360e+02 +2.866800360e+02 +4.2731e-01 +5.4911e-01
575 +1.372226944e-05 +1.372226944e-05 +2.866800137e+02 +2.866800137e+02 +4.2919e-01 +5.5455e-01
606 +5.429814507e-06 +5.429814507e-06 +2.866800054e+02 +2.866800054e+02 +4.3015e-01 +5.5738e-01
634 +5.349959793e-06 +5.349959793e-06 +2.866800053e+02 +2.866800053e+02 +4.2992e-01 +5.5678e-01
645 +2.902434119e-06 +2.902434119e-06 +2.866800029e+02 +2.866800029e+02 +4.2991e-01 +5.5701e-01
661 +2.766104046e-06 +2.766104046e-06 +2.866800028e+02 +2.866800028e+02 +4.3073e-01 +5.5910e-01
664 +1.443788108e-06 +1.443788108e-06 +2.866800014e+02 +2.866800014e+02 +4.3184e-01 +5.6261e-01
675 +2.177665124e-07 +2.177665124e-07 +2.866800002e+02 +2.866800002e+02 +4.3133e-01 +5.6099e-01
685 +8.487234027e-09 +8.487234027e-09 +2.866800000e+02 +2.866800000e+02 +4.3110e-01 +5.6038e-01
1829 +0.000000000e+00 +0.000000000e+00 +2.866800000e+02 +2.866800000e+02 +4.3113e-01 +5.6047e-01
% function evaluation | noise-free fitness - Fopt (9.022000000000e+01) | best noise-free fitness - Fopt | measured fitness | best measured fitness | x1 | x2...
1 +6.500000000e+00 +6.500000000e+00 +9.672000000e+01 +9.672000000e+01 +0.0000e+00 +0.0000e+00
5 +3.576691117e+00 +3.576691117e+00 +9.379669112e+01 +9.379669112e+01 +6.1346e-01 -6.8930e-01
24 +3.392837127e+00 +3.392837127e+00 +9.361283713e+01 +9.361283713e+01 +6.7590e-01 -8.7680e-01
36 +1.112108265e+00 +1.112108265e+00 +9.133210827e+01 +9.133210827e+01 +7.3586e-01 -1.1613e+00
44 +1.068201715e-01 +1.068201715e-01 +9.032682017e+01 +9.032682017e+01 +7.4003e-01 -1.3032e+00
95 +4.892623401e-02 +4.892623401e-02 +9.026892623e+01 +9.026892623e+01 +6.5566e-01 -1.0356e+00
136 +2.496033644e-02 +2.496033644e-02 +9.024496034e+01 +9.024496034e+01 +5.8772e-01 -8.3086e-01
144 +1.506048443e-02 +1.506048443e-02 +9.023506048e+01 +9.023506048e+01 +5.2074e-01 -6.7497e-01
155 +4.680663186e-03 +4.680663186e-03 +9.022468066e+01 +9.022468066e+01 +4.5193e-01 -5.0333e-01
163 +9.227959094e-04 +9.227959094e-04 +9.022092280e+01 +9.022092280e+01 +4.6180e-01 -5.1536e-01
227 +5.518453612e-04 +5.518453612e-04 +9.022055185e+01 +9.022055185e+01 +4.8671e-01 -5.7763e-01
243 +1.190212060e-04 +1.190212060e-04 +9.022011902e+01 +9.022011902e+01 +4.7600e-01 -5.5287e-01
320 +7.641954247e-05 +7.641954247e-05 +9.022007642e+01 +9.022007642e+01 +4.6506e-01 -5.2550e-01
326 +4.040594835e-05 +4.040594835e-05 +9.022004041e+01 +9.022004041e+01 +4.6404e-01 -5.2470e-01
482 +9.871247528e-06 +9.871247528e-06 +9.022000987e+01 +9.022000987e+01 +4.6700e-01 -5.3070e-01
489 +5.002303837e-06 +5.002303837e-06 +9.022000500e+01 +9.022000500e+01 +4.6508e-01 -5.2659e-01
639 +4.338455270e-06 +4.338455270e-06 +9.022000434e+01 +9.022000434e+01 +4.6534e-01 -5.2703e-01
643 +3.954433694e-06 +3.954433694e-06 +9.022000395e+01 +9.022000395e+01 +4.6534e-01 -5.2706e-01
649 +9.803711833e-07 +9.803711833e-07 +9.022000098e+01 +9.022000098e+01 +4.6628e-01 -5.2929e-01
656 +6.074261165e-07 +6.074261165e-07 +9.022000061e+01 +9.022000061e+01 +4.6683e-01 -5.3075e-01
664 +4.980718842e-07 +4.980718842e-07 +9.022000050e+01 +9.022000050e+01 +4.6685e-01 -5.3063e-01
665 +4.759776999e-07 +4.759776999e-07 +9.022000048e+01 +9.022000048e+01 +4.6656e-01 -5.2996e-01
674 +5.915886447e-08 +5.915886447e-08 +9.022000006e+01 +9.022000006e+01 +4.6684e-01 -5.3070e-01
685 +4.209933024e-08 +4.209933024e-08 +9.022000004e+01 +9.022000004e+01 +4.6706e-01 -5.3123e-01
692 +3.696980855e-08 +3.696980855e-08 +9.022000004e+01 +9.022000004e+01 +4.6713e-01 -5.3138e-01
708 +1.411324035e-08 +1.411324035e-08 +9.022000001e+01 +9.022000001e+01 +4.6687e-01 -5.3074e-01
896 +7.673207847e-09 +7.673207847e-09 +9.022000001e+01 +9.022000001e+01 +4.6689e-01 -5.3081e-01
1373 +0.000000000e+00 +0.000000000e+00 +9.022000000e+01 +9.022000000e+01 +4.6697e-01 -5.3098e-01
% function evaluation | noise-free fitness - Fopt (5.644000000000e+01) | best noise-free fitness - Fopt | measured fitness | best measured fitness | x1 | x2...
1 +6.500000000e+00 +6.500000000e+00 +6.294000000e+01 +6.294000000e+01 +0.0000e+00 +0.0000e+00
2 +7.769823400e-02 +7.769823400e-02 +5.651769823e+01 +5.651769823e+01 +6.9686e-01 +6.8744e-01
67 +1.807186356e-02 +1.807186356e-02 +5.645807186e+01 +5.645807186e+01 +4.0512e-01 +2.3334e-01
96 +8.232566502e-03 +8.232566502e-03 +5.644823257e+01 +5.644823257e+01 +4.6629e-01 +3.3377e-01
104 +6.390313572e-03 +6.390313572e-03 +5.644639031e+01 +5.644639031e+01 +4.5178e-01 +3.0777e-01
408 +6.269580045e-03 +6.269580045e-03 +5.644626958e+01 +5.644626958e+01 +4.5253e-01 +3.0700e-01
425 +5.946391613e-03 +5.946391613e-03 +5.644594639e+01 +5.644594639e+01 +4.5541e-01 +3.1109e-01
432 +5.543529500e-03 +5.543529500e-03 +5.644554353e+01 +5.644554353e+01 +4.6064e-01 +3.1827e-01
437 +5.452747865e-03 +5.452747865e-03 +5.644545275e+01 +5.644545275e+01 +4.6009e-01 +3.1781e-01
443 +4.945063019e-03 +4.945063019e-03 +5.644494506e+01 +5.644494506e+01 +4.6413e-01 +3.2393e-01
454 +3.828964821e-03 +3.828964821e-03 +5.644382896e+01 +5.644382896e+01 +4.7760e-01 +3.4361e-01
462 +3.441733230e-03 +3.441733230e-03 +5.644344173e+01 +5.644344173e+01 +4.7991e-01 +3.4744e-01
469 +3.344604255e-03 +3.344604255e-03 +5.644334460e+01 +5.644334460e+01 +4.7723e-01 +3.4446e-01
473 +3.268946155e-03 +3.268946155e-03 +5.644326895e+01 +5.644326895e+01 +4.8641e-01 +3.6152e-01
474 +2.714100388e-03 +2.714100388e-03 +5.644271410e+01 +5.644271410e+01 +4.8406e-01 +3.5486e-01
476 +2.055057590e-03 +2.055057590e-03 +5.644205506e+01 +5.644205506e+01 +4.9811e-01 +3.7897e-01
488 +1.620149657e-03 +1.620149657e-03 +5.644162015e+01 +5.644162015e+01 +5.0498e-01 +3.8960e-01
492 +1.090644762e-03 +1.090644762e-03 +5.644109064e+01 +5.644109064e+01 +5.2242e-01 +4.1733e-01
496 +1.009948665e-03 +1.009948665e-03 +5.644100995e+01 +5.644100995e+01 +5.3966e-01 +4.4505e-01
503 +1.856744921e-04 +1.856744921e-04 +5.644018567e+01 +5.644018567e+01 +5.4281e-01 +4.4856e-01
513 +1.112019860e-05 +1.112019860e-05 +5.644001112e+01 +5.644001112e+01 +5.4431e-01 +4.5010e-01
792 +7.699038875e-06 +7.699038875e-06 +5.644000770e+01 +5.644000770e+01 +5.4234e-01 +4.4651e-01
794 +7.235829536e-06 +7.235829536e-06 +5.644000724e+01 +5.644000724e+01 +5.4449e-01 +4.4988e-01
795 +2.607116684e-06 +2.607116684e-06 +5.644000261e+01 +5.644000261e+01 +5.4323e-01 +4.4801e-01
805 +2.099673196e-06 +2.099673196e-06 +5.644000210e+01 +5.644000210e+01 +5.4314e-01 +4.4795e-01
814 +9.936018515e-07 +9.936018515e-07 +5.644000099e+01 +5.644000099e+01 +5.4409e-01 +4.4940e-01
826 +6.326841557e-07 +6.326841557e-07 +5.644000063e+01 +5.644000063e+01 +5.4527e-01 +4.5131e-01
827 +2.077544181e-07 +2.077544181e-07 +5.644000021e+01 +5.644000021e+01 +5.4439e-01 +4.4997e-01
839 +2.520656750e-08 +2.520656750e-08 +5.644000003e+01 +5.644000003e+01 +5.4488e-01 +4.5072e-01
879 +1.899248758e-08 +1.899248758e-08 +5.644000002e+01 +5.644000002e+01 +5.4472e-01 +4.5048e-01
911 +1.186040066e-08 +1.186040066e-08 +5.644000001e+01 +5.644000001e+01 +5.4496e-01 +4.5087e-01
922 +2.669061416e-09 +2.669061416e-09 +5.644000000e+01 +5.644000000e+01 +5.4480e-01 +4.5060e-01
% function evaluation | noise-free fitness - Fopt (-3.423000000000e+01) | best noise-free fitness - Fopt | measured fitness | best measured fitness | x1 | x2...
1 +6.500000000e+00 +6.500000000e+00 -2.773000000e+01 -2.773000000e+01 +0.0000e+00 +0.0000e+00
18 +7.539764833e-01 +7.539764833e-01 -3.347602352e+01 -3.347602352e+01 +5.3924e-01 +1.7806e-01
24 +6.822380977e-01 +6.822380977e-01 -3.354776190e+01 -3.354776190e+01 +4.9103e-01 +4.0557e-02
70 +6.645718102e-01 +6.645718102e-01 -3.356542819e+01 -3.356542819e+01 +5.3398e-01 +1.4888e-01
76 +5.687375978e-01 +5.687375978e-01 -3.366126240e+01 -3.366126240e+01 +4.7698e-01 +9.5156e-02
100 +4.816337291e-01 +4.816337291e-01 -3.374836627e+01 -3.374836627e+01 +4.3212e-01 +1.6998e-02
102 +4.002143607e-01 +4.002143607e-01 -3.382978564e+01 -3.382978564e+01 +3.8951e-01 -5.6896e-04
121 +3.129363585e-01 +3.129363585e-01 -3.391706364e+01 -3.391706364e+01 +2.9946e-01 -5.9670e-02
132 +1.934271980e-01 +1.934271980e-01 -3.403657280e+01 -3.403657280e+01 +1.5757e-01 -1.2038e-01
142 +1.603566999e-01 +1.603566999e-01 -3.406964330e+01 -3.406964330e+01 -3.5791e-02 -2.0328e-01
159 +6.693547660e-02 +6.693547660e-02 -3.416306452e+01 -3.416306452e+01 -1.2363e-01 -2.1329e-01
167 +3.216533192e-02 +3.216533192e-02 -3.419783467e+01 -3.419783467e+01 -3.0209e-01 -2.6025e-01
177 +1.311565872e-02 +1.311565872e-02 -3.421688434e+01 -3.421688434e+01 -5.1166e-01 -2.9020e-01
186 +8.242925930e-03 +8.242925930e-03 -3.422175707e+01 -3.422175707e+01 -5.8053e-01 -3.0150e-01
207 +4.666045221e-03 +4.666045221e-03 -3.422533395e+01 -3.422533395e+01 -6.7661e-01 -3.2170e-01
213 +3.556428730e-03 +3.556428730e-03 -3.422644357e+01 -3.422644357e+01 -6.8425e-01 -3.1733e-01
242 +2.974681739e-03 +2.974681739e-03 -3.422702532e+01 -3.422702532e+01 -5.2087e-01 -2.9566e-01
261 +2.825319541e-03 +2.825319541e-03 -3.422717468e+01 -3.422717468e+01 -5.5629e-01 -3.0374e-01
263 +1.137242195e-03 +1.137242195e-03 -3.422886276e+01 -3.422886276e+01 -5.6178e-01 -3.0243e-01
280 +1.118397653e-03 +1.118397653e-03 -3.422888160e+01 -3.422888160e+01 -5.6394e-01 -3.0351e-01
494 +9.776922630e-04 +9.776922630e-04 -3.422902231e+01 -3.422902231e+01 -5.6570e-01 -3.0325e-01
508 +9.450456878e-04 +9.450456878e-04 -3.422905495e+01 -3.422905495e+01 -5.6776e-01 -3.0389e-01
513 +6.216261604e-04 +6.216261604e-04 -3.422937837e+01 -3.422937837e+01 -5.7943e-01 -3.0545e-01
522 +3.684391277e-04 +3.684391277e-04 -3.422963156e+01 -3.422963156e+01 -5.9179e-01 -3.0718e-01
534 +7.144789873e-05 +7.144789873e-05 -3.422992855e+01 -3.422992855e+01 -6.1533e-01 -3.1052e-01
540 +1.052836858e-05 +1.052836858e-05 -3.422998947e+01 -3.422998947e+01 -6.2846e-01 -3.1245e-01
611 +4.322597690e-06 +4.322597690e-06 -3.422999568e+01 -3.422999568e+01 -6.2990e-01 -3.1251e-01
624 +3.014542621e-06 +3.014542621e-06 -3.422999699e+01 -3.422999699e+01 -6.3021e-01 -3.1262e-01
650 +1.725710135e-06 +1.725710135e-06 -3.422999827e+01 -3.422999827e+01 -6.3168e-01 -3.1277e-01
661 +1.593911669e-06 +1.593911669e-06 -3.422999841e+01 -3.422999841e+01 -6.3151e-01 -3.1275e-01
663 +1.318563591e-06 +1.318563591e-06 -3.422999868e+01 -3.422999868e+01 -6.3173e-01 -3.1283e-01
720 +1.164838487e-06 +1.164838487e-06 -3.422999884e+01 -3.422999884e+01 -6.3168e-01 -3.1279e-01
755 +4.455438898e-07 +4.455438898e-07 -3.422999955e+01 -3.422999955e+01 -6.3290e-01 -3.1299e-01
757 +2.103301071e-07 +2.103301071e-07 -3.422999979e+01 -3.422999979e+01 -6.3298e-01 -3.1298e-01
772 +5.977419448e-09 +5.977419448e-09 -3.422999999e+01 -3.422999999e+01 -6.3385e-01 -3.1310e-01
1444 +0.000000000e+00 +0.000000000e+00 -3.423000000e+01 -3.423000000e+01 -6.3400e-01 -3.1312e-01
% function evaluation | noise-free fitness - Fopt (-2.966100000000e+02) | best noise-free fitness - Fopt | measured fitness | best measured fitness | x1 | x2...
1 +6.500000000e+00 +6.500000000e+00 -2.901100000e+02 -2.901100000e+02 +0.0000e+00 +0.0000e+00
6 +4.216924850e+00 +4.216924850e+00 -2.923930751e+02 -2.923930751e+02 +5.2459e-01 -4.3866e-01
25 +1.841349915e+00 +1.841349915e+00 -2.947686501e+02 -2.947686501e+02 -6.8285e-01 +5.3230e-01
27 +1.173738740e+00 +1.173738740e+00 -2.954362613e+02 -2.954362613e+02 -6.4636e-01 +3.6966e-01
30 +9.573355307e-01 +9.573355307e-01 -2.956526645e+02 -2.956526645e+02 -5.6339e-01 +1.4820e-01
42 +9.461185528e-01 +9.461185528e-01 -2.956638814e+02 -2.956638814e+02 -5.3711e-01 +2.7918e-01
53 +8.411554087e-01 +8.411554087e-01 -2.957688446e+02 -2.957688446e+02 -5.6085e-01 +2.7830e-01
78 +8.092130437e-01 +8.092130437e-01 -2.958007870e+02 -2.958007870e+02 -5.8117e-01 +2.4369e-01
93 +4.683384533e-01 +4.683384533e-01 -2.961416615e+02 -2.961416615e+02 -4.0545e-01 +2.6900e-02
112 +1.498550147e-01 +1.498550147e-01 -2.964601450e+02 -2.964601450e+02 -8.6027e-02 -1.4016e-01
115 +1.203004477e-01 +1.203004477e-01 -2.964896996e+02 -2.964896996e+02 +2.6797e-01 -2.5991e-01
154 +1.068017624e-01 +1.068017624e-01 -2.965031982e+02 -2.965031982e+02 +5.1152e-01 -3.2663e-01
163 +1.088517824e-02 +1.088517824e-02 -2.965991148e+02 -2.965991148e+02 +3.8901e-01 -3.1120e-01
179 +5.968052318e-03 +5.968052318e-03 -2.966040319e+02 -2.966040319e+02 +4.5076e-01 -3.2828e-01
198 +4.971868898e-03 +4.971868898e-03 -2.966050281e+02 -2.966050281e+02 +4.6457e-01 -3.2952e-01
331 +4.621849451e-03 +4.621849451e-03 -2.966053782e+02 -2.966053782e+02 +4.6895e-01 -3.3070e-01
334 +3.378581313e-03 +3.378581313e-03 -2.966066214e+02 -2.966066214e+02 +4.8525e-01 -3.3517e-01
342 +2.220200690e-03 +2.220200690e-03 -2.966077798e+02 -2.966077798e+02 +5.0649e-01 -3.4128e-01
357 +1.757410202e-03 +1.757410202e-03 -2.966082426e+02 -2.966082426e+02 +5.1772e-01 -3.4401e-01
364 +1.539409737e-03 +1.539409737e-03 -2.966084606e+02 -2.966084606e+02 +5.4576e-01 -3.5158e-01
373 +9.512089999e-04 +9.512089999e-04 -2.966090488e+02 -2.966090488e+02 +5.4275e-01 -3.5002e-01
379 +3.554555051e-04 +3.554555051e-04 -2.966096445e+02 -2.966096445e+02 +5.6572e-01 -3.5503e-01
396 +2.764555558e-05 +2.764555558e-05 -2.966099724e+02 -2.966099724e+02 +6.1705e-01 -3.6652e-01
424 +7.398109915e-06 +7.398109915e-06 -2.966099926e+02 -2.966099926e+02 +6.1189e-01 -3.6527e-01
431 +5.764719617e-07 +5.764719617e-07 -2.966099994e+02 -2.966099994e+02 +6.0638e-01 -3.6412e-01
516 +2.003159238e-07 +2.003159238e-07 -2.966099998e+02 -2.966099998e+02 +6.0625e-01 -3.6408e-01
669 +1.028662382e-07 +1.028662382e-07 -2.966099999e+02 -2.966099999e+02 +6.0673e-01 -3.6417e-01
738 +1.017351678e-07 +1.017351678e-07 -2.966099999e+02 -2.966099999e+02 +6.0671e-01 -3.6417e-01
743 +3.671567583e-08 +3.671567583e-08 -2.966100000e+02 -2.966100000e+02 +6.0648e-01 -3.6411e-01
746 +1.221934554e-08 +1.221934554e-08 -2.966100000e+02 -2.966100000e+02 +6.0636e-01 -3.6408e-01
756 +7.217977327e-10 +7.217977327e-10 -2.966100000e+02 -2.966100000e+02 +6.0624e-01 -3.6405e-01
1346 +0.000000000e+00 +0.000000000e+00 -2.966100000e+02 -2.966100000e+02 +6.0620e-01 -3.6404e-01
% function evaluation | noise-free fitness - Fopt (-7.391000000000e+01) | best noise-free fitness - Fopt | measured fitness | best measured fitness | x1 | x2...
1 +6.500000000e+00 +6.500000000e+00 -6.741000000e+01 -6.741000000e+01 +0.0000e+00 +0.0000e+00
2 +1.547372066e+00 +1.547372066e+00 -7.236262793e+01 -7.236262793e+01 +5.6620e-01 +4.5448e-01
6 +1.152739734e+00 +1.152739734e+00 -7.275726027e+01 -7.275726027e+01 +5.3794e-01 +5.3603e-01
12 +1.004771354e+00 +1.004771354e+00 -7.290522865e+01 -7.290522865e+01 -2.6957e-01 -5.2662e-03
43 +3.915035802e-01 +3.915035802e-01 -7.351849642e+01 -7.351849642e+01 -1.5401e-01 +1.2465e-01
49 +3.868792543e-01 +3.868792543e-01 -7.352312075e+01 -7.352312075e+01 +6.1942e-02 +2.9672e-01
90 +3.771445994e-01 +3.771445994e-01 -7.353285540e+01 -7.353285540e+01 +9.5079e-02 +3.4233e-01
93 +3.193491824e-01 +3.193491824e-01 -7.359065082e+01 -7.359065082e+01 +2.0237e-04 +2.8555e-01
116 +1.623931867e-01 +1.623931867e-01 -7.374760681e+01 -7.374760681e+01 -1.0296e-01 +1.4088e-01
122 +1.300050552e-01 +1.300050552e-01 -7.377999494e+01 -7.377999494e+01 -1.4321e-01 +8.6615e-02
145 +1.229057755e-01 +1.229057755e-01 -7.378709422e+01 -7.378709422e+01 -1.6549e-01 +6.3791e-02
156 +9.913902350e-02 +9.913902350e-02 -7.381086098e+01 -7.381086098e+01 -1.9169e-01 +2.1314e-02
198 +9.747210665e-02 +9.747210665e-02 -7.381252789e+01 -7.381252789e+01 -1.9782e-01 +1.3846e-02
214 +9.427519779e-02 +9.427519779e-02 -7.381572480e+01 -7.381572480e+01 -1.9615e-01 +3.9059e-03
225 +8.745621930e-02 +8.745621930e-02 -7.382254378e+01 -7.382254378e+01 -2.0464e-01 -6.3422e-03
230 +8.481825966e-02 +8.481825966e-02 -7.382518174e+01 -7.382518174e+01 -2.2095e-01 -2.0839e-02
236 +7.028368506e-02 +7.028368506e-02 -7.383971631e+01 -7.383971631e+01 -2.3314e-01 -4.9408e-02
246 +6.088854969e-02 +6.088854969e-02 -7.384911145e+01 -7.384911145e+01 -2.5502e-01 -9.0180e-02
251 +5.221295646e-02 +5.221295646e-02 -7.385778704e+01 -7.385778704e+01 -2.6756e-01 -1.0607e-01
252 +4.893439006e-02 +4.893439006e-02 -7.386106561e+01 -7.386106561e+01 -3.0044e-01 -1.5111e-01
254 +3.682080332e-02 +3.682080332e-02 -7.387317920e+01 -7.387317920e+01 -3.0594e-01 -1.6797e-01
263 +2.878384516e-02 +2.878384516e-02 -7.388121615e+01 -7.388121615e+01 -3.6466e-01 -2.6852e-01
268 +2.748254263e-02 +2.748254263e-02 -7.388251746e+01 -7.388251746e+01 -3.2796e-01 -2.0942e-01
271 +2.564201975e-02 +2.564201975e-02 -7.388435798e+01 -7.388435798e+01 -3.3834e-01 -2.3629e-01
274 +1.984838038e-02 +1.984838038e-02 -7.389015162e+01 -7.389015162e+01 -3.8631e-01 -3.3362e-01
290 +1.246222297e-02 +1.246222297e-02 -7.389753778e+01 -7.389753778e+01 -4.1537e-01 -3.7217e-01
306 +4.178165617e-03 +4.178165617e-03 -7.390582183e+01 -7.390582183e+01 -4.2655e-01 -4.0771e-01
314 +2.111967035e-03 +2.111967035e-03 -7.390788803e+01 -7.390788803e+01 -4.5009e-01 -4.5068e-01
342 +8.369157974e-04 +8.369157974e-04 -7.390916308e+01 -7.390916308e+01 -4.6874e-01 -4.9164e-01
353 +1.807204103e-04 +1.807204103e-04 -7.390981928e+01 -7.390981928e+01 -4.7493e-01 -5.0671e-01
363 +1.640682206e-05 +1.640682206e-05 -7.390998359e+01 -7.390998359e+01 -4.7777e-01 -5.1394e-01
431 +1.195282422e-05 +1.195282422e-05 -7.390998805e+01 -7.390998805e+01 -4.7692e-01 -5.1234e-01
433 +7.971843075e-06 +7.971843075e-06 -7.390999203e+01 -7.390999203e+01 -4.7908e-01 -5.1749e-01
449 +1.148083868e-06 +1.148083868e-06 -7.390999885e+01 -7.390999885e+01 -4.7928e-01 -5.1756e-01
502 +1.865555674e-07 +1.865555674e-07 -7.390999981e+01 -7.390999981e+01 -4.8030e-01 -5.1993e-01
548 +1.633259217e-08 +1.633259217e-08 -7.390999998e+01 -7.390999998e+01 -4.8009e-01 -5.1945e-01
602 +1.575827469e-09 +1.575827469e-09 -7.391000000e+01 -7.391000000e+01 -4.7998e-01 -5.1919e-01
1582 +0.000000000e+00 +0.000000000e+00 -7.391000000e+01 -7.391000000e+01 -4.8000e-01 -5.1923e-01
% function evaluation | noise-free fitness - Fopt (-7.339000000000e+01) | best noise-free fitness - Fopt | measured fitness | best measured fitness | x1 | x2...
1 +6.500000000e+00 +6.500000000e+00 -6.689000000e+01 -6.689000000e+01 +0.0000e+00 +0.0000e+00
10 +5.445610711e+00 +5.445610711e+00 -6.794438929e+01 -6.794438929e+01 +1.3758e+00 +7.5738e-02
18 +2.266075938e+00 +2.266075938e+00 -7.112392406e+01 -7.112392406e+01 +8.7045e-01 +5.2501e-01
41 +1.538229687e+00 +1.538229687e+00 -7.185177031e+01 -7.185177031e+01 +4.8009e-01 +6.0382e-01
43 +7.546188795e-01 +7.546188795e-01 -7.263538112e+01 -7.263538112e+01 +1.8812e-01 +5.3328e-01
49 +4.518398632e-01 +4.518398632e-01 -7.293816014e+01 -7.293816014e+01 +3.9227e-02 +4.2915e-01
79 +2.943997849e-01 +2.943997849e-01 -7.309560022e+01 -7.309560022e+01 -1.0559e-01 +2.2082e-01
112 +2.257369610e-01 +2.257369610e-01 -7.316426304e+01 -7.316426304e+01 -9.0882e-02 +2.0402e-01
120 +1.875697525e-01 +1.875697525e-01 -7.320243025e+01 -7.320243025e+01 -1.5898e-01 +3.5734e-03
128 +6.910578896e-02 +6.910578896e-02 -7.332089421e+01 -7.332089421e+01 -2.1291e-01 -1.1575e-01
165 +3.658356073e-02 +3.658356073e-02 -7.335341644e+01 -7.335341644e+01 -2.4856e-01 -2.4873e-01
189 +3.070765796e-02 +3.070765796e-02 -7.335929234e+01 -7.335929234e+01 -2.8231e-01 -4.2072e-01
194 +1.162768368e-02 +1.162768368e-02 -7.337837232e+01 -7.337837232e+01 -2.9663e-01 -4.7738e-01
197 +1.430329587e-04 +1.430329587e-04 -7.338985697e+01 -7.338985697e+01 -3.2232e-01 -6.0089e-01
576 +8.632205110e-05 +8.632205110e-05 -7.338991368e+01 -7.338991368e+01 -3.2351e-01 -6.0744e-01
578 +5.807803934e-05 +5.807803934e-05 -7.338994192e+01 -7.338994192e+01 -3.2387e-01 -6.1040e-01
620 +5.593789672e-05 +5.593789672e-05 -7.338994406e+01 -7.338994406e+01 -3.2409e-01 -6.1117e-01
627 +2.924149430e-05 +2.924149430e-05 -7.338997076e+01 -7.338997076e+01 -3.2548e-01 -6.1916e-01
635 +3.842303400e-06 +3.842303400e-06 -7.338999616e+01 -7.338999616e+01 -3.2593e-01 -6.2301e-01
663 +1.342420546e-06 +1.342420546e-06 -7.338999866e+01 -7.338999866e+01 -3.2623e-01 -6.2489e-01
665 +8.959022182e-07 +8.959022182e-07 -7.338999910e+01 -7.338999910e+01 -3.2687e-01 -6.2891e-01
667 +4.711379802e-07 +4.711379802e-07 -7.338999953e+01 -7.338999953e+01 -3.2633e-01 -6.2573e-01
696 +2.000060846e-07 +2.000060846e-07 -7.338999980e+01 -7.338999980e+01 -3.2643e-01 -6.2633e-01
712 +1.085349908e-07 +1.085349908e-07 -7.338999989e+01 -7.338999989e+01 -3.2665e-01 -6.2758e-01
886 +4.051227620e-08 +4.051227620e-08 -7.338999996e+01 -7.338999996e+01 -3.2664e-01 -6.2759e-01
903 +3.221060751e-09 +3.221060751e-09 -7.339000000e+01 -7.339000000e+01 -3.2658e-01 -6.2726e-01
1524 +0.000000000e+00 +0.000000000e+00 -7.339000000e+01 -7.339000000e+01 -3.2657e-01 -6.2718e-01
% function evaluation | noise-free fitness - Fopt (-5.147000000000e+01) | best noise-free fitness - Fopt | measured fitness | best measured fitness | x1 | x2...
1 +6.500000000e+00 +6.500000000e+00 -4.497000000e+01 -4.497000000e+01 +0.0000e+00 +0.0000e+00
2 +4.920178447e+00 +4.920178447e+00 -4.654982155e+01 -4.654982155e+01 -2.0864e-01 -2.1267e-01
16 +3.643233872e+00 +3.643233872e+00 -4.782676613e+01 -4.782676613e+01 -3.0088e-01 -2.9697e-01
25 +2.014703858e+00 +2.014703858e+00 -4.945529614e+01 -4.945529614e+01 -9.0955e-01 -3.3874e-01
30 +1.049560198e+00 +1.049560198e+00 -5.042043980e+01 -5.042043980e+01 -4.2804e-01 -5.4700e-01
36 +3.629995998e-01 +3.629995998e-01 -5.110700040e+01 -5.110700040e+01 -1.6347e-03 -2.2421e-01
98 +2.478939828e-01 +2.478939828e-01 -5.122210602e+01 -5.122210602e+01 +2.1158e-02 -2.4528e-01
126 +2.293501524e-01 +2.293501524e-01 -5.124064985e+01 -5.124064985e+01 +7.1718e-02 -1.9720e-01
136 +1.956593616e-01 +1.956593616e-01 -5.127434064e+01 -5.127434064e+01 +6.1980e-02 -1.8792e-01
146 +1.835067640e-01 +1.835067640e-01 -5.128649324e+01 -5.128649324e+01 +7.5805e-02 -1.7269e-01
153 +1.409350624e-01 +1.409350624e-01 -5.132906494e+01 -5.132906494e+01 +1.3178e-01 -9.4525e-02
165 +1.201630154e-01 +1.201630154e-01 -5.134983698e+01 -5.134983698e+01 +1.9451e-01 +3.2070e-03
183 +4.619533923e-02 +4.619533923e-02 -5.142380466e+01 -5.142380466e+01 +2.8802e-01 +1.3746e-01
217 +2.547880211e-02 +2.547880211e-02 -5.144452120e+01 -5.144452120e+01 +3.4651e-01 +2.3964e-01
383 +2.369936350e-02 +2.369936350e-02 -5.144630064e+01 -5.144630064e+01 +3.4189e-01 +2.2692e-01
392 +2.221287406e-02 +2.221287406e-02 -5.144778713e+01 -5.144778713e+01 +3.4889e-01 +2.4098e-01
405 +2.125874020e-02 +2.125874020e-02 -5.144874126e+01 -5.144874126e+01 +3.4930e-01 +2.3730e-01
408 +2.063420483e-02 +2.063420483e-02 -5.144936580e+01 -5.144936580e+01 +3.5177e-01 +2.4131e-01
413 +1.952172687e-02 +1.952172687e-02 -5.145047827e+01 -5.145047827e+01 +3.5736e-01 +2.5021e-01
417 +1.737312926e-02 +1.737312926e-02 -5.145262687e+01 -5.145262687e+01 +3.6271e-01 +2.6396e-01
423 +1.382027174e-02 +1.382027174e-02 -5.145617973e+01 -5.145617973e+01 +3.7598e-01 +2.8748e-01
433 +9.614352774e-03 +9.614352774e-03 -5.146038565e+01 -5.146038565e+01 +4.0364e-01 +3.3541e-01
447 +6.863798527e-03 +6.863798527e-03 -5.146313620e+01 -5.146313620e+01 +4.0940e-01 +3.5038e-01
454 +4.161666683e-03 +4.161666683e-03 -5.146583833e+01 -5.146583833e+01 +4.3543e-01 +4.0556e-01
455 +3.209529401e-03 +3.209529401e-03 -5.146679047e+01 -5.146679047e+01 +4.4999e-01 +4.3561e-01
462 +3.669522256e-04 +3.669522256e-04 -5.146963305e+01 -5.146963305e+01 +4.8800e-01 +5.0830e-01
472 +1.320373036e-04 +1.320373036e-04 -5.146986796e+01 -5.146986796e+01 +4.8172e-01 +4.9610e-01
473 +1.218563957e-04 +1.218563957e-04 -5.146987814e+01 -5.146987814e+01 +4.9519e-01 +5.2648e-01
475 +6.159244738e-05 +6.159244738e-05 -5.146993841e+01 -5.146993841e+01 +4.9522e-01 +5.2601e-01
550 +4.964957615e-05 +4.964957615e-05 -5.146995035e+01 -5.146995035e+01 +4.8244e-01 +4.9823e-01
564 +4.153263311e-05 +4.153263311e-05 -5.146995847e+01 -5.146995847e+01 +4.8237e-01 +4.9833e-01
590 +3.876415093e-05 +3.876415093e-05 -5.146996124e+01 -5.146996124e+01 +4.8253e-01 +4.9878e-01
644 +3.570413531e-05 +3.570413531e-05 -5.146996430e+01 -5.146996430e+01 +4.8292e-01 +4.9972e-01
681 +3.448336354e-05 +3.448336354e-05 -5.146996552e+01 -5.146996552e+01 +4.8287e-01 +4.9951e-01
689 +3.281862966e-05 +3.281862966e-05 -5.146996718e+01 -5.146996718e+01 +4.8299e-01 +4.9972e-01
693 +3.221993195e-05 +3.221993195e-05 -5.146996778e+01 -5.146996778e+01 +4.8305e-01 +4.9985e-01
727 +3.154628728e-05 +3.154628728e-05 -5.146996845e+01 -5.146996845e+01 +4.8310e-01 +4.9995e-01
753 +3.058161758e-05 +3.058161758e-05 -5.146996942e+01 -5.146996942e+01 +4.8321e-01 +5.0013e-01
762 +3.011590417e-05 +3.011590417e-05 -5.146996988e+01 -5.146996988e+01 +4.8332e-01 +5.0031e-01
778 +2.935044995e-05 +2.935044995e-05 -5.146997065e+01 -5.146997065e+01 +4.8329e-01 +5.0035e-01
782 +2.652744462e-05 +2.652744462e-05 -5.146997347e+01 -5.146997347e+01 +4.8355e-01 +5.0092e-01
792 +2.609047920e-05 +2.609047920e-05 -5.146997391e+01 -5.146997391e+01 +4.8366e-01 +5.0124e-01
796 +2.229854336e-05 +2.229854336e-05 -5.146997770e+01 -5.146997770e+01 +4.8397e-01 +5.0182e-01
804 +2.139733140e-05 +2.139733140e-05 -5.146997860e+01 -5.146997860e+01 +4.8427e-01 +5.0256e-01
806 +2.067125201e-05 +2.067125201e-05 -5.146997933e+01 -5.146997933e+01 +4.8418e-01 +5.0230e-01
811 +1.852810084e-05 +1.852810084e-05 -5.146998147e+01 -5.146998147e+01 +4.8443e-01 +5.0286e-01
813 +1.813945214e-05 +1.813945214e-05 -5.146998186e+01 -5.146998186e+01 +4.8470e-01 +5.0349e-01
818 +1.465756910e-05 +1.465756910e-05 -5.146998534e+01 -5.146998534e+01 +4.8526e-01 +5.0471e-01
824 +1.162585016e-05 +1.162585016e-05 -5.146998837e+01 -5.146998837e+01 +4.8604e-01 +5.0639e-01
825 +1.097016067e-05 +1.097016067e-05 -5.146998903e+01 -5.146998903e+01 +4.8650e-01 +5.0741e-01
831 +9.416007096e-06 +9.416007096e-06 -5.146999058e+01 -5.146999058e+01 +4.8570e-01 +5.0554e-01
832 +6.347897063e-06 +6.347897063e-06 -5.146999365e+01 -5.146999365e+01 +4.8606e-01 +5.0619e-01
837 +2.337793454e-06 +2.337793454e-06 -5.146999766e+01 -5.146999766e+01 +4.8770e-01 +5.0982e-01
846 +7.943150990e-07 +7.943150990e-07 -5.146999921e+01 -5.146999921e+01 +4.8802e-01 +5.1042e-01
848 +5.464819210e-07 +5.464819210e-07 -5.146999945e+01 -5.146999945e+01 +4.8783e-01 +5.0999e-01
866 +3.429913420e-07 +3.429913420e-07 -5.146999966e+01 -5.146999966e+01 +4.8797e-01 +5.1026e-01
873 +3.073315114e-07 +3.073315114e-07 -5.146999969e+01 -5.146999969e+01 +4.8799e-01 +5.1026e-01
884 +1.310639846e-07 +1.310639846e-07 -5.146999987e+01 -5.146999987e+01 +4.8819e-01 +5.1068e-01
892 +2.539687216e-08 +2.539687216e-08 -5.146999997e+01 -5.146999997e+01 +4.8831e-01 +5.1096e-01
928 +8.442050614e-09 +8.442050614e-09 -5.146999999e+01 -5.146999999e+01 +4.8839e-01 +5.1114e-01
1864 +0.000000000e+00 +0.000000000e+00 -5.147000000e+01 -5.147000000e+01 +4.8846e-01 +5.1128e-01
% function evaluation | noise-free fitness - Fopt (2.390000000000e+00) | best noise-free fitness - Fopt | measured fitness | best measured fitness | x1 | x2...
1 +6.500000000e+00 +6.500000000e+00 +8.890000000e+00 +8.890000000e+00 +0.0000e+00 +0.0000e+00
5 +1.832145452e+00 +1.832145452e+00 +4.222145452e+00 +4.222145452e+00 -1.9934e-01 +2.5385e-03
19 +7.003176618e-01 +7.003176618e-01 +3.090317662e+00 +3.090317662e+00 +3.7711e-01 +3.1090e-01
23 +4.323673741e-01 +4.323673741e-01 +2.822367374e+00 +2.822367374e+00 +1.8233e-01 +2.1357e-01
37 +2.396695926e-01 +2.396695926e-01 +2.629669593e+00 +2.629669593e+00 +8.3698e-02 +2.0340e-01
149 +2.306333237e-01 +2.306333237e-01 +2.620633324e+00 +2.620633324e+00 +8.0572e-02 +2.1661e-01
157 +1.721405590e-01 +1.721405590e-01 +2.562140559e+00 +2.562140559e+00 -2.5771e-03 +1.8150e-01
172 +1.508083240e-01 +1.508083240e-01 +2.540808324e+00 +2.540808324e+00 -4.4969e-02 +1.6575e-01
191 +1.376262762e-01 +1.376262762e-01 +2.527626276e+00 +2.527626276e+00 -6.5910e-02 +1.5424e-01
192 +1.341959429e-01 +1.341959429e-01 +2.524195943e+00 +2.524195943e+00 -8.3344e-02 +1.5024e-01
207 +1.149867144e-01 +1.149867144e-01 +2.504986714e+00 +2.504986714e+00 -1.2209e-01 +1.2294e-01
217 +1.116186939e-01 +1.116186939e-01 +2.501618694e+00 +2.501618694e+00 -1.2576e-01 +1.2222e-01
220 +7.903622297e-02 +7.903622297e-02 +2.469036223e+00 +2.469036223e+00 -2.0167e-01 +8.6793e-02
221 +7.553561550e-02 +7.553561550e-02 +2.465535615e+00 +2.465535615e+00 -2.1124e-01 +8.2094e-02
224 +5.683856240e-02 +5.683856240e-02 +2.446838562e+00 +2.446838562e+00 -3.4391e-01 -2.5695e-04
240 +3.472480435e-02 +3.472480435e-02 +2.424724804e+00 +2.424724804e+00 -3.5978e-01 -3.4086e-03
258 +3.038174356e-02 +3.038174356e-02 +2.420381744e+00 +2.420381744e+00 -3.8171e-01 -1.1645e-02
272 +2.948989440e-02 +2.948989440e-02 +2.419489894e+00 +2.419489894e+00 -4.0449e-01 -3.2573e-02
293 +2.776337557e-02 +2.776337557e-02 +2.417763376e+00 +2.417763376e+00 -3.9458e-01 -1.9552e-02
305 +2.554143604e-02 +2.554143604e-02 +2.415541436e+00 +2.415541436e+00 -4.0462e-01 -3.0549e-02
334 +2.335743705e-02 +2.335743705e-02 +2.413357437e+00 +2.413357437e+00 -4.0857e-01 -3.0907e-02
374 +1.957939931e-02 +1.957939931e-02 +2.409579399e+00 +2.409579399e+00 -4.3046e-01 -4.3950e-02
483 +1.862678709e-02 +1.862678709e-02 +2.408626787e+00 +2.408626787e+00 -4.3643e-01 -4.8582e-02
492 +1.837656631e-02 +1.837656631e-02 +2.408376566e+00 +2.408376566e+00 -4.3826e-01 -4.9877e-02
509 +1.801300644e-02 +1.801300644e-02 +2.408013006e+00 +2.408013006e+00 -4.4140e-01 -5.2162e-02
513 +1.736128031e-02 +1.736128031e-02 +2.407361280e+00 +2.407361280e+00 -4.4595e-01 -5.3092e-02
521 +1.633356966e-02 +1.633356966e-02 +2.406333570e+00 +2.406333570e+00 -4.5101e-01 -5.7729e-02
522 +1.580981580e-02 +1.580981580e-02 +2.405809816e+00 +2.405809816e+00 -4.5483e-01 -6.0321e-02
523 +1.402821540e-02 +1.402821540e-02 +2.404028215e+00 +2.404028215e+00 -4.6682e-01 -6.7157e-02
532 +1.228570784e-02 +1.228570784e-02 +2.402285708e+00 +2.402285708e+00 -4.8537e-01 -7.7860e-02
537 +1.187571585e-02 +1.187571585e-02 +2.401875716e+00 +2.401875716e+00 -4.8287e-01 -7.7705e-02
542 +8.806409241e-03 +8.806409241e-03 +2.398806409e+00 +2.398806409e+00 -5.0902e-01 -9.5115e-02
552 +2.387526752e-03 +2.387526752e-03 +2.392387527e+00 +2.392387527e+00 -5.8765e-01 -1.4793e-01
562 +1.939690692e-03 +1.939690692e-03 +2.391939691e+00 +2.391939691e+00 -6.3905e-01 -1.8160e-01
577 +1.695237842e-03 +1.695237842e-03 +2.391695238e+00 +2.391695238e+00 -6.3263e-01 -1.7737e-01
579 +1.290480398e-03 +1.290480398e-03 +2.391290480e+00 +2.391290480e+00 -6.1089e-01 -1.6384e-01
582 +3.548103210e-04 +3.548103210e-04 +2.390354810e+00 +2.390354810e+00 -6.5058e-01 -1.9123e-01
594 +3.145353762e-04 +3.145353762e-04 +2.390314535e+00 +2.390314535e+00 -7.0023e-01 -2.2702e-01
600 +1.846156802e-04 +1.846156802e-04 +2.390184616e+00 +2.390184616e+00 -6.7977e-01 -2.1210e-01
605 +1.813230777e-04 +1.813230777e-04 +2.390181323e+00 +2.390181323e+00 -6.6852e-01 -2.0404e-01
609 +6.502600568e-05 +6.502600568e-05 +2.390065026e+00 +2.390065026e+00 -6.8766e-01 -2.1829e-01
610 +2.524339505e-05 +2.524339505e-05 +2.390025243e+00 +2.390025243e+00 -6.6727e-01 -2.0372e-01
638 +1.636321064e-05 +1.636321064e-05 +2.390016363e+00 +2.390016363e+00 -6.8082e-01 -2.1344e-01
651 +6.914726315e-06 +6.914726315e-06 +2.390006915e+00 +2.390006915e+00 -6.7823e-01 -2.1161e-01
658 +3.798699311e-07 +3.798699311e-07 +2.390000380e+00 +2.390000380e+00 -6.7431e-01 -2.0889e-01
672 +1.259867668e-07 +1.259867668e-07 +2.390000126e+00 +2.390000126e+00 -6.7585e-01 -2.1002e-01
757 +6.004298525e-08 +6.004298525e-08 +2.390000060e+00 +2.390000060e+00 -6.7492e-01 -2.0934e-01
762 +3.262293591e-08 +3.262293591e-08 +2.390000033e+00 +2.390000033e+00 -6.7558e-01 -2.0981e-01
779 +2.155325696e-09 +2.155325696e-09 +2.390000002e+00 +2.390000002e+00 -6.7537e-01 -2.0967e-01
1199 +0.000000000e+00 +0.000000000e+00 +2.390000000e+00 +2.390000000e+00 -6.7532e-01 -2.0963e-01
% function evaluation | noise-free fitness - Fopt (1.000000000000e+03) | best noise-free fitness - Fopt | measured fitness | best measured fitness | x1 | x2...
1 +6.500000000e+00 +6.500000000e+00 +1.006500000e+03 +1.006500000e+03 +0.0000e+00 +0.0000e+00
16 +3.797849051e+00 +3.797849051e+00 +1.003797849e+03 +1.003797849e+03 +2.0567e-02 -3.7263e-02
18 +6.041591290e-01 +6.041591290e-01 +1.000604159e+03 +1.000604159e+03 +1.0276e+00 +6.1989e-01
32 +2.017515679e-01 +2.017515679e-01 +1.000201752e+03 +1.000201752e+03 +1.0452e+00 +6.1769e-01
46 +1.041105608e-01 +1.041105608e-01 +1.000104111e+03 +1.000104111e+03 +8.9545e-01 +4.7355e-01
54 +6.978599841e-02 +6.978599841e-02 +1.000069786e+03 +1.000069786e+03 +8.7334e-01 +4.2463e-01
55 +1.952779485e-03 +1.952779485e-03 +1.000001953e+03 +1.000001953e+03 +7.3720e-01 +3.1815e-01
466 +1.820726423e-03 +1.820726423e-03 +1.000001821e+03 +1.000001821e+03 +7.3424e-01 +3.1545e-01
478 +1.656814256e-03 +1.656814256e-03 +1.000001657e+03 +1.000001657e+03 +7.2978e-01 +3.1143e-01
486 +1.390470861e-03 +1.390470861e-03 +1.000001390e+03 +1.000001390e+03 +7.2312e-01 +3.0673e-01
488 +1.315615615e-03 +1.315615615e-03 +1.000001316e+03 +1.000001316e+03 +7.2163e-01 +3.0449e-01
494 +1.233134411e-03 +1.233134411e-03 +1.000001233e+03 +1.000001233e+03 +7.1479e-01 +3.0006e-01
507 +8.465548964e-04 +8.465548964e-04 +1.000000847e+03 +1.000000847e+03 +7.0154e-01 +2.8897e-01
508 +7.192612291e-04 +7.192612291e-04 +1.000000719e+03 +1.000000719e+03 +7.0662e-01 +2.9220e-01
518 +5.392306008e-04 +5.392306008e-04 +1.000000539e+03 +1.000000539e+03 +6.9319e-01 +2.8026e-01
525 +4.399462883e-04 +4.399462883e-04 +1.000000440e+03 +1.000000440e+03 +6.9423e-01 +2.8147e-01
526 +3.502069512e-04 +3.502069512e-04 +1.000000350e+03 +1.000000350e+03 +6.8777e-01 +2.7705e-01
529 +2.906623735e-04 +2.906623735e-04 +1.000000291e+03 +1.000000291e+03 +6.8965e-01 +2.7808e-01
533 +2.134409766e-04 +2.134409766e-04 +1.000000213e+03 +1.000000213e+03 +6.5181e-01 +2.4755e-01
544 +1.398540787e-04 +1.398540787e-04 +1.000000140e+03 +1.000000140e+03 +6.5268e-01 +2.4810e-01
545 +7.730721563e-06 +7.730721563e-06 +1.000000008e+03 +1.000000008e+03 +6.5752e-01 +2.5157e-01
555 +4.663793561e-06 +4.663793561e-06 +1.000000005e+03 +1.000000005e+03 +6.6143e-01 +2.5454e-01
589 +2.430300015e-06 +2.430300015e-06 +1.000000002e+03 +1.000000002e+03 +6.5917e-01 +2.5288e-01
606 +3.502154868e-07 +3.502154868e-07 +1.000000000e+03 +1.000000000e+03 +6.5909e-01 +2.5272e-01
1087 +1.180291065e-07 +1.180291065e-07 +1.000000000e+03 +1.000000000e+03 +6.6036e-01 +2.5379e-01
1108 +4.596859071e-08 +4.596859071e-08 +1.000000000e+03 +1.000000000e+03 +6.6041e-01 +2.5382e-01
1118 +1.455100573e-08 +1.455100573e-08 +1.000000000e+03 +1.000000000e+03 +6.5992e-01 +2.5341e-01
1124 +1.280454853e-09 +1.280454853e-09 +1.000000000e+03 +1.000000000e+03 +6.6014e-01 +2.5359e-01
2208 +0.000000000e+00 +0.000000000e+00 +1.000000000e+03 +1.000000000e+03 +6.6009e-01 +2.5355e-01
