% function evaluation | noise-free fitness - Fopt (7.627000000000e+01) | best noise-free fitness - Fopt | measured fitness | best measured fitness | x1 | x2...
1 +1.019131247e+07 +1.019131247e+07 +1.019138874e+07 +1.019138874e+07 +0.0000e+00 +0.0000e+00
7 +9.763787827e+06 +9.763787827e+06 +9.763864097e+06 +9.763864097e+06 -4.1324e-01 +5.4918e-02
9 +9.378389925e+06 +9.378389925e+06 +9.378466195e+06 +9.378466195e+06 -9.1957e-01 +1.3986e-01
10 +9.181299178e+06 +9.181299178e+06 +9.181375448e+06 +9.181375448e+06 +5.9838e-01 -3.8189e-01
12 +4.830153548e+06 +4.830153548e+06 +4.830229818e+06 +4.830229818e+06 -3.9046e-01 -1.0907e+00
26 +2.377042239e+06 +2.377042239e+06 +2.377118509e+06 +2.377118509e+06 -3.2234e-01 -1.5872e+00
27 +6.748101116e+05 +6.748101116e+05 +6.748863816e+05 +6.748863816e+05 -5.5399e-01 -2.3360e+00
33 +4.981514558e+04 +4.981514558e+04 +4.989141558e+04 +4.989141558e+04 -1.8591e+00 -2.6252e+00
41 +3.953732897e+03 +3.953732897e+03 +4.030002897e+03 +4.030002897e+03 -1.3395e-01 -3.4765e+00
49 +2.412799483e+02 +2.412799483e+02 +3.175499483e+02 +3.175499483e+02 +6.8241e-01 -3.6465e+00
112 +7.408516822e+01 +7.408516822e+01 +1.503551682e+02 +1.503551682e+02 +7.5577e-02 -3.4624e+00
130 +2.199099510e+01 +2.199099510e+01 +9.826099510e+01 +9.826099510e+01 +1.8942e-01 -3.5114e+00
197 +8.942157027e+00 +8.942157027e+00 +8.521215703e+01 +8.521215703e+01 +4.1195e-01 -3.5745e+00
291 +2.381443161e+00 +2.381443161e+00 +7.865144316e+01 +7.865144316e+01 +5.7370e-01 -3.6291e+00
343 +2.177467941e+00 +2.177467941e+00 +7.844746794e+01 +7.844746794e+01 +3.9997e-01 -3.5733e+00
375 +2.073828393e+00 +2.073828393e+00 +7.834382839e+01 +7.834382839e+01 +4.4233e-01 -3.5873e+00
376 +2.038947786e+00 +2.038947786e+00 +7.830894779e+01 +7.830894779e+01 +4.3942e-01 -3.5863e+00
872 +1.992842766e+00 +1.992842766e+00 +7.826284277e+01 +7.826284277e+01 +3.6961e-01 -3.5641e+00
894 +1.910823650e+00 +1.910823650e+00 +7.818082365e+01 +7.818082365e+01 +2.8183e-01 -3.5364e+00
902 +1.843041807e+00 +1.843041807e+00 +7.811304181e+01 +7.811304181e+01 +2.4567e-01 -3.5249e+00
905 +1.808634074e+00 +1.808634074e+00 +7.807863407e+01 +7.807863407e+01 +2.2904e-01 -3.5197e+00
906 +1.770219892e+00 +1.770219892e+00 +7.804021989e+01 +7.804021989e+01 +2.1021e-01 -3.5138e+00
913 +1.431907340e+00 +1.431907340e+00 +7.770190734e+01 +7.770190734e+01 +1.1181e-01 -3.4827e+00
922 +1.396425738e+00 +1.396425738e+00 +7.766642574e+01 +7.766642574e+01 +1.0260e-01 -3.4798e+00
924 +1.243540140e+00 +1.243540140e+00 +7.751354014e+01 +7.751354014e+01 +6.6440e-02 -3.4684e+00
932 +1.140264145e+00 +1.140264145e+00 +7.741026414e+01 +7.741026414e+01 +3.6238e-02 -3.4589e+00
933 +1.088190888e+00 +1.088190888e+00 +7.735819089e+01 +7.735819089e+01 +2.2202e-02 -3.4545e+00
936 +6.386265331e-01 +6.386265331e-01 +7.690862653e+01 +7.690862653e+01 -1.5184e-01 -3.3995e+00
942 +6.140194248e-01 +6.140194248e-01 +7.688401942e+01 +7.688401942e+01 -1.9215e-01 -3.3867e+00
945 +4.833261906e-01 +4.833261906e-01 +7.675332619e+01 +7.675332619e+01 -4.8181e-01 -3.2953e+00
953 +4.507690747e-01 +4.507690747e-01 +7.672076907e+01 +7.672076907e+01 -7.4843e-01 -3.2111e+00
954 +4.341476244e-01 +4.341476244e-01 +7.670414762e+01 +7.670414762e+01 -5.3235e-01 -3.2793e+00
955 +3.818041884e-01 +3.818041884e-01 +7.665180419e+01 +7.665180419e+01 -7.6392e-01 -3.2062e+00
963 +3.390776079e-01 +3.390776079e-01 +7.660907761e+01 +7.660907761e+01 -7.7218e-01 -3.2035e+00
976 +2.966655636e-01 +2.966655636e-01 +7.656666556e+01 +7.656666556e+01 -1.0711e+00 -3.1089e+00
981 +2.317555102e-01 +2.317555102e-01 +7.650175551e+01 +7.650175551e+01 -6.5794e-01 -3.2395e+00
982 +4.180603937e-02 +4.180603937e-02 +7.631180604e+01 +7.631180604e+01 -8.5826e-01 -3.1760e+00
985 +3.205419690e-02 +3.205419690e-02 +7.630205420e+01 +7.630205420e+01 -1.1007e+00 -3.0991e+00
994 +3.890567824e-03 +3.890567824e-03 +7.627389057e+01 +7.627389057e+01 -9.1191e-01 -3.1588e+00
1020 +2.252836649e-03 +2.252836649e-03 +7.627225284e+01 +7.627225284e+01 -9.1206e-01 -3.1587e+00
1049 +8.617075923e-04 +8.617075923e-04 +7.627086171e+01 +7.627086171e+01 -9.1772e-01 -3.1569e+00
1095 +5.124937898e-04 +5.124937898e-04 +7.627051249e+01 +7.627051249e+01 -9.2740e-01 -3.1539e+00
1102 +4.120993760e-04 +4.120993760e-04 +7.627041210e+01 +7.627041210e+01 -9.4325e-01 -3.1488e+00
1120 +1.833558565e-05 +1.833558565e-05 +7.627001834e+01 +7.627001834e+01 -9.4212e-01 -3.1492e+00
1176 +1.599164325e-05 +1.599164325e-05 +7.627001599e+01 +7.627001599e+01 -9.3495e-01 -3.1515e+00
1179 +5.600245800e-06 +5.600245800e-06 +7.627000560e+01 +7.627000560e+01 -9.3817e-01 -3.1505e+00
1990 +5.381803319e-06 +5.381803319e-06 +7.627000538e+01 +7.627000538e+01 -9.4048e-01 -3.1497e+00
1991 +4.743223883e-06 +4.743223883e-06 +7.627000474e+01 +7.627000474e+01 -9.4056e-01 -3.1497e+00
1992 +4.441718758e-06 +4.441718758e-06 +7.627000444e+01 +7.627000444e+01 -9.4047e-01 -3.1497e+00
2000 +3.360707680e-06 +3.360707680e-06 +7.627000336e+01 +7.627000336e+01 -9.4019e-01 -3.1498e+00
2005 +1.995304814e-06 +1.995304814e-06 +7.627000200e+01 +7.627000200e+01 -9.3975e-01 -3.1500e+00
2015 +7.245300679e-07 +7.245300679e-07 +7.627000072e+01 +7.627000072e+01 -9.3925e-01 -3.1501e+00
2023 +1.708386463e-07 +1.708386463e-07 +7.627000017e+01 +7.627000017e+01 -9.3815e-01 -3.1505e+00
2025 +1.326102108e-07 +1.326102108e-07 +7.627000013e+01 +7.627000013e+01 -9.3874e-01 -3.1503e+00
2034 +5.229878752e-09 +5.229878752e-09 +7.627000001e+01 +7.627000001e+01 -9.3839e-01 -3.1504e+00
% function evaluation | noise-free fitness - Fopt (-2.255000000000e+01) | best noise-free fitness - Fopt | measured fitness | best measured fitness | x1 | x2...
1 +1.001445220e+07 +1.001445220e+07 +1.001442965e+07 +1.001442965e+07 +0.0000e+00 +0.0000e+00
3 +4.514942662e+06 +4.514942662e+06 +4.514920112e+06 +4.514920112e+06 +6.3939e-01 +1.7733e+00
10 +2.069875672e+06 +2.069875672e+06 +2.069853122e+06 +2.069853122e+06 +1.8455e+00 +2.9128e-02
16 +1.236887815e+05 +1.236887815e+05 +1.236662315e+05 +1.236662315e+05 +2.7655e+00 +8.8743e-01
30 +6.982309767e+03 +6.982309767e+03 +6.959759767e+03 +6.959759767e+03 +2.9232e+00 +1.8052e+00
36 +8.708852495e+01 +8.708852495e+01 +6.453852495e+01 +6.453852495e+01 +2.8768e+00 +1.6328e+00
59 +1.796027815e+00 +1.796027815e+00 -2.075397219e+01 -2.075397219e+01 +2.9059e+00 +1.5777e+00
257 +1.428919474e+00 +1.428919474e+00 -2.112108053e+01 -2.112108053e+01 +2.3316e+00 +3.2679e+00
329 +3.194024301e-01 +3.194024301e-01 -2.223059757e+01 -2.223059757e+01 +2.3943e+00 +3.0856e+00
1321 +3.122542103e-01 +3.122542103e-01 -2.223774579e+01 -2.223774579e+01 +2.3978e+00 +3.0758e+00
1322 +2.729738642e-01 +2.729738642e-01 -2.227702614e+01 -2.227702614e+01 +2.4046e+00 +3.0558e+00
1328 +2.661926747e-01 +2.661926747e-01 -2.228380733e+01 -2.228380733e+01 +2.4038e+00 +3.0579e+00
1333 +2.468413824e-01 +2.468413824e-01 -2.230315862e+01 -2.230315862e+01 +2.4065e+00 +3.0499e+00
1334 +1.653536707e-01 +1.653536707e-01 -2.238464633e+01 -2.238464633e+01 +2.4274e+00 +2.9882e+00
1342 +1.269955931e-01 +1.269955931e-01 -2.242300441e+01 -2.242300441e+01 +2.4538e+00 +2.9100e+00
1348 +1.094594977e-01 +1.094594977e-01 -2.244054050e+01 -2.244054050e+01 +2.4623e+00 +2.8851e+00
1352 +6.100785430e-02 +6.100785430e-02 -2.248899215e+01 -2.248899215e+01 +2.4969e+00 +2.7832e+00
1362 +5.120759492e-02 +5.120759492e-02 -2.249879241e+01 -2.249879241e+01 +2.5288e+00 +2.6892e+00
1364 +4.648241064e-02 +4.648241064e-02 -2.250351759e+01 -2.250351759e+01 +2.5192e+00 +2.7174e+00
1367 +4.286238849e-02 +4.286238849e-02 -2.250713761e+01 -2.250713761e+01 +2.5011e+00 +2.7707e+00
1372 +1.070051491e-02 +1.070051491e-02 -2.253929949e+01 -2.253929949e+01 +2.5950e+00 +2.4930e+00
1383 +4.137662986e-03 +4.137662986e-03 -2.254586234e+01 -2.254586234e+01 +2.5646e+00 +2.5831e+00
1387 +3.767098595e-03 +3.767098595e-03 -2.254623290e+01 -2.254623290e+01 +2.5538e+00 +2.6151e+00
1432 +3.479212917e-03 +3.479212917e-03 -2.254652079e+01 -2.254652079e+01 +2.5488e+00 +2.6296e+00
1472 +8.572653269e-04 +8.572653269e-04 -2.254914273e+01 -2.254914273e+01 +2.5572e+00 +2.6048e+00
1484 +2.588319675e-05 +2.588319675e-05 -2.254997412e+01 -2.254997412e+01 +2.5640e+00 +2.5847e+00
1583 +5.709860620e-06 +5.709860620e-06 -2.254999429e+01 -2.254999429e+01 +2.5649e+00 +2.5820e+00
1629 +4.800129624e-06 +4.800129624e-06 -2.254999520e+01 -2.254999520e+01 +2.5654e+00 +2.5807e+00
1657 +4.717177404e-07 +4.717177404e-07 -2.254999953e+01 -2.254999953e+01 +2.5654e+00 +2.5807e+00
1663 +1.973277470e-07 +1.973277470e-07 -2.254999980e+01 -2.254999980e+01 +2.5655e+00 +2.5803e+00
1903 +3.313940411e-08 +3.313940411e-08 -2.254999997e+01 -2.254999997e+01 +2.5656e+00 +2.5800e+00
1916 +1.081339462e-10 +1.081339462e-10 -2.255000000e+01 -2.255000000e+01 +2.5656e+00 +2.5800e+00
% function evaluation | noise-free fitness - Fopt (1.366000000000e+01) | best noise-free fitness - Fopt | measured fitness | best measured fitness | x1 | x2...
1 +5.237814535e+05 +5.237814535e+05 +5.237951135e+05 +5.237951135e+05 +0.0000e+00 +0.0000e+00
4 +3.554038297e+05 +3.554038297e+05 +3.554174897e+05 +3.554174897e+05 +3.7877e-01 +1.0642e+00
5 +9.672782750e+01 +9.672782750e+01 +1.103878275e+02 +1.103878275e+02 +1.1537e-01 +1.7258e+00
66 +1.631189676e+00 +1.631189676e+00 +1.529118968e+01 +1.529118968e+01 -1.2414e-01 +1.3064e+00
82 +1.578667217e+00 +1.578667217e+00 +1.523866722e+01 +1.523866722e+01 -1.0581e-01 +1.3368e+00
266 +1.177356604e+00 +1.177356604e+00 +1.483735660e+01 +1.483735660e+01 -1.1850e-01 +1.3171e+00
923 +1.173645427e+00 +1.173645427e+00 +1.483364543e+01 +1.483364543e+01 -1.1831e-01 +1.3174e+00
1005 +1.144878664e+00 +1.144878664e+00 +1.480487866e+01 +1.480487866e+01 -1.1281e-01 +1.3266e+00
1012 +1.110978734e+00 +1.110978734e+00 +1.477097873e+01 +1.477097873e+01 -1.0776e-01 +1.3349e+00
1027 +1.092441948e+00 +1.092441948e+00 +1.475244195e+01 +1.475244195e+01 -1.0378e-01 +1.3414e+00
1028 +1.057797117e+00 +1.057797117e+00 +1.471779712e+01 +1.471779712e+01 -9.8365e-02 +1.3504e+00
1034 +9.970496894e-01 +9.970496894e-01 +1.465704969e+01 +1.465704969e+01 -8.5738e-02 +1.3713e+00
1043 +9.060446253e-01 +9.060446253e-01 +1.456604463e+01 +1.456604463e+01 -6.6574e-02 +1.4031e+00
1046 +8.789880123e-01 +8.789880123e-01 +1.453898801e+01 +1.453898801e+01 -6.4535e-02 +1.4066e+00
1053 +8.507090418e-01 +8.507090418e-01 +1.451070904e+01 +1.451070904e+01 -5.8507e-02 +1.4166e+00
1056 +7.520190929e-01 +7.520190929e-01 +1.441201909e+01 +1.441201909e+01 -3.8125e-02 +1.4505e+00
1064 +6.515893793e-01 +6.515893793e-01 +1.431158938e+01 +1.431158938e+01 -1.3892e-02 +1.4908e+00
1065 +5.716732118e-01 +5.716732118e-01 +1.423167321e+01 +1.423167321e+01 +7.7389e-03 +1.5268e+00
1076 +3.916896529e-01 +3.916896529e-01 +1.405168965e+01 +1.405168965e+01 +7.5916e-02 +1.6402e+00
1077 +3.822357532e-01 +3.822357532e-01 +1.404223575e+01 +1.404223575e+01 +7.9754e-02 +1.6466e+00
1083 +1.924873062e-01 +1.924873062e-01 +1.385248731e+01 +1.385248731e+01 +2.1369e-01 +1.8694e+00
1094 +7.751357812e-02 +7.751357812e-02 +1.373751358e+01 +1.373751358e+01 +3.0902e-01 +2.0279e+00
1102 +4.286108310e-02 +4.286108310e-02 +1.370286108e+01 +1.370286108e+01 +4.4972e-01 +2.2618e+00
1103 +4.095629623e-02 +4.095629623e-02 +1.370095630e+01 +1.370095630e+01 +3.9494e-01 +2.1708e+00
1147 +3.987497994e-02 +3.987497994e-02 +1.369987498e+01 +1.369987498e+01 +3.7698e-01 +2.1409e+00
1149 +3.845835446e-02 +3.845835446e-02 +1.369845835e+01 +1.369845835e+01 +4.0848e-01 +2.1933e+00
1157 +3.291624221e-02 +3.291624221e-02 +1.369291624e+01 +1.369291624e+01 +4.0153e-01 +2.1817e+00
1163 +2.381421592e-02 +2.381421592e-02 +1.368381422e+01 +1.368381422e+01 +4.3507e-01 +2.2374e+00
1174 +2.213121276e-02 +2.213121276e-02 +1.368213121e+01 +1.368213121e+01 +4.5461e-01 +2.2698e+00
1175 +1.572286024e-02 +1.572286024e-02 +1.367572286e+01 +1.367572286e+01 +4.3421e-01 +2.2359e+00
1181 +1.523795977e-02 +1.523795977e-02 +1.367523796e+01 +1.367523796e+01 +4.1992e-01 +2.2121e+00
1184 +1.386579224e-02 +1.386579224e-02 +1.367386579e+01 +1.367386579e+01 +4.0363e-01 +2.1850e+00
1187 +9.186058221e-04 +9.186058221e-04 +1.366091861e+01 +1.366091861e+01 +4.3221e-01 +2.2324e+00
1204 +4.064311950e-04 +4.064311950e-04 +1.366040643e+01 +1.366040643e+01 +4.2553e-01 +2.2212e+00
1216 +3.533173157e-05 +3.533173157e-05 +1.366003533e+01 +1.366003533e+01 +4.2987e-01 +2.2284e+00
2182 +2.631727886e-05 +2.631727886e-05 +1.366002632e+01 +1.366002632e+01 +4.2911e-01 +2.2272e+00
2195 +1.405809552e-05 +1.405809552e-05 +1.366001406e+01 +1.366001406e+01 +4.2875e-01 +2.2266e+00
2196 +7.808332239e-07 +7.808332239e-07 +1.366000078e+01 +1.366000078e+01 +4.2761e-01 +2.2247e+00
2202 +5.696878347e-08 +5.696878347e-08 +1.366000006e+01 +1.366000006e+01 +4.2733e-01 +2.2242e+00
2544 +5.590677254e-08 +5.590677254e-08 +1.366000006e+01 +1.366000006e+01 +4.2730e-01 +2.2242e+00
2553 +5.346028509e-08 +5.346028509e-08 +1.366000005e+01 +1.366000005e+01 +4.2729e-01 +2.2242e+00
2555 +3.409799731e-08 +3.409799731e-08 +1.366000003e+01 +1.366000003e+01 +4.2728e-01 +2.2241e+00
2566 +1.766948188e-08 +1.766948188e-08 +1.366000002e+01 +1.366000002e+01 +4.2727e-01 +2.2241e+00
2573 +1.606478328e-08 +1.606478328e-08 +1.366000002e+01 +1.366000002e+01 +4.2727e-01 +2.2241e+00
2574 +1.305542519e-08 +1.305542519e-08 +1.366000001e+01 +1.366000001e+01 +4.2726e-01 +2.2241e+00
2579 +1.194115207e-08 +1.194115207e-08 +1.366000001e+01 +1.366000001e+01 +4.2726e-01 +2.2241e+00
2583 +6.365860727e-09 +6.365860727e-09 +1.366000001e+01 +1.366000001e+01 +4.2724e-01 +2.2241e+00
% function evaluation | noise-free fitness - Fopt (9.378400000000e+02) | best noise-free fitness - Fopt | measured fitness | best measured fitness | x1 | x2...
1 +4.596821521e+06 +4.596821521e+06 +4.597759361e+06 +4.597759361e+06 +0.0000e+00 +0.0000e+00
2 +1.247455763e+05 +1.247455763e+05 +1.256834163e+05 +1.256834163e+05 -2.0070e+00 +1.5470e+00
5 +7.324986214e+04 +7.324986214e+04 +7.418770214e+04 +7.418770214e+04 -1.8701e+00 +1.5968e+00
6 +1.009182608e+02 +1.009182608e+02 +1.038758261e+03 +1.038758261e+03 -2.3139e+00 +3.7948e-01
141 +8.409035380e+01 +8.409035380e+01 +1.021930354e+03 +1.021930354e+03 -4.9156e+00 -3.7103e+00
214 +8.118408790e+01 +8.118408790e+01 +1.019024088e+03 +1.019024088e+03 -5.0766e+00 -3.9605e+00
230 +7.868625432e+01 +7.868625432e+01 +1.016526254e+03 +1.016526254e+03 -5.0592e+00 -3.9307e+00
267 +7.352509709e+01 +7.352509709e+01 +1.011365097e+03 +1.011365097e+03 -4.9354e+00 -3.7343e+00
272 +6.932334623e+01 +6.932334623e+01 +1.007163346e+03 +1.007163346e+03 -4.8237e+00 -3.5576e+00
285 +6.777328920e+01 +6.777328920e+01 +1.005613289e+03 +1.005613289e+03 -4.6745e+00 -3.3283e+00
290 +6.243705006e+01 +6.243705006e+01 +1.000277050e+03 +1.000277050e+03 -4.6361e+00 -3.2616e+00
292 +5.372129962e+01 +5.372129962e+01 +9.915612996e+02 +9.915612996e+02 -4.3987e+00 -2.8881e+00
302 +4.731207312e+01 +4.731207312e+01 +9.851520731e+02 +9.851520731e+02 -4.1290e+00 -2.4613e+00
304 +4.577653008e+01 +4.577653008e+01 +9.836165301e+02 +9.836165301e+02 -4.1140e+00 -2.4416e+00
312 +4.042356848e+01 +4.042356848e+01 +9.782635685e+02 +9.782635685e+02 -3.6462e+00 -1.7073e+00
327 +3.552517367e+01 +3.552517367e+01 +9.733651737e+02 +9.733651737e+02 -3.5224e+00 -1.5106e+00
328 +2.948304831e+01 +2.948304831e+01 +9.673230483e+02 +9.673230483e+02 -3.0452e+00 -7.5913e-01
336 +2.374253659e+01 +2.374253659e+01 +9.615825366e+02 +9.615825366e+02 -2.5965e+00 -5.2099e-02
345 +1.862419726e+01 +1.862419726e+01 +9.564641973e+02 +9.564641973e+02 -2.4251e+00 +2.1955e-01
346 +1.180600656e+01 +1.180600656e+01 +9.496460066e+02 +9.496460066e+02 -1.2746e+00 +2.0313e+00
352 +2.665117911e+00 +2.665117911e+00 +9.405051179e+02 +9.405051179e+02 -8.4558e-01 +2.7108e+00
372 +2.279484764e+00 +2.279484764e+00 +9.401194848e+02 +9.401194848e+02 -8.3273e-01 +2.7312e+00
377 +1.111780651e-01 +1.111780651e-01 +9.379511781e+02 +9.379511781e+02 -4.7074e-01 +3.3042e+00
586 +5.789589663e-02 +5.789589663e-02 +9.378978959e+02 +9.378978959e+02 -4.0773e-01 +3.4037e+00
597 +3.829040319e-02 +3.829040319e-02 +9.378782904e+02 +9.378782904e+02 -3.9617e-01 +3.4217e+00
602 +1.408231019e-02 +1.408231019e-02 +9.378540823e+02 +9.378540823e+02 -2.3642e-01 +3.6736e+00
613 +5.670590695e-03 +5.670590695e-03 +9.378456706e+02 +9.378456706e+02 -3.2640e-01 +3.5316e+00
711 +2.599259993e-03 +2.599259993e-03 +9.378425993e+02 +9.378425993e+02 -3.2223e-01 +3.5383e+00
746 +1.893021380e-03 +1.893021380e-03 +9.378418930e+02 +9.378418930e+02 -3.1840e-01 +3.5444e+00
874 +1.467294196e-03 +1.467294196e-03 +9.378414673e+02 +9.378414673e+02 -3.0726e-01 +3.5618e+00
881 +1.291040305e-03 +1.291040305e-03 +9.378412910e+02 +9.378412910e+02 -3.0770e-01 +3.5613e+00
886 +6.539534186e-04 +6.539534186e-04 +9.378406540e+02 +9.378406540e+02 -3.0941e-01 +3.5585e+00
893 +3.987607143e-04 +3.987607143e-04 +9.378403988e+02 +9.378403988e+02 -3.0292e-01 +3.5687e+00
895 +2.259559107e-04 +2.259559107e-04 +9.378402260e+02 +9.378402260e+02 -3.0462e-01 +3.5661e+00
919 +6.590955354e-05 +6.590955354e-05 +9.378400659e+02 +9.378400659e+02 -2.9257e-01 +3.5851e+00
1898 +5.573419810e-05 +5.573419810e-05 +9.378400557e+02 +9.378400557e+02 -2.9284e-01 +3.5846e+00
1902 +5.132573597e-05 +5.132573597e-05 +9.378400513e+02 +9.378400513e+02 -2.9298e-01 +3.5844e+00
1903 +4.325657505e-05 +4.325657505e-05 +9.378400433e+02 +9.378400433e+02 -2.9316e-01 +3.5841e+00
1904 +3.018070151e-05 +3.018070151e-05 +9.378400302e+02 +9.378400302e+02 -2.9386e-01 +3.5830e+00
1911 +2.832627388e-05 +2.832627388e-05 +9.378400283e+02 +9.378400283e+02 -2.9397e-01 +3.5829e+00
1912 +8.358595665e-06 +8.358595665e-06 +9.378400084e+02 +9.378400084e+02 -2.9551e-01 +3.5804e+00
1917 +5.573760518e-06 +5.573760518e-06 +9.378400056e+02 +9.378400056e+02 -2.9576e-01 +3.5800e+00
1923 +2.259288067e-06 +2.259288067e-06 +9.378400023e+02 +9.378400023e+02 -2.9688e-01 +3.5783e+00
1926 +9.145240938e-07 +9.145240938e-07 +9.378400009e+02 +9.378400009e+02 -2.9654e-01 +3.5788e+00
1933 +7.152100352e-07 +7.152100352e-07 +9.378400007e+02 +9.378400007e+02 -2.9709e-01 +3.5779e+00
1953 +3.979198482e-07 +3.979198482e-07 +9.378400004e+02 +9.378400004e+02 -2.9664e-01 +3.5786e+00
1973 +1.731235670e-07 +1.731235670e-07 +9.378400002e+02 +9.378400002e+02 -2.9667e-01 +3.5786e+00
1977 +1.175467332e-07 +1.175467332e-07 +9.378400001e+02 +9.378400001e+02 -2.9686e-01 +3.5783e+00
1983 +8.874678770e-08 +8.874678770e-08 +9.378400001e+02 +9.378400001e+02 -2.9694e-01 +3.5782e+00
1986 +6.536276942e-08 +6.536276942e-08 +9.378400001e+02 +9.378400001e+02 -2.9674e-01 +3.5785e+00
2009 +3.263266990e-08 +3.263266990e-08 +9.378400000e+02 +9.378400000e+02 -2.9683e-01 +3.5783e+00
2027 +1.849127784e-08 +1.849127784e-08 +9.378400000e+02 +9.378400000e+02 -2.9686e-01 +3.5783e+00
2041 +6.644199857e-09 +6.644199857e-09 +9.378400000e+02 +9.378400000e+02 -2.9684e-01 +3.5783e+00
% function evaluation | noise-free fitness - Fopt (-7.872000000000e+01) | best noise-free fitness - Fopt | measured fitness | best measured fitness | x1 | x2...
1 +9.358657819e+06 +9.358657819e+06 +9.358579099e+06 +9.358579099e+06 +0.0000e+00 +0.0000e+00
2 +9.118748023e+06 +9.118748023e+06 +9.118669303e+06 +9.118669303e+06 -3.0692e-01 -2.7921e-01
5 +2.311079872e+06 +2.311079872e+06 +2.311001152e+06 +2.311001152e+06 +9.4232e-01 -1.1553e+00
9 +1.906305685e+06 +1.906305685e+06 +1.906226965e+06 +1.906226965e+06 +3.9989e-01 -1.9995e+00
12 +4.568735821e+03 +4.568735821e+03 +4.490015821e+03 +4.490015821e+03 +4.6609e-01 -3.4333e+00
70 +1.900516304e+03 +1.900516304e+03 +1.821796304e+03 +1.821796304e+03 -5.0699e-01 -4.1656e+00
74 +1.180462863e+03 +1.180462863e+03 +1.101742863e+03 +1.101742863e+03 -2.5094e-01 -3.9900e+00
205 +4.566603874e+02 +4.566603874e+02 +3.779403874e+02 +3.779403874e+02 +8.5946e-02 -3.8211e+00
212 +8.809421840e+01 +8.809421840e+01 +9.374218399e+00 +9.374218399e+00 +3.2859e-02 -3.8230e+00
234 +2.396457060e+01 +2.396457060e+01 -5.475542940e+01 -5.475542940e+01 +5.5019e-02 -3.8138e+00
245 +2.029022082e+01 +2.029022082e+01 -5.842977918e+01 -5.842977918e+01 -2.1822e-01 -4.0132e+00
288 +1.961590528e+01 +1.961590528e+01 -5.910409472e+01 -5.910409472e+01 +4.1975e-02 -3.8245e+00
290 +1.784897364e+01 +1.784897364e+01 -6.087102636e+01 -6.087102636e+01 -2.0496e-02 -3.8713e+00
312 +1.694193399e+01 +1.694193399e+01 -6.177806601e+01 -6.177806601e+01 +6.9529e-02 -3.8069e+00
355 +1.656865866e+01 +1.656865866e+01 -6.215134134e+01 -6.215134134e+01 +1.3495e-01 -3.7608e+00
378 +1.620330082e+01 +1.620330082e+01 -6.251669918e+01 -6.251669918e+01 +1.4514e-01 -3.7530e+00
388 +1.584143015e+01 +1.584143015e+01 -6.287856985e+01 -6.287856985e+01 +1.9367e-01 -3.7187e+00
395 +1.542098486e+01 +1.542098486e+01 -6.329901514e+01 -6.329901514e+01 +2.2385e-01 -3.6968e+00
412 +1.480670080e+01 +1.480670080e+01 -6.391329920e+01 -6.391329920e+01 +2.8787e-01 -3.6508e+00
413 +1.455577304e+01 +1.455577304e+01 -6.416422696e+01 -6.416422696e+01 +3.2037e-01 -3.6275e+00
425 +1.407602450e+01 +1.407602450e+01 -6.464397550e+01 -6.464397550e+01 +3.7070e-01 -3.5923e+00
431 +1.364800866e+01 +1.364800866e+01 -6.507199134e+01 -6.507199134e+01 +4.0437e-01 -3.5678e+00
433 +1.334828336e+01 +1.334828336e+01 -6.537171664e+01 -6.537171664e+01 +4.4012e-01 -3.5427e+00
438 +1.277873596e+01 +1.277873596e+01 -6.594126404e+01 -6.594126404e+01 +4.9726e-01 -3.5018e+00
442 +1.169226629e+01 +1.169226629e+01 -6.702773371e+01 -6.702773371e+01 +6.1050e-01 -3.4209e+00
452 +1.061506196e+01 +1.061506196e+01 -6.810493804e+01 -6.810493804e+01 +7.3329e-01 -3.3334e+00
456 +9.951979253e+00 +9.951979253e+00 -6.876802075e+01 -6.876802075e+01 +8.3386e-01 -3.2619e+00
462 +9.161813749e+00 +9.161813749e+00 -6.955818625e+01 -6.955818625e+01 +1.0643e+00 -3.0983e+00
469 +8.757207551e+00 +8.757207551e+00 -6.996279245e+01 -6.996279245e+01 +9.8414e-01 -3.1546e+00
472 +7.118864809e+00 +7.118864809e+00 -7.160113519e+01 -7.160113519e+01 +1.1747e+00 -3.0182e+00
480 +6.718292823e+00 +6.718292823e+00 -7.200170718e+01 -7.200170718e+01 +1.2477e+00 -2.9663e+00
482 +4.651008622e+00 +4.651008622e+00 -7.406899138e+01 -7.406899138e+01 +1.7627e+00 -2.5974e+00
500 +4.539818820e+00 +4.539818820e+00 -7.418018118e+01 -7.418018118e+01 +2.2127e+00 -2.2752e+00
507 +4.425454113e+00 +4.425454113e+00 -7.429454589e+01 -7.429454589e+01 +2.1314e+00 -2.3337e+00
511 +3.271878498e+00 +3.271878498e+00 -7.544812150e+01 -7.544812150e+01 +2.4315e+00 -2.1193e+00
513 +1.146023549e+00 +1.146023549e+00 -7.757397645e+01 -7.757397645e+01 +2.8218e+00 -1.8413e+00
523 +5.298161106e-01 +5.298161106e-01 -7.819018389e+01 -7.819018389e+01 +3.0343e+00 -1.6912e+00
527 +5.149158228e-01 +5.149158228e-01 -7.820508418e+01 -7.820508418e+01 +2.9077e+00 -1.7805e+00
528 +2.847928676e-01 +2.847928676e-01 -7.843520713e+01 -7.843520713e+01 +2.9576e+00 -1.7454e+00
538 +2.775126345e-01 +2.775126345e-01 -7.844248737e+01 -7.844248737e+01 +2.9870e+00 -1.7246e+00
545 +1.714198925e-01 +1.714198925e-01 -7.854858011e+01 -7.854858011e+01 +3.1049e+00 -1.6404e+00
552 +1.191484640e-01 +1.191484640e-01 -7.860085154e+01 -7.860085154e+01 +3.2598e+00 -1.5293e+00
555 +1.812645014e-02 +1.812645014e-02 -7.870187355e+01 -7.870187355e+01 +3.3093e+00 -1.4943e+00
571 +1.609450242e-02 +1.609450242e-02 -7.870390550e+01 -7.870390550e+01 +3.3142e+00 -1.4908e+00
577 +6.848714290e-03 +6.848714290e-03 -7.871315129e+01 -7.871315129e+01 +3.3863e+00 -1.4393e+00
616 +4.214023781e-03 +4.214023781e-03 -7.871578598e+01 -7.871578598e+01 +3.3552e+00 -1.4616e+00
619 +1.026593389e-03 +1.026593389e-03 -7.871897341e+01 -7.871897341e+01 +3.4288e+00 -1.4090e+00
714 +4.374684873e-04 +4.374684873e-04 -7.871956253e+01 -7.871956253e+01 +3.3943e+00 -1.4337e+00
716 +3.582544178e-04 +3.582544178e-04 -7.871964175e+01 -7.871964175e+01 +3.3961e+00 -1.4324e+00
728 +1.583079540e-04 +1.583079540e-04 -7.871984169e+01 -7.871984169e+01 +3.4015e+00 -1.4285e+00
825 +1.286987360e-04 +1.286987360e-04 -7.871987130e+01 -7.871987130e+01 +3.4024e+00 -1.4279e+00
828 +1.192112977e-04 +1.192112977e-04 -7.871988079e+01 -7.871988079e+01 +3.4021e+00 -1.4281e+00
2012 +1.166705814e-04 +1.166705814e-04 -7.871988333e+01 -7.871988333e+01 +3.4024e+00 -1.4279e+00
2063 +1.101263511e-04 +1.101263511e-04 -7.871988987e+01 -7.871988987e+01 +3.4025e+00 -1.4278e+00
2073 +1.046733737e-04 +1.046733737e-04 -7.871989533e+01 -7.871989533e+01 +3.4026e+00 -1.4277e+00
2083 +1.020587876e-04 +1.020587876e-04 -7.871989794e+01 -7.871989794e+01 +3.4026e+00 -1.4277e+00
2086 +9.896160920e-05 +9.896160920e-05 -7.871990104e+01 -7.871990104e+01 +3.4027e+00 -1.4277e+00
2094 +9.331492133e-05 +9.331492133e-05 -7.871990669e+01 -7.871990669e+01 +3.4029e+00 -1.4275e+00
2104 +9.081632702e-05 +9.081632702e-05 -7.871990918e+01 -7.871990918e+01 +3.4032e+00 -1.4273e+00
2185 +8.898968215e-05 +8.898968215e-05 -7.871991101e+01 -7.871991101e+01 +3.4034e+00 -1.4272e+00
2232 +8.613794500e-05 +8.613794500e-05 -7.871991386e+01 -7.871991386e+01 +3.4035e+00 -1.4271e+00
2236 +8.498193756e-05 +8.498193756e-05 -7.871991502e+01 -7.871991502e+01 +3.4036e+00 -1.4270e+00
2243 +8.165880858e-05 +8.165880858e-05 -7.871991834e+01 -7.871991834e+01 +3.4037e+00 -1.4270e+00
2253 +8.043905912e-05 +8.043905912e-05 -7.871991956e+01 -7.871991956e+01 +3.4037e+00 -1.4270e+00
2254 +7.901405293e-05 +7.901405293e-05 -7.871992099e+01 -7.871992099e+01 +3.4037e+00 -1.4269e+00
2256 +7.557096328e-05 +7.557096328e-05 -7.871992443e+01 -7.871992443e+01 +3.4038e+00 -1.4269e+00
2262 +7.397142356e-05 +7.397142356e-05 -7.871992603e+01 -7.871992603e+01 +3.4039e+00 -1.4268e+00
2263 +6.098712893e-05 +6.098712893e-05 -7.871993901e+01 -7.871993901e+01 +3.4046e+00 -1.4263e+00
2273 +5.854921777e-05 +5.854921777e-05 -7.871994145e+01 -7.871994145e+01 +3.4047e+00 -1.4263e+00
2277 +5.425168638e-05 +5.425168638e-05 -7.871994575e+01 -7.871994575e+01 +3.4050e+00 -1.4260e+00
2280 +4.310653696e-05 +4.310653696e-05 -7.871995689e+01 -7.871995689e+01 +3.4057e+00 -1.4256e+00
2286 +4.225745575e-05 +4.225745575e-05 -7.871995774e+01 -7.871995774e+01 +3.4057e+00 -1.4255e+00
2288 +1.213490229e-05 +1.213490229e-05 -7.871998787e+01 -7.871998787e+01 +3.4090e+00 -1.4232e+00
2308 +1.171167642e-05 +1.171167642e-05 -7.871998829e+01 -7.871998829e+01 +3.4095e+00 -1.4228e+00
2321 +1.041778590e-05 +1.041778590e-05 -7.871998958e+01 -7.871998958e+01 +3.4094e+00 -1.4229e+00
2340 +9.911912102e-06 +9.911912102e-06 -7.871999009e+01 -7.871999009e+01 +3.4095e+00 -1.4228e+00
2349 +9.635827666e-06 +9.635827666e-06 -7.871999036e+01 -7.871999036e+01 +3.4101e+00 -1.4224e+00
2368 +9.253770656e-06 +9.253770656e-06 -7.871999075e+01 -7.871999075e+01 +3.4097e+00 -1.4227e+00
2373 +8.716458467e-06 +8.716458467e-06 -7.871999128e+01 -7.871999128e+01 +3.4097e+00 -1.4226e+00
2384 +7.883858487e-06 +7.883858487e-06 -7.871999212e+01 -7.871999212e+01 +3.4104e+00 -1.4222e+00
2395 +7.567233553e-06 +7.567233553e-06 -7.871999243e+01 -7.871999243e+01 +3.4104e+00 -1.4221e+00
2411 +6.981918148e-06 +6.981918148e-06 -7.871999302e+01 -7.871999302e+01 +3.4104e+00 -1.4221e+00
2412 +6.172355242e-06 +6.172355242e-06 -7.871999383e+01 -7.871999383e+01 +3.4106e+00 -1.4220e+00
2416 +6.021932037e-06 +6.021932037e-06 -7.871999398e+01 -7.871999398e+01 +3.4111e+00 -1.4216e+00
2423 +4.735275411e-06 +4.735275411e-06 -7.871999526e+01 -7.871999526e+01 +3.4115e+00 -1.4214e+00
2434 +3.770831896e-06 +3.770831896e-06 -7.871999623e+01 -7.871999623e+01 +3.4123e+00 -1.4208e+00
2441 +3.083204959e-06 +3.083204959e-06 -7.871999692e+01 -7.871999692e+01 +3.4121e+00 -1.4210e+00
2443 +1.729395521e-06 +1.729395521e-06 -7.871999827e+01 -7.871999827e+01 +3.4121e+00 -1.4210e+00
2445 +8.742795217e-07 +8.742795217e-07 -7.871999913e+01 -7.871999913e+01 +3.4113e+00 -1.4215e+00
2452 +1.879155889e-07 +1.879155889e-07 -7.871999981e+01 -7.871999981e+01 +3.4110e+00 -1.4217e+00
2457 +5.242090140e-08 +5.242090140e-08 -7.871999995e+01 -7.871999995e+01 +3.4114e+00 -1.4215e+00
2458 +1.953112871e-08 +1.953112871e-08 -7.871999998e+01 -7.871999998e+01 +3.4111e+00 -1.4217e+00
2505 +1.134625904e-08 +1.134625904e-08 -7.871999999e+01 -7.871999999e+01 +3.4111e+00 -1.4217e+00
2507 +7.227825449e-09 +7.227825449e-09 -7.871999999e+01 -7.871999999e+01 +3.4112e+00 -1.4216e+00
% function evaluation | noise-free fitness - Fopt (-3.233900000000e+02) | best noise-free fitness - Fopt | measured fitness | best measured fitness | x1 | x2...
1 +1.436003626e+06 +1.436003626e+06 +1.435680236e+06 +1.435680236e+06 +0.0000e+00 +0.0000e+00
2 +1.398510324e+06 +1.398510324e+06 +1.398186934e+06 +1.398186934e+06 -1.3700e+00 +1.1323e+00
3 +5.691686359e+05 +5.691686359e+05 +5.688452459e+05 +5.688452459e+05 -8.2463e-02 -2.9405e-01
4 +1.045477596e+05 +1.045477596e+05 +1.042243696e+05 +1.042243696e+05 -4.3039e-01 -6.7522e-01
18 +3.498538419e+03 +3.498538419e+03 +3.175148419e+03 +3.175148419e+03 -2.1140e-01 -1.3496e+00
20 +1.693039225e+03 +1.693039225e+03 +1.369649225e+03 +1.369649225e+03 -7.7306e-01 -7.4459e-01
56 +2.074766454e+02 +2.074766454e+02 -1.159133546e+02 -1.159133546e+02 -1.2430e-01 -1.3234e+00
86 +1.168503242e+02 +1.168503242e+02 -2.065396758e+02 -2.065396758e+02 +2.9315e-01 -1.7028e+00
97 +5.861770682e+01 +5.861770682e+01 -2.647722932e+02 -2.647722932e+02 +1.1993e-01 -1.5369e+00
121 +2.664553044e+01 +2.664553044e+01 -2.967444696e+02 -2.967444696e+02 +2.9319e-01 -1.6892e+00
231 +2.541119086e+01 +2.541119086e+01 -2.979788091e+02 -2.979788091e+02 +8.1899e-02 -1.5116e+00
242 +2.443710497e+01 +2.443710497e+01 -2.989528950e+02 -2.989528950e+02 +6.4620e-02 -1.5000e+00
271 +2.389199315e+01 +2.389199315e+01 -2.994980069e+02 -2.994980069e+02 +4.7549e-02 -1.4837e+00
712 +2.344161576e+01 +2.344161576e+01 -2.999483842e+02 -2.999483842e+02 +2.4709e-02 -1.4660e+00
746 +2.278913757e+01 +2.278913757e+01 -3.006008624e+02 -3.006008624e+02 -2.1104e-02 -1.4275e+00
753 +2.218423610e+01 +2.218423610e+01 -3.012057639e+02 -3.012057639e+02 -7.6046e-02 -1.3816e+00
762 +2.138803271e+01 +2.138803271e+01 -3.020019673e+02 -3.020019673e+02 -1.5390e-01 -1.3166e+00
772 +2.083313452e+01 +2.083313452e+01 -3.025568655e+02 -3.025568655e+02 -1.9972e-01 -1.2782e+00
776 +1.893620146e+01 +1.893620146e+01 -3.044537985e+02 -3.044537985e+02 -3.7845e-01 -1.1289e+00
784 +1.780317971e+01 +1.780317971e+01 -3.055868203e+02 -3.055868203e+02 -4.8019e-01 -1.0439e+00
788 +1.750451191e+01 +1.750451191e+01 -3.058854881e+02 -3.058854881e+02 -5.0459e-01 -1.0235e+00
801 +1.634288943e+01 +1.634288943e+01 -3.070471106e+02 -3.070471106e+02 -6.0442e-01 -9.3997e-01
805 +1.511871900e+01 +1.511871900e+01 -3.082712810e+02 -3.082712810e+02 -7.0955e-01 -8.5211e-01
809 +1.305697681e+01 +1.305697681e+01 -3.103330232e+02 -3.103330232e+02 -8.8888e-01 -7.0211e-01
812 +1.212886626e+01 +1.212886626e+01 -3.112611337e+02 -3.112611337e+02 -9.7556e-01 -6.2965e-01
814 +1.123203373e+01 +1.123203373e+01 -3.121579663e+02 -3.121579663e+02 -1.0664e+00 -5.5371e-01
815 +8.949671118e+00 +8.949671118e+00 -3.144403289e+02 -3.144403289e+02 -1.3692e+00 -3.0055e-01
823 +8.105338471e+00 +8.105338471e+00 -3.152846615e+02 -3.152846615e+02 -1.5415e+00 -1.5661e-01
825 +7.338291412e+00 +7.338291412e+00 -3.160517086e+02 -3.160517086e+02 -1.7396e+00 +9.2128e-03
832 +2.843115946e+00 +2.843115946e+00 -3.205468841e+02 -3.205468841e+02 -2.3698e+00 +5.3592e-01
836 +2.371747212e+00 +2.371747212e+00 -3.210182528e+02 -3.210182528e+02 -2.6056e+00 +7.3306e-01
839 +1.436451983e+00 +1.436451983e+00 -3.219535480e+02 -3.219535480e+02 -2.9479e+00 +1.0191e+00
846 +8.695159808e-01 +8.695159808e-01 -3.225204840e+02 -3.225204840e+02 -3.3733e+00 +1.3748e+00
857 +8.357575541e-01 +8.357575541e-01 -3.225542424e+02 -3.225542424e+02 -3.5614e+00 +1.5320e+00
861 +7.835104568e-01 +7.835104568e-01 -3.226064895e+02 -3.226064895e+02 -3.5913e+00 +1.5570e+00
867 +6.175363579e-01 +6.175363579e-01 -3.227724636e+02 -3.227724636e+02 -3.5697e+00 +1.5388e+00
873 +5.619364799e-01 +5.619364799e-01 -3.228280635e+02 -3.228280635e+02 -3.6543e+00 +1.6095e+00
878 +5.359846396e-01 +5.359846396e-01 -3.228540154e+02 -3.228540154e+02 -3.8467e+00 +1.7702e+00
884 +4.424802528e-01 +4.424802528e-01 -3.229475197e+02 -3.229475197e+02 -3.8049e+00 +1.7351e+00
894 +2.443274441e-01 +2.443274441e-01 -3.231456726e+02 -3.231456726e+02 -3.8072e+00 +1.7369e+00
909 +1.057806040e-01 +1.057806040e-01 -3.232842194e+02 -3.232842194e+02 -3.8814e+00 +1.7985e+00
915 +7.651651495e-02 +7.651651495e-02 -3.233134835e+02 -3.233134835e+02 -3.7455e+00 +1.6851e+00
951 +5.271576844e-02 +5.271576844e-02 -3.233372842e+02 -3.233372842e+02 -3.8598e+00 +1.7803e+00
962 +5.134036214e-02 +5.134036214e-02 -3.233386596e+02 -3.233386596e+02 -3.8542e+00 +1.7757e+00
963 +5.049938406e-02 +5.049938406e-02 -3.233395006e+02 -3.233395006e+02 -3.8715e+00 +1.7901e+00
1019 +4.639561609e-02 +4.639561609e-02 -3.233436044e+02 -3.233436044e+02 -3.8661e+00 +1.7854e+00
1026 +4.479414283e-02 +4.479414283e-02 -3.233452059e+02 -3.233452059e+02 -3.8617e+00 +1.7817e+00
1080 +4.405194488e-02 +4.405194488e-02 -3.233459481e+02 -3.233459481e+02 -3.8635e+00 +1.7833e+00
1147 +4.103984036e-02 +4.103984036e-02 -3.233489602e+02 -3.233489602e+02 -3.8577e+00 +1.7784e+00
1643 +4.073659214e-02 +4.073659214e-02 -3.233492634e+02 -3.233492634e+02 -3.8577e+00 +1.7784e+00
1726 +3.966227316e-02 +3.966227316e-02 -3.233503377e+02 -3.233503377e+02 -3.8552e+00 +1.7764e+00
1751 +3.861634219e-02 +3.861634219e-02 -3.233513837e+02 -3.233513837e+02 -3.8527e+00 +1.7742e+00
1758 +3.713531699e-02 +3.713531699e-02 -3.233528647e+02 -3.233528647e+02 -3.8489e+00 +1.7710e+00
1762 +3.550458396e-02 +3.550458396e-02 -3.233544954e+02 -3.233544954e+02 -3.8445e+00 +1.7674e+00
1766 +3.547071233e-02 +3.547071233e-02 -3.233545293e+02 -3.233545293e+02 -3.8444e+00 +1.7673e+00
1773 +3.204821315e-02 +3.204821315e-02 -3.233579518e+02 -3.233579518e+02 -3.8327e+00 +1.7575e+00
1782 +3.126350670e-02 +3.126350670e-02 -3.233587365e+02 -3.233587365e+02 -3.8309e+00 +1.7560e+00
1783 +2.961601902e-02 +2.961601902e-02 -3.233603840e+02 -3.233603840e+02 -3.8227e+00 +1.7491e+00
1788 +2.619126484e-02 +2.619126484e-02 -3.233638087e+02 -3.233638087e+02 -3.8101e+00 +1.7385e+00
1792 +2.265781539e-02 +2.265781539e-02 -3.233673422e+02 -3.233673422e+02 -3.7973e+00 +1.7278e+00
1802 +2.066111160e-02 +2.066111160e-02 -3.233693389e+02 -3.233693389e+02 -3.7938e+00 +1.7249e+00
1814 +1.762390961e-02 +1.762390961e-02 -3.233723761e+02 -3.233723761e+02 -3.7925e+00 +1.7239e+00
1815 +1.650469153e-02 +1.650469153e-02 -3.233734953e+02 -3.233734953e+02 -3.7649e+00 +1.7008e+00
1824 +1.484684081e-02 +1.484684081e-02 -3.233751532e+02 -3.233751532e+02 -3.7487e+00 +1.6872e+00
1827 +1.319852625e-02 +1.319852625e-02 -3.233768015e+02 -3.233768015e+02 -3.7408e+00 +1.6806e+00
1831 +1.305741811e-02 +1.305741811e-02 -3.233769426e+02 -3.233769426e+02 -3.7297e+00 +1.6713e+00
1833 +5.986008949e-03 +5.986008949e-03 -3.233840140e+02 -3.233840140e+02 -3.7259e+00 +1.6682e+00
1841 +5.516043632e-03 +5.516043632e-03 -3.233844840e+02 -3.233844840e+02 -3.7426e+00 +1.6822e+00
1845 +3.462317246e-03 +3.462317246e-03 -3.233865377e+02 -3.233865377e+02 -3.7471e+00 +1.6861e+00
1847 +2.115517662e-03 +2.115517662e-03 -3.233878845e+02 -3.233878845e+02 -3.7353e+00 +1.6761e+00
1853 +5.517042206e-04 +5.517042206e-04 -3.233894483e+02 -3.233894483e+02 -3.7147e+00 +1.6589e+00
1883 +5.433196478e-04 +5.433196478e-04 -3.233894567e+02 -3.233894567e+02 -3.7241e+00 +1.6668e+00
1903 +4.264595680e-04 +4.264595680e-04 -3.233895735e+02 -3.233895735e+02 -3.7205e+00 +1.6638e+00
1907 +5.503616950e-05 +5.503616950e-05 -3.233899450e+02 -3.233899450e+02 -3.7109e+00 +1.6558e+00
2009 +4.895438832e-05 +4.895438832e-05 -3.233899510e+02 -3.233899510e+02 -3.7122e+00 +1.6568e+00
2014 +1.199751864e-06 +1.199751864e-06 -3.233899988e+02 -3.233899988e+02 -3.7056e+00 +1.6513e+00
2067 +1.165523202e-06 +1.165523202e-06 -3.233899988e+02 -3.233899988e+02 -3.7063e+00 +1.6519e+00
2105 +3.347647635e-07 +3.347647635e-07 -3.233899997e+02 -3.233899997e+02 -3.7064e+00 +1.6520e+00
2110 +1.249604225e-07 +1.249604225e-07 -3.233899999e+02 -3.233899999e+02 -3.7061e+00 +1.6518e+00
2175 +5.058228680e-08 +5.058228680e-08 -3.233899999e+02 -3.233899999e+02 -3.7063e+00 +1.6519e+00
2187 +2.793683507e-09 +2.793683507e-09 -3.233900000e+02 -3.233900000e+02 -3.7064e+00 +1.6520e+00
% function evaluation | noise-free fitness - Fopt (1.621000000000e+01) | best noise-free fitness - Fopt | measured fitness | best measured fitness | x1 | x2...
1 +4.270240718e+06 +4.270240718e+06 +4.270256928e+06 +4.270256928e+06 +0.0000e+00 +0.0000e+00
4 +3.017606834e+03 +3.017606834e+03 +3.033816834e+03 +3.033816834e+03 -2.1016e+00 -1.1441e+00
15 +9.152359308e+00 +9.152359308e+00 +2.536235931e+01 +2.536235931e+01 -2.0452e+00 -9.0211e-01
244 +8.699564038e+00 +8.699564038e+00 +2.490956404e+01 +2.490956404e+01 -2.0452e+00 -8.0739e-01
245 +7.439309245e+00 +7.439309245e+00 +2.364930925e+01 +2.364930925e+01 -2.0464e+00 -8.6830e-01
279 +7.324621133e+00 +7.324621133e+00 +2.353462113e+01 +2.353462113e+01 -2.0467e+00 -8.3913e-01
290 +7.243997768e+00 +7.243997768e+00 +2.345399777e+01 +2.345399777e+01 -2.0466e+00 -8.2756e-01
459 +7.071308193e+00 +7.071308193e+00 +2.328130819e+01 +2.328130819e+01 -2.0464e+00 -8.0102e-01
532 +6.880704641e+00 +6.880704641e+00 +2.309070464e+01 +2.309070464e+01 -2.0465e+00 -7.6615e-01
561 +6.730203747e+00 +6.730203747e+00 +2.294020375e+01 +2.294020375e+01 -2.0466e+00 -7.3665e-01
572 +6.451282501e+00 +6.451282501e+00 +2.266128250e+01 +2.266128250e+01 -2.0466e+00 -6.8123e-01
587 +6.282666043e+00 +6.282666043e+00 +2.249266604e+01 +2.249266604e+01 -2.0465e+00 -6.4478e-01
593 +5.879124853e+00 +5.879124853e+00 +2.208912485e+01 +2.208912485e+01 -2.0467e+00 -5.5755e-01
605 +5.550743234e+00 +5.550743234e+00 +2.176074323e+01 +2.176074323e+01 -2.0465e+00 -4.3959e-01
607 +5.266032189e+00 +5.266032189e+00 +2.147603219e+01 +2.147603219e+01 -2.0466e+00 -3.8671e-01
616 +5.040307790e+00 +5.040307790e+00 +2.125030779e+01 +2.125030779e+01 -2.0465e+00 -2.4284e-01
617 +4.562229422e+00 +4.562229422e+00 +2.077222942e+01 +2.077222942e+01 -2.0467e+00 -8.6102e-02
622 +4.223496322e+00 +4.223496322e+00 +2.043349632e+01 +2.043349632e+01 -2.0467e+00 +3.7684e-01
631 +4.098290456e+00 +4.098290456e+00 +2.030829046e+01 +2.030829046e+01 -2.0467e+00 +5.1026e-01
632 +3.973168199e+00 +3.973168199e+00 +2.018316820e+01 +2.018316820e+01 -2.0467e+00 +5.6107e-01
639 +3.549223527e+00 +3.549223527e+00 +1.975922353e+01 +1.975922353e+01 -2.0467e+00 +8.8472e-01
643 +3.439215514e+00 +3.439215514e+00 +1.964921551e+01 +1.964921551e+01 -2.0468e+00 +9.8525e-01
661 +3.046469531e+00 +3.046469531e+00 +1.925646953e+01 +1.925646953e+01 -2.0469e+00 +9.1727e-01
669 +2.698565391e+00 +2.698565391e+00 +1.890856539e+01 +1.890856539e+01 -2.0471e+00 +1.0981e+00
672 +2.333413511e+00 +2.333413511e+00 +1.854341351e+01 +1.854341351e+01 -2.0473e+00 +1.2647e+00
683 +2.175864967e+00 +2.175864967e+00 +1.838586497e+01 +1.838586497e+01 -2.0474e+00 +1.1343e+00
687 +1.893993574e+00 +1.893993574e+00 +1.810399357e+01 +1.810399357e+01 -2.0478e+00 +1.5900e+00
693 +1.703132934e+00 +1.703132934e+00 +1.791313293e+01 +1.791313293e+01 -2.0482e+00 +1.9208e+00
700 +9.937521195e-01 +9.937521195e-01 +1.720375212e+01 +1.720375212e+01 -2.0487e+00 +1.9847e+00
702 +1.305389310e-01 +1.305389310e-01 +1.634053893e+01 +1.634053893e+01 -2.0499e+00 +2.2817e+00
712 +4.928893941e-02 +4.928893941e-02 +1.625928894e+01 +1.625928894e+01 -2.0494e+00 +1.9536e+00
718 +3.295863442e-02 +3.295863442e-02 +1.624295863e+01 +1.624295863e+01 -2.0495e+00 +2.0078e+00
740 +1.370930565e-02 +1.370930565e-02 +1.622370931e+01 +1.622370931e+01 -2.0497e+00 +2.0559e+00
761 +1.244426995e-02 +1.244426995e-02 +1.622244427e+01 +1.622244427e+01 -2.0495e+00 +1.9113e+00
800 +1.159779928e-02 +1.159779928e-02 +1.622159780e+01 +1.622159780e+01 -2.0497e+00 +1.9278e+00
850 +3.432005065e-03 +3.432005065e-03 +1.621343201e+01 +1.621343201e+01 -2.0497e+00 +1.9975e+00
869 +1.274719837e-03 +1.274719837e-03 +1.621127472e+01 +1.621127472e+01 -2.0497e+00 +1.9804e+00
979 +1.086503781e-03 +1.086503781e-03 +1.621108650e+01 +1.621108650e+01 -2.0496e+00 +1.9670e+00
983 +1.012360478e-03 +1.012360478e-03 +1.621101236e+01 +1.621101236e+01 -2.0496e+00 +1.9781e+00
987 +6.352957277e-04 +6.352957277e-04 +1.621063530e+01 +1.621063530e+01 -2.0496e+00 +1.9676e+00
1010 +4.766401032e-04 +4.766401032e-04 +1.621047664e+01 +1.621047664e+01 -2.0496e+00 +1.9617e+00
1030 +4.356627170e-04 +4.356627170e-04 +1.621043566e+01 +1.621043566e+01 -2.0496e+00 +1.9317e+00
1074 +1.425739202e-04 +1.425739202e-04 +1.621014257e+01 +1.621014257e+01 -2.0496e+00 +1.9430e+00
1085 +1.019268232e-04 +1.019268232e-04 +1.621010193e+01 +1.621010193e+01 -2.0496e+00 +1.9442e+00
1090 +2.676880719e-06 +2.676880719e-06 +1.621000268e+01 +1.621000268e+01 -2.0496e+00 +1.9423e+00
1199 +2.069491480e-06 +2.069491480e-06 +1.621000207e+01 +1.621000207e+01 -2.0496e+00 +1.9456e+00
1224 +1.754252093e-06 +1.754252093e-06 +1.621000175e+01 +1.621000175e+01 -2.0496e+00 +1.9452e+00
1234 +1.677574701e-07 +1.677574701e-07 +1.621000017e+01 +1.621000017e+01 -2.0496e+00 +1.9443e+00
1282 +2.217913320e-08 +2.217913320e-08 +1.621000002e+01 +1.621000002e+01 -2.0496e+00 +1.9440e+00
1291 +1.470126776e-08 +1.470126776e-08 +1.621000001e+01 +1.621000001e+01 -2.0496e+00 +1.9441e+00
1311 +4.234230744e-09 +4.234230744e-09 +1.621000000e+01 +1.621000000e+01 -2.0496e+00 +1.9440e+00
1782 +0.000000000e+00 +0.000000000e+00 +1.621000000e+01 +1.621000000e+01 -2.0496e+00 +1.9440e+00
% function evaluation | noise-free fitness - Fopt (-5.551000000000e+01) | best noise-free fitness - Fopt | measured fitness | best measured fitness | x1 | x2...
1 +1.489699470e+07 +1.489699470e+07 +1.489693919e+07 +1.489693919e+07 +0.0000e+00 +0.0000e+00
2 +8.901500311e+06 +8.901500311e+06 +8.901444801e+06 +8.901444801e+06 -4.8982e-01 -7.4075e-01
12 +1.961019490e+06 +1.961019490e+06 +1.960963980e+06 +1.960963980e+06 -2.2675e+00 -1.2431e+00
25 +1.613398872e+06 +1.613398872e+06 +1.613343362e+06 +1.613343362e+06 -2.3740e+00 -1.3849e+00
30 +1.142759361e+06 +1.142759361e+06 +1.142703851e+06 +1.142703851e+06 -2.5787e+00 -1.3165e+00
31 +3.105742171e+02 +3.105742171e+02 +2.550642171e+02 +2.550642171e+02 -2.6244e+00 -2.9832e+00
77 +1.132052454e+00 +1.132052454e+00 -5.437794755e+01 -5.437794755e+01 -2.3402e+00 -3.3225e+00
252 +1.047763684e+00 +1.047763684e+00 -5.446223632e+01 -5.446223632e+01 -2.2745e+00 -3.4090e+00
292 +9.929158659e-01 +9.929158659e-01 -5.451708413e+01 -5.451708413e+01 -2.2775e+00 -3.4047e+00
296 +9.207054614e-01 +9.207054614e-01 -5.458929454e+01 -5.458929454e+01 -2.2926e+00 -3.3852e+00
336 +7.308028599e-01 +7.308028599e-01 -5.477919714e+01 -5.477919714e+01 -2.3429e+00 -3.3198e+00
962 +7.218778946e-01 +7.218778946e-01 -5.478812211e+01 -5.478812211e+01 -2.3421e+00 -3.3210e+00
966 +6.995103988e-01 +6.995103988e-01 -5.481048960e+01 -5.481048960e+01 -2.3484e+00 -3.3128e+00
972 +6.775899151e-01 +6.775899151e-01 -5.483241008e+01 -5.483241008e+01 -2.3548e+00 -3.3045e+00
977 +6.638604165e-01 +6.638604165e-01 -5.484613958e+01 -5.484613958e+01 -2.3589e+00 -3.2992e+00
985 +6.536940681e-01 +6.536940681e-01 -5.485630593e+01 -5.485630593e+01 -2.3623e+00 -3.2947e+00
986 +5.927346125e-01 +5.927346125e-01 -5.491726539e+01 -5.491726539e+01 -2.3815e+00 -3.2699e+00
992 +5.762996186e-01 +5.762996186e-01 -5.493370038e+01 -5.493370038e+01 -2.3872e+00 -3.2625e+00
993 +5.234505636e-01 +5.234505636e-01 -5.498654944e+01 -5.498654944e+01 -2.4066e+00 -3.2374e+00
1001 +4.981715350e-01 +4.981715350e-01 -5.501182847e+01 -5.501182847e+01 -2.4169e+00 -3.2240e+00
1003 +4.005470818e-01 +4.005470818e-01 -5.510945292e+01 -5.510945292e+01 -2.4634e+00 -3.1636e+00
1011 +3.918160075e-01 +3.918160075e-01 -5.511818399e+01 -5.511818399e+01 -2.4684e+00 -3.1572e+00
1017 +3.842205343e-01 +3.842205343e-01 -5.512577947e+01 -5.512577947e+01 -2.4731e+00 -3.1510e+00
1018 +2.049445586e-01 +2.049445586e-01 -5.530505544e+01 -5.530505544e+01 -2.6210e+00 -2.9590e+00
1022 +7.829963073e-02 +7.829963073e-02 -5.543170037e+01 -5.543170037e+01 -2.7184e+00 -2.8328e+00
1028 +5.161637611e-02 +5.161637611e-02 -5.545838362e+01 -5.545838362e+01 -2.7555e+00 -2.7847e+00
1031 +4.457677175e-02 +4.457677175e-02 -5.546542323e+01 -5.546542323e+01 -2.7800e+00 -2.7528e+00
1032 +1.713945738e-02 +1.713945738e-02 -5.549286054e+01 -5.549286054e+01 -2.8421e+00 -2.6723e+00
1038 +9.710476994e-03 +9.710476994e-03 -5.550028952e+01 -5.550028952e+01 -2.8509e+00 -2.6608e+00
1042 +4.277777822e-03 +4.277777822e-03 -5.550572222e+01 -5.550572222e+01 -2.8813e+00 -2.6215e+00
1046 +1.709540041e-03 +1.709540041e-03 -5.550829046e+01 -5.550829046e+01 -2.8645e+00 -2.6434e+00
1064 +5.481298760e-05 +5.481298760e-05 -5.550994519e+01 -5.550994519e+01 -2.8824e+00 -2.6201e+00
1139 +8.878523111e-06 +8.878523111e-06 -5.550999112e+01 -5.550999112e+01 -2.8850e+00 -2.6168e+00
1203 +2.819633956e-06 +2.819633956e-06 -5.550999718e+01 -5.550999718e+01 -2.8862e+00 -2.6152e+00
1243 +4.666257638e-07 +4.666257638e-07 -5.550999953e+01 -5.550999953e+01 -2.8856e+00 -2.6160e+00
1289 +1.966803254e-07 +1.966803254e-07 -5.550999980e+01 -5.550999980e+01 -2.8858e+00 -2.6157e+00
1298 +2.113998931e-08 +2.113998931e-08 -5.550999998e+01 -5.550999998e+01 -2.8857e+00 -2.6159e+00
2234 +1.472076150e-08 +1.472076150e-08 -5.550999999e+01 -5.550999999e+01 -2.8857e+00 -2.6159e+00
2240 +1.137330230e-08 +1.137330230e-08 -5.550999999e+01 -5.550999999e+01 -2.8856e+00 -2.6160e+00
2262 +6.401066344e-09 +6.401066344e-09 -5.550999999e+01 -5.550999999e+01 -2.8856e+00 -2.6160e+00
% function evaluation | noise-free fitness - Fopt (5.610000000000e+00) | best noise-free fitness - Fopt | measured fitness | best measured fitness | x1 | x2...
1 +4.825239266e+06 +4.825239266e+06 +4.825244876e+06 +4.825244876e+06 +0.0000e+00 +0.0000e+00
2 +2.380767025e+06 +2.380767025e+06 +2.380772635e+06 +2.380772635e+06 +1.1437e+00 +7.1200e-01
4 +2.790416793e+05 +2.790416793e+05 +2.790472893e+05 +2.790472893e+05 -2.4455e-01 +1.7192e+00
12 +2.527016008e+05 +2.527016008e+05 +2.527072108e+05 +2.527072108e+05 -1.2742e+00 +1.8623e+00
13 +3.275162781e+03 +3.275162781e+03 +3.280772781e+03 +3.280772781e+03 -1.0486e+00 +2.2939e+00
63 +8.380981366e+02 +8.380981366e+02 +8.437081366e+02 +8.437081366e+02 -2.2790e-02 +2.2206e+00
72 +1.812047602e+02 +1.812047602e+02 +1.868147602e+02 +1.868147602e+02 +3.6222e-01 +2.1968e+00
102 +1.125899869e+02 +1.125899869e+02 +1.181999869e+02 +1.181999869e+02 +9.1048e-02 +2.2475e+00
135 +1.347592326e+01 +1.347592326e+01 +1.908592326e+01 +1.908592326e+01 +1.6243e-01 +2.2287e+00
238 +1.194852719e+01 +1.194852719e+01 +1.755852719e+01 +1.755852719e+01 +1.8489e-01 +2.2270e+00
425 +1.169583753e+01 +1.169583753e+01 +1.730583753e+01 +1.730583753e+01 +1.1858e-01 +2.2346e+00
591 +1.145645594e+01 +1.145645594e+01 +1.706645594e+01 +1.706645594e+01 +1.4955e-01 +2.2315e+00
681 +1.115626702e+01 +1.115626702e+01 +1.676626702e+01 +1.676626702e+01 +2.3259e-01 +2.2225e+00
700 +1.070755748e+01 +1.070755748e+01 +1.631755748e+01 +1.631755748e+01 +2.5582e-01 +2.2208e+00
732 +1.044319497e+01 +1.044319497e+01 +1.605319497e+01 +1.605319497e+01 +2.9629e-01 +2.2164e+00
813 +9.967136262e+00 +9.967136262e+00 +1.557713626e+01 +1.557713626e+01 +3.9144e-01 +2.2065e+00
832 +9.686789954e+00 +9.686789954e+00 +1.529678995e+01 +1.529678995e+01 +4.5449e-01 +2.2009e+00
843 +9.530572066e+00 +9.530572066e+00 +1.514057207e+01 +1.514057207e+01 +4.4979e-01 +2.2011e+00
864 +9.022547183e+00 +9.022547183e+00 +1.463254718e+01 +1.463254718e+01 +5.4998e-01 +2.1908e+00
879 +8.612707235e+00 +8.612707235e+00 +1.422270723e+01 +1.422270723e+01 +6.4598e-01 +2.1809e+00
893 +7.930846191e+00 +7.930846191e+00 +1.354084619e+01 +1.354084619e+01 +8.5944e-01 +2.1590e+00
897 +7.756798303e+00 +7.756798303e+00 +1.336679830e+01 +1.336679830e+01 +8.9673e-01 +2.1553e+00
905 +6.490544537e+00 +6.490544537e+00 +1.210054454e+01 +1.210054454e+01 +1.2149e+00 +2.1230e+00
913 +2.957213826e+00 +2.957213826e+00 +8.567213826e+00 +8.567213826e+00 +1.7964e+00 +2.0641e+00
922 +2.307865339e+00 +2.307865339e+00 +7.917865339e+00 +7.917865339e+00 +2.3513e+00 +2.0081e+00
928 +2.232187482e+00 +2.232187482e+00 +7.842187482e+00 +7.842187482e+00 +1.9967e+00 +2.0435e+00
931 +1.276476604e+00 +1.276476604e+00 +6.886476604e+00 +6.886476604e+00 +2.6548e+00 +1.9772e+00
936 +1.036924504e+00 +1.036924504e+00 +6.646924504e+00 +6.646924504e+00 +3.0581e+00 +1.9363e+00
937 +9.892022063e-01 +9.892022063e-01 +6.599202206e+00 +6.599202206e+00 +2.9853e+00 +1.9436e+00
939 +9.464853332e-01 +9.464853332e-01 +6.556485333e+00 +6.556485333e+00 +3.3228e+00 +1.9095e+00
946 +8.113491387e-01 +8.113491387e-01 +6.421349139e+00 +6.421349139e+00 +3.0773e+00 +1.9343e+00
952 +5.995925262e-01 +5.995925262e-01 +6.209592526e+00 +6.209592526e+00 +3.4084e+00 +1.9006e+00
957 +3.477075877e-01 +3.477075877e-01 +5.957707588e+00 +5.957707588e+00 +3.4251e+00 +1.8987e+00
969 +8.318747160e-02 +8.318747160e-02 +5.693187472e+00 +5.693187472e+00 +3.6406e+00 +1.8765e+00
973 +4.688776251e-02 +4.688776251e-02 +5.656887763e+00 +5.656887763e+00 +3.4484e+00 +1.8959e+00
982 +2.077226204e-02 +2.077226204e-02 +5.630772262e+00 +5.630772262e+00 +3.5247e+00 +1.8879e+00
1003 +8.857135673e-03 +8.857135673e-03 +5.618857136e+00 +5.618857136e+00 +3.5234e+00 +1.8882e+00
1012 +1.165947936e-03 +1.165947936e-03 +5.611165948e+00 +5.611165948e+00 +3.5748e+00 +1.8829e+00
1081 +9.848648666e-04 +9.848648666e-04 +5.610984865e+00 +5.610984865e+00 +3.6213e+00 +1.8781e+00
1099 +5.993928118e-04 +5.993928118e-04 +5.610599393e+00 +5.610599393e+00 +3.6109e+00 +1.8792e+00
1257 +4.992866946e-04 +4.992866946e-04 +5.610499287e+00 +5.610499287e+00 +3.6170e+00 +1.8786e+00
1281 +3.743780554e-04 +3.743780554e-04 +5.610374378e+00 +5.610374378e+00 +3.6186e+00 +1.8784e+00
1287 +2.653206087e-04 +2.653206087e-04 +5.610265321e+00 +5.610265321e+00 +3.6161e+00 +1.8787e+00
1847 +2.300575548e-04 +2.300575548e-04 +5.610230058e+00 +5.610230058e+00 +3.6177e+00 +1.8785e+00
1857 +2.264923558e-04 +2.264923558e-04 +5.610226492e+00 +5.610226492e+00 +3.6176e+00 +1.8785e+00
1860 +2.144840385e-04 +2.144840385e-04 +5.610214484e+00 +5.610214484e+00 +3.6173e+00 +1.8786e+00
1862 +1.723937503e-04 +1.723937503e-04 +5.610172394e+00 +5.610172394e+00 +3.6159e+00 +1.8787e+00
1873 +1.687995431e-04 +1.687995431e-04 +5.610168800e+00 +5.610168800e+00 +3.6158e+00 +1.8787e+00
1876 +1.301374747e-04 +1.301374747e-04 +5.610130137e+00 +5.610130137e+00 +3.6144e+00 +1.8789e+00
1881 +1.007319485e-04 +1.007319485e-04 +5.610100732e+00 +5.610100732e+00 +3.6125e+00 +1.8791e+00
1882 +9.860843038e-05 +9.860843038e-05 +5.610098608e+00 +5.610098608e+00 +3.6134e+00 +1.8790e+00
1883 +3.146812486e-05 +3.146812486e-05 +5.610031468e+00 +5.610031468e+00 +3.6084e+00 +1.8795e+00
1893 +1.642772279e-05 +1.642772279e-05 +5.610016428e+00 +5.610016428e+00 +3.6060e+00 +1.8797e+00
1903 +1.356696933e-05 +1.356696933e-05 +5.610013567e+00 +5.610013567e+00 +3.6038e+00 +1.8799e+00
1915 +1.339578396e-05 +1.339578396e-05 +5.610013396e+00 +5.610013396e+00 +3.6001e+00 +1.8803e+00
1925 +1.292773330e-05 +1.292773330e-05 +5.610012928e+00 +5.610012928e+00 +3.6009e+00 +1.8802e+00
1933 +2.290920403e-06 +2.290920403e-06 +5.610002291e+00 +5.610002291e+00 +3.6047e+00 +1.8799e+00
1945 +4.387471826e-07 +4.387471826e-07 +5.610000439e+00 +5.610000439e+00 +3.6026e+00 +1.8801e+00
2001 +4.166463317e-07 +4.166463317e-07 +5.610000417e+00 +5.610000417e+00 +3.6029e+00 +1.8800e+00
2029 +1.104316105e-07 +1.104316105e-07 +5.610000110e+00 +5.610000110e+00 +3.6029e+00 +1.8800e+00
2041 +8.808883489e-08 +8.808883489e-08 +5.610000088e+00 +5.610000088e+00 +3.6030e+00 +1.8800e+00
2073 +6.537637365e-08 +6.537637365e-08 +5.610000065e+00 +5.610000065e+00 +3.6030e+00 +1.8800e+00
2702 +5.519046642e-08 +5.519046642e-08 +5.610000055e+00 +5.610000055e+00 +3.6030e+00 +1.8800e+00
2712 +5.149282334e-08 +5.149282334e-08 +5.610000051e+00 +5.610000051e+00 +3.6030e+00 +1.8800e+00
2713 +4.946590693e-08 +4.946590693e-08 +5.610000049e+00 +5.610000049e+00 +3.6030e+00 +1.8800e+00
2722 +4.871858739e-08 +4.871858739e-08 +5.610000049e+00 +5.610000049e+00 +3.6030e+00 +1.8800e+00
2725 +4.753493421e-08 +4.753493421e-08 +5.610000048e+00 +5.610000048e+00 +3.6030e+00 +1.8800e+00
2733 +4.675407528e-08 +4.675407528e-08 +5.610000047e+00 +5.610000047e+00 +3.6030e+00 +1.8800e+00
2743 +4.140320442e-08 +4.140320442e-08 +5.610000041e+00 +5.610000041e+00 +3.6030e+00 +1.8800e+00
2748 +3.819436767e-08 +3.819436767e-08 +5.610000038e+00 +5.610000038e+00 +3.6030e+00 +1.8800e+00
2755 +3.742477617e-08 +3.742477617e-08 +5.610000037e+00 +5.610000037e+00 +3.6030e+00 +1.8800e+00
2756 +3.246978153e-08 +3.246978153e-08 +5.610000032e+00 +5.610000032e+00 +3.6030e+00 +1.8800e+00
2758 +3.053719944e-08 +3.053719944e-08 +5.610000031e+00 +5.610000031e+00 +3.6031e+00 +1.8800e+00
2775 +3.019818973e-08 +3.019818973e-08 +5.610000030e+00 +5.610000030e+00 +3.6031e+00 +1.8800e+00
2790 +2.886608286e-08 +2.886608286e-08 +5.610000029e+00 +5.610000029e+00 +3.6031e+00 +1.8800e+00
2833 +2.868598337e-08 +2.868598337e-08 +5.610000029e+00 +5.610000029e+00 +3.6031e+00 +1.8800e+00
2844 +2.710629232e-08 +2.710629232e-08 +5.610000027e+00 +5.610000027e+00 +3.6031e+00 +1.8800e+00
2852 +2.562554524e-08 +2.562554524e-08 +5.610000026e+00 +5.610000026e+00 +3.6031e+00 +1.8800e+00
2864 +1.996014465e-08 +1.996014465e-08 +5.610000020e+00 +5.610000020e+00 +3.6031e+00 +1.8800e+00
2866 +1.922681303e-08 +1.922681303e-08 +5.610000019e+00 +5.610000019e+00 +3.6031e+00 +1.8800e+00
2871 +1.450312226e-08 +1.450312226e-08 +5.610000015e+00 +5.610000015e+00 +3.6031e+00 +1.8800e+00
2883 +1.431047281e-08 +1.431047281e-08 +5.610000014e+00 +5.610000014e+00 +3.6031e+00 +1.8800e+00
2886 +1.358633916e-08 +1.358633916e-08 +5.610000014e+00 +5.610000014e+00 +3.6031e+00 +1.8800e+00
2927 +1.324243648e-08 +1.324243648e-08 +5.610000013e+00 +5.610000013e+00 +3.6031e+00 +1.8800e+00
2948 +1.307386821e-08 +1.307386821e-08 +5.610000013e+00 +5.610000013e+00 +3.6031e+00 +1.8800e+00
2953 +1.280005346e-08 +1.280005346e-08 +5.610000013e+00 +5.610000013e+00 +3.6031e+00 +1.8800e+00
2963 +1.250896098e-08 +1.250896098e-08 +5.610000013e+00 +5.610000013e+00 +3.6031e+00 +1.8800e+00
2977 +1.227477586e-08 +1.227477586e-08 +5.610000012e+00 +5.610000012e+00 +3.6031e+00 +1.8800e+00
2982 +1.186464260e-08 +1.186464260e-08 +5.610000012e+00 +5.610000012e+00 +3.6031e+00 +1.8800e+00
2993 +1.168526609e-08 +1.168526609e-08 +5.610000012e+00 +5.610000012e+00 +3.6031e+00 +1.8800e+00
3002 +6.850521928e-09 +6.850521928e-09 +5.610000007e+00 +5.610000007e+00 +3.6031e+00 +1.8800e+00
% function evaluation | noise-free fitness - Fopt (-1.197100000000e+02) | best noise-free fitness - Fopt | measured fitness | best measured fitness | x1 | x2...
1 +6.086648692e+06 +6.086648692e+06 +6.086528982e+06 +6.086528982e+06 +0.0000e+00 +0.0000e+00
6 +1.423580202e+05 +1.423580202e+05 +1.422383102e+05 +1.422383102e+05 +2.6561e+00 +6.1809e-01
24 +2.421681500e+04 +2.421681500e+04 +2.409710500e+04 +2.409710500e+04 -1.3479e+00 +4.6770e+00
36 +2.789322562e+03 +2.789322562e+03 +2.669612562e+03 +2.669612562e+03 -4.4516e-01 +3.6405e+00
125 +5.967354427e+01 +5.967354427e+01 -6.003645573e+01 -6.003645573e+01 -3.2605e+00 +6.0805e+00
682 +5.880282252e+01 +5.880282252e+01 -6.090717748e+01 -6.090717748e+01 -2.9510e+00 +5.8224e+00
694 +5.746770862e+01 +5.746770862e+01 -6.224229138e+01 -6.224229138e+01 -2.9269e+00 +5.8018e+00
701 +5.605270295e+01 +5.605270295e+01 -6.365729705e+01 -6.365729705e+01 -2.8072e+00 +5.7016e+00
711 +5.446571808e+01 +5.446571808e+01 -6.524428192e+01 -6.524428192e+01 -2.7258e+00 +5.6331e+00
717 +5.293780161e+01 +5.293780161e+01 -6.677219839e+01 -6.677219839e+01 -2.7351e+00 +5.6401e+00
722 +5.191531089e+01 +5.191531089e+01 -6.779468911e+01 -6.779468911e+01 -2.6432e+00 +5.5628e+00
723 +4.883809748e+01 +4.883809748e+01 -7.087190252e+01 -7.087190252e+01 -2.6564e+00 +5.5733e+00
739 +4.716832213e+01 +4.716832213e+01 -7.254167787e+01 -7.254167787e+01 -2.3492e+00 +5.3152e+00
740 +4.625186473e+01 +4.625186473e+01 -7.345813527e+01 -7.345813527e+01 -2.4687e+00 +5.4153e+00
743 +4.132666362e+01 +4.132666362e+01 -7.838333638e+01 -7.838333638e+01 -2.3118e+00 +5.2820e+00
745 +3.807540813e+01 +3.807540813e+01 -8.163459187e+01 -8.163459187e+01 -1.9641e+00 +4.9901e+00
753 +3.283878290e+01 +3.283878290e+01 -8.687121710e+01 -8.687121710e+01 -1.6852e+00 +4.7543e+00
764 +2.893804454e+01 +2.893804454e+01 -9.077195546e+01 -9.077195546e+01 -1.2004e+00 +4.3425e+00
765 +2.615366272e+01 +2.615366272e+01 -9.355633728e+01 -9.355633728e+01 -1.1294e+00 +4.2857e+00
774 +2.267418238e+01 +2.267418238e+01 -9.703581762e+01 -9.703581762e+01 -7.2105e-01 +3.9421e+00
780 +7.628085573e+00 +7.628085573e+00 -1.120819144e+02 -1.120819144e+02 +8.3394e-01 +2.6294e+00
797 +5.224828550e+00 +5.224828550e+00 -1.144851715e+02 -1.144851715e+02 +1.2649e+00 +2.2664e+00
800 +5.018850187e+00 +5.018850187e+00 -1.146911498e+02 -1.146911498e+02 +2.2044e+00 +1.4734e+00
805 +4.659740540e+00 +4.659740540e+00 -1.150502595e+02 -1.150502595e+02 +1.3182e+00 +2.2219e+00
806 +3.933734724e+00 +3.933734724e+00 -1.157762653e+02 -1.157762653e+02 +3.2081e+00 +6.2814e-01
819 +1.520952086e+00 +1.520952086e+00 -1.181890479e+02 -1.181890479e+02 +2.9518e+00 +8.4505e-01
826 +6.168032854e-01 +6.168032854e-01 -1.190931967e+02 -1.190931967e+02 +2.5320e+00 +1.1995e+00
835 +1.341799356e-02 +1.341799356e-02 -1.196965820e+02 -1.196965820e+02 +2.8466e+00 +9.3510e-01
932 +1.252120200e-02 +1.252120200e-02 -1.196974788e+02 -1.196974788e+02 +2.8756e+00 +9.1100e-01
934 +3.936107684e-03 +3.936107684e-03 -1.197060639e+02 -1.197060639e+02 +2.9008e+00 +8.8960e-01
966 +3.436220657e-03 +3.436220657e-03 -1.197065638e+02 -1.197065638e+02 +2.8254e+00 +9.5314e-01
993 +1.413539785e-03 +1.413539785e-03 -1.197085865e+02 -1.197085865e+02 +2.8333e+00 +9.4645e-01
1027 +1.300486730e-03 +1.300486730e-03 -1.197086995e+02 -1.197086995e+02 +2.8380e+00 +9.4254e-01
2052 +7.841185640e-04 +7.841185640e-04 -1.197092159e+02 -1.197092159e+02 +2.8412e+00 +9.3988e-01
2064 +6.737121854e-04 +6.737121854e-04 -1.197093263e+02 -1.197093263e+02 +2.8485e+00 +9.3375e-01
2065 +4.699583480e-04 +4.699583480e-04 -1.197095300e+02 -1.197095300e+02 +2.8527e+00 +9.3019e-01
2082 +4.062114484e-04 +4.062114484e-04 -1.197095938e+02 -1.197095938e+02 +2.8591e+00 +9.2483e-01
2094 +3.394619149e-04 +3.394619149e-04 -1.197096605e+02 -1.197096605e+02 +2.8591e+00 +9.2478e-01
2101 +3.266596931e-04 +3.266596931e-04 -1.197096733e+02 -1.197096733e+02 +2.8580e+00 +9.2567e-01
2102 +2.991364220e-04 +2.991364220e-04 -1.197097009e+02 -1.197097009e+02 +2.8627e+00 +9.2178e-01
2104 +2.759254553e-04 +2.759254553e-04 -1.197097241e+02 -1.197097241e+02 +2.8565e+00 +9.2694e-01
2111 +2.605010562e-04 +2.605010562e-04 -1.197097395e+02 -1.197097395e+02 +2.8650e+00 +9.1978e-01
2113 +1.947687693e-04 +1.947687693e-04 -1.197098052e+02 -1.197098052e+02 +2.8685e+00 +9.1682e-01
2120 +1.700660095e-04 +1.700660095e-04 -1.197098299e+02 -1.197098299e+02 +2.8643e+00 +9.2037e-01
2133 +9.392283927e-05 +9.392283927e-05 -1.197099061e+02 -1.197099061e+02 +2.8622e+00 +9.2215e-01
2143 +4.602515575e-05 +4.602515575e-05 -1.197099540e+02 -1.197099540e+02 +2.8653e+00 +9.1953e-01
2148 +2.430221780e-05 +2.430221780e-05 -1.197099757e+02 -1.197099757e+02 +2.8632e+00 +9.2127e-01
2150 +1.413010601e-05 +1.413010601e-05 -1.197099859e+02 -1.197099859e+02 +2.8627e+00 +9.2172e-01
2163 +6.759795326e-06 +6.759795326e-06 -1.197099932e+02 -1.197099932e+02 +2.8612e+00 +9.2298e-01
2166 +1.773891654e-06 +1.773891654e-06 -1.197099982e+02 -1.197099982e+02 +2.8600e+00 +9.2399e-01
3148 +1.610356804e-06 +1.610356804e-06 -1.197099984e+02 -1.197099984e+02 +2.8592e+00 +9.2470e-01
3153 +1.318394254e-06 +1.318394254e-06 -1.197099987e+02 -1.197099987e+02 +2.8592e+00 +9.2470e-01
3155 +7.859769937e-07 +7.859769937e-07 -1.197099992e+02 -1.197099992e+02 +2.8594e+00 +9.2449e-01
3162 +5.445712077e-07 +5.445712077e-07 -1.197099995e+02 -1.197099995e+02 +2.8596e+00 +9.2434e-01
3164 +3.676323672e-07 +3.676323672e-07 -1.197099996e+02 -1.197099996e+02 +2.8596e+00 +9.2437e-01
3166 +2.417199028e-07 +2.417199028e-07 -1.197099998e+02 -1.197099998e+02 +2.8597e+00 +9.2425e-01
3170 +1.707508517e-07 +1.707508517e-07 -1.197099998e+02 -1.197099998e+02 +2.8600e+00 +9.2398e-01
3187 +1.645233283e-07 +1.645233283e-07 -1.197099998e+02 -1.197099998e+02 +2.8600e+00 +9.2400e-01
3193 +5.698449002e-08 +5.698449002e-08 -1.197099999e+02 -1.197099999e+02 +2.8598e+00 +9.2416e-01
3227 +4.289928768e-08 +4.289928768e-08 -1.197100000e+02 -1.197100000e+02 +2.8599e+00 +9.2408e-01
3251 +4.033405787e-08 +4.033405787e-08 -1.197100000e+02 -1.197100000e+02 +2.8599e+00 +9.2407e-01
3271 +3.432684537e-08 +3.432684537e-08 -1.197100000e+02 -1.197100000e+02 +2.8599e+00 +9.2412e-01
3312 +3.229796164e-08 +3.229796164e-08 -1.197100000e+02 -1.197100000e+02 +2.8599e+00 +9.2412e-01
3329 +2.983647107e-08 +2.983647107e-08 -1.197100000e+02 -1.197100000e+02 +2.8599e+00 +9.2411e-01
3358 +2.944780420e-08 +2.944780420e-08 -1.197100000e+02 -1.197100000e+02 +2.8599e+00 +9.2411e-01
3388 +2.836131330e-08 +2.836131330e-08 -1.197100000e+02 -1.197100000e+02 +2.8599e+00 +9.2411e-01
3421 +2.800655352e-08 +2.800655352e-08 -1.197100000e+02 -1.197100000e+02 +2.8599e+00 +9.2411e-01
3738 +2.753512263e-08 +2.753512263e-08 -1.197100000e+02 -1.197100000e+02 +2.8599e+00 +9.2411e-01
3780 +2.670948618e-08 +2.670948618e-08 -1.197100000e+02 -1.197100000e+02 +2.8599e+00 +9.2410e-01
3836 +2.619100314e-08 +2.619100314e-08 -1.197100000e+02 -1.197100000e+02 +2.8599e+00 +9.2410e-01
3843 +2.543855260e-08 +2.543855260e-08 -1.197100000e+02 -1.197100000e+02 +2.8599e+00 +9.2410e-01
3852 +2.423800538e-08 +2.423800538e-08 -1.197100000e+02 -1.197100000e+02 +2.8599e+00 +9.2410e-01
3871 +2.368059882e-08 +2.368059882e-08 -1.197100000e+02 -1.197100000e+02 +2.8599e+00 +9.2410e-01
3881 +2.286419942e-08 +2.286419942e-08 -1.197100000e+02 -1.197100000e+02 +2.8599e+00 +9.2410e-01
3905 +2.083415040e-08 +2.083415040e-08 -1.197100000e+02 -1.197100000e+02 +2.8599e+00 +9.2409e-01
3917 +1.996683352e-08 +1.996683352e-08 -1.197100000e+02 -1.197100000e+02 +2.8599e+00 +9.2409e-01
3926 +1.877478439e-08 +1.877478439e-08 -1.197100000e+02 -1.197100000e+02 +2.8599e+00 +9.2408e-01
3933 +1.653384629e-08 +1.653384629e-08 -1.197100000e+02 -1.197100000e+02 +2.8599e+00 +9.2408e-01
3941 +1.587966381e-08 +1.587966381e-08 -1.197100000e+02 -1.197100000e+02 +2.8599e+00 +9.2408e-01
3944 +1.400864846e-08 +1.400864846e-08 -1.197100000e+02 -1.197100000e+02 +2.8599e+00 +9.2407e-01
3953 +1.125727067e-08 +1.125727067e-08 -1.197100000e+02 -1.197100000e+02 +2.8599e+00 +9.2407e-01
3960 +9.453898997e-09 +9.453898997e-09 -1.197100000e+02 -1.197100000e+02 +2.8599e+00 +9.2405e-01
4278 +0.000000000e+00 +0.000000000e+00 -1.197100000e+02 -1.197100000e+02 +2.8600e+00 +9.2400e-01
% function evaluation | noise-free fitness - Fopt (3.017400000000e+02) | best noise-free fitness - Fopt | measured fitness | best measured fitness | x1 | x2...
1 +9.903066950e+04 +9.903066950e+04 +9.933240950e+04 +9.933240950e+04 +0.0000e+00 +0.0000e+00
6 +2.236407643e+03 +2.236407643e+03 +2.538147643e+03 +2.538147643e+03 +1.3416e-01 -3.2949e-01
26 +1.040469696e+03 +1.040469696e+03 +1.342209696e+03 +1.342209696e+03 +3.2615e-01 -1.5021e-01
28 +2.526394315e+02 +2.526394315e+02 +5.543794315e+02 +5.543794315e+02 +6.2708e-02 -3.3206e-01
58 +8.819285130e+00 +8.819285130e+00 +3.105592851e+02 +3.105592851e+02 -7.9934e-01 -7.4045e-01
942 +8.535633466e+00 +8.535633466e+00 +3.102756335e+02 +3.102756335e+02 -9.0035e-01 -7.8886e-01
946 +8.123208572e+00 +8.123208572e+00 +3.098632086e+02 +3.098632086e+02 -9.7084e-01 -8.2360e-01
952 +7.035871260e+00 +7.035871260e+00 +3.087758713e+02 +3.087758713e+02 -1.0939e+00 -8.8469e-01
964 +5.270620636e+00 +5.270620636e+00 +3.070106206e+02 +3.070106206e+02 -1.3845e+00 -1.0288e+00
972 +4.518093345e+00 +4.518093345e+00 +3.062580933e+02 +3.062580933e+02 -1.6817e+00 -1.1760e+00
978 +4.412405660e+00 +4.412405660e+00 +3.061524057e+02 +3.061524057e+02 -1.7504e+00 -1.2100e+00
989 +4.187382768e+00 +4.187382768e+00 +3.059273828e+02 +3.059273828e+02 -1.7914e+00 -1.2301e+00
992 +4.059082873e+00 +4.059082873e+00 +3.057990829e+02 +3.057990829e+02 -1.8037e+00 -1.2361e+00
993 +3.806034614e+00 +3.806034614e+00 +3.055460346e+02 +3.055460346e+02 -2.1058e+00 -1.3856e+00
999 +3.386968965e+00 +3.386968965e+00 +3.051269690e+02 +3.051269690e+02 -2.1455e+00 -1.4050e+00
1007 +2.426733660e+00 +2.426733660e+00 +3.041667337e+02 +3.041667337e+02 -2.3556e+00 -1.5086e+00
1012 +1.620005873e+00 +1.620005873e+00 +3.033600059e+02 +3.033600059e+02 -2.5476e+00 -1.6033e+00
1022 +1.504714170e+00 +1.504714170e+00 +3.032447142e+02 +3.032447142e+02 -2.9183e+00 -1.7865e+00
1023 +5.851307802e-01 +5.851307802e-01 +3.023251308e+02 +3.023251308e+02 -2.8965e+00 -1.7752e+00
1025 +4.184023251e-01 +4.184023251e-01 +3.021584023e+02 +3.021584023e+02 -3.3575e+00 -2.0028e+00
1038 +2.771812315e-01 +2.771812315e-01 +3.020171812e+02 +3.020171812e+02 -3.0658e+00 -1.8584e+00
1039 +2.193868307e-01 +2.193868307e-01 +3.019593868e+02 +3.019593868e+02 -3.1885e+00 -1.9190e+00
1045 +1.949876269e-01 +1.949876269e-01 +3.019349876e+02 +3.019349876e+02 -3.1776e+00 -1.9136e+00
1050 +4.960957821e-02 +4.960957821e-02 +3.017896096e+02 +3.017896096e+02 -3.4720e+00 -2.0583e+00
1112 +4.030363669e-02 +4.030363669e-02 +3.017803036e+02 +3.017803036e+02 -3.4489e+00 -2.0469e+00
1115 +2.607335386e-02 +2.607335386e-02 +3.017660734e+02 +3.017660734e+02 -3.3606e+00 -2.0036e+00
1125 +2.380922815e-02 +2.380922815e-02 +3.017638092e+02 +3.017638092e+02 -3.4249e+00 -2.0352e+00
1141 +6.887459425e-03 +6.887459425e-03 +3.017468875e+02 +3.017468875e+02 -3.4977e+00 -2.0711e+00
1603 +6.137895539e-03 +6.137895539e-03 +3.017461379e+02 +3.017461379e+02 -3.4238e+00 -2.0347e+00
1613 +5.260193877e-03 +5.260193877e-03 +3.017452602e+02 +3.017452602e+02 -3.4248e+00 -2.0353e+00
1618 +5.216430801e-03 +5.216430801e-03 +3.017452164e+02 +3.017452164e+02 -3.4251e+00 -2.0355e+00
1625 +4.214929842e-03 +4.214929842e-03 +3.017442149e+02 +3.017442149e+02 -3.4329e+00 -2.0393e+00
1634 +3.782009137e-03 +3.782009137e-03 +3.017437820e+02 +3.017437820e+02 -3.4365e+00 -2.0410e+00
1639 +3.330693227e-03 +3.330693227e-03 +3.017433307e+02 +3.017433307e+02 -3.4420e+00 -2.0438e+00
1642 +2.821631027e-03 +2.821631027e-03 +3.017428216e+02 +3.017428216e+02 -3.4618e+00 -2.0536e+00
1649 +1.345541965e-03 +1.345541965e-03 +3.017413455e+02 +3.017413455e+02 -3.4667e+00 -2.0559e+00
1654 +5.442490518e-04 +5.442490518e-04 +3.017405442e+02 +3.017405442e+02 -3.4751e+00 -2.0601e+00
1665 +1.143341265e-04 +1.143341265e-04 +3.017401143e+02 +3.017401143e+02 -3.4880e+00 -2.0664e+00
1675 +3.308924840e-05 +3.308924840e-05 +3.017400331e+02 +3.017400331e+02 -3.4998e+00 -2.0723e+00
1704 +2.527598019e-05 +2.527598019e-05 +3.017400253e+02 +3.017400253e+02 -3.4927e+00 -2.0688e+00
1728 +6.586107304e-06 +6.586107304e-06 +3.017400066e+02 +3.017400066e+02 -3.4948e+00 -2.0698e+00
1735 +6.398890548e-06 +6.398890548e-06 +3.017400064e+02 +3.017400064e+02 -3.4973e+00 -2.0711e+00
1741 +4.801939497e-06 +4.801939497e-06 +3.017400048e+02 +3.017400048e+02 -3.4967e+00 -2.0707e+00
1742 +4.643059071e-06 +4.643059071e-06 +3.017400046e+02 +3.017400046e+02 -3.4940e+00 -2.0694e+00
1754 +4.296856048e-06 +4.296856048e-06 +3.017400043e+02 +3.017400043e+02 -3.4961e+00 -2.0705e+00
1764 +1.882245783e-06 +1.882245783e-06 +3.017400019e+02 +3.017400019e+02 -3.4973e+00 -2.0711e+00
1772 +1.678186550e-06 +1.678186550e-06 +3.017400017e+02 +3.017400017e+02 -3.4972e+00 -2.0710e+00
1812 +1.154130473e-06 +1.154130473e-06 +3.017400012e+02 +3.017400012e+02 -3.4962e+00 -2.0705e+00
1819 +4.228871830e-08 +4.228871830e-08 +3.017400000e+02 +3.017400000e+02 -3.4958e+00 -2.0703e+00
1829 +1.399871508e-08 +1.399871508e-08 +3.017400000e+02 +3.017400000e+02 -3.4960e+00 -2.0704e+00
1831 +1.104820058e-08 +1.104820058e-08 +3.017400000e+02 +3.017400000e+02 -3.4959e+00 -2.0704e+00
1841 +2.602575933e-09 +2.602575933e-09 +3.017400000e+02 +3.017400000e+02 -3.4960e+00 -2.0704e+00
% function evaluation | noise-free fitness - Fopt (2.247300000000e+02) | best noise-free fitness - Fopt | measured fitness | best measured fitness | x1 | x2...
1 +4.723714650e+04 +4.723714650e+04 +4.746187650e+04 +4.746187650e+04 +0.0000e+00 +0.0000e+00
2 +7.842892096e+03 +7.842892096e+03 +8.067622096e+03 +8.067622096e+03 +3.1309e-01 -1.4068e+00
6 +5.947872973e+03 +5.947872973e+03 +6.172602973e+03 +6.172602973e+03 -9.3266e-01 +1.7153e+00
7 +3.392603645e+03 +3.392603645e+03 +3.617333645e+03 +3.617333645e+03 -2.2406e-01 -1.5638e-01
53 +5.438741976e+01 +5.438741976e+01 +2.791174198e+02 +2.791174198e+02 -1.3110e+00 +2.3239e+00
171 +3.381045539e+01 +3.381045539e+01 +2.585404554e+02 +2.585404554e+02 -1.3295e+00 +2.3712e+00
178 +2.795989701e+01 +2.795989701e+01 +2.526898970e+02 +2.526898970e+02 -1.3357e+00 +2.3920e+00
708 +2.746967820e+01 +2.746967820e+01 +2.521996782e+02 +2.521996782e+02 -1.3315e+00 +2.3817e+00
742 +2.687774080e+01 +2.687774080e+01 +2.516077408e+02 +2.516077408e+02 -1.3088e+00 +2.3321e+00
754 +2.626290100e+01 +2.626290100e+01 +2.509929010e+02 +2.509929010e+02 -1.2834e+00 +2.2771e+00
769 +2.552678687e+01 +2.552678687e+01 +2.502567869e+02 +2.502567869e+02 -1.2511e+00 +2.2070e+00
777 +2.446887260e+01 +2.446887260e+01 +2.491988726e+02 +2.491988726e+02 -1.2048e+00 +2.1061e+00
782 +2.290044471e+01 +2.290044471e+01 +2.476304447e+02 +2.476304447e+02 -1.1287e+00 +1.9406e+00
792 +2.205402067e+01 +2.205402067e+01 +2.467840207e+02 +2.467840207e+02 -1.0875e+00 +1.8507e+00
799 +2.032297758e+01 +2.032297758e+01 +2.450529776e+02 +2.450529776e+02 -9.9270e-01 +1.6450e+00
802 +1.946476361e+01 +1.946476361e+01 +2.441947636e+02 +2.441947636e+02 -9.5019e-01 +1.5525e+00
803 +1.493871409e+01 +1.493871409e+01 +2.396687141e+02 +2.396687141e+02 -7.0341e-01 +1.0167e+00
813 +1.313230466e+01 +1.313230466e+01 +2.378623047e+02 +2.378623047e+02 -6.0782e-01 +8.0885e-01
817 +1.196825178e+01 +1.196825178e+01 +2.366982518e+02 +2.366982518e+02 -5.3455e-01 +6.4958e-01
825 +1.068671541e+01 +1.068671541e+01 +2.354167154e+02 +2.354167154e+02 -4.7959e-01 +5.2941e-01
831 +9.937130751e+00 +9.937130751e+00 +2.346671308e+02 +2.346671308e+02 -3.2228e-01 +1.8816e-01
838 +5.241676080e+00 +5.241676080e+00 +2.299716761e+02 +2.299716761e+02 +3.0045e-01 -1.1657e+00
844 +4.373605750e+00 +4.373605750e+00 +2.291036057e+02 +2.291036057e+02 +4.8767e-01 -1.5729e+00
855 +3.876307275e+00 +3.876307275e+00 +2.286063073e+02 +2.286063073e+02 +6.8347e-01 -1.9990e+00
860 +3.639775619e+00 +3.639775619e+00 +2.283697756e+02 +2.283697756e+02 +8.2325e-01 -2.3032e+00
864 +3.569080006e+00 +3.569080006e+00 +2.282990800e+02 +2.282990800e+02 +5.8667e-01 -1.7888e+00
868 +3.463495214e+00 +3.463495214e+00 +2.281934952e+02 +2.281934952e+02 +8.6370e-01 -2.3914e+00
870 +3.213606177e+00 +3.213606177e+00 +2.279436062e+02 +2.279436062e+02 +7.1643e-01 -2.0712e+00
876 +2.074857653e+00 +2.074857653e+00 +2.268048577e+02 +2.268048577e+02 +7.0681e-01 -2.0512e+00
882 +1.379042319e+00 +1.379042319e+00 +2.261090423e+02 +2.261090423e+02 +7.4993e-01 -2.1456e+00
888 +2.127768763e-01 +2.127768763e-01 +2.249427769e+02 +2.249427769e+02 +1.0184e+00 -2.7319e+00
894 +2.093404470e-02 +2.093404470e-02 +2.247509340e+02 +2.247509340e+02 +9.1395e-01 -2.5057e+00
938 +1.447140810e-02 +1.447140810e-02 +2.247444714e+02 +2.247444714e+02 +9.2622e-01 -2.5322e+00
958 +9.538437232e-04 +9.538437232e-04 +2.247309538e+02 +2.247309538e+02 +8.9376e-01 -2.4613e+00
986 +6.126930375e-04 +6.126930375e-04 +2.247306127e+02 +2.247306127e+02 +8.8756e-01 -2.4478e+00
997 +2.372633254e-04 +2.372633254e-04 +2.247302373e+02 +2.247302373e+02 +8.8916e-01 -2.4514e+00
1040 +8.192900560e-05 +8.192900560e-05 +2.247300819e+02 +2.247300819e+02 +8.8555e-01 -2.4435e+00
1058 +5.350316545e-05 +5.350316545e-05 +2.247300535e+02 +2.247300535e+02 +8.8651e-01 -2.4456e+00
1108 +1.722406725e-05 +1.722406725e-05 +2.247300172e+02 +2.247300172e+02 +8.8473e-01 -2.4417e+00
1115 +8.245606580e-06 +8.245606580e-06 +2.247300082e+02 +2.247300082e+02 +8.8437e-01 -2.4410e+00
1160 +3.726007492e-06 +3.726007492e-06 +2.247300037e+02 +2.247300037e+02 +8.8349e-01 -2.4390e+00
1172 +1.367287524e-06 +1.367287524e-06 +2.247300014e+02 +2.247300014e+02 +8.8283e-01 -2.4376e+00
1245 +1.157477584e-06 +1.157477584e-06 +2.247300012e+02 +2.247300012e+02 +8.8362e-01 -2.4393e+00
1248 +2.428738242e-07 +2.428738242e-07 +2.247300002e+02 +2.247300002e+02 +8.8333e-01 -2.4387e+00
1426 +2.041134621e-07 +2.041134621e-07 +2.247300002e+02 +2.247300002e+02 +8.8337e-01 -2.4388e+00
1498 +1.891623072e-07 +1.891623072e-07 +2.247300002e+02 +2.247300002e+02 +8.8337e-01 -2.4388e+00
1535 +1.851580294e-07 +1.851580294e-07 +2.247300002e+02 +2.247300002e+02 +8.8337e-01 -2.4388e+00
1541 +1.718019291e-07 +1.718019291e-07 +2.247300002e+02 +2.247300002e+02 +8.8336e-01 -2.4388e+00
1794 +1.687481017e-07 +1.687481017e-07 +2.247300002e+02 +2.247300002e+02 +8.8336e-01 -2.4387e+00
1802 +1.526806557e-07 +1.526806557e-07 +2.247300002e+02 +2.247300002e+02 +8.8335e-01 -2.4387e+00
1814 +1.372058023e-07 +1.372058023e-07 +2.247300001e+02 +2.247300001e+02 +8.8335e-01 -2.4387e+00
1818 +1.280962465e-07 +1.280962465e-07 +2.247300001e+02 +2.247300001e+02 +8.8334e-01 -2.4387e+00
1822 +9.660311662e-08 +9.660311662e-08 +2.247300001e+02 +2.247300001e+02 +8.8333e-01 -2.4387e+00
1836 +8.044560218e-08 +8.044560218e-08 +2.247300001e+02 +2.247300001e+02 +8.8332e-01 -2.4387e+00
1842 +7.221194664e-08 +7.221194664e-08 +2.247300001e+02 +2.247300001e+02 +8.8332e-01 -2.4387e+00
1849 +4.475293736e-08 +4.475293736e-08 +2.247300000e+02 +2.247300000e+02 +8.8330e-01 -2.4386e+00
1852 +4.140090937e-08 +4.140090937e-08 +2.247300000e+02 +2.247300000e+02 +8.8329e-01 -2.4386e+00
1855 +1.761063118e-08 +1.761063118e-08 +2.247300000e+02 +2.247300000e+02 +8.8325e-01 -2.4385e+00
1863 +1.102640113e-08 +1.102640113e-08 +2.247300000e+02 +2.247300000e+02 +8.8324e-01 -2.4385e+00
1866 +9.248282140e-09 +9.248282140e-09 +2.247300000e+02 +2.247300000e+02 +8.8324e-01 -2.4385e+00
2924 +0.000000000e+00 +0.000000000e+00 +2.247300000e+02 +2.247300000e+02 +8.8320e-01 -2.4384e+00
% function evaluation | noise-free fitness - Fopt (1.222800000000e+02) | best noise-free fitness - Fopt | measured fitness | best measured fitness | x1 | x2...
1 +7.860683492e+06 +7.860683492e+06 +7.860805772e+06 +7.860805772e+06 +0.0000e+00 +0.0000e+00
2 +8.251691582e+05 +8.251691582e+05 +8.252914382e+05 +8.252914382e+05 +2.0894e-01 -1.9925e+00
12 +6.007583189e+05 +6.007583189e+05 +6.008805989e+05 +6.008805989e+05 +1.9298e+00 -4.0112e+00
20 +4.637964142e+05 +4.637964142e+05 +4.639186942e+05 +4.639186942e+05 -2.2630e-01 -3.5199e+00
22 +1.453942773e+05 +1.453942773e+05 +1.455165573e+05 +1.455165573e+05 -2.1616e+00 -2.2628e+00
26 +9.057844655e+04 +9.057844655e+04 +9.070072655e+04 +9.070072655e+04 -3.2278e-01 -3.1623e+00
31 +8.704186424e+03 +8.704186424e+03 +8.826466424e+03 +8.826466424e+03 -2.0118e+00 -2.7445e+00
42 +2.600603930e+02 +2.600603930e+02 +3.823403930e+02 +3.823403930e+02 -8.2395e-01 -2.7879e+00
74 +1.694367621e+01 +1.694367621e+01 +1.392236762e+02 +1.392236762e+02 -1.3983e+00 -2.7351e+00
95 +7.426650712e+00 +7.426650712e+00 +1.297066507e+02 +1.297066507e+02 -1.0407e+00 -2.7736e+00
126 +4.729011307e-01 +4.729011307e-01 +1.227529011e+02 +1.227529011e+02 -8.4913e-01 -2.8004e+00
165 +2.964174915e-01 +2.964174915e-01 +1.225764175e+02 +1.225764175e+02 -9.8862e-01 -2.7826e+00
328 +2.936970427e-01 +2.936970427e-01 +1.225736970e+02 +1.225736970e+02 -9.4431e-01 -2.7886e+00
369 +2.553007802e-01 +2.553007802e-01 +1.225353008e+02 +1.225353008e+02 -9.6418e-01 -2.7860e+00
392 +2.457042067e-01 +2.457042067e-01 +1.225257042e+02 +1.225257042e+02 -9.7399e-01 -2.7847e+00
413 +2.390000699e-01 +2.390000699e-01 +1.225190001e+02 +1.225190001e+02 -9.8152e-01 -2.7839e+00
416 +2.331219396e-01 +2.331219396e-01 +1.225131219e+02 +1.225131219e+02 -9.7912e-01 -2.7842e+00
500 +2.286590312e-01 +2.286590312e-01 +1.225086590e+02 +1.225086590e+02 -9.8081e-01 -2.7839e+00
586 +2.224887852e-01 +2.224887852e-01 +1.225024888e+02 +1.225024888e+02 -9.8479e-01 -2.7834e+00
614 +2.132185064e-01 +2.132185064e-01 +1.224932185e+02 +1.224932185e+02 -9.9115e-01 -2.7826e+00
642 +2.058747228e-01 +2.058747228e-01 +1.224858747e+02 +1.224858747e+02 -1.0036e+00 -2.7811e+00
645 +1.936790511e-01 +1.936790511e-01 +1.224736791e+02 +1.224736791e+02 -1.0062e+00 -2.7807e+00
655 +1.898657041e-01 +1.898657041e-01 +1.224698657e+02 +1.224698657e+02 -1.0103e+00 -2.7802e+00
747 +1.853038862e-01 +1.853038862e-01 +1.224653039e+02 +1.224653039e+02 -1.0135e+00 -2.7798e+00
793 +1.811917981e-01 +1.811917981e-01 +1.224611918e+02 +1.224611918e+02 -1.0172e+00 -2.7793e+00
888 +1.777105369e-01 +1.777105369e-01 +1.224577105e+02 +1.224577105e+02 -1.0205e+00 -2.7789e+00
1228 +1.737043713e-01 +1.737043713e-01 +1.224537044e+02 +1.224537044e+02 -1.0245e+00 -2.7784e+00
1268 +1.692811714e-01 +1.692811714e-01 +1.224492812e+02 +1.224492812e+02 -1.0298e+00 -2.7778e+00
1278 +1.647697397e-01 +1.647697397e-01 +1.224447697e+02 +1.224447697e+02 -1.0374e+00 -2.7768e+00
1286 +1.615328907e-01 +1.615328907e-01 +1.224415329e+02 +1.224415329e+02 -1.0410e+00 -2.7764e+00
1298 +1.579056945e-01 +1.579056945e-01 +1.224379057e+02 +1.224379057e+02 -1.0446e+00 -2.7759e+00
1303 +1.533432243e-01 +1.533432243e-01 +1.224333432e+02 +1.224333432e+02 -1.0512e+00 -2.7751e+00
1313 +1.501438909e-01 +1.501438909e-01 +1.224301439e+02 +1.224301439e+02 -1.0564e+00 -2.7744e+00
1314 +1.435194285e-01 +1.435194285e-01 +1.224235194e+02 +1.224235194e+02 -1.0669e+00 -2.7731e+00
1322 +1.360733720e-01 +1.360733720e-01 +1.224160734e+02 +1.224160734e+02 -1.0831e+00 -2.7710e+00
1330 +1.302242983e-01 +1.302242983e-01 +1.224102243e+02 +1.224102243e+02 -1.0947e+00 -2.7695e+00
1332 +9.738661747e-02 +9.738661747e-02 +1.223773866e+02 +1.223773866e+02 -1.1615e+00 -2.7611e+00
1342 +6.789915298e-02 +6.789915298e-02 +1.223478992e+02 +1.223478992e+02 -1.2087e+00 -2.7551e+00
1346 +4.588809247e-02 +4.588809247e-02 +1.223258881e+02 +1.223258881e+02 -1.2607e+00 -2.7485e+00
1350 +4.016438305e-02 +4.016438305e-02 +1.223201644e+02 +1.223201644e+02 -1.2788e+00 -2.7462e+00
1353 +2.876676815e-02 +2.876676815e-02 +1.223087668e+02 +1.223087668e+02 -1.3055e+00 -2.7428e+00
1354 +2.599891402e-02 +2.599891402e-02 +1.223059989e+02 +1.223059989e+02 -1.3440e+00 -2.7380e+00
1356 +2.231537379e-02 +2.231537379e-02 +1.223023154e+02 +1.223023154e+02 -1.4372e+00 -2.7261e+00
1358 +1.963369638e-02 +1.963369638e-02 +1.222996337e+02 +1.222996337e+02 -1.3865e+00 -2.7326e+00
1382 +1.240146388e-02 +1.240146388e-02 +1.222924015e+02 +1.222924015e+02 -1.3665e+00 -2.7352e+00
1384 +1.227966693e-02 +1.227966693e-02 +1.222922797e+02 +1.222922797e+02 -1.4877e+00 -2.7200e+00
1385 +1.032259972e-02 +1.032259972e-02 +1.222903226e+02 +1.222903226e+02 -1.3703e+00 -2.7347e+00
1387 +3.492004588e-03 +3.492004588e-03 +1.222834920e+02 +1.222834920e+02 -1.4084e+00 -2.7299e+00
1391 +1.670038794e-03 +1.670038794e-03 +1.222816700e+02 +1.222816700e+02 -1.4209e+00 -2.7283e+00
1402 +8.115543735e-04 +8.115543735e-04 +1.222808116e+02 +1.222808116e+02 -1.4625e+00 -2.7231e+00
1413 +1.461482803e-04 +1.461482803e-04 +1.222801461e+02 +1.222801461e+02 -1.4632e+00 -2.7230e+00
1417 +1.379593416e-04 +1.379593416e-04 +1.222801380e+02 +1.222801380e+02 -1.4523e+00 -2.7244e+00
1459 +9.768682844e-05 +9.768682844e-05 +1.222800977e+02 +1.222800977e+02 -1.4522e+00 -2.7244e+00
1468 +8.674824412e-05 +8.674824412e-05 +1.222800867e+02 +1.222800867e+02 -1.4541e+00 -2.7242e+00
1484 +2.611138416e-05 +2.611138416e-05 +1.222800261e+02 +1.222800261e+02 -1.4638e+00 -2.7229e+00
1514 +1.042363671e-05 +1.042363671e-05 +1.222800104e+02 +1.222800104e+02 -1.4587e+00 -2.7236e+00
1529 +9.609448597e-07 +9.609448597e-07 +1.222800010e+02 +1.222800010e+02 -1.4622e+00 -2.7231e+00
1590 +5.764860020e-07 +5.764860020e-07 +1.222800006e+02 +1.222800006e+02 -1.4616e+00 -2.7232e+00
1600 +2.053387504e-08 +2.053387504e-08 +1.222800000e+02 +1.222800000e+02 -1.4617e+00 -2.7232e+00
1752 +1.784337655e-08 +1.784337655e-08 +1.222800000e+02 +1.222800000e+02 -1.4616e+00 -2.7232e+00
1763 +1.604860245e-09 +1.604860245e-09 +1.222800000e+02 +1.222800000e+02 -1.4616e+00 -2.7232e+00
% function evaluation | noise-free fitness - Fopt (-8.918000000000e+01) | best noise-free fitness - Fopt | measured fitness | best measured fitness | x1 | x2...
1 +1.360055156e+07 +1.360055156e+07 +1.360046238e+07 +1.360046238e+07 +0.0000e+00 +0.0000e+00
9 +1.060911354e+07 +1.060911354e+07 +1.060902436e+07 +1.060902436e+07 +1.6681e-02 -4.1154e-01
10 +8.621524496e+06 +8.621524496e+06 +8.621435316e+06 +8.621435316e+06 -9.2108e-01 -1.2353e+00
12 +5.993472591e+06 +5.993472591e+06 +5.993383411e+06 +5.993383411e+06 -6.4897e-01 -1.8436e+00
18 +2.456665390e+06 +2.456665390e+06 +2.456576210e+06 +2.456576210e+06 -7.7579e-01 -2.5617e+00
22 +9.321269293e+05 +9.321269293e+05 +9.320377493e+05 +9.320377493e+05 -8.8903e-01 -3.3999e+00
24 +4.893162614e+05 +4.893162614e+05 +4.892270814e+05 +4.892270814e+05 +9.8614e-01 -2.9014e+00
28 +1.193898340e+04 +1.193898340e+04 +1.184980340e+04 +1.184980340e+04 +8.3538e-01 -3.8333e+00
35 +9.378867191e+01 +9.378867191e+01 +4.608671912e+00 +4.608671912e+00 +9.5080e-01 -3.6522e+00
72 +4.551777200e+01 +4.551777200e+01 -4.366222800e+01 -4.366222800e+01 -2.0271e-01 -4.1632e+00
170 +1.498220681e+01 +1.498220681e+01 -7.419779319e+01 -7.419779319e+01 -7.1663e-01 -4.3948e+00
180 +1.378208055e+01 +1.378208055e+01 -7.539791945e+01 -7.539791945e+01 -4.7149e-01 -4.2902e+00
208 +1.176350447e+01 +1.176350447e+01 -7.741649553e+01 -7.741649553e+01 -5.0382e-01 -4.3033e+00
345 +1.174414189e+01 +1.174414189e+01 -7.743585811e+01 -7.743585811e+01 -5.4303e-01 -4.3197e+00
503 +1.148026242e+01 +1.148026242e+01 -7.769973758e+01 -7.769973758e+01 -5.1540e-01 -4.3077e+00
543 +1.117265230e+01 +1.117265230e+01 -7.800734770e+01 -7.800734770e+01 -4.5986e-01 -4.2837e+00
566 +1.089319153e+01 +1.089319153e+01 -7.828680847e+01 -7.828680847e+01 -3.7963e-01 -4.2487e+00
575 +1.056871454e+01 +1.056871454e+01 -7.861128546e+01 -7.861128546e+01 -2.8277e-01 -4.2064e+00
582 +1.024412818e+01 +1.024412818e+01 -7.893587182e+01 -7.893587182e+01 -2.1768e-01 -4.1777e+00
592 +1.001112166e+01 +1.001112166e+01 -7.916887834e+01 -7.916887834e+01 -1.6312e-01 -4.1538e+00
595 +9.664862338e+00 +9.664862338e+00 -7.951513766e+01 -7.951513766e+01 -8.6954e-02 -4.1203e+00
602 +9.508157289e+00 +9.508157289e+00 -7.967184271e+01 -7.967184271e+01 -5.2120e-02 -4.1049e+00
606 +8.959513233e+00 +8.959513233e+00 -8.022048677e+01 -8.022048677e+01 +8.6366e-02 -4.0440e+00
611 +8.820113260e+00 +8.820113260e+00 -8.035988674e+01 -8.035988674e+01 +1.8564e-01 -4.0004e+00
613 +8.262402474e+00 +8.262402474e+00 -8.091759753e+01 -8.091759753e+01 +1.5394e-01 -4.0139e+00
617 +7.821327674e+00 +7.821327674e+00 -8.135867233e+01 -8.135867233e+01 +3.2266e-01 -3.9398e+00
619 +4.474322702e+00 +4.474322702e+00 -8.470567730e+01 -8.470567730e+01 +9.4528e-01 -3.6661e+00
623 +2.178666628e+00 +2.178666628e+00 -8.700133337e+01 -8.700133337e+01 +2.0866e+00 -3.1639e+00
628 +1.742111772e+00 +1.742111772e+00 -8.743788823e+01 -8.743788823e+01 +1.8889e+00 -3.2507e+00
629 +1.584814305e+00 +1.584814305e+00 -8.759518570e+01 -8.759518570e+01 +2.8408e+00 -2.8319e+00
632 +1.337275670e+00 +1.337275670e+00 -8.784272433e+01 -8.784272433e+01 +2.6558e+00 -2.9133e+00
633 +7.701251257e-01 +7.701251257e-01 -8.840987487e+01 -8.840987487e+01 +2.3104e+00 -3.0649e+00
635 +4.797680325e-01 +4.797680325e-01 -8.870023197e+01 -8.870023197e+01 +2.5522e+00 -2.9583e+00
650 +3.928480324e-01 +3.928480324e-01 -8.878715197e+01 -8.878715197e+01 +2.5564e+00 -2.9564e+00
656 +6.869060144e-02 +6.869060144e-02 -8.911130940e+01 -8.911130940e+01 +2.4299e+00 -3.0114e+00
1884 +6.713794648e-02 +6.713794648e-02 -8.911286205e+01 -8.911286205e+01 +2.4333e+00 -3.0098e+00
1890 +5.924353700e-02 +5.924353700e-02 -8.912075646e+01 -8.912075646e+01 +2.4423e+00 -3.0060e+00
1892 +5.661295849e-02 +5.661295849e-02 -8.912338704e+01 -8.912338704e+01 +2.4499e+00 -3.0026e+00
1897 +5.568163618e-02 +5.568163618e-02 -8.912431836e+01 -8.912431836e+01 +2.4528e+00 -3.0013e+00
1899 +4.529420822e-02 +4.529420822e-02 -8.913470579e+01 -8.913470579e+01 +2.4717e+00 -2.9930e+00
1902 +3.766211007e-02 +3.766211007e-02 -8.914233789e+01 -8.914233789e+01 +2.4943e+00 -2.9831e+00
1907 +2.332413223e-02 +2.332413223e-02 -8.915667587e+01 -8.915667587e+01 +2.5212e+00 -2.9712e+00
1909 +1.837578062e-02 +1.837578062e-02 -8.916162422e+01 -8.916162422e+01 +2.5351e+00 -2.9651e+00
1912 +1.198586078e-02 +1.198586078e-02 -8.916801414e+01 -8.916801414e+01 +2.6588e+00 -2.9105e+00
1913 +6.936180577e-03 +6.936180577e-03 -8.917306382e+01 -8.917306382e+01 +2.5879e+00 -2.9419e+00
1915 +4.520993872e-03 +4.520993872e-03 -8.917547901e+01 -8.917547901e+01 +2.6000e+00 -2.9365e+00
1918 +4.269126524e-03 +4.269126524e-03 -8.917573087e+01 -8.917573087e+01 +2.6150e+00 -2.9299e+00
1924 +1.863718616e-03 +1.863718616e-03 -8.917813628e+01 -8.917813628e+01 +2.6433e+00 -2.9174e+00
1926 +1.744620517e-03 +1.744620517e-03 -8.917825538e+01 -8.917825538e+01 +2.6868e+00 -2.8983e+00
1927 +7.440595152e-04 +7.440595152e-04 -8.917925594e+01 -8.917925594e+01 +2.6472e+00 -2.9158e+00
1933 +9.899109334e-05 +9.899109334e-05 -8.917990101e+01 -8.917990101e+01 +2.6577e+00 -2.9111e+00
1958 +9.379221345e-05 +9.379221345e-05 -8.917990621e+01 -8.917990621e+01 +2.6619e+00 -2.9093e+00
1985 +5.854635897e-05 +5.854635897e-05 -8.917994145e+01 -8.917994145e+01 +2.6618e+00 -2.9093e+00
2014 +4.712396664e-05 +4.712396664e-05 -8.917995288e+01 -8.917995288e+01 +2.6603e+00 -2.9100e+00
2016 +3.423333511e-05 +3.423333511e-05 -8.917996577e+01 -8.917996577e+01 +2.6630e+00 -2.9088e+00
2022 +2.061330773e-05 +2.061330773e-05 -8.917997939e+01 -8.917997939e+01 +2.6676e+00 -2.9068e+00
2025 +8.898441337e-06 +8.898441337e-06 -8.917999110e+01 -8.917999110e+01 +2.6673e+00 -2.9069e+00
2026 +6.089005893e-06 +6.089005893e-06 -8.917999391e+01 -8.917999391e+01 +2.6639e+00 -2.9084e+00
2034 +3.057277667e-07 +3.057277667e-07 -8.917999969e+01 -8.917999969e+01 +2.6644e+00 -2.9082e+00
2091 +4.340650150e-08 +4.340650150e-08 -8.917999996e+01 -8.917999996e+01 +2.6647e+00 -2.9080e+00
2215 +5.035786899e-09 +5.035786899e-09 -8.917999999e+01 -8.917999999e+01 +2.6648e+00 -2.9080e+00
3907 +0.000000000e+00 +0.000000000e+00 -8.918000000e+01 -8.918000000e+01 +2.6648e+00 -2.9080e+00
% function evaluation | noise-free fitness - Fopt (8.560000000000e+01) | best noise-free fitness - Fopt | measured fitness | best measured fitness | x1 | x2...
1 +2.127752627e+06 +2.127752627e+06 +2.127838227e+06 +2.127838227e+06 +0.0000e+00 +0.0000e+00
5 +8.405826262e+04 +8.405826262e+04 +8.414386262e+04 +8.414386262e+04 +1.6122e+00 -4.0724e-01
14 +1.673162678e+03 +1.673162678e+03 +1.758762678e+03 +1.758762678e+03 +1.3909e+00 +6.2375e-01
39 +5.941122150e+02 +5.941122150e+02 +6.797122150e+02 +6.797122150e+02 +1.3264e+00 +6.9287e-01
74 +1.720526336e+02 +1.720526336e+02 +2.576526336e+02 +2.576526336e+02 +1.3600e+00 +1.7798e+00
115 +8.546227966e+01 +8.546227966e+01 +1.710622797e+02 +1.710622797e+02 +1.3527e+00 +1.2490e+00
148 +4.428630890e+01 +4.428630890e+01 +1.298863089e+02 +1.298863089e+02 +1.3640e+00 +1.5950e+00
168 +3.304804804e+01 +3.304804804e+01 +1.186480480e+02 +1.186480480e+02 +1.3663e+00 +1.6512e+00
177 +1.920350213e+01 +1.920350213e+01 +1.048035021e+02 +1.048035021e+02 +1.3648e+00 +1.4769e+00
195 +1.509844286e+01 +1.509844286e+01 +1.006984429e+02 +1.006984429e+02 +1.3624e+00 +1.2857e+00
246 +1.368713774e+01 +1.368713774e+01 +9.928713774e+01 +9.928713774e+01 +1.3588e+00 +1.1145e+00
493 +1.343853180e+01 +1.343853180e+01 +9.903853180e+01 +9.903853180e+01 +1.3588e+00 +1.0998e+00
535 +1.317733861e+01 +1.317733861e+01 +9.877733861e+01 +9.877733861e+01 +1.3581e+00 +1.0678e+00
560 +1.282681454e+01 +1.282681454e+01 +9.842681454e+01 +9.842681454e+01 +1.3575e+00 +1.0202e+00
565 +1.245204183e+01 +1.245204183e+01 +9.805204183e+01 +9.805204183e+01 +1.3566e+00 +9.7689e-01
576 +1.204412865e+01 +1.204412865e+01 +9.764412865e+01 +9.764412865e+01 +1.3556e+00 +9.2833e-01
578 +1.199885467e+01 +1.199885467e+01 +9.759885467e+01 +9.759885467e+01 +1.3554e+00 +9.2609e-01
582 +1.164126800e+01 +1.164126800e+01 +9.724126800e+01 +9.724126800e+01 +1.3546e+00 +8.7815e-01
596 +1.120470958e+01 +1.120470958e+01 +9.680470958e+01 +9.680470958e+01 +1.3533e+00 +8.0247e-01
603 +9.982324415e+00 +9.982324415e+00 +9.558232441e+01 +9.558232441e+01 +1.3495e+00 +6.1027e-01
613 +9.291738281e+00 +9.291738281e+00 +9.489173828e+01 +9.489173828e+01 +1.3457e+00 +4.0393e-01
623 +8.805381517e+00 +8.805381517e+00 +9.440538152e+01 +9.440538152e+01 +1.3442e+00 +3.3903e-01
627 +8.258225918e+00 +8.258225918e+00 +9.385822592e+01 +9.385822592e+01 +1.3387e+00 +4.3678e-02
636 +8.041382591e+00 +8.041382591e+00 +9.364138259e+01 +9.364138259e+01 +1.3345e+00 -1.7660e-01
639 +6.347789263e+00 +6.347789263e+00 +9.194778926e+01 +9.194778926e+01 +1.3281e+00 -5.1078e-01
640 +5.568361710e+00 +5.568361710e+00 +9.116836171e+01 +9.116836171e+01 +1.3229e+00 -7.8879e-01
649 +5.361637830e+00 +5.361637830e+00 +9.096163783e+01 +9.096163783e+01 +1.3213e+00 -8.7182e-01
655 +5.066763280e+00 +5.066763280e+00 +9.066676328e+01 +9.066676328e+01 +1.3206e+00 -9.0152e-01
665 +4.901138426e+00 +4.901138426e+00 +9.050113843e+01 +9.050113843e+01 +1.3210e+00 -8.8364e-01
677 +4.494877876e+00 +4.494877876e+00 +9.009487788e+01 +9.009487788e+01 +1.3204e+00 -9.0491e-01
682 +4.050770669e+00 +4.050770669e+00 +8.965077067e+01 +8.965077067e+01 +1.3124e+00 -1.3120e+00
685 +3.797245658e+00 +3.797245658e+00 +8.939724566e+01 +8.939724566e+01 +1.3097e+00 -1.4470e+00
692 +3.674965478e+00 +3.674965478e+00 +8.927496548e+01 +8.927496548e+01 +1.3085e+00 -1.5087e+00
694 +2.788689426e+00 +2.788689426e+00 +8.838868943e+01 +8.838868943e+01 +1.3066e+00 -1.5880e+00
698 +2.646378637e+00 +2.646378637e+00 +8.824637864e+01 +8.824637864e+01 +1.3046e+00 -1.6996e+00
700 +2.066319368e+00 +2.066319368e+00 +8.766631937e+01 +8.766631937e+01 +1.2946e+00 -2.1998e+00
703 +1.716442028e+00 +1.716442028e+00 +8.731644203e+01 +8.731644203e+01 +1.2934e+00 -2.2439e+00
704 +7.864932397e-01 +7.864932397e-01 +8.638649324e+01 +8.638649324e+01 +1.2857e+00 -2.6134e+00
715 +7.066912888e-01 +7.066912888e-01 +8.630669129e+01 +8.630669129e+01 +1.2998e+00 -1.8853e+00
716 +4.504255187e-01 +4.504255187e-01 +8.605042552e+01 +8.605042552e+01 +1.2785e+00 -2.9018e+00
718 +2.080382546e-01 +2.080382546e-01 +8.580803825e+01 +8.580803825e+01 +1.2928e+00 -2.2268e+00
728 +1.145157119e-01 +1.145157119e-01 +8.571451571e+01 +8.571451571e+01 +1.2914e+00 -2.2838e+00
766 +7.924232503e-02 +7.924232503e-02 +8.567924233e+01 +8.567924233e+01 +1.2903e+00 -2.3390e+00
822 +7.239407370e-02 +7.239407370e-02 +8.567239407e+01 +8.567239407e+01 +1.2899e+00 -2.3661e+00
835 +6.016465262e-02 +6.016465262e-02 +8.566016465e+01 +8.566016465e+01 +1.2896e+00 -2.3753e+00
853 +5.764685981e-02 +5.764685981e-02 +8.565764686e+01 +8.565764686e+01 +1.2896e+00 -2.3775e+00
855 +5.406200550e-02 +5.406200550e-02 +8.565406201e+01 +8.565406201e+01 +1.2894e+00 -2.3831e+00
861 +5.291346043e-02 +5.291346043e-02 +8.565291346e+01 +8.565291346e+01 +1.2888e+00 -2.4220e+00
867 +5.135419995e-02 +5.135419995e-02 +8.565135420e+01 +8.565135420e+01 +1.2879e+00 -2.4669e+00
871 +2.362421217e-02 +2.362421217e-02 +8.562362421e+01 +8.562362421e+01 +1.2879e+00 -2.4576e+00
873 +2.047307602e-02 +2.047307602e-02 +8.562047308e+01 +8.562047308e+01 +1.2878e+00 -2.4664e+00
874 +1.731926173e-02 +1.731926173e-02 +8.561731926e+01 +8.561731926e+01 +1.2867e+00 -2.5180e+00
884 +2.855605236e-03 +2.855605236e-03 +8.560285561e+01 +8.560285561e+01 +1.2857e+00 -2.5692e+00
905 +1.345683658e-03 +1.345683658e-03 +8.560134568e+01 +8.560134568e+01 +1.2854e+00 -2.5850e+00
924 +2.831923435e-04 +2.831923435e-04 +8.560028319e+01 +8.560028319e+01 +1.2845e+00 -2.6310e+00
965 +2.118846118e-04 +2.118846118e-04 +8.560021188e+01 +8.560021188e+01 +1.2848e+00 -2.6165e+00
967 +7.157547381e-05 +7.157547381e-05 +8.560007158e+01 +8.560007158e+01 +1.2846e+00 -2.6243e+00
978 +5.567786069e-05 +5.567786069e-05 +8.560005568e+01 +8.560005568e+01 +1.2847e+00 -2.6215e+00
984 +2.280913797e-05 +2.280913797e-05 +8.560002281e+01 +8.560002281e+01 +1.2848e+00 -2.6142e+00
986 +4.198503618e-06 +4.198503618e-06 +8.560000420e+01 +8.560000420e+01 +1.2848e+00 -2.6153e+00
999 +3.990964288e-06 +3.990964288e-06 +8.560000399e+01 +8.560000399e+01 +1.2848e+00 -2.6173e+00
1614 +2.716176951e-06 +2.716176951e-06 +8.560000272e+01 +8.560000272e+01 +1.2848e+00 -2.6136e+00
1623 +2.442654392e-06 +2.442654392e-06 +8.560000244e+01 +8.560000244e+01 +1.2848e+00 -2.6139e+00
1624 +2.157920818e-06 +2.157920818e-06 +8.560000216e+01 +8.560000216e+01 +1.2848e+00 -2.6138e+00
1626 +2.078197966e-06 +2.078197966e-06 +8.560000208e+01 +8.560000208e+01 +1.2848e+00 -2.6142e+00
1645 +1.355550083e-06 +1.355550083e-06 +8.560000136e+01 +8.560000136e+01 +1.2848e+00 -2.6146e+00
1652 +1.142257702e-06 +1.142257702e-06 +8.560000114e+01 +8.560000114e+01 +1.2848e+00 -2.6153e+00
1664 +4.133063669e-07 +4.133063669e-07 +8.560000041e+01 +8.560000041e+01 +1.2848e+00 -2.6153e+00
1679 +2.690201484e-07 +2.690201484e-07 +8.560000027e+01 +8.560000027e+01 +1.2848e+00 -2.6156e+00
1685 +8.521639927e-08 +8.521639927e-08 +8.560000009e+01 +8.560000009e+01 +1.2848e+00 -2.6150e+00
1687 +1.662517946e-08 +1.662517946e-08 +8.560000002e+01 +8.560000002e+01 +1.2848e+00 -2.6153e+00
1723 +1.465002697e-08 +1.465002697e-08 +8.560000001e+01 +8.560000001e+01 +1.2848e+00 -2.6153e+00
1914 +1.400539418e-08 +1.400539418e-08 +8.560000001e+01 +8.560000001e+01 +1.2848e+00 -2.6153e+00
1916 +1.248665171e-08 +1.248665171e-08 +8.560000001e+01 +8.560000001e+01 +1.2848e+00 -2.6153e+00
1922 +1.022348783e-08 +1.022348783e-08 +8.560000001e+01 +8.560000001e+01 +1.2848e+00 -2.6153e+00
1923 +9.423459346e-09 +9.423459346e-09 +8.560000001e+01 +8.560000001e+01 +1.2848e+00 -2.6153e+00
3187 +0.000000000e+00 +0.000000000e+00 +8.560000000e+01 +8.560000000e+01 +1.2848e+00 -2.6152e+00
