% function evaluation | noise-free fitness - Fopt (-1.000000000000e+03) | best noise-free fitness - Fopt | measured fitness | best measured fitness | x1 | x2...
1 +1.610802346e+01 +1.610802346e+01 -9.838919765e+02 -9.838919765e+02 +0.0000e+00 +0.0000e+00 +0.0000e+00
5 +1.392820783e+01 +1.392820783e+01 -9.860717922e+02 -9.860717922e+02 +8.7084e-01 -9.7569e-01 -2.3900e+00
6 +9.361304168e+00 +9.361304168e+00 -9.906386958e+02 -9.906386958e+02 +6.7454e-01 +4.1765e-01 -7.8035e-01
16 +9.043012008e+00 +9.043012008e+00 -9.909569880e+02 -9.909569880e+02 +3.9902e-01 +1.6192e-01 -7.2381e-01
23 +3.302703783e+00 +3.302703783e+00 -9.966972962e+02 -9.966972962e+02 +6.6817e-02 -2.5271e-01 -1.1430e+00
33 +2.087353564e+00 +2.087353564e+00 -9.979126464e+02 -9.979126464e+02 -2.0024e-01 -4.0895e-01 -1.2010e+00
37 +1.558991324e+00 +1.558991324e+00 -9.984410087e+02 -9.984410087e+02 -2.8990e-01 +3.3141e-02 -1.4772e+00
57 +8.232105313e-01 +8.232105313e-01 -9.991767895e+02 -9.991767895e+02 -1.0413e-01 +2.7128e-01 -2.4619e+00
96 +7.022067541e-01 +7.022067541e-01 -9.992977932e+02 -9.992977932e+02 -1.0409e-01 +1.8168e-01 -2.1541e+00
% function evaluation | noise-free fitness - Fopt (1.000000000000e+03) | best noise-free fitness - Fopt | measured fitness | best measured fitness | x1 | x2...
1 +6.769756298e+01 +6.769756298e+01 +1.067697563e+03 +1.067697563e+03 +0.0000e+00 +0.0000e+00 +0.0000e+00
2 +5.561317255e+01 +5.561317255e+01 +1.055613173e+03 +1.055613173e+03 +3.9087e-01 +1.2605e+00 +2.1360e+00
4 +3.337193765e+01 +3.337193765e+01 +1.033371938e+03 +1.033371938e+03 -1.0203e+00 -4.5842e-01 -1.6508e+00
12 +2.715346009e+01 +2.715346009e+01 +1.027153460e+03 +1.027153460e+03 +1.6643e+00 -2.7429e-01 -3.7231e+00
15 +2.004984340e+00 +2.004984340e+00 +1.002004984e+03 +1.002004984e+03 -2.7992e+00 +8.4689e-01 -1.7052e+00
% function evaluation | noise-free fitness - Fopt (-4.913000000000e+01) | best noise-free fitness - Fopt | measured fitness | best measured fitness | x1 | x2...
1 +5.988076993e+01 +5.988076993e+01 +1.075076993e+01 +1.075076993e+01 +0.0000e+00 +0.0000e+00 +0.0000e+00
2 +5.255880779e+01 +5.255880779e+01 +3.428807786e+00 +3.428807786e+00 -1.1097e+00 -1.5168e-01 -6.1916e-01
3 +3.609433957e+01 +3.609433957e+01 -1.303566043e+01 -1.303566043e+01 -3.0456e+00 +1.8565e+00 +7.0291e-01
5 +3.039335264e+01 +3.039335264e+01 -1.873664736e+01 -1.873664736e+01 +6.9812e-01 -1.2155e+00 +6.0368e-02
7 +2.607579366e+01 +2.607579366e+01 -2.305420634e+01 -2.305420634e+01 +2.8994e-01 -1.4249e+00 -8.8486e-01
16 +8.492254690e+00 +8.492254690e+00 -4.063774531e+01 -4.063774531e+01 +9.1117e-01 -2.6910e+00 -2.2165e-01
45 +6.518793391e+00 +6.518793391e+00 -4.261120661e+01 -4.261120661e+01 +2.2697e+00 -3.6760e+00 -1.5817e-01
78 +6.243983327e+00 +6.243983327e+00 -4.288601667e+01 -4.288601667e+01 +2.6548e+00 -3.2922e+00 -3.3459e-01
126 +5.431690134e+00 +5.431690134e+00 -4.369830987e+01 -4.369830987e+01 +2.3401e+00 -3.3417e+00 -2.8016e-01
145 +5.173532493e+00 +5.173532493e+00 -4.395646751e+01 -4.395646751e+01 +2.0786e+00 -3.3436e+00 -3.1134e-01
183 +5.112089870e+00 +5.112089870e+00 -4.401791013e+01 -4.401791013e+01 +2.2650e+00 -3.3993e+00 -3.7993e-01
% function evaluation | noise-free fitness - Fopt (2.977300000000e+02) | best noise-free fitness - Fopt | measured fitness | best measured fitness | x1 | x2...
1 +4.847377275e+01 +4.847377275e+01 +3.462037728e+02 +3.462037728e+02 +0.0000e+00 +0.0000e+00 +0.0000e+00
4 +2.617498844e+01 +2.617498844e+01 +3.239049884e+02 +3.239049884e+02 +2.9721e-01 +1.6718e+00 -1.6202e-01
8 +9.344173436e+00 +9.344173436e+00 +3.070741734e+02 +3.070741734e+02 +1.1539e+00 +1.8746e+00 +9.1150e-01
32 +7.737000208e+00 +7.737000208e+00 +3.054670002e+02 +3.054670002e+02 -2.9511e+00 +4.7199e+00 +1.9360e+00
37 +2.242623707e+00 +2.242623707e+00 +2.999726237e+02 +2.999726237e+02 -2.1009e+00 +4.1879e+00 +1.7070e+00
82 +1.839391106e+00 +1.839391106e+00 +2.995693911e+02 +2.995693911e+02 -1.3477e+00 +4.7617e+00 +9.3861e-01
85 +7.605664866e-01 +7.605664866e-01 +2.984905665e+02 +2.984905665e+02 -1.7981e+00 +4.7121e+00 +1.4482e+00
147 +7.559931745e-01 +7.559931745e-01 +2.984859932e+02 +2.984859932e+02 -1.7340e+00 +4.8139e+00 +1.3200e+00
172 +7.333379706e-01 +7.333379706e-01 +2.984633380e+02 +2.984633380e+02 -1.7308e+00 +4.7915e+00 +1.3335e+00
173 +6.971477280e-01 +6.971477280e-01 +2.984271477e+02 +2.984271477e+02 -1.7439e+00 +4.6726e+00 +1.3502e+00
% function evaluation | noise-free fitness - Fopt (5.157000000000e+01) | best noise-free fitness - Fopt | measured fitness | best measured fitness | x1 | x2...
1 +6.905006003e+01 +6.905006003e+01 +1.206200600e+02 +1.206200600e+02 +0.0000e+00 +0.0000e+00 +0.0000e+00
3 +6.576800537e+01 +6.576800537e+01 +1.173380054e+02 +1.173380054e+02 -7.7766e-01 -2.9840e-01 +6.0711e-01
11 +3.578452408e+01 +3.578452408e+01 +8.735452408e+01 +8.735452408e+01 +1.5674e-01 +1.0535e+00 +1.8772e+00
14 +2.252621827e+01 +2.252621827e+01 +7.409621827e+01 +7.409621827e+01 +1.0907e+00 -8.8849e-01 +3.1166e+00
24 +2.019342016e+00 +2.019342016e+00 +5.358934202e+01 +5.358934202e+01 +2.1584e+00 -2.1410e+00 +4.1179e+00
29 +1.753496436e+00 +1.753496436e+00 +5.332349644e+01 +5.332349644e+01 +2.2068e+00 -2.3338e+00 +4.4485e+00
70 +2.487566027e-01 +2.487566027e-01 +5.181875660e+01 +5.181875660e+01 +4.0940e+00 +7.3500e-01 -1.4876e-01
98 +2.074304050e-01 +2.074304050e-01 +5.177743041e+01 +5.177743041e+01 +3.7574e+00 +6.7414e-01 -1.9126e-01
125 +1.486826388e-01 +1.486826388e-01 +5.171868264e+01 +5.171868264e+01 +3.9152e+00 +8.1131e-01 -4.0194e-01
136 +1.192488659e-01 +1.192488659e-01 +5.168924887e+01 +5.168924887e+01 +3.8145e+00 +8.9374e-01 -7.0743e-01
160 +1.008728088e-01 +1.008728088e-01 +5.167087281e+01 +5.167087281e+01 +3.6430e+00 +8.2919e-01 -5.4994e-01
163 +6.597568008e-02 +6.597568008e-02 +5.163597568e+01 +5.163597568e+01 +3.5777e+00 +8.3711e-01 -6.5523e-01
173 +6.279743344e-02 +6.279743344e-02 +5.163279743e+01 +5.163279743e+01 +3.5262e+00 +8.3591e-01 -6.8856e-01
183 +4.263652301e-02 +4.263652301e-02 +5.161263652e+01 +5.161263652e+01 +3.2172e+00 +9.0502e-01 -8.8176e-01
214 +4.055599979e-02 +4.055599979e-02 +5.161055600e+01 +5.161055600e+01 +3.4130e+00 +9.3145e-01 -9.0544e-01
224 +3.328255106e-02 +3.328255106e-02 +5.160328255e+01 +5.160328255e+01 +3.3455e+00 +9.4222e-01 -1.0270e+00
234 +2.609110420e-02 +2.609110420e-02 +5.159609110e+01 +5.159609110e+01 +3.2548e+00 +9.3339e-01 -1.0311e+00
240 +1.818938465e-02 +1.818938465e-02 +5.158818938e+01 +5.158818938e+01 +3.2252e+00 +9.7270e-01 -1.1081e+00
252 +1.638987035e-02 +1.638987035e-02 +5.158638987e+01 +5.158638987e+01 +3.1399e+00 +1.0481e+00 -1.3014e+00
256 +1.504366445e-02 +1.504366445e-02 +5.158504366e+01 +5.158504366e+01 +3.1237e+00 +9.9737e-01 -1.1661e+00
275 +1.381515290e-02 +1.381515290e-02 +5.158381515e+01 +5.158381515e+01 +2.8793e+00 +1.0620e+00 -1.3528e+00
276 +5.074386943e-03 +5.074386943e-03 +5.157507439e+01 +5.157507439e+01 +2.8977e+00 +1.0786e+00 -1.4407e+00
289 +4.389386778e-03 +4.389386778e-03 +5.157438939e+01 +5.157438939e+01 +2.7929e+00 +1.1044e+00 -1.6086e+00
290 +3.758829987e-03 +3.758829987e-03 +5.157375883e+01 +5.157375883e+01 +2.8235e+00 +1.0704e+00 -1.4458e+00
298 +3.632559580e-03 +3.632559580e-03 +5.157363256e+01 +5.157363256e+01 +2.7395e+00 +1.0838e+00 -1.4929e+00
302 +3.527371950e-03 +3.527371950e-03 +5.157352737e+01 +5.157352737e+01 +2.7290e+00 +1.0775e+00 -1.5421e+00
306 +1.293021208e-03 +1.293021208e-03 +5.157129302e+01 +5.157129302e+01 +2.5574e+00 +1.1134e+00 -1.6379e+00
312 +8.423419743e-04 +8.423419743e-04 +5.157084234e+01 +5.157084234e+01 +2.4704e+00 +1.1372e+00 -1.7617e+00
313 +6.020287795e-04 +6.020287795e-04 +5.157060203e+01 +5.157060203e+01 +2.4678e+00 +1.1492e+00 -1.7932e+00
342 +1.862907668e-04 +1.862907668e-04 +5.157018629e+01 +5.157018629e+01 +2.3404e+00 +1.1892e+00 -1.9351e+00
355 +6.800445810e-05 +6.800445810e-05 +5.157006800e+01 +5.157006800e+01 +2.1566e+00 +1.2250e+00 -2.0488e+00
364 +2.224573167e-05 +2.224573167e-05 +5.157002225e+01 +5.157002225e+01 +2.1868e+00 +1.2274e+00 -2.0552e+00
389 +2.137652096e-06 +2.137652096e-06 +5.157000214e+01 +5.157000214e+01 +2.1276e+00 +1.2549e+00 -2.1500e+00
397 +5.813085124e-09 +5.813085124e-09 +5.157000001e+01 +5.157000001e+01 +2.0520e+00 +1.2852e+00 -2.2360e+00
988 +0.000000000e+00 +0.000000000e+00 +5.157000000e+01 +5.157000000e+01 +2.0761e+00 +1.2784e+00 -2.2133e+00
% function evaluation | noise-free fitness - Fopt (-3.339100000000e+02) | best noise-free fitness - Fopt | measured fitness | best measured fitness | x1 | x2...
1 +6.536138503e+01 +6.536138503e+01 -2.685486150e+02 -2.685486150e+02 +0.0000e+00 +0.0000e+00 +0.0000e+00
2 +5.728764389e+01 +5.728764389e+01 -2.766223561e+02 -2.766223561e+02 -1.9524e+00 +1.3016e+00 +4.7565e-01
3 +2.175093783e+01 +2.175093783e+01 -3.121590622e+02 -3.121590622e+02 -1.6589e-01 -3.0937e-02 -1.4054e+00
14 +2.057102561e+00 +2.057102561e+00 -3.318528974e+02 -3.318528974e+02 +8.7175e-01 -1.3888e+00 +1.2810e+00
55 +2.015924539e+00 +2.015924539e+00 -3.318940755e+02 -3.318940755e+02 +1.0403e+00 -2.9298e+00 +8.8446e-01
74 +8.583208965e-01 +8.583208965e-01 -3.330516791e+02 -3.330516791e+02 +1.5992e+00 -3.9288e+00 +1.0344e+00
97 +8.042255190e-01 +8.042255190e-01 -3.331057745e+02 -3.331057745e+02 +1.6295e+00 -3.7740e+00 +9.6209e-01
150 +7.675349464e-01 +7.675349464e-01 -3.331424651e+02 -3.331424651e+02 +1.8413e+00 -4.1443e+00 +9.5892e-01
189 +7.031931372e-01 +7.031931372e-01 -3.332068069e+02 -3.332068069e+02 +1.8705e+00 -4.0941e+00 +9.2553e-01
% function evaluation | noise-free fitness - Fopt (4.476100000000e+02) | best noise-free fitness - Fopt | measured fitness | best measured fitness | x1 | x2...
1 +2.053505054e+00 +2.053505054e+00 +4.496635051e+02 +4.496635051e+02 +0.0000e+00 +0.0000e+00 +0.0000e+00
7 +1.885926684e+00 +1.885926684e+00 +4.494959267e+02 +4.494959267e+02 +7.5894e-01 +1.2016e-01 +1.4447e-01
44 +6.533972011e-01 +6.533972011e-01 +4.482633972e+02 +4.482633972e+02 -7.9038e-02 -9.6986e-02 +3.0253e-01
134 +5.698425796e-01 +5.698425796e-01 +4.481798426e+02 +4.481798426e+02 +1.0372e-01 -1.9079e-02 +2.1053e-01
142 +5.205135681e-01 +5.205135681e-01 +4.481305136e+02 +4.481305136e+02 +5.8639e-02 +1.1433e-01 +6.0964e-02
152 +5.109259653e-01 +5.109259653e-01 +4.481209260e+02 +4.481209260e+02 +1.5906e-02 +5.2535e-02 +1.4004e-01
158 +4.946068716e-01 +4.946068716e-01 +4.481046069e+02 +4.481046069e+02 -1.4643e-01 +1.3264e-01 +3.4180e-02
174 +4.707715327e-01 +4.707715327e-01 +4.480807715e+02 +4.480807715e+02 -5.1294e-01 +2.4260e-01 -7.9234e-02
183 +3.551974092e-01 +3.551974092e-01 +4.479651974e+02 +4.479651974e+02 -6.5494e-01 +2.1158e-01 -4.2260e-02
198 +2.581070264e-01 +2.581070264e-01 +4.478681070e+02 +4.478681070e+02 -7.4289e-01 +1.7766e-01 -2.6259e-02
208 +2.122672846e-01 +2.122672846e-01 +4.478222673e+02 +4.478222673e+02 -8.1254e-01 +1.6434e-01 +1.2133e-02
210 +1.747867613e-01 +1.747867613e-01 +4.477847868e+02 +4.477847868e+02 -1.2932e+00 +2.0714e-01 +3.2073e-02
226 +1.409371627e-01 +1.409371627e-01 +4.477509372e+02 +4.477509372e+02 -1.0811e+00 +1.4008e-01 +2.8800e-02
239 +1.295486335e-01 +1.295486335e-01 +4.477395486e+02 +4.477395486e+02 -1.1772e+00 +1.8895e-01 -2.8068e-02
242 +1.160974133e-01 +1.160974133e-01 +4.477260974e+02 +4.477260974e+02 -1.5185e+00 +1.9514e-01 -8.2647e-02
246 +9.956546266e-02 +9.956546266e-02 +4.477095655e+02 +4.477095655e+02 -1.4628e+00 +1.9002e-01 -4.8822e-02
253 +8.032327881e-02 +8.032327881e-02 +4.476903233e+02 +4.476903233e+02 -1.5650e+00 +1.9376e-01 -4.8102e-02
263 +7.780533058e-02 +7.780533058e-02 +4.476878053e+02 +4.476878053e+02 -1.5475e+00 +1.9771e-01 -4.1709e-02
264 +4.547367253e-02 +4.547367253e-02 +4.476554737e+02 +4.476554737e+02 -1.8576e+00 +2.0035e-01 -5.0234e-02
273 +1.544485163e-02 +1.544485163e-02 +4.476254449e+02 +4.476254449e+02 -2.3777e+00 +2.0868e-01 -5.5319e-02
289 +1.228660474e-02 +1.228660474e-02 +4.476222866e+02 +4.476222866e+02 -2.6845e+00 +2.0316e-01 -4.9386e-02
298 +7.425613739e-03 +7.425613739e-03 +4.476174256e+02 +4.476174256e+02 -2.9748e+00 +2.0408e-01 -4.6318e-02
304 +4.172144396e-03 +4.172144396e-03 +4.476141721e+02 +4.476141721e+02 -2.7618e+00 +2.2453e-01 -3.7393e-02
308 +3.619747612e-03 +3.619747612e-03 +4.476136197e+02 +4.476136197e+02 -3.2098e+00 +2.2462e-01 -1.5099e-02
312 +2.956938727e-03 +2.956938727e-03 +4.476129569e+02 +4.476129569e+02 -3.4717e+00 +2.2798e-01 -2.8658e-02
313 +2.869347314e-03 +2.869347314e-03 +4.476128693e+02 +4.476128693e+02 -3.3251e+00 +2.2824e-01 -5.7614e-02
320 +2.441595887e-03 +2.441595887e-03 +4.476124416e+02 +4.476124416e+02 -3.2324e+00 +2.2713e-01 -4.5074e-02
336 +1.339327837e-03 +1.339327837e-03 +4.476113393e+02 +4.476113393e+02 -3.4909e+00 +2.3819e-01 -5.0058e-02
352 +9.990969207e-04 +9.990969207e-04 +4.476109991e+02 +4.476109991e+02 -3.8771e+00 +2.6729e-01 -7.3417e-02
360 +8.968266637e-04 +8.968266637e-04 +4.476108968e+02 +4.476108968e+02 -4.0038e+00 +2.8033e-01 -1.0331e-01
369 +2.353910251e-04 +2.353910251e-04 +4.476102354e+02 +4.476102354e+02 -3.7917e+00 +2.9167e-01 -1.3225e-01
429 +1.641657794e-04 +1.641657794e-04 +4.476101642e+02 +4.476101642e+02 -3.6332e+00 +3.1455e-01 -1.7404e-01
432 +3.052962387e-05 +3.052962387e-05 +4.476100305e+02 +4.476100305e+02 -3.7639e+00 +3.0831e-01 -1.3515e-01
468 +2.755075650e-05 +2.755075650e-05 +4.476100276e+02 +4.476100276e+02 -3.9639e+00 +3.5282e-01 -2.1176e-01
473 +1.812921141e-06 +1.812921141e-06 +4.476100018e+02 +4.476100018e+02 -3.8708e+00 +3.3292e-01 -1.6875e-01
554 +6.683524134e-08 +6.683524134e-08 +4.476100001e+02 +4.476100001e+02 -3.8130e+00 +3.3661e-01 -1.7745e-01
591 +3.927425496e-09 +3.927425496e-09 +4.476100000e+02 +4.476100000e+02 -3.8178e+00 +3.4196e-01 -1.8310e-01
881 +0.000000000e+00 +0.000000000e+00 +4.476100000e+02 +4.476100000e+02 -3.8157e+00 +3.4441e-01 -1.8771e-01
% function evaluation | noise-free fitness - Fopt (-1.037100000000e+02) | best noise-free fitness - Fopt | measured fitness | best measured fitness | x1 | x2...
1 +8.142708577e+00 +8.142708577e+00 -9.556729142e+01 -9.556729142e+01 +0.0000e+00 +0.0000e+00 +0.0000e+00
10 +2.035757220e+00 +2.035757220e+00 -1.016742428e+02 -1.016742428e+02 -6.2597e-01 +5.8559e-01 -3.3099e-01
21 +1.876583847e+00 +1.876583847e+00 -1.018334162e+02 -1.018334162e+02 -2.8114e-01 +1.1234e+00 -1.5984e-01
29 +1.371761693e+00 +1.371761693e+00 -1.023382383e+02 -1.023382383e+02 -3.8481e-01 +1.2719e+00 -1.0509e-01
33 +5.041965970e-01 +5.041965970e-01 -1.032058034e+02 -1.032058034e+02 -7.6641e-01 +1.6856e+00 -1.2530e-01
40 +1.895892729e-01 +1.895892729e-01 -1.035204107e+02 -1.035204107e+02 -7.2861e-01 +1.1421e+00 -2.5781e-01
44 +1.761306189e-01 +1.761306189e-01 -1.035338694e+02 -1.035338694e+02 -8.3506e-01 +9.5841e-01 -1.6519e-01
53 +1.563835794e-02 +1.563835794e-02 -1.036943616e+02 -1.036943616e+02 -1.0828e+00 +1.4939e+00 -2.5660e-01
117 +2.267801758e-03 +2.267801758e-03 -1.037077322e+02 -1.037077322e+02 -1.3125e+00 +5.7946e-01 -2.8695e-01
199 +9.423530435e-04 +9.423530435e-04 -1.037090576e+02 -1.037090576e+02 -1.4791e+00 -6.0765e-01 -3.2111e-01
218 +8.746933428e-04 +8.746933428e-04 -1.037091253e+02 -1.037091253e+02 -1.3923e+00 -1.6822e-01 -3.3662e-01
220 +2.651756746e-04 +2.651756746e-04 -1.037097348e+02 -1.037097348e+02 -1.3102e+00 -2.6452e-02 -3.2103e-01
222 +1.803439060e-04 +1.803439060e-04 -1.037098197e+02 -1.037098197e+02 -1.2228e+00 +3.2189e-01 -2.9921e-01
245 +1.160588422e-04 +1.160588422e-04 -1.037098839e+02 -1.037098839e+02 -1.3678e+00 +1.3245e-01 -3.1696e-01
252 +2.752508728e-05 +2.752508728e-05 -1.037099725e+02 -1.037099725e+02 -1.3102e+00 +2.5800e-01 -3.0442e-01
266 +2.435761090e-06 +2.435761090e-06 -1.037099976e+02 -1.037099976e+02 -1.2824e+00 +1.6846e-01 -3.0059e-01
295 +1.933652854e-06 +1.933652854e-06 -1.037099981e+02 -1.037099981e+02 -1.3137e+00 +1.2508e-01 -3.0178e-01
303 +1.665252768e-06 +1.665252768e-06 -1.037099983e+02 -1.037099983e+02 -1.2835e+00 +1.3786e-01 -3.0104e-01
305 +1.591481364e-06 +1.591481364e-06 -1.037099984e+02 -1.037099984e+02 -1.3012e+00 +1.4871e-01 -3.0246e-01
327 +9.449358060e-07 +9.449358060e-07 -1.037099991e+02 -1.037099991e+02 -1.2983e+00 +1.2794e-01 -2.9983e-01
337 +9.164770347e-07 +9.164770347e-07 -1.037099991e+02 -1.037099991e+02 -1.3010e+00 +1.2045e-01 -2.9987e-01
338 +8.813127295e-07 +8.813127295e-07 -1.037099991e+02 -1.037099991e+02 -1.3041e+00 +1.1265e-01 -3.0012e-01
342 +4.088270344e-07 +4.088270344e-07 -1.037099996e+02 -1.037099996e+02 -1.3083e+00 +1.0037e-01 -3.0221e-01
347 +3.612676096e-07 +3.612676096e-07 -1.037099996e+02 -1.037099996e+02 -1.2999e+00 +9.4894e-02 -3.0339e-01
354 +7.856057493e-08 +7.856057493e-08 -1.037099999e+02 -1.037099999e+02 -1.3016e+00 +7.8277e-02 -3.0161e-01
362 +5.800592362e-08 +5.800592362e-08 -1.037099999e+02 -1.037099999e+02 -1.2999e+00 +7.1001e-02 -3.0140e-01
367 +1.591200771e-08 +1.591200771e-08 -1.037100000e+02 -1.037100000e+02 -1.3116e+00 +4.8124e-02 -3.0297e-01
396 +1.575891417e-08 +1.575891417e-08 -1.037100000e+02 -1.037100000e+02 -1.3162e+00 +3.3370e-02 -3.0463e-01
406 +1.185006226e-08 +1.185006226e-08 -1.037100000e+02 -1.037100000e+02 -1.3167e+00 +2.9266e-02 -3.0391e-01
413 +1.134581851e-08 +1.134581851e-08 -1.037100000e+02 -1.037100000e+02 -1.3221e+00 -2.0356e-03 -3.0507e-01
428 +8.941583474e-09 +8.941583474e-09 -1.037100000e+02 -1.037100000e+02 -1.3226e+00 -2.4870e-02 -3.0502e-01
685 +0.000000000e+00 +0.000000000e+00 -1.037100000e+02 -1.037100000e+02 -1.3137e+00 +4.4090e-03 -3.0359e-01
% function evaluation | noise-free fitness - Fopt (-2.060000000000e+01) | best noise-free fitness - Fopt | measured fitness | best measured fitness | x1 | x2...
1 +6.025691089e+01 +6.025691089e+01 +3.965691089e+01 +3.965691089e+01 +0.0000e+00 +0.0000e+00 +0.0000e+00
3 +5.894092341e+01 +5.894092341e+01 +3.834092341e+01 +3.834092341e+01 -3.2867e-01 -1.3020e+00 -1.0618e+00
4 +4.140282409e+01 +4.140282409e+01 +2.080282409e+01 +2.080282409e+01 +2.3194e+00 +3.0421e-02 -1.1981e-01
7 +2.605615292e+01 +2.605615292e+01 +5.456152916e+00 +5.456152916e+00 +1.4115e+00 +6.0201e-01 -4.1878e-01
14 +2.290819295e+01 +2.290819295e+01 +2.308192946e+00 +2.308192946e+00 +1.4730e+00 +9.0120e-01 -2.6377e-01
26 +2.235360670e+01 +2.235360670e+01 +1.753606695e+00 +1.753606695e+00 +1.2670e+00 +8.2151e-01 -2.4878e-01
27 +2.146235588e+01 +2.146235588e+01 +8.623558793e-01 +8.623558793e-01 +7.5635e-01 +1.8583e+00 +1.3244e-01
32 +2.101540613e+01 +2.101540613e+01 +4.154061334e-01 +4.154061334e-01 +7.8101e-01 +1.7258e+00 -2.8846e-01
42 +2.068686703e+01 +2.068686703e+01 +8.686702891e-02 +8.686702891e-02 +2.8201e-01 +1.9344e+00 -9.2614e-02
43 +1.934581912e+01 +1.934581912e+01 -1.254180876e+00 -1.254180876e+00 +5.4206e-01 +1.6691e+00 -2.0784e-01
59 +1.861814080e+01 +1.861814080e+01 -1.981859202e+00 -1.981859202e+00 +6.8586e-01 +1.2766e+00 -9.6544e-02
% function evaluation | noise-free fitness - Fopt (4.669000000000e+01) | best noise-free fitness - Fopt | measured fitness | best measured fitness | x1 | x2...
1 +2.595171303e+01 +2.595171303e+01 +7.264171303e+01 +7.264171303e+01 +0.0000e+00 +0.0000e+00 +0.0000e+00
3 +2.417516661e+01 +2.417516661e+01 +7.086516661e+01 +7.086516661e+01 -2.1500e-01 -2.3269e+00 +3.7558e-01
9 +1.383263312e+01 +1.383263312e+01 +6.052263312e+01 +6.052263312e+01 -5.1507e-01 -1.2561e+00 -6.4512e-01
27 +1.376340414e+01 +1.376340414e+01 +6.045340414e+01 +6.045340414e+01 -7.0424e-01 -2.2662e+00 -1.5489e+00
35 +1.171699070e+01 +1.171699070e+01 +5.840699070e+01 +5.840699070e+01 -1.2015e+00 -3.1068e+00 -3.3059e+00
119 +1.144291428e+01 +1.144291428e+01 +5.813291428e+01 +5.813291428e+01 -1.5322e+00 -4.8652e+00 -2.9545e+00
131 +1.046218999e+01 +1.046218999e+01 +5.715218999e+01 +5.715218999e+01 -1.2072e+00 -4.3348e+00 -3.3990e+00
142 +9.910690939e+00 +9.910690939e+00 +5.660069094e+01 +5.660069094e+01 -1.8087e+00 -5.0026e+00 -3.0811e+00
146 +9.009853863e+00 +9.009853863e+00 +5.569985386e+01 +5.569985386e+01 -1.2952e+00 -4.6759e+00 -3.2839e+00
162 +8.842594676e+00 +8.842594676e+00 +5.553259468e+01 +5.553259468e+01 -1.4607e+00 -4.3930e+00 -3.1906e+00
% function evaluation | noise-free fitness - Fopt (-1.034600000000e+02) | best noise-free fitness - Fopt | measured fitness | best measured fitness | x1 | x2...
1 +1.980507625e+01 +1.980507625e+01 -8.365492375e+01 -8.365492375e+01 +0.0000e+00 +0.0000e+00 +0.0000e+00
7 +1.673832262e+00 +1.673832262e+00 -1.017861677e+02 -1.017861677e+02 +8.1288e-01 -1.4403e+00 -7.8545e-01
41 +1.659900544e-02 +1.659900544e-02 -1.034434010e+02 -1.034434010e+02 +2.1998e-01 -3.8957e+00 -1.4578e+00
83 +1.100802726e-02 +1.100802726e-02 -1.034489920e+02 -1.034489920e+02 +4.2955e-01 -2.2203e+00 -5.5583e-01
90 +4.270169093e-03 +4.270169093e-03 -1.034557298e+02 -1.034557298e+02 +4.3094e-01 -2.3258e+00 -6.2228e-01
107 +8.512191301e-04 +8.512191301e-04 -1.034591488e+02 -1.034591488e+02 +3.8237e-01 -2.8253e+00 -8.1793e-01
171 +6.423539777e-04 +6.423539777e-04 -1.034593576e+02 -1.034593576e+02 +4.1101e-01 -2.6353e+00 -7.7697e-01
221 +2.757958774e-04 +2.757958774e-04 -1.034597242e+02 -1.034597242e+02 +3.4221e-01 -2.7293e+00 -7.2567e-01
223 +2.207845605e-04 +2.207845605e-04 -1.034597792e+02 -1.034597792e+02 +3.4723e-01 -2.7544e+00 -7.3538e-01
237 +1.131297957e-04 +1.131297957e-04 -1.034598869e+02 -1.034598869e+02 +3.6373e-01 -2.7532e+00 -7.7449e-01
260 +9.424352588e-05 +9.424352588e-05 -1.034599058e+02 -1.034599058e+02 +3.3683e-01 -2.8481e+00 -7.9057e-01
278 +8.962981248e-05 +8.962981248e-05 -1.034599104e+02 -1.034599104e+02 +3.3841e-01 -2.8566e+00 -7.9619e-01
279 +2.920685827e-05 +2.920685827e-05 -1.034599708e+02 -1.034599708e+02 +3.3979e-01 -2.9076e+00 -8.3790e-01
289 +2.521150704e-05 +2.521150704e-05 -1.034599748e+02 -1.034599748e+02 +3.3768e-01 -2.9476e+00 -8.8427e-01
292 +6.663457327e-06 +6.663457327e-06 -1.034599933e+02 -1.034599933e+02 +3.4068e-01 -3.0089e+00 -9.1089e-01
309 +2.232212935e-06 +2.232212935e-06 -1.034599978e+02 -1.034599978e+02 +3.2954e-01 -3.0534e+00 -9.2796e-01
382 +1.455423615e-06 +1.455423615e-06 -1.034599985e+02 -1.034599985e+02 +3.1979e-01 -3.0938e+00 -9.4886e-01
390 +5.518374167e-07 +5.518374167e-07 -1.034599994e+02 -1.034599994e+02 +3.2658e-01 -3.0759e+00 -9.4472e-01
395 +1.387733732e-07 +1.387733732e-07 -1.034599999e+02 -1.034599999e+02 +3.3599e-01 -3.0974e+00 -9.7571e-01
485 +5.266397807e-08 +5.266397807e-08 -1.034599999e+02 -1.034599999e+02 +3.3563e-01 -3.1139e+00 -9.8911e-01
486 +1.499607549e-08 +1.499607549e-08 -1.034600000e+02 -1.034600000e+02 +3.3407e-01 -3.1098e+00 -9.8449e-01
530 +1.385132009e-08 +1.385132009e-08 -1.034600000e+02 -1.034600000e+02 +3.3333e-01 -3.1197e+00 -9.8967e-01
567 +1.078764456e-08 +1.078764456e-08 -1.034600000e+02 -1.034600000e+02 +3.3164e-01 -3.1386e+00 -1.0026e+00
591 +7.205329666e-10 +7.205329666e-10 -1.034600000e+02 -1.034600000e+02 +3.2653e-01 -3.1365e+00 -9.9290e-01
% function evaluation | noise-free fitness - Fopt (-1.591000000000e+02) | best noise-free fitness - Fopt | measured fitness | best measured fitness | x1 | x2...
1 +2.867897756e+01 +2.867897756e+01 -1.304210224e+02 -1.304210224e+02 +0.0000e+00 +0.0000e+00 +0.0000e+00
3 +7.077338971e+00 +7.077338971e+00 -1.520226610e+02 -1.520226610e+02 +2.1436e-01 +4.1877e-01 +5.9599e-01
6 +1.634655590e+00 +1.634655590e+00 -1.574653444e+02 -1.574653444e+02 +1.5553e+00 -3.9867e-01 -1.4092e-01
23 +1.442798703e+00 +1.442798703e+00 -1.576572013e+02 -1.576572013e+02 +7.2702e-01 +2.5008e-01 +2.6831e-01
24 +1.223347629e+00 +1.223347629e+00 -1.578766524e+02 -1.578766524e+02 +8.2183e-01 +4.6216e-02 +1.2963e-01
54 +7.281669752e-01 +7.281669752e-01 -1.583718330e+02 -1.583718330e+02 +3.2229e-01 +1.6021e+00 +4.9210e-01
225 +6.399776154e-01 +6.399776154e-01 -1.584600224e+02 -1.584600224e+02 -6.1120e-01 +2.1635e+00 +1.0394e+00
255 +5.978097301e-01 +5.978097301e-01 -1.585021903e+02 -1.585021903e+02 -2.4426e-01 +2.1343e+00 +8.7190e-01
257 +5.160317237e-01 +5.160317237e-01 -1.585839683e+02 -1.585839683e+02 -9.8632e-03 +1.9105e+00 +8.3049e-01
281 +4.842098778e-01 +4.842098778e-01 -1.586157901e+02 -1.586157901e+02 -1.5383e-01 +1.9145e+00 +8.4464e-01
289 +4.646447899e-01 +4.646447899e-01 -1.586353552e+02 -1.586353552e+02 +1.1929e-01 +1.8503e+00 +6.9980e-01
324 +4.152741378e-01 +4.152741378e-01 -1.586847259e+02 -1.586847259e+02 -4.9481e-02 +1.7506e+00 +7.7569e-01
355 +2.647131697e-01 +2.647131697e-01 -1.588352868e+02 -1.588352868e+02 +1.9761e-01 +1.5597e+00 +6.0855e-01
362 +1.887430213e-01 +1.887430213e-01 -1.589112570e+02 -1.589112570e+02 +2.6660e-01 +1.5154e+00 +5.9289e-01
385 +1.804445129e-01 +1.804445129e-01 -1.589195555e+02 -1.589195555e+02 +2.6298e-01 +1.4851e+00 +5.9981e-01
397 +1.761275931e-01 +1.761275931e-01 -1.589238724e+02 -1.589238724e+02 +2.8035e-01 +1.4794e+00 +5.9444e-01
406 +1.615176190e-01 +1.615176190e-01 -1.589384824e+02 -1.589384824e+02 +3.1402e-01 +1.4362e+00 +5.5925e-01
423 +1.517657498e-01 +1.517657498e-01 -1.589482343e+02 -1.589482343e+02 +3.3172e-01 +1.3862e+00 +5.5657e-01
426 +1.259024277e-01 +1.259024277e-01 -1.589740976e+02 -1.589740976e+02 +4.7999e-01 +1.2256e+00 +4.7679e-01
434 +1.218279846e-01 +1.218279846e-01 -1.589781720e+02 -1.589781720e+02 +5.0061e-01 +1.2381e+00 +4.6689e-01
440 +1.167181048e-01 +1.167181048e-01 -1.589832819e+02 -1.589832819e+02 +5.2949e-01 +1.1355e+00 +4.3385e-01
444 +1.093874191e-01 +1.093874191e-01 -1.589906126e+02 -1.589906126e+02 +5.6514e-01 +1.1673e+00 +4.1669e-01
447 +1.041067793e-01 +1.041067793e-01 -1.589958932e+02 -1.589958932e+02 +6.2493e-01 +1.0149e+00 +3.7951e-01
456 +1.001826368e-01 +1.001826368e-01 -1.589998174e+02 -1.589998174e+02 +6.5366e-01 +9.6167e-01 +3.4718e-01
465 +9.781770214e-02 +9.781770214e-02 -1.590021823e+02 -1.590021823e+02 +6.8930e-01 +9.0534e-01 +3.2451e-01
471 +8.852817298e-02 +8.852817298e-02 -1.590114718e+02 -1.590114718e+02 +7.0743e-01 +9.2064e-01 +3.2283e-01
472 +8.085784285e-02 +8.085784285e-02 -1.590191422e+02 -1.590191422e+02 +7.5448e-01 +8.7383e-01 +2.9925e-01
474 +7.819543887e-02 +7.819543887e-02 -1.590218046e+02 -1.590218046e+02 +9.0406e-01 +6.5462e-01 +2.0269e-01
478 +7.054612916e-02 +7.054612916e-02 -1.590294539e+02 -1.590294539e+02 +8.5072e-01 +7.5667e-01 +2.3211e-01
483 +5.638984148e-02 +5.638984148e-02 -1.590436102e+02 -1.590436102e+02 +1.2278e+00 +3.3389e-01 +3.6537e-03
489 +5.344649318e-02 +5.344649318e-02 -1.590465535e+02 -1.590465535e+02 +1.1648e+00 +4.0980e-01 +4.7205e-02
492 +4.977230555e-02 +4.977230555e-02 -1.590502277e+02 -1.590502277e+02 +1.4174e+00 +1.5116e-01 -9.8819e-02
496 +4.713408182e-02 +4.713408182e-02 -1.590528659e+02 -1.590528659e+02 +1.3165e+00 +2.6375e-01 -3.2972e-02
503 +4.638114886e-02 +4.638114886e-02 -1.590536189e+02 -1.590536189e+02 +1.4043e+00 +1.8689e-01 -6.7127e-02
507 +3.868794644e-02 +3.868794644e-02 -1.590613121e+02 -1.590613121e+02 +1.3989e+00 +2.1066e-01 -7.7006e-02
513 +3.589619384e-02 +3.589619384e-02 -1.590641038e+02 -1.590641038e+02 +1.8964e+00 -2.5466e-01 -3.4947e-01
519 +2.344962409e-02 +2.344962409e-02 -1.590765504e+02 -1.590765504e+02 +1.6693e+00 -6.4207e-03 -2.1801e-01
527 +1.460278536e-02 +1.460278536e-02 -1.590853972e+02 -1.590853972e+02 +1.8893e+00 -1.5141e-01 -3.3688e-01
533 +1.165029470e-02 +1.165029470e-02 -1.590883497e+02 -1.590883497e+02 +1.8673e+00 -8.8129e-02 -3.2240e-01
537 +1.016047763e-02 +1.016047763e-02 -1.590898395e+02 -1.590898395e+02 +2.1266e+00 -3.0798e-01 -4.6328e-01
542 +9.365613351e-03 +9.365613351e-03 -1.590906344e+02 -1.590906344e+02 +2.6280e+00 -6.8589e-01 -7.2402e-01
543 +4.534603332e-03 +4.534603332e-03 -1.590954654e+02 -1.590954654e+02 +2.3576e+00 -4.7136e-01 -5.6967e-01
547 +3.499585413e-03 +3.499585413e-03 -1.590965004e+02 -1.590965004e+02 +2.6138e+00 -6.0804e-01 -7.0159e-01
557 +1.091754023e-03 +1.091754023e-03 -1.590989082e+02 -1.590989082e+02 +2.5146e+00 -4.9747e-01 -6.4157e-01
579 +6.120962516e-05 +6.120962516e-05 -1.590999388e+02 -1.590999388e+02 +2.3555e+00 -2.7403e-01 -5.3844e-01
602 +3.078661177e-05 +3.078661177e-05 -1.590999692e+02 -1.590999692e+02 +2.4533e+00 -2.2897e-01 -5.5222e-01
607 +2.480045106e-05 +2.480045106e-05 -1.590999752e+02 -1.590999752e+02 +2.5378e+00 -3.0555e-01 -6.0238e-01
619 +2.797332712e-06 +2.797332712e-06 -1.590999972e+02 -1.590999972e+02 +2.4125e+00 -2.5456e-01 -5.5512e-01
637 +2.043845768e-07 +2.043845768e-07 -1.590999998e+02 -1.590999998e+02 +2.4265e+00 -2.4378e-01 -5.5177e-01
699 +1.110296921e-07 +1.110296921e-07 -1.590999999e+02 -1.590999999e+02 +2.4236e+00 -2.6296e-01 -5.5369e-01
702 +8.705455912e-08 +8.705455912e-08 -1.590999999e+02 -1.590999999e+02 +2.4135e+00 -2.4619e-01 -5.4600e-01
727 +3.942258786e-08 +3.942258786e-08 -1.591000000e+02 -1.591000000e+02 +2.3894e+00 -2.3912e-01 -5.3616e-01
738 +3.193576958e-09 +3.193576958e-09 -1.591000000e+02 -1.591000000e+02 +2.3907e+00 -2.2495e-01 -5.3592e-01
1342 +0.000000000e+00 +0.000000000e+00 -1.591000000e+02 -1.591000000e+02 +2.3798e+00 -2.2277e-01 -5.3082e-01
% function evaluation | noise-free fitness - Fopt (7.823700000000e+02) | best noise-free fitness - Fopt | measured fitness | best measured fitness | x1 | x2...
1 +7.366457933e+01 +7.366457933e+01 +8.560345793e+02 +8.560345793e+02 +0.0000e+00 +0.0000e+00 +0.0000e+00
2 +6.257024790e+01 +6.257024790e+01 +8.449402479e+02 +8.449402479e+02 -1.2410e+00 -1.1280e+00 +1.0198e+00
12 +2.225911782e+01 +2.225911782e+01 +8.046291178e+02 +8.046291178e+02 +1.3277e-01 -9.5686e-02 +2.8424e+00
40 +1.063667907e+01 +1.063667907e+01 +7.930066791e+02 +7.930066791e+02 +3.6192e+00 +4.4167e-01 +3.3081e+00
58 +7.658223667e+00 +7.658223667e+00 +7.900282237e+02 +7.900282237e+02 +3.6805e+00 +7.3550e-01 +3.3920e-01
61 +5.910711519e-01 +5.910711519e-01 +7.829610712e+02 +7.829610712e+02 +3.5043e-04 -5.9001e-01 +3.1971e+00
74 +5.718335791e-01 +5.718335791e-01 +7.829418336e+02 +7.829418336e+02 -1.6930e+00 -9.9412e-01 +2.9622e+00
249 +4.897687651e-01 +4.897687651e-01 +7.828597688e+02 +7.828597688e+02 -6.0558e-01 -7.8483e-01 +3.0786e+00
253 +3.475222294e-01 +3.475222294e-01 +7.827175222e+02 +7.827175222e+02 -9.1672e-01 -7.8401e-01 +3.1598e+00
255 +2.890250503e-01 +2.890250503e-01 +7.826590251e+02 +7.826590251e+02 -6.3692e-01 -7.7561e-01 +3.1380e+00
257 +2.668483455e-01 +2.668483455e-01 +7.826368483e+02 +7.826368483e+02 -1.0509e+00 -8.0894e-01 +3.0618e+00
267 +1.709421612e-01 +1.709421612e-01 +7.825409422e+02 +7.825409422e+02 -1.0570e+00 -7.7397e-01 +3.0895e+00
268 +1.292666439e-01 +1.292666439e-01 +7.824992666e+02 +7.824992666e+02 -1.9622e+00 -8.1151e-01 +3.0030e+00
276 +2.098851675e-02 +2.098851675e-02 +7.823909885e+02 +7.823909885e+02 -2.4109e+00 -9.5175e-01 +3.0140e+00
277 +1.982391244e-02 +1.982391244e-02 +7.823898239e+02 +7.823898239e+02 -2.0479e+00 -1.1364e+00 +3.0644e+00
294 +1.649840821e-02 +1.649840821e-02 +7.823864984e+02 +7.823864984e+02 -2.6359e+00 -1.2446e+00 +3.0600e+00
305 +3.598990089e-03 +3.598990089e-03 +7.823735990e+02 +7.823735990e+02 -2.8461e+00 -1.2643e+00 +2.9947e+00
317 +3.495980568e-03 +3.495980568e-03 +7.823734960e+02 +7.823734960e+02 -2.8498e+00 -1.2989e+00 +3.0189e+00
318 +8.965397737e-04 +8.965397737e-04 +7.823708965e+02 +7.823708965e+02 -3.1941e+00 -1.1904e+00 +2.9671e+00
412 +8.431011734e-04 +8.431011734e-04 +7.823708431e+02 +7.823708431e+02 -3.1020e+00 -1.1813e+00 +2.9784e+00
418 +5.777298693e-04 +5.777298693e-04 +7.823705777e+02 +7.823705777e+02 -3.2072e+00 -1.2039e+00 +2.9702e+00
429 +2.174352738e-04 +2.174352738e-04 +7.823702174e+02 +7.823702174e+02 -3.2506e+00 -1.2201e+00 +2.9728e+00
443 +8.471629030e-06 +8.471629030e-06 +7.823700085e+02 +7.823700085e+02 -3.5063e+00 -1.2550e+00 +2.9674e+00
531 +7.410985290e-06 +7.410985290e-06 +7.823700074e+02 +7.823700074e+02 -3.6689e+00 -1.2917e+00 +2.9490e+00
536 +6.400842608e-06 +6.400842608e-06 +7.823700064e+02 +7.823700064e+02 -3.8629e+00 -1.3434e+00 +2.9440e+00
539 +1.831078862e-07 +1.831078862e-07 +7.823700002e+02 +7.823700002e+02 -3.7635e+00 -1.3136e+00 +2.9521e+00
631 +1.716066436e-07 +1.716066436e-07 +7.823700002e+02 +7.823700002e+02 -3.7478e+00 -1.3202e+00 +2.9539e+00
632 +4.909099971e-08 +4.909099971e-08 +7.823700000e+02 +7.823700000e+02 -3.7419e+00 -1.3152e+00 +2.9520e+00
649 +4.626656391e-08 +4.626656391e-08 +7.823700000e+02 +7.823700000e+02 -3.7086e+00 -1.3042e+00 +2.9527e+00
668 +1.109356162e-08 +1.109356162e-08 +7.823700000e+02 +7.823700000e+02 -3.7226e+00 -1.3094e+00 +2.9533e+00
677 +8.821075426e-09 +8.821075426e-09 +7.823700000e+02 +7.823700000e+02 -3.7035e+00 -1.3095e+00 +2.9560e+00
849 +0.000000000e+00 +0.000000000e+00 +7.823700000e+02 +7.823700000e+02 -3.6811e+00 -1.3051e+00 +2.9562e+00
% function evaluation | noise-free fitness - Fopt (1.464700000000e+02) | best noise-free fitness - Fopt | measured fitness | best measured fitness | x1 | x2...
1 +6.886192738e+01 +6.886192738e+01 +2.153319274e+02 +2.153319274e+02 +0.0000e+00 +0.0000e+00 +0.0000e+00
2 +6.555105295e+01 +6.555105295e+01 +2.120210529e+02 +2.120210529e+02 +3.0714e-01 -1.1501e+00 +9.9598e-01
6 +6.322689310e+01 +6.322689310e+01 +2.096968931e+02 +2.096968931e+02 +1.4553e+00 +7.3611e-01 +1.2091e+00
14 +4.086029881e+01 +4.086029881e+01 +1.873302988e+02 +1.873302988e+02 +4.0506e+00 +1.8799e-02 +9.3429e-01
15 +3.842554843e+01 +3.842554843e+01 +1.848955484e+02 +1.848955484e+02 +1.9612e+00 +2.5213e+00 +1.3797e+00
18 +2.412778002e+00 +2.412778002e+00 +1.488827780e+02 +1.488827780e+02 +2.2496e+00 -6.6993e-01 +1.0390e+00
32 +1.454880870e+00 +1.454880870e+00 +1.479248809e+02 +1.479248809e+02 +3.0167e+00 +9.4737e-02 +1.4753e+00
48 +5.173836694e-01 +5.173836694e-01 +1.469873837e+02 +1.469873837e+02 +2.7573e+00 -5.2242e-01 +1.5438e+00
55 +2.490943392e-01 +2.490943392e-01 +1.467190943e+02 +1.467190943e+02 +2.4494e+00 -4.3831e-02 +1.0758e+00
92 +2.016283265e-01 +2.016283265e-01 +1.466716283e+02 +1.466716283e+02 +3.4930e+00 +5.7946e-01 +2.4519e+00
121 +9.346304844e-02 +9.346304844e-02 +1.465634630e+02 +1.465634630e+02 +3.4203e+00 +5.3925e-01 +2.2836e+00
127 +7.626427469e-02 +7.626427469e-02 +1.465462643e+02 +1.465462643e+02 +3.5703e+00 +4.9964e-01 +2.5165e+00
140 +6.990791098e-02 +6.990791098e-02 +1.465399079e+02 +1.465399079e+02 +3.7360e+00 +3.1922e-01 +2.7868e+00
145 +5.006056273e-02 +5.006056273e-02 +1.465200606e+02 +1.465200606e+02 +3.5064e+00 +1.0907e-02 +2.6138e+00
178 +3.285038199e-02 +3.285038199e-02 +1.465028504e+02 +1.465028504e+02 +3.6028e+00 +3.3585e-01 +2.6082e+00
212 +1.395307952e-02 +1.395307952e-02 +1.464839531e+02 +1.464839531e+02 +3.4509e+00 +2.4705e-01 +2.4098e+00
223 +1.341657747e-02 +1.341657747e-02 +1.464834166e+02 +1.464834166e+02 +3.3957e+00 +2.8144e-01 +2.3257e+00
254 +1.181669746e-02 +1.181669746e-02 +1.464818167e+02 +1.464818167e+02 +3.3662e+00 +1.3683e-01 +2.3209e+00
264 +1.140005608e-02 +1.140005608e-02 +1.464814001e+02 +1.464814001e+02 +3.3906e+00 +1.9553e-01 +2.3437e+00
270 +8.242398359e-03 +8.242398359e-03 +1.464782424e+02 +1.464782424e+02 +3.3597e+00 +1.9869e-01 +2.2785e+00
273 +6.808249323e-03 +6.808249323e-03 +1.464768082e+02 +1.464768082e+02 +3.3389e+00 +2.2777e-01 +2.2316e+00
292 +6.619461301e-03 +6.619461301e-03 +1.464766195e+02 +1.464766195e+02 +3.3326e+00 +1.8427e-01 +2.2344e+00
299 +6.452924518e-03 +6.452924518e-03 +1.464764529e+02 +1.464764529e+02 +3.3289e+00 +1.8132e-01 +2.2427e+00
302 +5.863950804e-03 +5.863950804e-03 +1.464758640e+02 +1.464758640e+02 +3.3026e+00 +2.6305e-01 +2.1638e+00
316 +4.686949087e-03 +4.686949087e-03 +1.464746869e+02 +1.464746869e+02 +3.2902e+00 +2.4369e-01 +2.1543e+00
323 +4.588502679e-03 +4.588502679e-03 +1.464745885e+02 +1.464745885e+02 +3.2762e+00 +2.5798e-01 +2.1246e+00
327 +4.278691427e-03 +4.278691427e-03 +1.464742787e+02 +1.464742787e+02 +3.2564e+00 +2.2455e-01 +2.0808e+00
331 +4.100213383e-03 +4.100213383e-03 +1.464741002e+02 +1.464741002e+02 +3.2657e+00 +2.3245e-01 +2.1277e+00
332 +3.722116861e-03 +3.722116861e-03 +1.464737221e+02 +1.464737221e+02 +3.2467e+00 +2.2970e-01 +2.0907e+00
343 +3.506101240e-03 +3.506101240e-03 +1.464735061e+02 +1.464735061e+02 +3.1880e+00 +2.2431e-01 +2.0078e+00
417 +2.135970899e-03 +2.135970899e-03 +1.464721360e+02 +1.464721360e+02 +3.1555e+00 +2.0039e-01 +1.9523e+00
431 +1.944606694e-03 +1.944606694e-03 +1.464719446e+02 +1.464719446e+02 +3.1448e+00 +1.8861e-01 +1.9255e+00
432 +1.647295205e-03 +1.647295205e-03 +1.464716473e+02 +1.464716473e+02 +3.1128e+00 +1.8371e-01 +1.8664e+00
442 +1.343630933e-03 +1.343630933e-03 +1.464713436e+02 +1.464713436e+02 +3.0776e+00 +1.1704e-01 +1.8436e+00
444 +1.032665464e-03 +1.032665464e-03 +1.464710327e+02 +1.464710327e+02 +3.0811e+00 +1.6247e-01 +1.8268e+00
452 +9.037671659e-04 +9.037671659e-04 +1.464709038e+02 +1.464709038e+02 +3.0630e+00 +1.4740e-01 +1.8153e+00
462 +8.540362821e-04 +8.540362821e-04 +1.464708540e+02 +1.464708540e+02 +3.0352e+00 +1.3886e-01 +1.7828e+00
473 +8.457891565e-04 +8.457891565e-04 +1.464708458e+02 +1.464708458e+02 +2.9969e+00 +1.3302e-01 +1.6967e+00
474 +5.250744496e-04 +5.250744496e-04 +1.464705251e+02 +1.464705251e+02 +2.9961e+00 +1.3461e-01 +1.7120e+00
490 +4.398226021e-04 +4.398226021e-04 +1.464704398e+02 +1.464704398e+02 +2.9790e+00 +1.3325e-01 +1.6950e+00
499 +3.501937736e-04 +3.501937736e-04 +1.464703502e+02 +1.464703502e+02 +2.9681e+00 +1.3309e-01 +1.6763e+00
507 +3.208357696e-04 +3.208357696e-04 +1.464703208e+02 +1.464703208e+02 +2.9744e+00 +1.4468e-01 +1.6700e+00
513 +3.036846428e-04 +3.036846428e-04 +1.464703037e+02 +1.464703037e+02 +2.9559e+00 +1.4143e-01 +1.6349e+00
515 +2.147103328e-04 +2.147103328e-04 +1.464702147e+02 +1.464702147e+02 +2.9315e+00 +1.4782e-01 +1.5948e+00
524 +1.242848994e-04 +1.242848994e-04 +1.464701243e+02 +1.464701243e+02 +2.9007e+00 +1.4910e-01 +1.5461e+00
526 +8.645340532e-05 +8.645340532e-05 +1.464700865e+02 +1.464700865e+02 +2.8877e+00 +1.5528e-01 +1.5343e+00
532 +3.400291456e-05 +3.400291456e-05 +1.464700340e+02 +1.464700340e+02 +2.8476e+00 +1.6330e-01 +1.4634e+00
534 +1.866507682e-05 +1.866507682e-05 +1.464700187e+02 +1.464700187e+02 +2.8124e+00 +1.5641e-01 +1.4107e+00
545 +1.292580544e-05 +1.292580544e-05 +1.464700129e+02 +1.464700129e+02 +2.7971e+00 +1.5976e-01 +1.3786e+00
550 +3.143796590e-06 +3.143796590e-06 +1.464700031e+02 +1.464700031e+02 +2.7408e+00 +1.6148e-01 +1.2919e+00
573 +1.581692885e-06 +1.581692885e-06 +1.464700016e+02 +1.464700016e+02 +2.7214e+00 +1.5527e-01 +1.2580e+00
576 +1.303817697e-06 +1.303817697e-06 +1.464700013e+02 +1.464700013e+02 +2.6786e+00 +1.5757e-01 +1.1910e+00
591 +7.973621621e-07 +7.973621621e-07 +1.464700008e+02 +1.464700008e+02 +2.6818e+00 +1.5509e-01 +1.1993e+00
602 +3.823669488e-07 +3.823669488e-07 +1.464700004e+02 +1.464700004e+02 +2.6947e+00 +1.2196e-01 +1.2271e+00
611 +7.125728985e-08 +7.125728985e-08 +1.464700001e+02 +1.464700001e+02 +2.6906e+00 +1.2585e-01 +1.2243e+00
689 +5.320799801e-08 +5.320799801e-08 +1.464700001e+02 +1.464700001e+02 +2.7000e+00 +1.3154e-01 +1.2344e+00
713 +2.375995223e-08 +2.375995223e-08 +1.464700000e+02 +1.464700000e+02 +2.6825e+00 +1.3010e-01 +1.2104e+00
724 +1.407059358e-08 +1.407059358e-08 +1.464700000e+02 +1.464700000e+02 +2.6934e+00 +1.3481e-01 +1.2247e+00
762 +1.173614805e-08 +1.173614805e-08 +1.464700000e+02 +1.464700000e+02 +2.6903e+00 +1.3364e-01 +1.2184e+00
768 +3.629736511e-09 +3.629736511e-09 +1.464700000e+02 +1.464700000e+02 +2.6863e+00 +1.3515e-01 +1.2119e+00
1155 +0.000000000e+00 +0.000000000e+00 +1.464700000e+02 +1.464700000e+02 +2.6681e+00 +1.3232e-01 +1.1837e+00
% function evaluation | noise-free fitness - Fopt (-2.071000000000e+01) | best noise-free fitness - Fopt | measured fitness | best measured fitness | x1 | x2...
1 +6.445256537e+01 +6.445256537e+01 +4.374256537e+01 +4.374256537e+01 +0.0000e+00 +0.0000e+00 +0.0000e+00
3 +6.240755288e+01 +6.240755288e+01 +4.169755288e+01 +4.169755288e+01 +1.6708e+00 -5.5825e-02 +1.1661e+00
4 +5.749180651e+01 +5.749180651e+01 +3.678180651e+01 +3.678180651e+01 -2.8082e-01 -2.2223e-01 +1.2645e-01
5 +4.402436241e+00 +4.402436241e+00 -1.630756376e+01 -1.630756376e+01 +4.5112e-01 +1.7112e+00 +1.4903e+00
14 +2.997546974e+00 +2.997546974e+00 -1.771245303e+01 -1.771245303e+01 +5.3753e-01 +1.7037e+00 +1.8822e+00
43 +2.084884390e+00 +2.084884390e+00 -1.862511561e+01 -1.862511561e+01 +1.6356e-01 +2.0760e+00 +2.3594e+00
71 +2.008975015e+00 +2.008975015e+00 -1.870102499e+01 -1.870102499e+01 -1.1596e-01 +2.1560e+00 +1.9742e+00
98 +1.973437213e+00 +1.973437213e+00 -1.873656279e+01 -1.873656279e+01 +6.0677e-02 +2.1420e+00 +1.8880e+00
