% function evaluation | noise-free fitness - Fopt (-1.000000000000e+03) | best noise-free fitness - Fopt | measured fitness | best measured fitness | x1 | x2...
1 +8.205600107e+01 +8.205600107e+01 -9.179439989e+02 -9.179439989e+02
4 +8.104306960e+01 +8.104306960e+01 -9.189569304e+02 -9.189569304e+02
11 +7.865987666e+01 +7.865987666e+01 -9.213401233e+02 -9.213401233e+02
65 +7.753672690e+01 +7.753672690e+01 -9.224632731e+02 -9.224632731e+02
197 +7.543703844e+01 +7.543703844e+01 -9.245629616e+02 -9.245629616e+02
226 +7.355116792e+01 +7.355116792e+01 -9.264488321e+02 -9.264488321e+02
275 +7.231370161e+01 +7.231370161e+01 -9.276862984e+02 -9.276862984e+02
327 +7.050075972e+01 +7.050075972e+01 -9.294992403e+02 -9.294992403e+02
346 +6.869318687e+01 +6.869318687e+01 -9.313068131e+02 -9.313068131e+02
352 +6.754538861e+01 +6.754538861e+01 -9.324546114e+02 -9.324546114e+02
367 +6.554153855e+01 +6.554153855e+01 -9.344584614e+02 -9.344584614e+02
389 +6.435476825e+01 +6.435476825e+01 -9.356452318e+02 -9.356452318e+02
405 +6.158254336e+01 +6.158254336e+01 -9.384174566e+02 -9.384174566e+02
426 +6.007551170e+01 +6.007551170e+01 -9.399244883e+02 -9.399244883e+02
457 +5.741152315e+01 +5.741152315e+01 -9.425884769e+02 -9.425884769e+02
465 +5.364924422e+01 +5.364924422e+01 -9.463507558e+02 -9.463507558e+02
481 +5.159450779e+01 +5.159450779e+01 -9.484054922e+02 -9.484054922e+02
493 +4.893159679e+01 +4.893159679e+01 -9.510684032e+02 -9.510684032e+02
546 +4.583820221e+01 +4.583820221e+01 -9.541617978e+02 -9.541617978e+02
560 +4.563357620e+01 +4.563357620e+01 -9.543664238e+02 -9.543664238e+02
562 +4.317206015e+01 +4.317206015e+01 -9.568279399e+02 -9.568279399e+02
579 +4.196240842e+01 +4.196240842e+01 -9.580375916e+02 -9.580375916e+02
584 +4.033801589e+01 +4.033801589e+01 -9.596619841e+02 -9.596619841e+02
590 +3.978916950e+01 +3.978916950e+01 -9.602108305e+02 -9.602108305e+02
597 +3.799980335e+01 +3.799980335e+01 -9.620001966e+02 -9.620001966e+02
633 +3.672150134e+01 +3.672150134e+01 -9.632784987e+02 -9.632784987e+02
656 +3.540752100e+01 +3.540752100e+01 -9.645924790e+02 -9.645924790e+02
665 +3.432416362e+01 +3.432416362e+01 -9.656758364e+02 -9.656758364e+02
709 +3.357971534e+01 +3.357971534e+01 -9.664202847e+02 -9.664202847e+02
713 +3.268303780e+01 +3.268303780e+01 -9.673169622e+02 -9.673169622e+02
714 +3.217563993e+01 +3.217563993e+01 -9.678243601e+02 -9.678243601e+02
740 +3.132430794e+01 +3.132430794e+01 -9.686756921e+02 -9.686756921e+02
742 +2.973598520e+01 +2.973598520e+01 -9.702640148e+02 -9.702640148e+02
794 +2.919563315e+01 +2.919563315e+01 -9.708043668e+02 -9.708043668e+02
795 +2.871235325e+01 +2.871235325e+01 -9.712876468e+02 -9.712876468e+02
810 +2.747290164e+01 +2.747290164e+01 -9.725270984e+02 -9.725270984e+02
841 +2.684057200e+01 +2.684057200e+01 -9.731594280e+02 -9.731594280e+02
850 +2.606884953e+01 +2.606884953e+01 -9.739311505e+02 -9.739311505e+02
884 +2.520838755e+01 +2.520838755e+01 -9.747916125e+02 -9.747916125e+02
894 +2.374048519e+01 +2.374048519e+01 -9.762595148e+02 -9.762595148e+02
902 +2.343335735e+01 +2.343335735e+01 -9.765666427e+02 -9.765666427e+02
930 +2.258908727e+01 +2.258908727e+01 -9.774109127e+02 -9.774109127e+02
941 +2.185679544e+01 +2.185679544e+01 -9.781432046e+02 -9.781432046e+02
961 +2.134835556e+01 +2.134835556e+01 -9.786516444e+02 -9.786516444e+02
984 +2.044352790e+01 +2.044352790e+01 -9.795564721e+02 -9.795564721e+02
1143 +2.036686234e+01 +2.036686234e+01 -9.796331377e+02 -9.796331377e+02
1173 +1.994634388e+01 +1.994634388e+01 -9.800536561e+02 -9.800536561e+02
1335 +1.948458785e+01 +1.948458785e+01 -9.805154122e+02 -9.805154122e+02
1454 +1.904442259e+01 +1.904442259e+01 -9.809555774e+02 -9.809555774e+02
1746 +1.859881613e+01 +1.859881613e+01 -9.814011839e+02 -9.814011839e+02
% function evaluation | noise-free fitness - Fopt (1.000000000000e+03) | best noise-free fitness - Fopt | measured fitness | best measured fitness | x1 | x2...
1 +8.534604634e+01 +8.534604634e+01 +1.085346046e+03 +1.085346046e+03
3 +8.379536664e+01 +8.379536664e+01 +1.083795367e+03 +1.083795367e+03
33 +8.210320778e+01 +8.210320778e+01 +1.082103208e+03 +1.082103208e+03
64 +8.114596042e+01 +8.114596042e+01 +1.081145960e+03 +1.081145960e+03
129 +7.913614182e+01 +7.913614182e+01 +1.079136142e+03 +1.079136142e+03
268 +7.435917767e+01 +7.435917767e+01 +1.074359178e+03 +1.074359178e+03
286 +7.351224889e+01 +7.351224889e+01 +1.073512249e+03 +1.073512249e+03
314 +7.234900872e+01 +7.234900872e+01 +1.072349009e+03 +1.072349009e+03
432 +7.078798545e+01 +7.078798545e+01 +1.070787985e+03 +1.070787985e+03
457 +6.669687781e+01 +6.669687781e+01 +1.066696878e+03 +1.066696878e+03
517 +6.599186192e+01 +6.599186192e+01 +1.065991862e+03 +1.065991862e+03
555 +6.407907421e+01 +6.407907421e+01 +1.064079074e+03 +1.064079074e+03
569 +6.275551122e+01 +6.275551122e+01 +1.062755511e+03 +1.062755511e+03
619 +5.795592126e+01 +5.795592126e+01 +1.057955921e+03 +1.057955921e+03
628 +5.679118564e+01 +5.679118564e+01 +1.056791186e+03 +1.056791186e+03
637 +5.619468826e+01 +5.619468826e+01 +1.056194688e+03 +1.056194688e+03
656 +5.249660419e+01 +5.249660419e+01 +1.052496604e+03 +1.052496604e+03
668 +4.994226655e+01 +4.994226655e+01 +1.049942267e+03 +1.049942267e+03
673 +4.354979223e+01 +4.354979223e+01 +1.043549792e+03 +1.043549792e+03
702 +4.059488208e+01 +4.059488208e+01 +1.040594882e+03 +1.040594882e+03
706 +3.964201978e+01 +3.964201978e+01 +1.039642020e+03 +1.039642020e+03
724 +3.865898532e+01 +3.865898532e+01 +1.038658985e+03 +1.038658985e+03
740 +3.597192599e+01 +3.597192599e+01 +1.035971926e+03 +1.035971926e+03
751 +3.368246356e+01 +3.368246356e+01 +1.033682464e+03 +1.033682464e+03
766 +3.221820792e+01 +3.221820792e+01 +1.032218208e+03 +1.032218208e+03
791 +3.131382787e+01 +3.131382787e+01 +1.031313828e+03 +1.031313828e+03
795 +3.048407523e+01 +3.048407523e+01 +1.030484075e+03 +1.030484075e+03
803 +2.983948384e+01 +2.983948384e+01 +1.029839484e+03 +1.029839484e+03
867 +2.888401292e+01 +2.888401292e+01 +1.028884013e+03 +1.028884013e+03
872 +2.832864234e+01 +2.832864234e+01 +1.028328642e+03 +1.028328642e+03
882 +2.767569880e+01 +2.767569880e+01 +1.027675699e+03 +1.027675699e+03
885 +2.692182477e+01 +2.692182477e+01 +1.026921825e+03 +1.026921825e+03
888 +2.673576568e+01 +2.673576568e+01 +1.026735766e+03 +1.026735766e+03
915 +2.580927566e+01 +2.580927566e+01 +1.025809276e+03 +1.025809276e+03
922 +2.567851412e+01 +2.567851412e+01 +1.025678514e+03 +1.025678514e+03
950 +2.501759932e+01 +2.501759932e+01 +1.025017599e+03 +1.025017599e+03
953 +2.408170019e+01 +2.408170019e+01 +1.024081700e+03 +1.024081700e+03
964 +2.242056569e+01 +2.242056569e+01 +1.022420566e+03 +1.022420566e+03
1009 +2.222105758e+01 +2.222105758e+01 +1.022221058e+03 +1.022221058e+03
1055 +2.151900576e+01 +2.151900576e+01 +1.021519006e+03 +1.021519006e+03
1068 +2.112562806e+01 +2.112562806e+01 +1.021125628e+03 +1.021125628e+03
1080 +2.024375108e+01 +2.024375108e+01 +1.020243751e+03 +1.020243751e+03
1226 +1.987704023e+01 +1.987704023e+01 +1.019877040e+03 +1.019877040e+03
1345 +1.948119148e+01 +1.948119148e+01 +1.019481191e+03 +1.019481191e+03
1360 +1.884864356e+01 +1.884864356e+01 +1.018848644e+03 +1.018848644e+03
1444 +1.840079986e+01 +1.840079986e+01 +1.018400800e+03 +1.018400800e+03
1520 +1.819361002e+01 +1.819361002e+01 +1.018193610e+03 +1.018193610e+03
1653 +1.763722749e+01 +1.763722749e+01 +1.017637227e+03 +1.017637227e+03
1711 +1.732509973e+01 +1.732509973e+01 +1.017325100e+03 +1.017325100e+03
1759 +1.693639137e+01 +1.693639137e+01 +1.016936391e+03 +1.016936391e+03
1796 +1.651354280e+01 +1.651354280e+01 +1.016513543e+03 +1.016513543e+03
1899 +1.617611788e+01 +1.617611788e+01 +1.016176118e+03 +1.016176118e+03
1969 +1.581197819e+01 +1.581197819e+01 +1.015811978e+03 +1.015811978e+03
2064 +1.536755429e+01 +1.536755429e+01 +1.015367554e+03 +1.015367554e+03
2161 +1.511889390e+01 +1.511889390e+01 +1.015118894e+03 +1.015118894e+03
2427 +1.478144244e+01 +1.478144244e+01 +1.014781442e+03 +1.014781442e+03
% function evaluation | noise-free fitness - Fopt (-4.913000000000e+01) | best noise-free fitness - Fopt | measured fitness | best measured fitness | x1 | x2...
1 +8.206146169e+01 +8.206146169e+01 +3.293146169e+01 +3.293146169e+01
14 +7.812428394e+01 +7.812428394e+01 +2.899428394e+01 +2.899428394e+01
56 +7.715032892e+01 +7.715032892e+01 +2.802032892e+01 +2.802032892e+01
81 +7.356268415e+01 +7.356268415e+01 +2.443268415e+01 +2.443268415e+01
187 +7.222426282e+01 +7.222426282e+01 +2.309426282e+01 +2.309426282e+01
255 +7.017941679e+01 +7.017941679e+01 +2.104941679e+01 +2.104941679e+01
263 +6.838493979e+01 +6.838493979e+01 +1.925493979e+01 +1.925493979e+01
283 +6.717527830e+01 +6.717527830e+01 +1.804527830e+01 +1.804527830e+01
293 +6.568317996e+01 +6.568317996e+01 +1.655317996e+01 +1.655317996e+01
301 +6.416272452e+01 +6.416272452e+01 +1.503272452e+01 +1.503272452e+01
314 +6.122838539e+01 +6.122838539e+01 +1.209838539e+01 +1.209838539e+01
316 +5.991892410e+01 +5.991892410e+01 +1.078892410e+01 +1.078892410e+01
328 +5.578205832e+01 +5.578205832e+01 +6.652058323e+00 +6.652058323e+00
345 +5.060736442e+01 +5.060736442e+01 +1.477364415e+00 +1.477364415e+00
354 +4.899492708e+01 +4.899492708e+01 -1.350729200e-01 -1.350729200e-01
357 +4.830659210e+01 +4.830659210e+01 -8.234079020e-01 -8.234079020e-01
421 +4.235114142e+01 +4.235114142e+01 -6.778858575e+00 -6.778858575e+00
422 +4.164827353e+01 +4.164827353e+01 -7.481726468e+00 -7.481726468e+00
426 +3.794681367e+01 +3.794681367e+01 -1.118318633e+01 -1.118318633e+01
442 +3.348310377e+01 +3.348310377e+01 -1.564689623e+01 -1.564689623e+01
452 +3.102228508e+01 +3.102228508e+01 -1.810771492e+01 -1.810771492e+01
453 +2.946179590e+01 +2.946179590e+01 -1.966820410e+01 -1.966820410e+01
534 +2.600133479e+01 +2.600133479e+01 -2.312866521e+01 -2.312866521e+01
546 +2.484331583e+01 +2.484331583e+01 -2.428668417e+01 -2.428668417e+01
551 +2.200566711e+01 +2.200566711e+01 -2.712433289e+01 -2.712433289e+01
552 +2.048987050e+01 +2.048987050e+01 -2.864012950e+01 -2.864012950e+01
562 +2.019166863e+01 +2.019166863e+01 -2.893833137e+01 -2.893833137e+01
563 +1.697352451e+01 +1.697352451e+01 -3.215647549e+01 -3.215647549e+01
766 +1.644613482e+01 +1.644613482e+01 -3.268386518e+01 -3.268386518e+01
780 +1.555851599e+01 +1.555851599e+01 -3.357148401e+01 -3.357148401e+01
798 +1.300786384e+01 +1.300786384e+01 -3.612213616e+01 -3.612213616e+01
824 +1.276640481e+01 +1.276640481e+01 -3.636359519e+01 -3.636359519e+01
837 +1.141939377e+01 +1.141939377e+01 -3.771060623e+01 -3.771060623e+01
839 +1.112775466e+01 +1.112775466e+01 -3.800224534e+01 -3.800224534e+01
847 +1.077567336e+01 +1.077567336e+01 -3.835432664e+01 -3.835432664e+01
851 +1.038784429e+01 +1.038784429e+01 -3.874215571e+01 -3.874215571e+01
856 +1.015205730e+01 +1.015205730e+01 -3.897794270e+01 -3.897794270e+01
858 +9.611760965e+00 +9.611760965e+00 -3.951823903e+01 -3.951823903e+01
864 +9.548064730e+00 +9.548064730e+00 -3.958193527e+01 -3.958193527e+01
875 +8.976016198e+00 +8.976016198e+00 -4.015398380e+01 -4.015398380e+01
894 +8.801107775e+00 +8.801107775e+00 -4.032889222e+01 -4.032889222e+01
903 +8.297563720e+00 +8.297563720e+00 -4.083243628e+01 -4.083243628e+01
927 +8.092468902e+00 +8.092468902e+00 -4.103753110e+01 -4.103753110e+01
932 +7.886725793e+00 +7.886725793e+00 -4.124327421e+01 -4.124327421e+01
949 +7.663547463e+00 +7.663547463e+00 -4.146645254e+01 -4.146645254e+01
1042 +7.536744423e+00 +7.536744423e+00 -4.159325558e+01 -4.159325558e+01
1058 +7.069623779e+00 +7.069623779e+00 -4.206037622e+01 -4.206037622e+01
1063 +6.824117239e+00 +6.824117239e+00 -4.230588276e+01 -4.230588276e+01
1074 +6.715117728e+00 +6.715117728e+00 -4.241488227e+01 -4.241488227e+01
1175 +6.467031313e+00 +6.467031313e+00 -4.266296869e+01 -4.266296869e+01
1184 +6.389378018e+00 +6.389378018e+00 -4.274062198e+01 -4.274062198e+01
1191 +5.893157659e+00 +5.893157659e+00 -4.323684234e+01 -4.323684234e+01
1209 +5.638178407e+00 +5.638178407e+00 -4.349182159e+01 -4.349182159e+01
1214 +5.564970070e+00 +5.564970070e+00 -4.356502993e+01 -4.356502993e+01
1246 +5.242750381e+00 +5.242750381e+00 -4.388724962e+01 -4.388724962e+01
1294 +5.112932599e+00 +5.112932599e+00 -4.401706740e+01 -4.401706740e+01
1314 +5.002259472e+00 +5.002259472e+00 -4.412774053e+01 -4.412774053e+01
1348 +4.871377680e+00 +4.871377680e+00 -4.425862232e+01 -4.425862232e+01
1355 +4.709268157e+00 +4.709268157e+00 -4.442073184e+01 -4.442073184e+01
1361 +4.372150662e+00 +4.372150662e+00 -4.475784934e+01 -4.475784934e+01
1363 +4.282716400e+00 +4.282716400e+00 -4.484728360e+01 -4.484728360e+01
1379 +4.137971571e+00 +4.137971571e+00 -4.499202843e+01 -4.499202843e+01
1383 +4.032425942e+00 +4.032425942e+00 -4.509757406e+01 -4.509757406e+01
1408 +3.881710635e+00 +3.881710635e+00 -4.524828937e+01 -4.524828937e+01
1415 +3.793068383e+00 +3.793068383e+00 -4.533693162e+01 -4.533693162e+01
1422 +3.628244060e+00 +3.628244060e+00 -4.550175594e+01 -4.550175594e+01
1445 +3.486496874e+00 +3.486496874e+00 -4.564350313e+01 -4.564350313e+01
1496 +3.459148926e+00 +3.459148926e+00 -4.567085107e+01 -4.567085107e+01
1520 +3.377832221e+00 +3.377832221e+00 -4.575216778e+01 -4.575216778e+01
1583 +3.290003152e+00 +3.290003152e+00 -4.583999685e+01 -4.583999685e+01
1596 +3.148597187e+00 +3.148597187e+00 -4.598140281e+01 -4.598140281e+01
1603 +3.081276195e+00 +3.081276195e+00 -4.604872380e+01 -4.604872380e+01
1633 +3.012925901e+00 +3.012925901e+00 -4.611707410e+01 -4.611707410e+01
1697 +2.940706873e+00 +2.940706873e+00 -4.618929313e+01 -4.618929313e+01
1763 +2.883953906e+00 +2.883953906e+00 -4.624604609e+01 -4.624604609e+01
1834 +2.808736372e+00 +2.808736372e+00 -4.632126363e+01 -4.632126363e+01
1970 +2.747454447e+00 +2.747454447e+00 -4.638254555e+01 -4.638254555e+01
2073 +2.688483557e+00 +2.688483557e+00 -4.644151644e+01 -4.644151644e+01
2204 +2.629418499e+00 +2.629418499e+00 -4.650058150e+01 -4.650058150e+01
% function evaluation | noise-free fitness - Fopt (2.977300000000e+02) | best noise-free fitness - Fopt | measured fitness | best measured fitness | x1 | x2...
1 +8.202319017e+01 +8.202319017e+01 +3.797531902e+02 +3.797531902e+02
24 +8.022724854e+01 +8.022724854e+01 +3.779572485e+02 +3.779572485e+02
47 +7.888678730e+01 +7.888678730e+01 +3.766167873e+02 +3.766167873e+02
67 +7.717296592e+01 +7.717296592e+01 +3.749029659e+02 +3.749029659e+02
73 +7.561157166e+01 +7.561157166e+01 +3.733415717e+02 +3.733415717e+02
118 +7.403253439e+01 +7.403253439e+01 +3.717625344e+02 +3.717625344e+02
133 +7.236352353e+01 +7.236352353e+01 +3.700935235e+02 +3.700935235e+02
147 +6.979223758e+01 +6.979223758e+01 +3.675222376e+02 +3.675222376e+02
159 +6.895196642e+01 +6.895196642e+01 +3.666819664e+02 +3.666819664e+02
175 +6.430360166e+01 +6.430360166e+01 +3.620336017e+02 +3.620336017e+02
205 +6.253353064e+01 +6.253353064e+01 +3.602635306e+02 +3.602635306e+02
222 +6.145208525e+01 +6.145208525e+01 +3.591820852e+02 +3.591820852e+02
233 +5.996397164e+01 +5.996397164e+01 +3.576939716e+02 +3.576939716e+02
237 +5.818212721e+01 +5.818212721e+01 +3.559121272e+02 +3.559121272e+02
250 +5.377598562e+01 +5.377598562e+01 +3.515059856e+02 +3.515059856e+02
252 +5.226694363e+01 +5.226694363e+01 +3.499969436e+02 +3.499969436e+02
254 +4.475482247e+01 +4.475482247e+01 +3.424848225e+02 +3.424848225e+02
266 +4.268178655e+01 +4.268178655e+01 +3.404117865e+02 +3.404117865e+02
281 +3.731302034e+01 +3.731302034e+01 +3.350430203e+02 +3.350430203e+02
284 +3.675715060e+01 +3.675715060e+01 +3.344871506e+02 +3.344871506e+02
285 +3.308049719e+01 +3.308049719e+01 +3.308104972e+02 +3.308104972e+02
310 +3.156623711e+01 +3.156623711e+01 +3.292962371e+02 +3.292962371e+02
338 +2.821107614e+01 +2.821107614e+01 +3.259410761e+02 +3.259410761e+02
347 +2.720662308e+01 +2.720662308e+01 +3.249366231e+02 +3.249366231e+02
364 +2.622437540e+01 +2.622437540e+01 +3.239543754e+02 +3.239543754e+02
376 +2.409690616e+01 +2.409690616e+01 +3.218269062e+02 +3.218269062e+02
392 +2.326580672e+01 +2.326580672e+01 +3.209958067e+02 +3.209958067e+02
424 +2.126686967e+01 +2.126686967e+01 +3.189968697e+02 +3.189968697e+02
445 +1.997249522e+01 +1.997249522e+01 +3.177024952e+02 +3.177024952e+02
457 +1.666808530e+01 +1.666808530e+01 +3.143980853e+02 +3.143980853e+02
466 +1.447736466e+01 +1.447736466e+01 +3.122073647e+02 +3.122073647e+02
473 +1.370345870e+01 +1.370345870e+01 +3.114334587e+02 +3.114334587e+02
481 +1.342199621e+01 +1.342199621e+01 +3.111519962e+02 +3.111519962e+02
503 +1.302304443e+01 +1.302304443e+01 +3.107530444e+02 +3.107530444e+02
538 +1.229944769e+01 +1.229944769e+01 +3.100294477e+02 +3.100294477e+02
545 +1.118712673e+01 +1.118712673e+01 +3.089171267e+02 +3.089171267e+02
554 +1.073085164e+01 +1.073085164e+01 +3.084608516e+02 +3.084608516e+02
570 +9.856285118e+00 +9.856285118e+00 +3.075862851e+02 +3.075862851e+02
574 +9.377108002e+00 +9.377108002e+00 +3.071071080e+02 +3.071071080e+02
576 +8.717079651e+00 +8.717079651e+00 +3.064470797e+02 +3.064470797e+02
590 +8.209147119e+00 +8.209147119e+00 +3.059391471e+02 +3.059391471e+02
621 +7.953633331e+00 +7.953633331e+00 +3.056836333e+02 +3.056836333e+02
625 +7.491354530e+00 +7.491354530e+00 +3.052213545e+02 +3.052213545e+02
643 +7.260197387e+00 +7.260197387e+00 +3.049901974e+02 +3.049901974e+02
661 +6.936940003e+00 +6.936940003e+00 +3.046669400e+02 +3.046669400e+02
667 +6.645786852e+00 +6.645786852e+00 +3.043757869e+02 +3.043757869e+02
668 +6.299527921e+00 +6.299527921e+00 +3.040295279e+02 +3.040295279e+02
674 +4.736608274e+00 +4.736608274e+00 +3.024666083e+02 +3.024666083e+02
689 +4.479188993e+00 +4.479188993e+00 +3.022091890e+02 +3.022091890e+02
693 +3.660064156e+00 +3.660064156e+00 +3.013900642e+02 +3.013900642e+02
935 +3.617946593e+00 +3.617946593e+00 +3.013479466e+02 +3.013479466e+02
938 +3.372048859e+00 +3.372048859e+00 +3.011020489e+02 +3.011020489e+02
953 +3.048505715e+00 +3.048505715e+00 +3.007785057e+02 +3.007785057e+02
969 +2.990071677e+00 +2.990071677e+00 +3.007200717e+02 +3.007200717e+02
971 +2.561472214e+00 +2.561472214e+00 +3.002914722e+02 +3.002914722e+02
978 +2.359290294e+00 +2.359290294e+00 +3.000892903e+02 +3.000892903e+02
982 +2.290685139e+00 +2.290685139e+00 +3.000206851e+02 +3.000206851e+02
984 +2.172694378e+00 +2.172694378e+00 +2.999026944e+02 +2.999026944e+02
1011 +2.089485649e+00 +2.089485649e+00 +2.998194856e+02 +2.998194856e+02
1016 +2.056045105e+00 +2.056045105e+00 +2.997860451e+02 +2.997860451e+02
1026 +2.024074789e+00 +2.024074789e+00 +2.997540748e+02 +2.997540748e+02
1056 +1.972833221e+00 +1.972833221e+00 +2.997028332e+02 +2.997028332e+02
1064 +1.912085037e+00 +1.912085037e+00 +2.996420850e+02 +2.996420850e+02
1086 +1.886354862e+00 +1.886354862e+00 +2.996163549e+02 +2.996163549e+02
1092 +1.796847994e+00 +1.796847994e+00 +2.995268480e+02 +2.995268480e+02
1105 +1.692838481e+00 +1.692838481e+00 +2.994228385e+02 +2.994228385e+02
1114 +1.640471372e+00 +1.640471372e+00 +2.993704714e+02 +2.993704714e+02
1252 +1.594751760e+00 +1.594751760e+00 +2.993247518e+02 +2.993247518e+02
1257 +1.563111955e+00 +1.563111955e+00 +2.992931120e+02 +2.992931120e+02
1282 +1.487544584e+00 +1.487544584e+00 +2.992175446e+02 +2.992175446e+02
1299 +1.395113525e+00 +1.395113525e+00 +2.991251135e+02 +2.991251135e+02
1304 +1.376746605e+00 +1.376746605e+00 +2.991067466e+02 +2.991067466e+02
1326 +1.345130532e+00 +1.345130532e+00 +2.990751305e+02 +2.990751305e+02
1360 +1.284080985e+00 +1.284080985e+00 +2.990140810e+02 +2.990140810e+02
1364 +1.239272178e+00 +1.239272178e+00 +2.989692722e+02 +2.989692722e+02
1374 +1.226211858e+00 +1.226211858e+00 +2.989562119e+02 +2.989562119e+02
1376 +1.125118397e+00 +1.125118397e+00 +2.988551184e+02 +2.988551184e+02
1442 +1.117822716e+00 +1.117822716e+00 +2.988478227e+02 +2.988478227e+02
1443 +1.086725743e+00 +1.086725743e+00 +2.988167257e+02 +2.988167257e+02
1461 +1.014587109e+00 +1.014587109e+00 +2.987445871e+02 +2.987445871e+02
1464 +9.915080724e-01 +9.915080724e-01 +2.987215081e+02 +2.987215081e+02
1479 +9.759452501e-01 +9.759452501e-01 +2.987059453e+02 +2.987059453e+02
1488 +9.407984255e-01 +9.407984255e-01 +2.986707984e+02 +2.986707984e+02
1505 +9.055094901e-01 +9.055094901e-01 +2.986355095e+02 +2.986355095e+02
1596 +8.864109640e-01 +8.864109640e-01 +2.986164110e+02 +2.986164110e+02
1630 +8.701978927e-01 +8.701978927e-01 +2.986001979e+02 +2.986001979e+02
1667 +8.387638743e-01 +8.387638743e-01 +2.985687639e+02 +2.985687639e+02
1693 +8.276878633e-01 +8.276878633e-01 +2.985576879e+02 +2.985576879e+02
1739 +8.090497780e-01 +8.090497780e-01 +2.985390498e+02 +2.985390498e+02
1755 +7.929553558e-01 +7.929553558e-01 +2.985229554e+02 +2.985229554e+02
1822 +7.762280115e-01 +7.762280115e-01 +2.985062280e+02 +2.985062280e+02
1887 +7.582230620e-01 +7.582230620e-01 +2.984882231e+02 +2.984882231e+02
1923 +7.412201643e-01 +7.412201643e-01 +2.984712202e+02 +2.984712202e+02
1979 +7.226447151e-01 +7.226447151e-01 +2.984526447e+02 +2.984526447e+02
2159 +7.076183567e-01 +7.076183567e-01 +2.984376184e+02 +2.984376184e+02
% function evaluation | noise-free fitness - Fopt (5.157000000000e+01) | best noise-free fitness - Fopt | measured fitness | best measured fitness | x1 | x2...
1 +8.378166644e+01 +8.378166644e+01 +1.353516664e+02 +1.353516664e+02
4 +8.203476618e+01 +8.203476618e+01 +1.336047662e+02 +1.336047662e+02
17 +8.020793733e+01 +8.020793733e+01 +1.317779373e+02 +1.317779373e+02
34 +7.942796940e+01 +7.942796940e+01 +1.309979694e+02 +1.309979694e+02
43 +7.721995227e+01 +7.721995227e+01 +1.287899523e+02 +1.287899523e+02
62 +7.485362765e+01 +7.485362765e+01 +1.264236276e+02 +1.264236276e+02
73 +7.389080662e+01 +7.389080662e+01 +1.254608066e+02 +1.254608066e+02
173 +7.200712076e+01 +7.200712076e+01 +1.235771208e+02 +1.235771208e+02
202 +7.062079192e+01 +7.062079192e+01 +1.221907919e+02 +1.221907919e+02
224 +6.796367672e+01 +6.796367672e+01 +1.195336767e+02 +1.195336767e+02
259 +6.603447854e+01 +6.603447854e+01 +1.176044785e+02 +1.176044785e+02
268 +5.965348509e+01 +5.965348509e+01 +1.112234851e+02 +1.112234851e+02
274 +5.774755847e+01 +5.774755847e+01 +1.093175585e+02 +1.093175585e+02
278 +5.488263372e+01 +5.488263372e+01 +1.064526337e+02 +1.064526337e+02
312 +4.889019197e+01 +4.889019197e+01 +1.004601920e+02 +1.004601920e+02
338 +4.688222565e+01 +4.688222565e+01 +9.845222565e+01 +9.845222565e+01
339 +4.448229174e+01 +4.448229174e+01 +9.605229174e+01 +9.605229174e+01
362 +4.110483221e+01 +4.110483221e+01 +9.267483221e+01 +9.267483221e+01
372 +4.066852715e+01 +4.066852715e+01 +9.223852715e+01 +9.223852715e+01
382 +3.829970757e+01 +3.829970757e+01 +8.986970757e+01 +8.986970757e+01
400 +3.615259157e+01 +3.615259157e+01 +8.772259157e+01 +8.772259157e+01
401 +3.285597099e+01 +3.285597099e+01 +8.442597099e+01 +8.442597099e+01
414 +2.915976221e+01 +2.915976221e+01 +8.072976221e+01 +8.072976221e+01
447 +2.523236818e+01 +2.523236818e+01 +7.680236818e+01 +7.680236818e+01
479 +2.456691281e+01 +2.456691281e+01 +7.613691281e+01 +7.613691281e+01
492 +2.286924348e+01 +2.286924348e+01 +7.443924348e+01 +7.443924348e+01
497 +2.170805312e+01 +2.170805312e+01 +7.327805312e+01 +7.327805312e+01
507 +1.888777095e+01 +1.888777095e+01 +7.045777095e+01 +7.045777095e+01
512 +1.788263004e+01 +1.788263004e+01 +6.945263004e+01 +6.945263004e+01
514 +1.282281366e+01 +1.282281366e+01 +6.439281366e+01 +6.439281366e+01
557 +1.182025951e+01 +1.182025951e+01 +6.339025951e+01 +6.339025951e+01
567 +1.020077721e+01 +1.020077721e+01 +6.177077721e+01 +6.177077721e+01
666 +9.981281884e+00 +9.981281884e+00 +6.155128188e+01 +6.155128188e+01
685 +9.307173925e+00 +9.307173925e+00 +6.087717392e+01 +6.087717392e+01
689 +8.661224338e+00 +8.661224338e+00 +6.023122434e+01 +6.023122434e+01
718 +8.463709040e+00 +8.463709040e+00 +6.003370904e+01 +6.003370904e+01
732 +8.269141547e+00 +8.269141547e+00 +5.983914155e+01 +5.983914155e+01
734 +7.871264012e+00 +7.871264012e+00 +5.944126401e+01 +5.944126401e+01
757 +7.235501051e+00 +7.235501051e+00 +5.880550105e+01 +5.880550105e+01
813 +6.709475660e+00 +6.709475660e+00 +5.827947566e+01 +5.827947566e+01
817 +5.927691933e+00 +5.927691933e+00 +5.749769193e+01 +5.749769193e+01
824 +4.989450494e+00 +4.989450494e+00 +5.655945049e+01 +5.655945049e+01
825 +4.746886442e+00 +4.746886442e+00 +5.631688644e+01 +5.631688644e+01
839 +4.049909513e+00 +4.049909513e+00 +5.561990951e+01 +5.561990951e+01
842 +3.885179330e+00 +3.885179330e+00 +5.545517933e+01 +5.545517933e+01
845 +3.758567290e+00 +3.758567290e+00 +5.532856729e+01 +5.532856729e+01
951 +3.585572615e+00 +3.585572615e+00 +5.515557262e+01 +5.515557262e+01
965 +3.371993477e+00 +3.371993477e+00 +5.494199348e+01 +5.494199348e+01
969 +3.240797233e+00 +3.240797233e+00 +5.481079723e+01 +5.481079723e+01
979 +3.164047042e+00 +3.164047042e+00 +5.473404704e+01 +5.473404704e+01
984 +3.032341500e+00 +3.032341500e+00 +5.460234150e+01 +5.460234150e+01
996 +2.620244801e+00 +2.620244801e+00 +5.419024480e+01 +5.419024480e+01
1021 +2.515617995e+00 +2.515617995e+00 +5.408561800e+01 +5.408561800e+01
1022 +2.352784788e+00 +2.352784788e+00 +5.392278479e+01 +5.392278479e+01
1072 +2.340916029e+00 +2.340916029e+00 +5.391091603e+01 +5.391091603e+01
1082 +2.151470810e+00 +2.151470810e+00 +5.372147081e+01 +5.372147081e+01
1092 +2.124667096e+00 +2.124667096e+00 +5.369466710e+01 +5.369466710e+01
1123 +2.084838211e+00 +2.084838211e+00 +5.365483821e+01 +5.365483821e+01
1161 +2.041554418e+00 +2.041554418e+00 +5.361155442e+01 +5.361155442e+01
1204 +1.995051060e+00 +1.995051060e+00 +5.356505106e+01 +5.356505106e+01
1226 +1.932654700e+00 +1.932654700e+00 +5.350265470e+01 +5.350265470e+01
1261 +1.880006943e+00 +1.880006943e+00 +5.345000694e+01 +5.345000694e+01
1274 +1.847919135e+00 +1.847919135e+00 +5.341791914e+01 +5.341791914e+01
1315 +1.817653924e+00 +1.817653924e+00 +5.338765392e+01 +5.338765392e+01
1332 +1.698468046e+00 +1.698468046e+00 +5.326846805e+01 +5.326846805e+01
1344 +1.643551456e+00 +1.643551456e+00 +5.321355146e+01 +5.321355146e+01
1353 +1.611988439e+00 +1.611988439e+00 +5.318198844e+01 +5.318198844e+01
1392 +1.544982812e+00 +1.544982812e+00 +5.311498281e+01 +5.311498281e+01
1421 +1.470794559e+00 +1.470794559e+00 +5.304079456e+01 +5.304079456e+01
1429 +1.399572416e+00 +1.399572416e+00 +5.296957242e+01 +5.296957242e+01
1436 +1.373798218e+00 +1.373798218e+00 +5.294379822e+01 +5.294379822e+01
1445 +1.316646131e+00 +1.316646131e+00 +5.288664613e+01 +5.288664613e+01
1463 +1.277738152e+00 +1.277738152e+00 +5.284773815e+01 +5.284773815e+01
1476 +1.216022663e+00 +1.216022663e+00 +5.278602266e+01 +5.278602266e+01
1482 +1.179434363e+00 +1.179434363e+00 +5.274943436e+01 +5.274943436e+01
1491 +1.136552900e+00 +1.136552900e+00 +5.270655290e+01 +5.270655290e+01
1508 +1.106473007e+00 +1.106473007e+00 +5.267647301e+01 +5.267647301e+01
1511 +1.069392414e+00 +1.069392414e+00 +5.263939241e+01 +5.263939241e+01
1532 +1.042787972e+00 +1.042787972e+00 +5.261278797e+01 +5.261278797e+01
1650 +1.010019168e+00 +1.010019168e+00 +5.258001917e+01 +5.258001917e+01
1679 +9.789060646e-01 +9.789060646e-01 +5.254890606e+01 +5.254890606e+01
1684 +9.632547156e-01 +9.632547156e-01 +5.253325472e+01 +5.253325472e+01
1714 +9.313488848e-01 +9.313488848e-01 +5.250134888e+01 +5.250134888e+01
1727 +9.107482304e-01 +9.107482304e-01 +5.248074823e+01 +5.248074823e+01
1808 +8.823670103e-01 +8.823670103e-01 +5.245236701e+01 +5.245236701e+01
1813 +8.624453075e-01 +8.624453075e-01 +5.243244531e+01 +5.243244531e+01
1852 +8.413305151e-01 +8.413305151e-01 +5.241133052e+01 +5.241133052e+01
1902 +8.251554717e-01 +8.251554717e-01 +5.239515547e+01 +5.239515547e+01
1933 +8.115167574e-01 +8.115167574e-01 +5.238151676e+01 +5.238151676e+01
1950 +7.889783054e-01 +7.889783054e-01 +5.235897831e+01 +5.235897831e+01
1991 +7.709710287e-01 +7.709710287e-01 +5.234097103e+01 +5.234097103e+01
2018 +7.580323330e-01 +7.580323330e-01 +5.232803233e+01 +5.232803233e+01
2186 +7.376424660e-01 +7.376424660e-01 +5.230764247e+01 +5.230764247e+01
2376 +7.218432628e-01 +7.218432628e-01 +5.229184326e+01 +5.229184326e+01
2462 +7.075493463e-01 +7.075493463e-01 +5.227754935e+01 +5.227754935e+01
% function evaluation | noise-free fitness - Fopt (-3.339100000000e+02) | best noise-free fitness - Fopt | measured fitness | best measured fitness | x1 | x2...
1 +8.398383952e+01 +8.398383952e+01 -2.499261605e+02 -2.499261605e+02
24 +8.282115076e+01 +8.282115076e+01 -2.510888492e+02 -2.510888492e+02
56 +8.124709278e+01 +8.124709278e+01 -2.526629072e+02 -2.526629072e+02
100 +7.927771037e+01 +7.927771037e+01 -2.546322896e+02 -2.546322896e+02
140 +7.710160392e+01 +7.710160392e+01 -2.568083961e+02 -2.568083961e+02
164 +7.442726484e+01 +7.442726484e+01 -2.594827352e+02 -2.594827352e+02
177 +7.407963912e+01 +7.407963912e+01 -2.598303609e+02 -2.598303609e+02
186 +7.116442019e+01 +7.116442019e+01 -2.627455798e+02 -2.627455798e+02
205 +6.976186198e+01 +6.976186198e+01 -2.641481380e+02 -2.641481380e+02
222 +6.753088062e+01 +6.753088062e+01 -2.663791194e+02 -2.663791194e+02
252 +6.593898754e+01 +6.593898754e+01 -2.679710125e+02 -2.679710125e+02
306 +6.456318172e+01 +6.456318172e+01 -2.693468183e+02 -2.693468183e+02
317 +6.159599087e+01 +6.159599087e+01 -2.723140091e+02 -2.723140091e+02
322 +5.818434005e+01 +5.818434005e+01 -2.757256600e+02 -2.757256600e+02
340 +5.406804134e+01 +5.406804134e+01 -2.798419587e+02 -2.798419587e+02
346 +5.293514746e+01 +5.293514746e+01 -2.809748525e+02 -2.809748525e+02
349 +4.961223541e+01 +4.961223541e+01 -2.842977646e+02 -2.842977646e+02
382 +4.718647247e+01 +4.718647247e+01 -2.867235275e+02 -2.867235275e+02
473 +4.015347432e+01 +4.015347432e+01 -2.937565257e+02 -2.937565257e+02
500 +3.869039245e+01 +3.869039245e+01 -2.952196075e+02 -2.952196075e+02
501 +3.408044065e+01 +3.408044065e+01 -2.998295594e+02 -2.998295594e+02
540 +3.174055583e+01 +3.174055583e+01 -3.021694442e+02 -3.021694442e+02
542 +2.640710915e+01 +2.640710915e+01 -3.075028909e+02 -3.075028909e+02
560 +2.473614450e+01 +2.473614450e+01 -3.091738555e+02 -3.091738555e+02
576 +2.345585985e+01 +2.345585985e+01 -3.104541402e+02 -3.104541402e+02
653 +2.253592687e+01 +2.253592687e+01 -3.113740731e+02 -3.113740731e+02
675 +2.176538821e+01 +2.176538821e+01 -3.121446118e+02 -3.121446118e+02
687 +2.051570097e+01 +2.051570097e+01 -3.133942990e+02 -3.133942990e+02
696 +2.001641349e+01 +2.001641349e+01 -3.138935865e+02 -3.138935865e+02
725 +1.926216005e+01 +1.926216005e+01 -3.146478399e+02 -3.146478399e+02
798 +1.777089454e+01 +1.777089454e+01 -3.161391055e+02 -3.161391055e+02
807 +1.663492249e+01 +1.663492249e+01 -3.172750775e+02 -3.172750775e+02
813 +1.565070047e+01 +1.565070047e+01 -3.182592995e+02 -3.182592995e+02
833 +1.515460543e+01 +1.515460543e+01 -3.187553946e+02 -3.187553946e+02
839 +1.508248118e+01 +1.508248118e+01 -3.188275188e+02 -3.188275188e+02
859 +1.393319953e+01 +1.393319953e+01 -3.199768005e+02 -3.199768005e+02
868 +1.376501696e+01 +1.376501696e+01 -3.201449830e+02 -3.201449830e+02
875 +1.261741978e+01 +1.261741978e+01 -3.212925802e+02 -3.212925802e+02
885 +1.243572055e+01 +1.243572055e+01 -3.214742795e+02 -3.214742795e+02
892 +1.199367976e+01 +1.199367976e+01 -3.219163202e+02 -3.219163202e+02
907 +1.167561035e+01 +1.167561035e+01 -3.222343896e+02 -3.222343896e+02
923 +1.133509927e+01 +1.133509927e+01 -3.225749007e+02 -3.225749007e+02
958 +1.088315173e+01 +1.088315173e+01 -3.230268483e+02 -3.230268483e+02
963 +1.043534552e+01 +1.043534552e+01 -3.234746545e+02 -3.234746545e+02
1030 +1.002681823e+01 +1.002681823e+01 -3.238831818e+02 -3.238831818e+02
1043 +9.928359569e+00 +9.928359569e+00 -3.239816404e+02 -3.239816404e+02
1072 +9.638390351e+00 +9.638390351e+00 -3.242716096e+02 -3.242716096e+02
1084 +9.153371934e+00 +9.153371934e+00 -3.247566281e+02 -3.247566281e+02
1104 +9.034683524e+00 +9.034683524e+00 -3.248753165e+02 -3.248753165e+02
1157 +8.851266546e+00 +8.851266546e+00 -3.250587335e+02 -3.250587335e+02
1200 +8.673171105e+00 +8.673171105e+00 -3.252368289e+02 -3.252368289e+02
1245 +8.359967159e+00 +8.359967159e+00 -3.255500328e+02 -3.255500328e+02
1289 +8.316617398e+00 +8.316617398e+00 -3.255933826e+02 -3.255933826e+02
1349 +8.109992029e+00 +8.109992029e+00 -3.258000080e+02 -3.258000080e+02
1432 +7.852419208e+00 +7.852419208e+00 -3.260575808e+02 -3.260575808e+02
1518 +7.755115328e+00 +7.755115328e+00 -3.261548847e+02 -3.261548847e+02
1869 +7.576391068e+00 +7.576391068e+00 -3.263336089e+02 -3.263336089e+02
2044 +7.405239677e+00 +7.405239677e+00 -3.265047603e+02 -3.265047603e+02
% function evaluation | noise-free fitness - Fopt (4.476100000000e+02) | best noise-free fitness - Fopt | measured fitness | best measured fitness | x1 | x2...
1 +8.333215618e+01 +8.333215618e+01 +5.309421562e+02 +5.309421562e+02
8 +8.299195609e+01 +8.299195609e+01 +5.306019561e+02 +5.306019561e+02
72 +8.114123687e+01 +8.114123687e+01 +5.287512369e+02 +5.287512369e+02
127 +7.928576702e+01 +7.928576702e+01 +5.268957670e+02 +5.268957670e+02
152 +7.720238582e+01 +7.720238582e+01 +5.248123858e+02 +5.248123858e+02
163 +7.577715808e+01 +7.577715808e+01 +5.233871581e+02 +5.233871581e+02
174 +7.330724606e+01 +7.330724606e+01 +5.209172461e+02 +5.209172461e+02
190 +7.232927337e+01 +7.232927337e+01 +5.199392734e+02 +5.199392734e+02
228 +7.013130990e+01 +7.013130990e+01 +5.177413099e+02 +5.177413099e+02
234 +6.908865827e+01 +6.908865827e+01 +5.166986583e+02 +5.166986583e+02
315 +6.740354647e+01 +6.740354647e+01 +5.150135465e+02 +5.150135465e+02
320 +6.542948337e+01 +6.542948337e+01 +5.130394834e+02 +5.130394834e+02
341 +6.365931902e+01 +6.365931902e+01 +5.112693190e+02 +5.112693190e+02
351 +6.282465487e+01 +6.282465487e+01 +5.104346549e+02 +5.104346549e+02
354 +6.101104275e+01 +6.101104275e+01 +5.086210428e+02 +5.086210428e+02
363 +5.883523989e+01 +5.883523989e+01 +5.064452399e+02 +5.064452399e+02
375 +5.547357469e+01 +5.547357469e+01 +5.030835747e+02 +5.030835747e+02
383 +5.488966475e+01 +5.488966475e+01 +5.024996647e+02 +5.024996647e+02
391 +5.260931428e+01 +5.260931428e+01 +5.002193143e+02 +5.002193143e+02
401 +4.881507428e+01 +4.881507428e+01 +4.964250743e+02 +4.964250743e+02
408 +4.645028606e+01 +4.645028606e+01 +4.940602861e+02 +4.940602861e+02
416 +4.370609652e+01 +4.370609652e+01 +4.913160965e+02 +4.913160965e+02
421 +3.925645551e+01 +3.925645551e+01 +4.868664555e+02 +4.868664555e+02
456 +3.816602211e+01 +3.816602211e+01 +4.857760221e+02 +4.857760221e+02
602 +3.623532123e+01 +3.623532123e+01 +4.838453212e+02 +4.838453212e+02
613 +3.329567570e+01 +3.329567570e+01 +4.809056757e+02 +4.809056757e+02
625 +3.124064724e+01 +3.124064724e+01 +4.788506472e+02 +4.788506472e+02
713 +3.052475511e+01 +3.052475511e+01 +4.781347551e+02 +4.781347551e+02
722 +2.997563148e+01 +2.997563148e+01 +4.775856315e+02 +4.775856315e+02
732 +2.658132583e+01 +2.658132583e+01 +4.741913258e+02 +4.741913258e+02
750 +2.629277102e+01 +2.629277102e+01 +4.739027710e+02 +4.739027710e+02
757 +2.470515957e+01 +2.470515957e+01 +4.723151596e+02 +4.723151596e+02
818 +2.397852510e+01 +2.397852510e+01 +4.715885251e+02 +4.715885251e+02
832 +2.315466804e+01 +2.315466804e+01 +4.707646680e+02 +4.707646680e+02
843 +2.124520564e+01 +2.124520564e+01 +4.688552056e+02 +4.688552056e+02
871 +2.016993525e+01 +2.016993525e+01 +4.677799353e+02 +4.677799353e+02
872 +1.943043494e+01 +1.943043494e+01 +4.670404349e+02 +4.670404349e+02
1016 +1.873006691e+01 +1.873006691e+01 +4.663400669e+02 +4.663400669e+02
1049 +1.852850281e+01 +1.852850281e+01 +4.661385028e+02 +4.661385028e+02
1067 +1.729296325e+01 +1.729296325e+01 +4.649029632e+02 +4.649029632e+02
1085 +1.677260500e+01 +1.677260500e+01 +4.643826050e+02 +4.643826050e+02
1100 +1.644267364e+01 +1.644267364e+01 +4.640526736e+02 +4.640526736e+02
1107 +1.546502080e+01 +1.546502080e+01 +4.630750208e+02 +4.630750208e+02
1132 +1.485851091e+01 +1.485851091e+01 +4.624685109e+02 +4.624685109e+02
1178 +1.468608288e+01 +1.468608288e+01 +4.622960829e+02 +4.622960829e+02
1221 +1.441706666e+01 +1.441706666e+01 +4.620270667e+02 +4.620270667e+02
1241 +1.391063404e+01 +1.391063404e+01 +4.615206340e+02 +4.615206340e+02
1301 +1.373700092e+01 +1.373700092e+01 +4.613470009e+02 +4.613470009e+02
1349 +1.323398171e+01 +1.323398171e+01 +4.608439817e+02 +4.608439817e+02
1363 +1.316479057e+01 +1.316479057e+01 +4.607747906e+02 +4.607747906e+02
1391 +1.285907380e+01 +1.285907380e+01 +4.604690738e+02 +4.604690738e+02
1417 +1.239070253e+01 +1.239070253e+01 +4.600007025e+02 +4.600007025e+02
1485 +1.225137547e+01 +1.225137547e+01 +4.598613755e+02 +4.598613755e+02
1541 +1.186206002e+01 +1.186206002e+01 +4.594720600e+02 +4.594720600e+02
1661 +1.163438646e+01 +1.163438646e+01 +4.592443865e+02 +4.592443865e+02
1847 +1.146079405e+01 +1.146079405e+01 +4.590707940e+02 +4.590707940e+02
2266 +1.121722067e+01 +1.121722067e+01 +4.588272207e+02 +4.588272207e+02
% function evaluation | noise-free fitness - Fopt (-1.037100000000e+02) | best noise-free fitness - Fopt | measured fitness | best measured fitness | x1 | x2...
1 +8.378040411e+01 +8.378040411e+01 -1.992959589e+01 -1.992959589e+01
4 +8.209979433e+01 +8.209979433e+01 -2.161020567e+01 -2.161020567e+01
60 +8.110135235e+01 +8.110135235e+01 -2.260864765e+01 -2.260864765e+01
76 +7.871008266e+01 +7.871008266e+01 -2.499991734e+01 -2.499991734e+01
111 +7.566926741e+01 +7.566926741e+01 -2.804073259e+01 -2.804073259e+01
204 +7.402082771e+01 +7.402082771e+01 -2.968917229e+01 -2.968917229e+01
308 +7.239597582e+01 +7.239597582e+01 -3.131402418e+01 -3.131402418e+01
417 +6.959882034e+01 +6.959882034e+01 -3.411117966e+01 -3.411117966e+01
423 +6.871002892e+01 +6.871002892e+01 -3.499997108e+01 -3.499997108e+01
432 +6.725334268e+01 +6.725334268e+01 -3.645665732e+01 -3.645665732e+01
524 +6.546766159e+01 +6.546766159e+01 -3.824233841e+01 -3.824233841e+01
552 +6.388164246e+01 +6.388164246e+01 -3.982835754e+01 -3.982835754e+01
583 +6.246087024e+01 +6.246087024e+01 -4.124912976e+01 -4.124912976e+01
602 +6.011494216e+01 +6.011494216e+01 -4.359505784e+01 -4.359505784e+01
626 +5.833728762e+01 +5.833728762e+01 -4.537271238e+01 -4.537271238e+01
655 +5.698955892e+01 +5.698955892e+01 -4.672044108e+01 -4.672044108e+01
662 +5.270740817e+01 +5.270740817e+01 -5.100259183e+01 -5.100259183e+01
679 +5.137286244e+01 +5.137286244e+01 -5.233713756e+01 -5.233713756e+01
684 +5.006616780e+01 +5.006616780e+01 -5.364383220e+01 -5.364383220e+01
713 +4.823891597e+01 +4.823891597e+01 -5.547108403e+01 -5.547108403e+01
719 +4.660911444e+01 +4.660911444e+01 -5.710088556e+01 -5.710088556e+01
734 +4.553987134e+01 +4.553987134e+01 -5.817012866e+01 -5.817012866e+01
743 +4.318332177e+01 +4.318332177e+01 -6.052667823e+01 -6.052667823e+01
753 +4.213990681e+01 +4.213990681e+01 -6.157009319e+01 -6.157009319e+01
762 +4.088200387e+01 +4.088200387e+01 -6.282799613e+01 -6.282799613e+01
781 +4.058709289e+01 +4.058709289e+01 -6.312290711e+01 -6.312290711e+01
805 +3.894796643e+01 +3.894796643e+01 -6.476203357e+01 -6.476203357e+01
815 +3.838191995e+01 +3.838191995e+01 -6.532808005e+01 -6.532808005e+01
841 +3.751277543e+01 +3.751277543e+01 -6.619722457e+01 -6.619722457e+01
842 +3.687313255e+01 +3.687313255e+01 -6.683686745e+01 -6.683686745e+01
856 +3.575156479e+01 +3.575156479e+01 -6.795843521e+01 -6.795843521e+01
885 +3.534875992e+01 +3.534875992e+01 -6.836124008e+01 -6.836124008e+01
896 +3.304282960e+01 +3.304282960e+01 -7.066717040e+01 -7.066717040e+01
933 +2.990569333e+01 +2.990569333e+01 -7.380430667e+01 -7.380430667e+01
946 +2.916726459e+01 +2.916726459e+01 -7.454273541e+01 -7.454273541e+01
954 +2.763428297e+01 +2.763428297e+01 -7.607571703e+01 -7.607571703e+01
1028 +2.678108268e+01 +2.678108268e+01 -7.692891732e+01 -7.692891732e+01
1047 +2.620698514e+01 +2.620698514e+01 -7.750301486e+01 -7.750301486e+01
1060 +2.547672472e+01 +2.547672472e+01 -7.823327528e+01 -7.823327528e+01
1069 +2.480120610e+01 +2.480120610e+01 -7.890879390e+01 -7.890879390e+01
1103 +2.443730625e+01 +2.443730625e+01 -7.927269375e+01 -7.927269375e+01
1139 +2.374277575e+01 +2.374277575e+01 -7.996722425e+01 -7.996722425e+01
1152 +2.326340368e+01 +2.326340368e+01 -8.044659632e+01 -8.044659632e+01
1189 +2.246979179e+01 +2.246979179e+01 -8.124020821e+01 -8.124020821e+01
1210 +2.235093014e+01 +2.235093014e+01 -8.135906986e+01 -8.135906986e+01
1254 +2.162851327e+01 +2.162851327e+01 -8.208148673e+01 -8.208148673e+01
1263 +2.131024024e+01 +2.131024024e+01 -8.239975976e+01 -8.239975976e+01
1352 +2.089232291e+01 +2.089232291e+01 -8.281767709e+01 -8.281767709e+01
1428 +2.039079687e+01 +2.039079687e+01 -8.331920313e+01 -8.331920313e+01
1500 +1.993611500e+01 +1.993611500e+01 -8.377388500e+01 -8.377388500e+01
1551 +1.930248018e+01 +1.930248018e+01 -8.440751982e+01 -8.440751982e+01
1719 +1.905236050e+01 +1.905236050e+01 -8.465763950e+01 -8.465763950e+01
1870 +1.859853764e+01 +1.859853764e+01 -8.511146236e+01 -8.511146236e+01
% function evaluation | noise-free fitness - Fopt (-2.060000000000e+01) | best noise-free fitness - Fopt | measured fitness | best measured fitness | x1 | x2...
1 +8.410283670e+01 +8.410283670e+01 +6.350283670e+01 +6.350283670e+01
8 +8.243361344e+01 +8.243361344e+01 +6.183361344e+01 +6.183361344e+01
27 +8.005187541e+01 +8.005187541e+01 +5.945187541e+01 +5.945187541e+01
92 +7.841594325e+01 +7.841594325e+01 +5.781594325e+01 +5.781594325e+01
144 +7.694126272e+01 +7.694126272e+01 +5.634126272e+01 +5.634126272e+01
242 +7.529314428e+01 +7.529314428e+01 +5.469314428e+01 +5.469314428e+01
261 +7.390067273e+01 +7.390067273e+01 +5.330067273e+01 +5.330067273e+01
283 +7.214417202e+01 +7.214417202e+01 +5.154417202e+01 +5.154417202e+01
345 +7.072211037e+01 +7.072211037e+01 +5.012211037e+01 +5.012211037e+01
360 +6.916664220e+01 +6.916664220e+01 +4.856664220e+01 +4.856664220e+01
382 +6.731169999e+01 +6.731169999e+01 +4.671169999e+01 +4.671169999e+01
387 +6.448539683e+01 +6.448539683e+01 +4.388539683e+01 +4.388539683e+01
397 +6.281263088e+01 +6.281263088e+01 +4.221263088e+01 +4.221263088e+01
410 +6.090987639e+01 +6.090987639e+01 +4.030987639e+01 +4.030987639e+01
412 +5.926382177e+01 +5.926382177e+01 +3.866382177e+01 +3.866382177e+01
434 +5.865368835e+01 +5.865368835e+01 +3.805368835e+01 +3.805368835e+01
435 +5.736207537e+01 +5.736207537e+01 +3.676207537e+01 +3.676207537e+01
459 +5.134990388e+01 +5.134990388e+01 +3.074990388e+01 +3.074990388e+01
464 +4.914690414e+01 +4.914690414e+01 +2.854690414e+01 +2.854690414e+01
498 +4.819216100e+01 +4.819216100e+01 +2.759216100e+01 +2.759216100e+01
511 +4.719362640e+01 +4.719362640e+01 +2.659362640e+01 +2.659362640e+01
523 +4.544913203e+01 +4.544913203e+01 +2.484913203e+01 +2.484913203e+01
539 +4.382221949e+01 +4.382221949e+01 +2.322221949e+01 +2.322221949e+01
551 +3.382931338e+01 +3.382931338e+01 +1.322931338e+01 +1.322931338e+01
552 +3.173857809e+01 +3.173857809e+01 +1.113857809e+01 +1.113857809e+01
608 +2.885244171e+01 +2.885244171e+01 +8.252441709e+00 +8.252441709e+00
613 +2.844024239e+01 +2.844024239e+01 +7.840242391e+00 +7.840242391e+00
657 +2.799653830e+01 +2.799653830e+01 +7.396538296e+00 +7.396538296e+00
667 +2.581216977e+01 +2.581216977e+01 +5.212169766e+00 +5.212169766e+00
682 +2.416562438e+01 +2.416562438e+01 +3.565624381e+00 +3.565624381e+00
696 +2.340434956e+01 +2.340434956e+01 +2.804349557e+00 +2.804349557e+00
705 +2.254241837e+01 +2.254241837e+01 +1.942418374e+00 +1.942418374e+00
708 +2.186417870e+01 +2.186417870e+01 +1.264178697e+00 +1.264178697e+00
712 +2.132009338e+01 +2.132009338e+01 +7.200933796e-01 +7.200933796e-01
714 +1.745083252e+01 +1.745083252e+01 -3.149167477e+00 -3.149167477e+00
725 +1.445515621e+01 +1.445515621e+01 -6.144843791e+00 -6.144843791e+00
798 +1.346463312e+01 +1.346463312e+01 -7.135366876e+00 -7.135366876e+00
803 +1.298434556e+01 +1.298434556e+01 -7.615654441e+00 -7.615654441e+00
825 +1.282131189e+01 +1.282131189e+01 -7.778688105e+00 -7.778688105e+00
826 +1.251671579e+01 +1.251671579e+01 -8.083284214e+00 -8.083284214e+00
834 +1.213740411e+01 +1.213740411e+01 -8.462595891e+00 -8.462595891e+00
840 +1.141342269e+01 +1.141342269e+01 -9.186577313e+00 -9.186577313e+00
842 +1.091302165e+01 +1.091302165e+01 -9.686978351e+00 -9.686978351e+00
847 +1.041073206e+01 +1.041073206e+01 -1.018926794e+01 -1.018926794e+01
875 +1.018268986e+01 +1.018268986e+01 -1.041731014e+01 -1.041731014e+01
892 +9.329565118e+00 +9.329565118e+00 -1.127043488e+01 -1.127043488e+01
945 +9.023003466e+00 +9.023003466e+00 -1.157699653e+01 -1.157699653e+01
951 +8.897085778e+00 +8.897085778e+00 -1.170291422e+01 -1.170291422e+01
989 +8.586026782e+00 +8.586026782e+00 -1.201397322e+01 -1.201397322e+01
995 +8.443905366e+00 +8.443905366e+00 -1.215609463e+01 -1.215609463e+01
1053 +8.070558791e+00 +8.070558791e+00 -1.252944121e+01 -1.252944121e+01
1068 +7.879388725e+00 +7.879388725e+00 -1.272061127e+01 -1.272061127e+01
1102 +7.600758114e+00 +7.600758114e+00 -1.299924189e+01 -1.299924189e+01
1115 +7.544681330e+00 +7.544681330e+00 -1.305531867e+01 -1.305531867e+01
1148 +7.396641311e+00 +7.396641311e+00 -1.320335869e+01 -1.320335869e+01
1173 +7.214186600e+00 +7.214186600e+00 -1.338581340e+01 -1.338581340e+01
1189 +6.974346456e+00 +6.974346456e+00 -1.362565354e+01 -1.362565354e+01
1220 +6.917632040e+00 +6.917632040e+00 -1.368236796e+01 -1.368236796e+01
1267 +6.754251074e+00 +6.754251074e+00 -1.384574893e+01 -1.384574893e+01
1351 +6.506609905e+00 +6.506609905e+00 -1.409339009e+01 -1.409339009e+01
1364 +6.435773356e+00 +6.435773356e+00 -1.416422664e+01 -1.416422664e+01
1386 +6.305172871e+00 +6.305172871e+00 -1.429482713e+01 -1.429482713e+01
1415 +6.158820767e+00 +6.158820767e+00 -1.444117923e+01 -1.444117923e+01
1432 +6.011581675e+00 +6.011581675e+00 -1.458841832e+01 -1.458841832e+01
1545 +5.869456092e+00 +5.869456092e+00 -1.473054391e+01 -1.473054391e+01
1569 +5.746126672e+00 +5.746126672e+00 -1.485387333e+01 -1.485387333e+01
1607 +5.615115084e+00 +5.615115084e+00 -1.498488492e+01 -1.498488492e+01
1712 +5.488817965e+00 +5.488817965e+00 -1.511118204e+01 -1.511118204e+01
1803 +5.359158882e+00 +5.359158882e+00 -1.524084112e+01 -1.524084112e+01
1926 +5.246956675e+00 +5.246956675e+00 -1.535304333e+01 -1.535304333e+01
2249 +5.125622526e+00 +5.125622526e+00 -1.547437747e+01 -1.547437747e+01
% function evaluation | noise-free fitness - Fopt (4.669000000000e+01) | best noise-free fitness - Fopt | measured fitness | best measured fitness | x1 | x2...
1 +8.408159725e+01 +8.408159725e+01 +1.307715972e+02 +1.307715972e+02
15 +8.292082075e+01 +8.292082075e+01 +1.296108207e+02 +1.296108207e+02
34 +8.051716216e+01 +8.051716216e+01 +1.272071622e+02 +1.272071622e+02
64 +7.818965879e+01 +7.818965879e+01 +1.248796588e+02 +1.248796588e+02
97 +7.644742626e+01 +7.644742626e+01 +1.231374263e+02 +1.231374263e+02
105 +7.568797259e+01 +7.568797259e+01 +1.223779726e+02 +1.223779726e+02
151 +7.060030930e+01 +7.060030930e+01 +1.172903093e+02 +1.172903093e+02
169 +6.830140844e+01 +6.830140844e+01 +1.149914084e+02 +1.149914084e+02
178 +6.682890436e+01 +6.682890436e+01 +1.135189044e+02 +1.135189044e+02
186 +6.585868755e+01 +6.585868755e+01 +1.125486876e+02 +1.125486876e+02
272 +6.345868148e+01 +6.345868148e+01 +1.101486815e+02 +1.101486815e+02
293 +6.246364610e+01 +6.246364610e+01 +1.091536461e+02 +1.091536461e+02
307 +6.105700455e+01 +6.105700455e+01 +1.077470045e+02 +1.077470045e+02
328 +5.988586629e+01 +5.988586629e+01 +1.065758663e+02 +1.065758663e+02
349 +5.556328951e+01 +5.556328951e+01 +1.022532895e+02 +1.022532895e+02
354 +5.439129201e+01 +5.439129201e+01 +1.010812920e+02 +1.010812920e+02
364 +5.320662287e+01 +5.320662287e+01 +9.989662287e+01 +9.989662287e+01
453 +5.111821479e+01 +5.111821479e+01 +9.780821479e+01 +9.780821479e+01
515 +4.861974955e+01 +4.861974955e+01 +9.530974955e+01 +9.530974955e+01
535 +4.677147935e+01 +4.677147935e+01 +9.346147935e+01 +9.346147935e+01
570 +4.497825702e+01 +4.497825702e+01 +9.166825702e+01 +9.166825702e+01
590 +4.416597772e+01 +4.416597772e+01 +9.085597772e+01 +9.085597772e+01
597 +4.250974137e+01 +4.250974137e+01 +8.919974137e+01 +8.919974137e+01
621 +4.099184167e+01 +4.099184167e+01 +8.768184167e+01 +8.768184167e+01
625 +4.040642016e+01 +4.040642016e+01 +8.709642016e+01 +8.709642016e+01
650 +3.881000614e+01 +3.881000614e+01 +8.550000614e+01 +8.550000614e+01
662 +3.788522861e+01 +3.788522861e+01 +8.457522861e+01 +8.457522861e+01
685 +3.688473443e+01 +3.688473443e+01 +8.357473443e+01 +8.357473443e+01
720 +3.544612889e+01 +3.544612889e+01 +8.213612889e+01 +8.213612889e+01
827 +3.417642474e+01 +3.417642474e+01 +8.086642474e+01 +8.086642474e+01
844 +3.365670003e+01 +3.365670003e+01 +8.034670003e+01 +8.034670003e+01
908 +3.271898502e+01 +3.271898502e+01 +7.940898502e+01 +7.940898502e+01
1069 +3.231920144e+01 +3.231920144e+01 +7.900920144e+01 +7.900920144e+01
1285 +3.157211089e+01 +3.157211089e+01 +7.826211089e+01 +7.826211089e+01
1517 +3.086232284e+01 +3.086232284e+01 +7.755232284e+01 +7.755232284e+01
1990 +3.019708769e+01 +3.019708769e+01 +7.688708769e+01 +7.688708769e+01
% function evaluation | noise-free fitness - Fopt (-1.034600000000e+02) | best noise-free fitness - Fopt | measured fitness | best measured fitness | x1 | x2...
1 +8.334729314e+01 +8.334729314e+01 -2.011270686e+01 -2.011270686e+01
4 +8.299939517e+01 +8.299939517e+01 -2.046060483e+01 -2.046060483e+01
9 +8.058857096e+01 +8.058857096e+01 -2.287142904e+01 -2.287142904e+01
19 +7.804214911e+01 +7.804214911e+01 -2.541785089e+01 -2.541785089e+01
52 +7.656357330e+01 +7.656357330e+01 -2.689642670e+01 -2.689642670e+01
63 +7.541063004e+01 +7.541063004e+01 -2.804936996e+01 -2.804936996e+01
88 +7.382251505e+01 +7.382251505e+01 -2.963748495e+01 -2.963748495e+01
190 +7.158238547e+01 +7.158238547e+01 -3.187761453e+01 -3.187761453e+01
206 +7.054167840e+01 +7.054167840e+01 -3.291832160e+01 -3.291832160e+01
214 +6.902964238e+01 +6.902964238e+01 -3.443035762e+01 -3.443035762e+01
289 +6.697134305e+01 +6.697134305e+01 -3.648865695e+01 -3.648865695e+01
290 +6.579585515e+01 +6.579585515e+01 -3.766414485e+01 -3.766414485e+01
308 +6.267745814e+01 +6.267745814e+01 -4.078254186e+01 -4.078254186e+01
320 +6.053960652e+01 +6.053960652e+01 -4.292039348e+01 -4.292039348e+01
327 +5.873376478e+01 +5.873376478e+01 -4.472623522e+01 -4.472623522e+01
342 +5.554086107e+01 +5.554086107e+01 -4.791913893e+01 -4.791913893e+01
358 +5.296482975e+01 +5.296482975e+01 -5.049517025e+01 -5.049517025e+01
364 +5.082920555e+01 +5.082920555e+01 -5.263079445e+01 -5.263079445e+01
385 +5.000504724e+01 +5.000504724e+01 -5.345495276e+01 -5.345495276e+01
394 +4.840693114e+01 +4.840693114e+01 -5.505306886e+01 -5.505306886e+01
406 +4.439228817e+01 +4.439228817e+01 -5.906771183e+01 -5.906771183e+01
413 +4.305818371e+01 +4.305818371e+01 -6.040181629e+01 -6.040181629e+01
414 +4.126986698e+01 +4.126986698e+01 -6.219013302e+01 -6.219013302e+01
430 +3.637655703e+01 +3.637655703e+01 -6.708344297e+01 -6.708344297e+01
452 +3.447791665e+01 +3.447791665e+01 -6.898208335e+01 -6.898208335e+01
486 +3.338164199e+01 +3.338164199e+01 -7.007835801e+01 -7.007835801e+01
527 +3.241334077e+01 +3.241334077e+01 -7.104665923e+01 -7.104665923e+01
533 +3.132694721e+01 +3.132694721e+01 -7.213305279e+01 -7.213305279e+01
538 +2.889142548e+01 +2.889142548e+01 -7.456857452e+01 -7.456857452e+01
567 +2.720404248e+01 +2.720404248e+01 -7.625595752e+01 -7.625595752e+01
622 +2.690947509e+01 +2.690947509e+01 -7.655052491e+01 -7.655052491e+01
654 +2.522048753e+01 +2.522048753e+01 -7.823951247e+01 -7.823951247e+01
702 +2.449338412e+01 +2.449338412e+01 -7.896661588e+01 -7.896661588e+01
712 +2.394071627e+01 +2.394071627e+01 -7.951928373e+01 -7.951928373e+01
727 +2.337315126e+01 +2.337315126e+01 -8.008684874e+01 -8.008684874e+01
813 +2.282820520e+01 +2.282820520e+01 -8.063179480e+01 -8.063179480e+01
830 +2.225509681e+01 +2.225509681e+01 -8.120490319e+01 -8.120490319e+01
887 +2.165789078e+01 +2.165789078e+01 -8.180210922e+01 -8.180210922e+01
899 +2.122535436e+01 +2.122535436e+01 -8.223464564e+01 -8.223464564e+01
907 +2.083162511e+01 +2.083162511e+01 -8.262837489e+01 -8.262837489e+01
918 +2.028211184e+01 +2.028211184e+01 -8.317788816e+01 -8.317788816e+01
934 +1.934922921e+01 +1.934922921e+01 -8.411077079e+01 -8.411077079e+01
965 +1.878248981e+01 +1.878248981e+01 -8.467751019e+01 -8.467751019e+01
1053 +1.859404771e+01 +1.859404771e+01 -8.486595229e+01 -8.486595229e+01
1083 +1.790888977e+01 +1.790888977e+01 -8.555111023e+01 -8.555111023e+01
1100 +1.756834639e+01 +1.756834639e+01 -8.589165361e+01 -8.589165361e+01
1105 +1.733114111e+01 +1.733114111e+01 -8.612885889e+01 -8.612885889e+01
1162 +1.687411386e+01 +1.687411386e+01 -8.658588614e+01 -8.658588614e+01
1173 +1.654720439e+01 +1.654720439e+01 -8.691279561e+01 -8.691279561e+01
1242 +1.616402345e+01 +1.616402345e+01 -8.729597655e+01 -8.729597655e+01
1345 +1.577840145e+01 +1.577840145e+01 -8.768159855e+01 -8.768159855e+01
1402 +1.545857710e+01 +1.545857710e+01 -8.800142290e+01 -8.800142290e+01
1541 +1.510977604e+01 +1.510977604e+01 -8.835022396e+01 -8.835022396e+01
1774 +1.477784679e+01 +1.477784679e+01 -8.868215321e+01 -8.868215321e+01
% function evaluation | noise-free fitness - Fopt (-1.591000000000e+02) | best noise-free fitness - Fopt | measured fitness | best measured fitness | x1 | x2...
1 +8.338939493e+01 +8.338939493e+01 -7.571060507e+01 -7.571060507e+01
5 +8.178219310e+01 +8.178219310e+01 -7.731780690e+01 -7.731780690e+01
115 +8.061362825e+01 +8.061362825e+01 -7.848637175e+01 -7.848637175e+01
131 +7.799881309e+01 +7.799881309e+01 -8.110118691e+01 -8.110118691e+01
135 +7.741855994e+01 +7.741855994e+01 -8.168144006e+01 -8.168144006e+01
154 +7.467420935e+01 +7.467420935e+01 -8.442579065e+01 -8.442579065e+01
164 +7.301472035e+01 +7.301472035e+01 -8.608527965e+01 -8.608527965e+01
173 +7.228973336e+01 +7.228973336e+01 -8.681026664e+01 -8.681026664e+01
183 +7.052971283e+01 +7.052971283e+01 -8.857028717e+01 -8.857028717e+01
209 +6.913099622e+01 +6.913099622e+01 -8.996900378e+01 -8.996900378e+01
267 +6.603097001e+01 +6.603097001e+01 -9.306902999e+01 -9.306902999e+01
272 +6.388794947e+01 +6.388794947e+01 -9.521205053e+01 -9.521205053e+01
281 +6.114884592e+01 +6.114884592e+01 -9.795115408e+01 -9.795115408e+01
374 +5.733259101e+01 +5.733259101e+01 -1.017674090e+02 -1.017674090e+02
410 +5.453277435e+01 +5.453277435e+01 -1.045672257e+02 -1.045672257e+02
418 +5.197312089e+01 +5.197312089e+01 -1.071268791e+02 -1.071268791e+02
427 +4.326106684e+01 +4.326106684e+01 -1.158389332e+02 -1.158389332e+02
434 +4.264272768e+01 +4.264272768e+01 -1.164572723e+02 -1.164572723e+02
457 +4.166905660e+01 +4.166905660e+01 -1.174309434e+02 -1.174309434e+02
486 +3.805542707e+01 +3.805542707e+01 -1.210445729e+02 -1.210445729e+02
493 +3.668565936e+01 +3.668565936e+01 -1.224143406e+02 -1.224143406e+02
512 +3.307806906e+01 +3.307806906e+01 -1.260219309e+02 -1.260219309e+02
562 +3.164252353e+01 +3.164252353e+01 -1.274574765e+02 -1.274574765e+02
572 +3.117202572e+01 +3.117202572e+01 -1.279279743e+02 -1.279279743e+02
575 +3.000579209e+01 +3.000579209e+01 -1.290942079e+02 -1.290942079e+02
590 +2.938351423e+01 +2.938351423e+01 -1.297164858e+02 -1.297164858e+02
591 +2.812554231e+01 +2.812554231e+01 -1.309744577e+02 -1.309744577e+02
601 +2.595628192e+01 +2.595628192e+01 -1.331437181e+02 -1.331437181e+02
612 +2.560420064e+01 +2.560420064e+01 -1.334957994e+02 -1.334957994e+02
617 +2.427078615e+01 +2.427078615e+01 -1.348292138e+02 -1.348292138e+02
623 +2.396084690e+01 +2.396084690e+01 -1.351391531e+02 -1.351391531e+02
632 +2.293682584e+01 +2.293682584e+01 -1.361631742e+02 -1.361631742e+02
647 +2.273259975e+01 +2.273259975e+01 -1.363674003e+02 -1.363674003e+02
661 +2.075043173e+01 +2.075043173e+01 -1.383495683e+02 -1.383495683e+02
663 +2.018658354e+01 +2.018658354e+01 -1.389134165e+02 -1.389134165e+02
840 +1.937639707e+01 +1.937639707e+01 -1.397236029e+02 -1.397236029e+02
858 +1.901153323e+01 +1.901153323e+01 -1.400884668e+02 -1.400884668e+02
872 +1.836253381e+01 +1.836253381e+01 -1.407374662e+02 -1.407374662e+02
879 +1.815718006e+01 +1.815718006e+01 -1.409428199e+02 -1.409428199e+02
912 +1.761549403e+01 +1.761549403e+01 -1.414845060e+02 -1.414845060e+02
913 +1.694963074e+01 +1.694963074e+01 -1.421503693e+02 -1.421503693e+02
927 +1.600068652e+01 +1.600068652e+01 -1.430993135e+02 -1.430993135e+02
939 +1.560085685e+01 +1.560085685e+01 -1.434991432e+02 -1.434991432e+02
943 +1.534566184e+01 +1.534566184e+01 -1.437543382e+02 -1.437543382e+02
952 +1.508105010e+01 +1.508105010e+01 -1.440189499e+02 -1.440189499e+02
962 +1.416397775e+01 +1.416397775e+01 -1.449360223e+02 -1.449360223e+02
974 +1.339113466e+01 +1.339113466e+01 -1.457088653e+02 -1.457088653e+02
1002 +1.287140062e+01 +1.287140062e+01 -1.462285994e+02 -1.462285994e+02
1026 +1.258176821e+01 +1.258176821e+01 -1.465182318e+02 -1.465182318e+02
1039 +1.191302822e+01 +1.191302822e+01 -1.471869718e+02 -1.471869718e+02
1055 +1.155944679e+01 +1.155944679e+01 -1.475405532e+02 -1.475405532e+02
1062 +1.137008302e+01 +1.137008302e+01 -1.477299170e+02 -1.477299170e+02
1067 +1.121983378e+01 +1.121983378e+01 -1.478801662e+02 -1.478801662e+02
1069 +1.087671918e+01 +1.087671918e+01 -1.482232808e+02 -1.482232808e+02
1086 +1.064178724e+01 +1.064178724e+01 -1.484582128e+02 -1.484582128e+02
1110 +9.945060553e+00 +9.945060553e+00 -1.491549394e+02 -1.491549394e+02
1174 +9.598876358e+00 +9.598876358e+00 -1.495011236e+02 -1.495011236e+02
1188 +9.476912887e+00 +9.476912887e+00 -1.496230871e+02 -1.496230871e+02
1196 +9.253179968e+00 +9.253179968e+00 -1.498468200e+02 -1.498468200e+02
1235 +9.059259720e+00 +9.059259720e+00 -1.500407403e+02 -1.500407403e+02
1256 +8.852309768e+00 +8.852309768e+00 -1.502476902e+02 -1.502476902e+02
1266 +8.703103357e+00 +8.703103357e+00 -1.503968966e+02 -1.503968966e+02
1277 +8.453653071e+00 +8.453653071e+00 -1.506463469e+02 -1.506463469e+02
1332 +8.222129236e+00 +8.222129236e+00 -1.508778708e+02 -1.508778708e+02
1376 +7.958525404e+00 +7.958525404e+00 -1.511414746e+02 -1.511414746e+02
1384 +7.940059923e+00 +7.940059923e+00 -1.511599401e+02 -1.511599401e+02
1491 +7.738488969e+00 +7.738488969e+00 -1.513615110e+02 -1.513615110e+02
1540 +7.557437285e+00 +7.557437285e+00 -1.515425627e+02 -1.515425627e+02
1823 +7.409829297e+00 +7.409829297e+00 -1.516901707e+02 -1.516901707e+02
% function evaluation | noise-free fitness - Fopt (7.823700000000e+02) | best noise-free fitness - Fopt | measured fitness | best measured fitness | x1 | x2...
1 +8.232956576e+01 +8.232956576e+01 +8.646995658e+02 +8.646995658e+02
6 +8.111852650e+01 +8.111852650e+01 +8.634885265e+02 +8.634885265e+02
25 +7.925402854e+01 +7.925402854e+01 +8.616240285e+02 +8.616240285e+02
41 +7.375467356e+01 +7.375467356e+01 +8.561246736e+02 +8.561246736e+02
70 +7.039768590e+01 +7.039768590e+01 +8.527676859e+02 +8.527676859e+02
170 +6.401137203e+01 +6.401137203e+01 +8.463813720e+02 +8.463813720e+02
311 +6.298611161e+01 +6.298611161e+01 +8.453561116e+02 +8.453561116e+02
355 +5.890673228e+01 +5.890673228e+01 +8.412767323e+02 +8.412767323e+02
363 +5.851671763e+01 +5.851671763e+01 +8.408867176e+02 +8.408867176e+02
372 +5.518552157e+01 +5.518552157e+01 +8.375555216e+02 +8.375555216e+02
398 +5.486800080e+01 +5.486800080e+01 +8.372380008e+02 +8.372380008e+02
461 +5.058952599e+01 +5.058952599e+01 +8.329595260e+02 +8.329595260e+02
469 +4.355959469e+01 +4.355959469e+01 +8.259295947e+02 +8.259295947e+02
472 +4.176396755e+01 +4.176396755e+01 +8.241339675e+02 +8.241339675e+02
473 +4.135600642e+01 +4.135600642e+01 +8.237260064e+02 +8.237260064e+02
480 +4.021887082e+01 +4.021887082e+01 +8.225888708e+02 +8.225888708e+02
488 +3.841806557e+01 +3.841806557e+01 +8.207880656e+02 +8.207880656e+02
525 +3.755494145e+01 +3.755494145e+01 +8.199249415e+02 +8.199249415e+02
572 +3.689623901e+01 +3.689623901e+01 +8.192662390e+02 +8.192662390e+02
583 +3.135914591e+01 +3.135914591e+01 +8.137291459e+02 +8.137291459e+02
595 +2.484776645e+01 +2.484776645e+01 +8.072177665e+02 +8.072177665e+02
604 +2.441974503e+01 +2.441974503e+01 +8.067897450e+02 +8.067897450e+02
609 +2.359612228e+01 +2.359612228e+01 +8.059661223e+02 +8.059661223e+02
615 +2.276719640e+01 +2.276719640e+01 +8.051371964e+02 +8.051371964e+02
625 +1.993395413e+01 +1.993395413e+01 +8.023039541e+02 +8.023039541e+02
637 +1.767350617e+01 +1.767350617e+01 +8.000435062e+02 +8.000435062e+02
665 +1.616411936e+01 +1.616411936e+01 +7.985341194e+02 +7.985341194e+02
673 +1.492580826e+01 +1.492580826e+01 +7.972958083e+02 +7.972958083e+02
722 +1.453411652e+01 +1.453411652e+01 +7.969041165e+02 +7.969041165e+02
732 +1.442910753e+01 +1.442910753e+01 +7.967991075e+02 +7.967991075e+02
748 +1.395143889e+01 +1.395143889e+01 +7.963214389e+02 +7.963214389e+02
781 +1.292225272e+01 +1.292225272e+01 +7.952922527e+02 +7.952922527e+02
784 +1.239291229e+01 +1.239291229e+01 +7.947629123e+02 +7.947629123e+02
797 +1.157361042e+01 +1.157361042e+01 +7.939436104e+02 +7.939436104e+02
805 +1.126625258e+01 +1.126625258e+01 +7.936362526e+02 +7.936362526e+02
807 +1.092660534e+01 +1.092660534e+01 +7.932966053e+02 +7.932966053e+02
831 +1.061294311e+01 +1.061294311e+01 +7.929829431e+02 +7.929829431e+02
845 +1.041533697e+01 +1.041533697e+01 +7.927853370e+02 +7.927853370e+02
976 +9.857947011e+00 +9.857947011e+00 +7.922279470e+02 +7.922279470e+02
1038 +9.622003556e+00 +9.622003556e+00 +7.919920036e+02 +7.919920036e+02
1094 +9.425324087e+00 +9.425324087e+00 +7.917953241e+02 +7.917953241e+02
1232 +9.317447744e+00 +9.317447744e+00 +7.916874477e+02 +7.916874477e+02
1289 +9.041290325e+00 +9.041290325e+00 +7.914112903e+02 +7.914112903e+02
1295 +8.683538774e+00 +8.683538774e+00 +7.910535388e+02 +7.910535388e+02
1303 +8.503146500e+00 +8.503146500e+00 +7.908731465e+02 +7.908731465e+02
1338 +8.278070912e+00 +8.278070912e+00 +7.906480709e+02 +7.906480709e+02
1363 +8.108965587e+00 +8.108965587e+00 +7.904789656e+02 +7.904789656e+02
1392 +7.895355964e+00 +7.895355964e+00 +7.902653560e+02 +7.902653560e+02
1405 +7.718039653e+00 +7.718039653e+00 +7.900880397e+02 +7.900880397e+02
1542 +7.582375153e+00 +7.582375153e+00 +7.899523752e+02 +7.899523752e+02
1854 +7.410326570e+00 +7.410326570e+00 +7.897803266e+02 +7.897803266e+02
% function evaluation | noise-free fitness - Fopt (1.464700000000e+02) | best noise-free fitness - Fopt | measured fitness | best measured fitness | x1 | x2...
1 +8.069675839e+01 +8.069675839e+01 +2.271667584e+02 +2.271667584e+02
36 +7.831033495e+01 +7.831033495e+01 +2.247803350e+02 +2.247803350e+02
42 +7.544228671e+01 +7.544228671e+01 +2.219122867e+02 +2.219122867e+02
74 +7.398035252e+01 +7.398035252e+01 +2.204503525e+02 +2.204503525e+02
172 +7.165226453e+01 +7.165226453e+01 +2.181222645e+02 +2.181222645e+02
184 +7.013913293e+01 +7.013913293e+01 +2.166091329e+02 +2.166091329e+02
196 +6.768409068e+01 +6.768409068e+01 +2.141540907e+02 +2.141540907e+02
202 +6.754036943e+01 +6.754036943e+01 +2.140103694e+02 +2.140103694e+02
206 +6.404051822e+01 +6.404051822e+01 +2.105105182e+02 +2.105105182e+02
231 +5.628261940e+01 +5.628261940e+01 +2.027526194e+02 +2.027526194e+02
267 +4.815329917e+01 +4.815329917e+01 +1.946232992e+02 +1.946232992e+02
273 +4.140979468e+01 +4.140979468e+01 +1.878797947e+02 +1.878797947e+02
301 +3.899580457e+01 +3.899580457e+01 +1.854658046e+02 +1.854658046e+02
352 +3.823280550e+01 +3.823280550e+01 +1.847028055e+02 +1.847028055e+02
356 +3.711988222e+01 +3.711988222e+01 +1.835898822e+02 +1.835898822e+02
362 +3.335609069e+01 +3.335609069e+01 +1.798260907e+02 +1.798260907e+02
409 +3.108872859e+01 +3.108872859e+01 +1.775587286e+02 +1.775587286e+02
417 +2.948529728e+01 +2.948529728e+01 +1.759552973e+02 +1.759552973e+02
429 +2.762497718e+01 +2.762497718e+01 +1.740949772e+02 +1.740949772e+02
430 +2.546276362e+01 +2.546276362e+01 +1.719327636e+02 +1.719327636e+02
444 +2.172609773e+01 +2.172609773e+01 +1.681960977e+02 +1.681960977e+02
462 +2.099216076e+01 +2.099216076e+01 +1.674621608e+02 +1.674621608e+02
563 +1.902650798e+01 +1.902650798e+01 +1.654965080e+02 +1.654965080e+02
573 +1.842206361e+01 +1.842206361e+01 +1.648920636e+02 +1.648920636e+02
589 +1.482868229e+01 +1.482868229e+01 +1.612986823e+02 +1.612986823e+02
606 +1.381681006e+01 +1.381681006e+01 +1.602868101e+02 +1.602868101e+02
615 +1.217541481e+01 +1.217541481e+01 +1.586454148e+02 +1.586454148e+02
631 +1.105611960e+01 +1.105611960e+01 +1.575261196e+02 +1.575261196e+02
644 +1.069874864e+01 +1.069874864e+01 +1.571687486e+02 +1.571687486e+02
646 +1.041993533e+01 +1.041993533e+01 +1.568899353e+02 +1.568899353e+02
687 +1.011234325e+01 +1.011234325e+01 +1.565823432e+02 +1.565823432e+02
699 +9.769508619e+00 +9.769508619e+00 +1.562395086e+02 +1.562395086e+02
716 +9.471538151e+00 +9.471538151e+00 +1.559415382e+02 +1.559415382e+02
741 +9.071296952e+00 +9.071296952e+00 +1.555412970e+02 +1.555412970e+02
756 +8.875621400e+00 +8.875621400e+00 +1.553456214e+02 +1.553456214e+02
765 +8.658827665e+00 +8.658827665e+00 +1.551288277e+02 +1.551288277e+02
805 +8.225753723e+00 +8.225753723e+00 +1.546957537e+02 +1.546957537e+02
812 +7.678979758e+00 +7.678979758e+00 +1.541489798e+02 +1.541489798e+02
817 +7.469924189e+00 +7.469924189e+00 +1.539399242e+02 +1.539399242e+02
846 +7.399093004e+00 +7.399093004e+00 +1.538690930e+02 +1.538690930e+02
856 +7.169760877e+00 +7.169760877e+00 +1.536397609e+02 +1.536397609e+02
866 +7.019424043e+00 +7.019424043e+00 +1.534894240e+02 +1.534894240e+02
881 +6.912976940e+00 +6.912976940e+00 +1.533829769e+02 +1.533829769e+02
885 +6.728061845e+00 +6.728061845e+00 +1.531980618e+02 +1.531980618e+02
901 +6.502513954e+00 +6.502513954e+00 +1.529725140e+02 +1.529725140e+02
960 +6.407039465e+00 +6.407039465e+00 +1.528770395e+02 +1.528770395e+02
965 +6.164648786e+00 +6.164648786e+00 +1.526346488e+02 +1.526346488e+02
1075 +5.752438076e+00 +5.752438076e+00 +1.522224381e+02 +1.522224381e+02
1084 +5.607023994e+00 +5.607023994e+00 +1.520770240e+02 +1.520770240e+02
1125 +5.481817918e+00 +5.481817918e+00 +1.519518179e+02 +1.519518179e+02
1145 +5.350247464e+00 +5.350247464e+00 +1.518202475e+02 +1.518202475e+02
1163 +5.140730316e+00 +5.140730316e+00 +1.516107303e+02 +1.516107303e+02
1177 +5.030355737e+00 +5.030355737e+00 +1.515003557e+02 +1.515003557e+02
1183 +4.846597831e+00 +4.846597831e+00 +1.513165978e+02 +1.513165978e+02
1211 +4.506683742e+00 +4.506683742e+00 +1.509766837e+02 +1.509766837e+02
1216 +4.394567283e+00 +4.394567283e+00 +1.508645673e+02 +1.508645673e+02
1225 +4.240243587e+00 +4.240243587e+00 +1.507102436e+02 +1.507102436e+02
1361 +4.059343467e+00 +4.059343467e+00 +1.505293435e+02 +1.505293435e+02
1369 +3.928501350e+00 +3.928501350e+00 +1.503985013e+02 +1.503985013e+02
1375 +3.811327361e+00 +3.811327361e+00 +1.502813274e+02 +1.502813274e+02
1386 +3.791766925e+00 +3.791766925e+00 +1.502617669e+02 +1.502617669e+02
1475 +3.703728210e+00 +3.703728210e+00 +1.501737282e+02 +1.501737282e+02
1489 +3.588971102e+00 +3.588971102e+00 +1.500589711e+02 +1.500589711e+02
1511 +3.443116806e+00 +3.443116806e+00 +1.499131168e+02 +1.499131168e+02
1557 +3.325601030e+00 +3.325601030e+00 +1.497956010e+02 +1.497956010e+02
1569 +3.297293617e+00 +3.297293617e+00 +1.497672936e+02 +1.497672936e+02
1572 +3.222955277e+00 +3.222955277e+00 +1.496929553e+02 +1.496929553e+02
1608 +3.073381398e+00 +3.073381398e+00 +1.495433814e+02 +1.495433814e+02
1629 +3.005366784e+00 +3.005366784e+00 +1.494753668e+02 +1.494753668e+02
1662 +2.922345958e+00 +2.922345958e+00 +1.493923460e+02 +1.493923460e+02
1713 +2.871230608e+00 +2.871230608e+00 +1.493412306e+02 +1.493412306e+02
1769 +2.809336067e+00 +2.809336067e+00 +1.492793361e+02 +1.492793361e+02
1839 +2.746264308e+00 +2.746264308e+00 +1.492162643e+02 +1.492162643e+02
1921 +2.683301489e+00 +2.683301489e+00 +1.491533015e+02 +1.491533015e+02
2197 +2.628361631e+00 +2.628361631e+00 +1.490983616e+02 +1.490983616e+02
% function evaluation | noise-free fitness - Fopt (-2.071000000000e+01) | best noise-free fitness - Fopt | measured fitness | best measured fitness | x1 | x2...
1 +8.262768084e+01 +8.262768084e+01 +6.191768084e+01 +6.191768084e+01
5 +8.090097036e+01 +8.090097036e+01 +6.019097036e+01 +6.019097036e+01
13 +7.917903963e+01 +7.917903963e+01 +5.846903963e+01 +5.846903963e+01
14 +7.707067269e+01 +7.707067269e+01 +5.636067269e+01 +5.636067269e+01
44 +7.564934028e+01 +7.564934028e+01 +5.493934028e+01 +5.493934028e+01
53 +7.329893104e+01 +7.329893104e+01 +5.258893104e+01 +5.258893104e+01
81 +7.194342103e+01 +7.194342103e+01 +5.123342103e+01 +5.123342103e+01
103 +6.955715328e+01 +6.955715328e+01 +4.884715328e+01 +4.884715328e+01
114 +6.714255225e+01 +6.714255225e+01 +4.643255225e+01 +4.643255225e+01
124 +6.492371695e+01 +6.492371695e+01 +4.421371695e+01 +4.421371695e+01
147 +6.019391782e+01 +6.019391782e+01 +3.948391782e+01 +3.948391782e+01
152 +5.269739793e+01 +5.269739793e+01 +3.198739793e+01 +3.198739793e+01
184 +5.008108856e+01 +5.008108856e+01 +2.937108856e+01 +2.937108856e+01
195 +4.587888142e+01 +4.587888142e+01 +2.516888142e+01 +2.516888142e+01
208 +4.468369933e+01 +4.468369933e+01 +2.397369933e+01 +2.397369933e+01
217 +3.838254196e+01 +3.838254196e+01 +1.767254196e+01 +1.767254196e+01
307 +3.101495298e+01 +3.101495298e+01 +1.030495298e+01 +1.030495298e+01
329 +2.889652521e+01 +2.889652521e+01 +8.186525205e+00 +8.186525205e+00
334 +2.679556551e+01 +2.679556551e+01 +6.085565514e+00 +6.085565514e+00
349 +2.249323193e+01 +2.249323193e+01 +1.783231933e+00 +1.783231933e+00
362 +2.217323548e+01 +2.217323548e+01 +1.463235485e+00 +1.463235485e+00
364 +2.125570008e+01 +2.125570008e+01 +5.457000848e-01 +5.457000848e-01
373 +1.759630968e+01 +1.759630968e+01 -3.113690315e+00 -3.113690315e+00
393 +1.587779378e+01 +1.587779378e+01 -4.832206217e+00 -4.832206217e+00
402 +1.529456836e+01 +1.529456836e+01 -5.415431645e+00 -5.415431645e+00
425 +1.385543340e+01 +1.385543340e+01 -6.854566596e+00 -6.854566596e+00
442 +1.330449079e+01 +1.330449079e+01 -7.405509210e+00 -7.405509210e+00
510 +1.286456126e+01 +1.286456126e+01 -7.845438739e+00 -7.845438739e+00
512 +1.176453151e+01 +1.176453151e+01 -8.945468489e+00 -8.945468489e+00
524 +1.050600628e+01 +1.050600628e+01 -1.020399372e+01 -1.020399372e+01
534 +1.039557976e+01 +1.039557976e+01 -1.031442024e+01 -1.031442024e+01
541 +9.252899015e+00 +9.252899015e+00 -1.145710099e+01 -1.145710099e+01
551 +8.639584652e+00 +8.639584652e+00 -1.207041535e+01 -1.207041535e+01
570 +8.477697061e+00 +8.477697061e+00 -1.223230294e+01 -1.223230294e+01
656 +8.027411686e+00 +8.027411686e+00 -1.268258831e+01 -1.268258831e+01
688 +7.830699694e+00 +7.830699694e+00 -1.287930031e+01 -1.287930031e+01
694 +7.351921994e+00 +7.351921994e+00 -1.335807801e+01 -1.335807801e+01
715 +6.630715579e+00 +6.630715579e+00 -1.407928442e+01 -1.407928442e+01
738 +6.140285698e+00 +6.140285698e+00 -1.456971430e+01 -1.456971430e+01
745 +5.916983735e+00 +5.916983735e+00 -1.479301626e+01 -1.479301626e+01
746 +5.833759183e+00 +5.833759183e+00 -1.487624082e+01 -1.487624082e+01
786 +5.431950409e+00 +5.431950409e+00 -1.527804959e+01 -1.527804959e+01
793 +4.927097889e+00 +4.927097889e+00 -1.578290211e+01 -1.578290211e+01
806 +4.812889154e+00 +4.812889154e+00 -1.589711085e+01 -1.589711085e+01
812 +4.717221299e+00 +4.717221299e+00 -1.599277870e+01 -1.599277870e+01
821 +4.643242305e+00 +4.643242305e+00 -1.606675769e+01 -1.606675769e+01
827 +4.522587366e+00 +4.522587366e+00 -1.618741263e+01 -1.618741263e+01
839 +3.951183881e+00 +3.951183881e+00 -1.675881612e+01 -1.675881612e+01
842 +3.831159021e+00 +3.831159021e+00 -1.687884098e+01 -1.687884098e+01
843 +3.668027039e+00 +3.668027039e+00 -1.704197296e+01 -1.704197296e+01
845 +3.311367041e+00 +3.311367041e+00 -1.739863296e+01 -1.739863296e+01
860 +3.253305934e+00 +3.253305934e+00 -1.745669407e+01 -1.745669407e+01
862 +3.206038723e+00 +3.206038723e+00 -1.750396128e+01 -1.750396128e+01
863 +2.932640217e+00 +2.932640217e+00 -1.777735978e+01 -1.777735978e+01
890 +2.817630387e+00 +2.817630387e+00 -1.789236961e+01 -1.789236961e+01
893 +2.611122786e+00 +2.611122786e+00 -1.809887721e+01 -1.809887721e+01
916 +2.521061535e+00 +2.521061535e+00 -1.818893846e+01 -1.818893846e+01
924 +2.479409624e+00 +2.479409624e+00 -1.823059038e+01 -1.823059038e+01
940 +2.381016416e+00 +2.381016416e+00 -1.832898358e+01 -1.832898358e+01
979 +2.315043746e+00 +2.315043746e+00 -1.839495625e+01 -1.839495625e+01
1068 +2.277332355e+00 +2.277332355e+00 -1.843266764e+01 -1.843266764e+01
1100 +2.224637761e+00 +2.224637761e+00 -1.848536224e+01 -1.848536224e+01
1111 +2.163748289e+00 +2.163748289e+00 -1.854625171e+01 -1.854625171e+01
1118 +2.133777288e+00 +2.133777288e+00 -1.857622271e+01 -1.857622271e+01
1162 +2.079432816e+00 +2.079432816e+00 -1.863056718e+01 -1.863056718e+01
1239 +2.032159237e+00 +2.032159237e+00 -1.867784076e+01 -1.867784076e+01
1418 +1.992552782e+00 +1.992552782e+00 -1.871744722e+01 -1.871744722e+01
