% function evaluation | noise-free fitness - Fopt (-1.000000000000e+03) | best noise-free fitness - Fopt | measured fitness | best measured fitness | x1 | x2...
1 +8.057169867e+01 +8.057169867e+01 -9.194283013e+02 -9.194283013e+02 +0.0000e+00 +0.0000e+00 +0.0000e+00 +0.0000e+00 +0.0000e+00
3 +7.474088284e+01 +7.474088284e+01 -9.252591172e+02 -9.252591172e+02 +6.8648e-01 +1.3619e+00 -8.7352e-01 -2.0000e-02 +2.2700e-02
5 +7.274990141e+01 +7.274990141e+01 -9.272500986e+02 -9.272500986e+02 -3.1011e-01 +2.2612e-01 -3.1025e+00 -9.5998e-01 +3.0453e-01
6 +6.075594414e+01 +6.075594414e+01 -9.392440559e+02 -9.392440559e+02 +1.2574e+00 +8.4531e-02 +6.7144e-01 -2.2202e+00 -1.7055e+00
11 +5.440865527e+01 +5.440865527e+01 -9.455913447e+02 -9.455913447e+02 +4.9454e-01 -1.5303e-01 -1.3884e+00 -2.3580e+00 -4.6881e-01
13 +4.718673827e+01 +4.718673827e+01 -9.528132617e+02 -9.528132617e+02 -9.9139e-01 -3.9088e-01 -1.7486e+00 -3.1423e+00 +4.0613e-01
21 +2.674154631e+01 +2.674154631e+01 -9.732584537e+02 -9.732584537e+02 +1.6112e+00 -5.8603e-01 -1.4870e+00 -9.5454e-01 -6.6890e-01
26 +2.287842583e+01 +2.287842583e+01 -9.771215742e+02 -9.771215742e+02 +1.7614e+00 -9.9408e-01 -1.7672e+00 -1.0838e+00 -8.9200e-01
48 +2.203704494e+01 +2.203704494e+01 -9.779629551e+02 -9.779629551e+02 +9.8510e-01 -6.0259e-01 -1.6619e-01 -1.2907e+00 -2.7332e+00
62 +1.492981948e+01 +1.492981948e+01 -9.850701805e+02 -9.850701805e+02 +1.8139e+00 -1.3082e+00 +6.8725e-02 -1.9274e-01 -1.0586e+00
95 +1.392649138e+01 +1.392649138e+01 -9.860735086e+02 -9.860735086e+02 +1.8553e+00 -1.9808e+00 -5.5928e-01 -1.5721e+00 -4.4653e-01
98 +7.416313621e+00 +7.416313621e+00 -9.925836864e+02 -9.925836864e+02 +2.2901e+00 -1.0326e+00 -2.1453e-01 -1.3618e+00 -5.2153e-01
108 +4.608671131e+00 +4.608671131e+00 -9.953913289e+02 -9.953913289e+02 +1.8665e+00 -9.6774e-01 +3.2658e-01 -1.3045e+00 -7.5865e-01
163 +1.237987687e+00 +1.237987687e+00 -9.987620123e+02 -9.987620123e+02 +2.4855e+00 +4.4128e-01 +1.1707e+00 +4.0313e-01 -3.1959e-01
184 +1.190870534e+00 +1.190870534e+00 -9.988091295e+02 -9.988091295e+02 +2.2825e+00 +7.3073e-01 +1.5976e+00 -1.2653e-01 -1.0115e+00
198 +7.756621940e-01 +7.756621940e-01 -9.992243378e+02 -9.992243378e+02 +2.0843e+00 -2.8335e-02 +1.6883e+00 -4.2420e-01 -1.0839e+00
204 +6.947326051e-01 +6.947326051e-01 -9.993052674e+02 -9.993052674e+02 +1.5221e+00 -3.5656e-02 +1.2621e+00 -3.7648e-01 -1.0850e+00
239 +4.850321652e-01 +4.850321652e-01 -9.995149678e+02 -9.995149678e+02 +1.6708e+00 +1.1066e-01 +1.2821e+00 +1.1005e-01 -8.6220e-01
241 +2.470380998e-01 +2.470380998e-01 -9.997529619e+02 -9.997529619e+02 +1.6605e+00 -2.6787e-02 +1.7942e+00 -3.0905e-01 -1.1689e+00
265 +3.876549437e-02 +3.876549437e-02 -9.999612345e+02 -9.999612345e+02 +1.6532e+00 +3.7192e-01 +2.0847e+00 +1.5607e-01 -1.1389e+00
281 +9.401974934e-03 +9.401974934e-03 -9.999905980e+02 -9.999905980e+02 +1.6419e+00 +4.6381e-01 +2.1907e+00 -1.1374e-02 -1.2812e+00
306 +5.732760971e-03 +5.732760971e-03 -9.999942672e+02 -9.999942672e+02 +1.6026e+00 +5.5679e-01 +2.1633e+00 +3.5324e-01 -1.1453e+00
362 +5.284030570e-03 +5.284030570e-03 -9.999947160e+02 -9.999947160e+02 +1.7133e+00 +5.9167e-01 +2.2052e+00 +2.6617e-01 -1.1390e+00
385 +3.734168810e-03 +3.734168810e-03 -9.999962658e+02 -9.999962658e+02 +1.6054e+00 +6.6851e-01 +2.3014e+00 +2.0037e-01 -1.3446e+00
387 +3.641801098e-03 +3.641801098e-03 -9.999963582e+02 -9.999963582e+02 +1.6264e+00 +5.9674e-01 +2.1922e+00 +8.8721e-02 -1.2705e+00
455 +3.295830379e-03 +3.295830379e-03 -9.999967042e+02 -9.999967042e+02 +1.6264e+00 +5.6734e-01 +2.1798e+00 +1.2896e-01 -1.2514e+00
467 +2.839849849e-03 +2.839849849e-03 -9.999971602e+02 -9.999971602e+02 +1.6262e+00 +5.7220e-01 +2.2173e+00 +1.2459e-01 -1.2750e+00
481 +2.659411460e-03 +2.659411460e-03 -9.999973406e+02 -9.999973406e+02 +1.6211e+00 +5.9020e-01 +2.2160e+00 +5.5330e-02 -1.3045e+00
482 +2.552608611e-03 +2.552608611e-03 -9.999974474e+02 -9.999974474e+02 +1.6360e+00 +5.9598e-01 +2.2090e+00 +5.8014e-02 -1.3159e+00
485 +2.186884687e-03 +2.186884687e-03 -9.999978131e+02 -9.999978131e+02 +1.5975e+00 +5.7357e-01 +2.2207e+00 +5.7094e-02 -1.3109e+00
487 +1.698737966e-03 +1.698737966e-03 -9.999983013e+02 -9.999983013e+02 +1.6281e+00 +5.9322e-01 +2.2429e+00 +6.5811e-02 -1.3218e+00
494 +1.226836160e-03 +1.226836160e-03 -9.999987732e+02 -9.999987732e+02 +1.6155e+00 +5.9361e-01 +2.2661e+00 +3.1229e-02 -1.3428e+00
505 +1.166479736e-03 +1.166479736e-03 -9.999988335e+02 -9.999988335e+02 +1.6158e+00 +6.0464e-01 +2.3049e+00 -2.5534e-02 -1.3784e+00
517 +1.111102735e-03 +1.111102735e-03 -9.999988889e+02 -9.999988889e+02 +1.6235e+00 +6.1395e-01 +2.2746e+00 +2.6224e-02 -1.3526e+00
519 +1.057372416e-03 +1.057372416e-03 -9.999989426e+02 -9.999989426e+02 +1.6010e+00 +6.2327e-01 +2.3052e+00 -2.7876e-02 -1.3908e+00
522 +9.465686677e-04 +9.465686677e-04 -9.999990534e+02 -9.999990534e+02 +1.5961e+00 +6.2711e-01 +2.3149e+00 -5.4279e-02 -1.4202e+00
531 +9.232073461e-04 +9.232073461e-04 -9.999990768e+02 -9.999990768e+02 +1.5965e+00 +6.2503e-01 +2.3205e+00 -3.0733e-02 -1.4020e+00
534 +9.025173865e-04 +9.025173865e-04 -9.999990975e+02 -9.999990975e+02 +1.5951e+00 +6.1657e-01 +2.3040e+00 +1.3359e-02 -1.3847e+00
550 +8.805931062e-04 +8.805931062e-04 -9.999991194e+02 -9.999991194e+02 +1.5933e+00 +6.2312e-01 +2.3491e+00 -2.1253e-02 -1.4130e+00
565 +7.364124783e-04 +7.364124783e-04 -9.999992636e+02 -9.999992636e+02 +1.5839e+00 +6.4111e-01 +2.3745e+00 -1.0529e-02 -1.4260e+00
576 +7.221846519e-04 +7.221846519e-04 -9.999992778e+02 -9.999992778e+02 +1.5711e+00 +6.6653e-01 +2.4475e+00 -3.0069e-02 -1.4619e+00
598 +4.955176697e-04 +4.955176697e-04 -9.999995045e+02 -9.999995045e+02 +1.5555e+00 +7.1590e-01 +2.5084e+00 -5.3435e-02 -1.5280e+00
602 +3.519108026e-04 +3.519108026e-04 -9.999996481e+02 -9.999996481e+02 +1.5661e+00 +7.1422e-01 +2.4769e+00 -2.6927e-02 -1.4958e+00
611 +2.686955261e-04 +2.686955261e-04 -9.999997313e+02 -9.999997313e+02 +1.5224e+00 +7.3564e-01 +2.5616e+00 -8.3224e-02 -1.5688e+00
620 +1.727838365e-04 +1.727838365e-04 -9.999998272e+02 -9.999998272e+02 +1.5010e+00 +7.5407e-01 +2.5680e+00 -7.1267e-02 -1.5907e+00
644 +1.218718976e-04 +1.218718976e-04 -9.999998781e+02 -9.999998781e+02 +1.5125e+00 +7.3978e-01 +2.4972e+00 +1.1291e-02 -1.5231e+00
654 +9.628862631e-05 +9.628862631e-05 -9.999999037e+02 -9.999999037e+02 +1.5195e+00 +7.2200e-01 +2.4875e+00 +5.2022e-03 -1.5050e+00
667 +3.694120403e-05 +3.694120403e-05 -9.999999631e+02 -9.999999631e+02 +1.4892e+00 +7.3150e-01 +2.5027e+00 +3.0174e-02 -1.5055e+00
672 +3.393228144e-05 +3.393228144e-05 -9.999999661e+02 -9.999999661e+02 +1.4549e+00 +7.3828e-01 +2.5187e+00 +7.2331e-02 -1.5209e+00
674 +3.385470825e-05 +3.385470825e-05 -9.999999661e+02 -9.999999661e+02 +1.4486e+00 +7.6266e-01 +2.5317e+00 +9.1198e-02 -1.5071e+00
679 +2.647161750e-05 +2.647161750e-05 -9.999999735e+02 -9.999999735e+02 +1.4424e+00 +7.4872e-01 +2.5203e+00 +7.4804e-02 -1.5213e+00
694 +2.609163562e-05 +2.609163562e-05 -9.999999739e+02 -9.999999739e+02 +1.4158e+00 +7.7676e-01 +2.5662e+00 +1.2962e-01 -1.5262e+00
695 +1.972206053e-05 +1.972206053e-05 -9.999999803e+02 -9.999999803e+02 +1.4061e+00 +7.7009e-01 +2.5767e+00 +1.1018e-01 -1.5343e+00
709 +1.199486894e-05 +1.199486894e-05 -9.999999880e+02 -9.999999880e+02 +1.4487e+00 +7.6277e-01 +2.5476e+00 +7.6020e-02 -1.5281e+00
721 +1.119873434e-05 +1.119873434e-05 -9.999999888e+02 -9.999999888e+02 +1.4299e+00 +7.6295e-01 +2.5555e+00 +9.3881e-02 -1.5287e+00
737 +8.139083320e-06 +8.139083320e-06 -9.999999919e+02 -9.999999919e+02 +1.4351e+00 +7.6426e-01 +2.5642e+00 +9.2630e-02 -1.5298e+00
753 +7.951517091e-06 +7.951517091e-06 -9.999999920e+02 -9.999999920e+02 +1.4227e+00 +7.6737e-01 +2.5744e+00 +9.7166e-02 -1.5346e+00
758 +7.670924447e-06 +7.670924447e-06 -9.999999923e+02 -9.999999923e+02 +1.4308e+00 +7.6703e-01 +2.5726e+00 +9.5413e-02 -1.5316e+00
762 +7.569577747e-06 +7.569577747e-06 -9.999999924e+02 -9.999999924e+02 +1.4355e+00 +7.6584e-01 +2.5653e+00 +9.1125e-02 -1.5287e+00
838 +7.263647035e-06 +7.263647035e-06 -9.999999927e+02 -9.999999927e+02 +1.4395e+00 +7.6449e-01 +2.5661e+00 +8.5709e-02 -1.5293e+00
979 +7.208670922e-06 +7.208670922e-06 -9.999999928e+02 -9.999999928e+02 +1.4447e+00 +7.6279e-01 +2.5614e+00 +7.5431e-02 -1.5319e+00
983 +6.988787732e-06 +6.988787732e-06 -9.999999930e+02 -9.999999930e+02 +1.4421e+00 +7.6225e-01 +2.5646e+00 +7.6339e-02 -1.5334e+00
992 +6.773725090e-06 +6.773725090e-06 -9.999999932e+02 -9.999999932e+02 +1.4405e+00 +7.6342e-01 +2.5689e+00 +7.3670e-02 -1.5355e+00
997 +6.693248224e-06 +6.693248224e-06 -9.999999933e+02 -9.999999933e+02 +1.4387e+00 +7.6195e-01 +2.5668e+00 +7.2708e-02 -1.5363e+00
1008 +6.553594631e-06 +6.553594631e-06 -9.999999934e+02 -9.999999934e+02 +1.4344e+00 +7.6134e-01 +2.5695e+00 +6.7785e-02 -1.5410e+00
1012 +6.253743550e-06 +6.253743550e-06 -9.999999937e+02 -9.999999937e+02 +1.4282e+00 +7.6332e-01 +2.5771e+00 +5.5784e-02 -1.5513e+00
1043 +5.346263038e-06 +5.346263038e-06 -9.999999947e+02 -9.999999947e+02 +1.4288e+00 +7.5987e-01 +2.5777e+00 +4.4540e-02 -1.5571e+00
1044 +5.099906957e-06 +5.099906957e-06 -9.999999949e+02 -9.999999949e+02 +1.4306e+00 +7.5569e-01 +2.5745e+00 +3.7025e-02 -1.5575e+00
1055 +4.443790658e-06 +4.443790658e-06 -9.999999956e+02 -9.999999956e+02 +1.4276e+00 +7.5029e-01 +2.5806e+00 +2.0406e-02 -1.5698e+00
1062 +3.259857749e-06 +3.259857749e-06 -9.999999967e+02 -9.999999967e+02 +1.4240e+00 +7.4345e-01 +2.5864e+00 -4.4284e-03 -1.5824e+00
1065 +2.754547154e-06 +2.754547154e-06 -9.999999972e+02 -9.999999972e+02 +1.4223e+00 +7.4297e-01 +2.5878e+00 -5.0404e-03 -1.5802e+00
1078 +2.581535341e-06 +2.581535341e-06 -9.999999974e+02 -9.999999974e+02 +1.4187e+00 +7.4012e-01 +2.5913e+00 -1.8020e-02 -1.5868e+00
1083 +2.233406576e-06 +2.233406576e-06 -9.999999978e+02 -9.999999978e+02 +1.4207e+00 +7.4485e-01 +2.5920e+00 -1.0356e-02 -1.5875e+00
1092 +2.167530170e-06 +2.167530170e-06 -9.999999978e+02 -9.999999978e+02 +1.4201e+00 +7.4223e-01 +2.5914e+00 -1.6265e-02 -1.5897e+00
1094 +1.635164267e-06 +1.635164267e-06 -9.999999984e+02 -9.999999984e+02 +1.4106e+00 +7.3737e-01 +2.6042e+00 -6.0886e-02 -1.6173e+00
1130 +1.571665507e-06 +1.571665507e-06 -9.999999984e+02 -9.999999984e+02 +1.4074e+00 +7.3035e-01 +2.6033e+00 -8.4068e-02 -1.6294e+00
1144 +1.504111083e-06 +1.504111083e-06 -9.999999985e+02 -9.999999985e+02 +1.4049e+00 +7.3023e-01 +2.6042e+00 -9.0238e-02 -1.6316e+00
1146 +1.434361366e-06 +1.434361366e-06 -9.999999986e+02 -9.999999986e+02 +1.3985e+00 +7.2501e-01 +2.6076e+00 -1.1814e-01 -1.6517e+00
1153 +1.137266395e-06 +1.137266395e-06 -9.999999989e+02 -9.999999989e+02 +1.4079e+00 +7.3487e-01 +2.5959e+00 -5.6958e-02 -1.6130e+00
1169 +6.272691735e-07 +6.272691735e-07 -9.999999994e+02 -9.999999994e+02 +1.3843e+00 +7.1934e-01 +2.5974e+00 -8.8391e-02 -1.6309e+00
1193 +2.772569587e-07 +2.772569587e-07 -9.999999997e+02 -9.999999997e+02 +1.3913e+00 +7.3261e-01 +2.6037e+00 -7.9821e-02 -1.6353e+00
1224 +1.952776074e-07 +1.952776074e-07 -9.999999998e+02 -9.999999998e+02 +1.3833e+00 +7.2408e-01 +2.6050e+00 -9.9593e-02 -1.6438e+00
1227 +1.574308044e-07 +1.574308044e-07 -9.999999998e+02 -9.999999998e+02 +1.3842e+00 +7.2434e-01 +2.6107e+00 -1.0625e-01 -1.6510e+00
1231 +1.466244157e-07 +1.466244157e-07 -9.999999999e+02 -9.999999999e+02 +1.3755e+00 +7.2275e-01 +2.6085e+00 -1.1746e-01 -1.6595e+00
1232 +7.878236374e-08 +7.878236374e-08 -9.999999999e+02 -9.999999999e+02 +1.3792e+00 +7.2226e-01 +2.6131e+00 -1.1564e-01 -1.6573e+00
1250 +1.932926352e-08 +1.932926352e-08 -1.000000000e+03 -1.000000000e+03 +1.3690e+00 +7.1840e-01 +2.6199e+00 -1.2631e-01 -1.6683e+00
1274 +9.995119399e-09 +9.995119399e-09 -1.000000000e+03 -1.000000000e+03 +1.3538e+00 +7.0945e-01 +2.6289e+00 -1.5401e-01 -1.6871e+00
% function evaluation | noise-free fitness - Fopt (1.000000000000e+03) | best noise-free fitness - Fopt | measured fitness | best measured fitness | x1 | x2...
1 +7.299933294e+01 +7.299933294e+01 +1.072999333e+03 +1.072999333e+03 +0.0000e+00 +0.0000e+00 +0.0000e+00 +0.0000e+00 +0.0000e+00
2 +7.214806922e+01 +7.214806922e+01 +1.072148069e+03 +1.072148069e+03 +6.6817e-01 -6.8215e-01 +7.5005e-01 -2.3737e+00 -3.0318e-01
4 +6.874542918e+01 +6.874542918e+01 +1.068745429e+03 +1.068745429e+03 +6.2687e-01 -2.2954e-01 -7.1386e-01 +1.9890e-01 +7.1497e-01
6 +5.571444843e+01 +5.571444843e+01 +1.055714448e+03 +1.055714448e+03 +9.9477e-01 -2.1984e-01 +5.7917e-01 +3.4480e-01 +8.7248e-02
8 +5.028399865e+01 +5.028399865e+01 +1.050283999e+03 +1.050283999e+03 +5.2703e-01 -9.7394e-02 -2.8419e-01 -1.2555e+00 +2.8805e-01
17 +2.920135922e+01 +2.920135922e+01 +1.029201359e+03 +1.029201359e+03 +1.5677e+00 +4.1360e-01 +8.1398e-02 -8.0514e-01 +1.3269e+00
20 +2.261720010e+01 +2.261720010e+01 +1.022617200e+03 +1.022617200e+03 +1.6189e+00 +7.9931e-01 +2.3700e-01 -2.7408e+00 +3.8633e-01
33 +1.472397865e+01 +1.472397865e+01 +1.014723979e+03 +1.014723979e+03 +1.9716e+00 +1.9388e+00 +1.6054e+00 -2.1721e+00 -2.3809e-01
38 +1.191383674e+01 +1.191383674e+01 +1.011913837e+03 +1.011913837e+03 +1.6195e+00 +8.7075e-01 +1.1049e+00 -2.0287e+00 -6.7790e-01
57 +8.734083457e+00 +8.734083457e+00 +1.008734083e+03 +1.008734083e+03 +1.7009e+00 +1.2351e+00 +1.1457e+00 -2.4456e+00 -2.5432e-01
71 +7.418250127e+00 +7.418250127e+00 +1.007418250e+03 +1.007418250e+03 +1.6780e+00 +1.4525e+00 +1.3045e+00 -2.7080e+00 +1.9873e-01
102 +7.367466739e+00 +7.367466739e+00 +1.007367467e+03 +1.007367467e+03 +1.3859e+00 +1.6273e+00 +1.4727e+00 -4.9428e+00 -1.1178e+00
106 +7.188659003e+00 +7.188659003e+00 +1.007188659e+03 +1.007188659e+03 +1.1594e+00 +1.2883e+00 +1.4452e+00 -4.5475e+00 -1.7308e+00
129 +6.133168468e+00 +6.133168468e+00 +1.006133168e+03 +1.006133168e+03 +1.5354e+00 +1.8654e+00 +1.7666e+00 -4.5781e+00 -1.4654e+00
138 +4.901739118e+00 +4.901739118e+00 +1.004901739e+03 +1.004901739e+03 +1.1596e+00 +1.9114e+00 +1.7350e+00 -4.8109e+00 -8.7252e-01
184 +4.168780319e+00 +4.168780319e+00 +1.004168780e+03 +1.004168780e+03 +1.3216e+00 +2.6180e+00 +2.2577e+00 -4.0190e+00 +6.1317e-01
191 +4.153558841e+00 +4.153558841e+00 +1.004153559e+03 +1.004153559e+03 +1.8213e+00 +2.3903e+00 +2.2104e+00 -4.0278e+00 -1.3422e-01
223 +4.053422258e+00 +4.053422258e+00 +1.004053422e+03 +1.004053422e+03 +1.2826e+00 +2.6937e+00 +2.3077e+00 -4.9031e+00 +2.1579e-01
277 +3.817487848e+00 +3.817487848e+00 +1.003817488e+03 +1.003817488e+03 +1.6381e+00 +2.6104e+00 +2.2907e+00 -4.7452e+00 -1.1425e-01
285 +3.546964363e+00 +3.546964363e+00 +1.003546964e+03 +1.003546964e+03 +1.5983e+00 +2.5017e+00 +2.0614e+00 -4.5615e+00 +1.9091e-01
333 +3.347603270e+00 +3.347603270e+00 +1.003347603e+03 +1.003347603e+03 +1.5669e+00 +2.8311e+00 +2.5069e+00 -4.2910e+00 +8.4691e-01
340 +3.185717290e+00 +3.185717290e+00 +1.003185717e+03 +1.003185717e+03 +1.7780e+00 +2.7194e+00 +2.3263e+00 -4.0075e+00 +9.9853e-01
370 +2.921067846e+00 +2.921067846e+00 +1.002921068e+03 +1.002921068e+03 +1.6150e+00 +2.7559e+00 +2.1756e+00 -4.0529e+00 +1.1170e+00
388 +2.737599272e+00 +2.737599272e+00 +1.002737599e+03 +1.002737599e+03 +1.5818e+00 +2.7512e+00 +2.3147e+00 -4.2075e+00 +8.1327e-01
432 +2.670089289e+00 +2.670089289e+00 +1.002670089e+03 +1.002670089e+03 +1.6069e+00 +2.6717e+00 +2.2952e+00 -4.0730e+00 +6.3825e-01
496 +2.628278174e+00 +2.628278174e+00 +1.002628278e+03 +1.002628278e+03 +1.6405e+00 +2.5877e+00 +2.2065e+00 -3.9223e+00 +7.0937e-01
% function evaluation | noise-free fitness - Fopt (-4.913000000000e+01) | best noise-free fitness - Fopt | measured fitness | best measured fitness | x1 | x2...
1 +6.940722089e+01 +6.940722089e+01 +2.027722089e+01 +2.027722089e+01 +0.0000e+00 +0.0000e+00 +0.0000e+00 +0.0000e+00 +0.0000e+00
2 +5.043622487e+01 +5.043622487e+01 +1.306224870e+00 +1.306224870e+00 +4.9599e-01 +7.5645e-01 -5.6282e-01 -1.2524e+00 +1.0425e+00
5 +4.462156274e+01 +4.462156274e+01 -4.508437255e+00 -4.508437255e+00 -3.3254e-01 +1.2920e+00 +2.2265e-01 +4.0793e-01 +1.4263e+00
9 +4.343858893e+01 +4.343858893e+01 -5.691411068e+00 -5.691411068e+00 +4.7471e-02 +7.4166e-01 -4.4952e-02 +2.5335e-01 +6.4137e-01
12 +2.681635288e+01 +2.681635288e+01 -2.231364712e+01 -2.231364712e+01 -1.2648e+00 +6.9018e-01 -1.2321e+00 +4.6498e-01 +1.6305e+00
27 +9.848297022e+00 +9.848297022e+00 -3.928170298e+01 -3.928170298e+01 +1.0852e-01 +1.3472e+00 -2.5008e+00 -1.2457e-01 +2.4064e+00
50 +8.596551390e+00 +8.596551390e+00 -4.053344861e+01 -4.053344861e+01 -7.7923e-02 +1.4943e+00 -3.0505e+00 +1.5891e-01 +2.6900e+00
53 +8.279581908e+00 +8.279581908e+00 -4.085041809e+01 -4.085041809e+01 -1.1068e+00 +2.1161e+00 -3.1678e+00 +5.6763e-01 +2.2912e+00
54 +5.598578221e+00 +5.598578221e+00 -4.353142178e+01 -4.353142178e+01 -6.7834e-01 +1.4658e+00 -4.0045e+00 -6.6885e-01 +2.5984e+00
89 +3.754634184e+00 +3.754634184e+00 -4.537536582e+01 -4.537536582e+01 -8.6721e-01 +1.8226e+00 -4.1981e+00 -1.2444e-01 +2.3160e+00
101 +2.737058224e+00 +2.737058224e+00 -4.639294178e+01 -4.639294178e+01 -1.1205e+00 +1.8135e+00 -3.8394e+00 +1.1497e-01 +2.0688e+00
103 +2.495171369e+00 +2.495171369e+00 -4.663482863e+01 -4.663482863e+01 -1.2501e+00 +2.2043e+00 -3.6802e+00 +3.0924e-01 +2.0166e+00
106 +2.365743557e+00 +2.365743557e+00 -4.676425644e+01 -4.676425644e+01 -1.0727e+00 +1.9664e+00 -3.8197e+00 +3.0307e-01 +2.1002e+00
126 +2.168088648e+00 +2.168088648e+00 -4.696191135e+01 -4.696191135e+01 -8.5842e-01 +1.7501e+00 -3.6098e+00 +3.4116e-01 +2.2277e+00
135 +2.132105629e+00 +2.132105629e+00 -4.699789437e+01 -4.699789437e+01 -8.6446e-01 +1.8236e+00 -3.4341e+00 +8.9990e-02 +2.1737e+00
136 +2.084045625e+00 +2.084045625e+00 -4.704595437e+01 -4.704595437e+01 -9.3113e-01 +1.9363e+00 -3.5122e+00 +3.6172e-01 +2.1871e+00
183 +2.026045089e+00 +2.026045089e+00 -4.710395491e+01 -4.710395491e+01 -1.1171e+00 +1.7165e+00 -2.9025e+00 +5.8944e-01 +1.8185e+00
236 +1.994811667e+00 +1.994811667e+00 -4.713518833e+01 -4.713518833e+01 -1.0534e+00 +1.8455e+00 -3.0375e+00 +1.0201e+00 +1.9469e+00
% function evaluation | noise-free fitness - Fopt (2.977300000000e+02) | best noise-free fitness - Fopt | measured fitness | best measured fitness | x1 | x2...
1 +4.678244042e+01 +4.678244042e+01 +3.445124404e+02 +3.445124404e+02 +0.0000e+00 +0.0000e+00 +0.0000e+00 +0.0000e+00 +0.0000e+00
3 +2.494550795e+01 +2.494550795e+01 +3.226755080e+02 +3.226755080e+02 +1.3994e+00 +5.9392e-01 +2.5619e-01 +1.3806e+00 -1.1048e+00
11 +1.680977766e+01 +1.680977766e+01 +3.145397777e+02 +3.145397777e+02 +8.7956e-01 -8.7515e-01 +4.2808e-01 -3.7808e-01 +7.6002e-01
21 +1.299848338e+01 +1.299848338e+01 +3.107284834e+02 +3.107284834e+02 -4.7026e-01 -2.0934e+00 +1.1304e+00 -4.3716e-01 -3.4845e-01
83 +9.710668317e+00 +9.710668317e+00 +3.074406683e+02 +3.074406683e+02 -3.3415e-01 -1.8834e+00 +1.7945e+00 +3.4048e-01 +6.6366e-01
92 +9.105995458e+00 +9.105995458e+00 +3.068359955e+02 +3.068359955e+02 -4.6190e-01 -1.7498e+00 +1.7890e+00 -6.0949e-01 +5.1089e-01
94 +8.136400940e+00 +8.136400940e+00 +3.058664009e+02 +3.058664009e+02 -6.1608e-01 -1.5891e+00 +1.3734e+00 -6.9183e-03 +6.3875e-01
95 +7.826503607e+00 +7.826503607e+00 +3.055565036e+02 +3.055565036e+02 +9.6682e-02 -1.7780e+00 +1.3410e+00 -3.0170e-01 +5.2863e-01
124 +7.634737128e+00 +7.634737128e+00 +3.053647371e+02 +3.053647371e+02 -2.0004e-01 -1.6817e+00 +1.2485e+00 -2.0745e-01 +6.1885e-01
132 +7.475500148e+00 +7.475500148e+00 +3.052055001e+02 +3.052055001e+02 -2.9355e-01 -1.8444e+00 +1.1726e+00 -5.4959e-01 +4.8248e-01
142 +7.408422903e+00 +7.408422903e+00 +3.051384229e+02 +3.051384229e+02 -6.0125e-01 -1.8897e+00 +1.0562e+00 -5.2804e-01 +6.0083e-01
% function evaluation | noise-free fitness - Fopt (5.157000000000e+01) | best noise-free fitness - Fopt | measured fitness | best measured fitness | x1 | x2...
1 +7.372267219e+01 +7.372267219e+01 +1.252926722e+02 +1.252926722e+02 +0.0000e+00 +0.0000e+00 +0.0000e+00 +0.0000e+00 +0.0000e+00
3 +7.229825706e+01 +7.229825706e+01 +1.238682571e+02 +1.238682571e+02 -7.1006e-01 -8.6421e-01 +3.4457e-01 -1.5205e-01 -2.5901e-01
7 +6.923714545e+01 +6.923714545e+01 +1.208071454e+02 +1.208071454e+02 +6.4365e-01 +8.8243e-01 +1.4104e+00 -5.4435e-01 +1.6579e+00
14 +6.727209457e+01 +6.727209457e+01 +1.188420946e+02 +1.188420946e+02 +7.0129e-02 +1.8226e+00 +1.6479e+00 -7.9365e-01 +1.3304e+00
24 +6.079266001e+01 +6.079266001e+01 +1.123626600e+02 +1.123626600e+02 +4.9521e-02 +1.7986e+00 -6.5209e-02 -1.3831e+00 +6.2102e-01
30 +5.731646089e+01 +5.731646089e+01 +1.088864609e+02 +1.088864609e+02 -1.8521e-01 +1.5414e+00 +9.7451e-01 -1.5859e+00 +1.1552e+00
37 +5.607140752e+01 +5.607140752e+01 +1.076414075e+02 +1.076414075e+02 -7.8660e-01 +2.4099e+00 +6.4332e-01 -3.6082e+00 +1.2724e+00
52 +5.052425999e+01 +5.052425999e+01 +1.020942600e+02 +1.020942600e+02 -8.6334e-01 +3.0237e+00 -5.6566e-01 -2.4369e+00 +1.5696e+00
53 +4.852014027e+01 +4.852014027e+01 +1.000901403e+02 +1.000901403e+02 -1.7278e+00 +3.6144e+00 +4.5508e-01 -4.2155e+00 +2.3981e+00
57 +1.521706746e+01 +1.521706746e+01 +6.678706746e+01 +6.678706746e+01 -1.1329e+00 +2.9422e+00 +1.1287e-01 -3.7003e+00 +1.9266e+00
73 +1.460663137e+01 +1.460663137e+01 +6.617663137e+01 +6.617663137e+01 -4.3837e-01 +3.5290e+00 -6.1458e-01 -2.6865e+00 +1.8318e+00
80 +1.380543655e+01 +1.380543655e+01 +6.537543655e+01 +6.537543655e+01 -1.0807e+00 +2.6231e+00 +3.5391e-01 -3.6143e+00 +1.6121e+00
82 +1.031497209e+01 +1.031497209e+01 +6.188497209e+01 +6.188497209e+01 -9.2462e-01 +3.6983e+00 -6.9904e-01 -3.3575e+00 +1.2120e+00
92 +9.750312186e+00 +9.750312186e+00 +6.132031219e+01 +6.132031219e+01 -8.4407e-01 +3.8114e+00 -7.3840e-01 -3.2085e+00 +1.2225e+00
93 +7.237801085e+00 +7.237801085e+00 +5.880780108e+01 +5.880780108e+01 -7.1895e-01 +2.5672e+00 -5.6150e-01 -3.7113e+00 +1.5162e+00
134 +4.950396531e+00 +4.950396531e+00 +5.652039653e+01 +5.652039653e+01 -3.2295e-02 +1.1522e+00 -4.0112e-01 -3.8287e+00 +1.7485e+00
140 +3.715595928e+00 +3.715595928e+00 +5.528559593e+01 +5.528559593e+01 -3.6220e-01 +2.0266e+00 -6.2309e-01 -3.5146e+00 +1.4589e+00
156 +2.959180234e+00 +2.959180234e+00 +5.452918023e+01 +5.452918023e+01 -2.9557e-01 +2.1153e+00 -8.3990e-01 -3.4291e+00 +1.5741e+00
174 +1.793711861e+00 +1.793711861e+00 +5.336371186e+01 +5.336371186e+01 +2.4767e-01 +1.5696e+00 -9.7528e-01 -3.1455e+00 +1.6486e+00
185 +7.065785666e-01 +7.065785666e-01 +5.227657857e+01 +5.227657857e+01 +5.8924e-01 +1.2148e+00 -1.2928e+00 -3.3107e+00 +1.7155e+00
188 +6.164400689e-01 +6.164400689e-01 +5.218644007e+01 +5.218644007e+01 +5.3818e-01 +1.2853e+00 -1.0352e+00 -2.9896e+00 +1.6096e+00
229 +5.142742645e-01 +5.142742645e-01 +5.208427426e+01 +5.208427426e+01 +8.0125e-01 +1.1534e+00 -9.1226e-01 -2.8410e+00 +1.6576e+00
235 +2.632809281e-01 +2.632809281e-01 +5.183328093e+01 +5.183328093e+01 +1.1159e+00 +7.4510e-01 -1.0125e+00 -2.7392e+00 +1.7513e+00
242 +2.013233533e-01 +2.013233533e-01 +5.177132335e+01 +5.177132335e+01 +1.0269e+00 +8.9911e-01 -1.1828e+00 -2.7727e+00 +1.6850e+00
248 +1.713323106e-01 +1.713323106e-01 +5.174133231e+01 +5.174133231e+01 +1.2911e+00 +5.1745e-01 -1.0459e+00 -2.6977e+00 +1.8032e+00
252 +1.282923478e-01 +1.282923478e-01 +5.169829235e+01 +5.169829235e+01 +1.6090e+00 +1.3402e-01 -1.2170e+00 -2.5811e+00 +1.7132e+00
274 +1.125696022e-01 +1.125696022e-01 +5.168256960e+01 +5.168256960e+01 +1.8378e+00 +7.7668e-02 -1.6454e+00 -2.4482e+00 +1.6216e+00
290 +3.942565336e-02 +3.942565336e-02 +5.160942565e+01 +5.160942565e+01 +1.7555e+00 +1.4716e-01 -1.5916e+00 -2.5925e+00 +1.6193e+00
293 +1.697235385e-02 +1.697235385e-02 +5.158697235e+01 +5.158697235e+01 +2.1064e+00 +7.2209e-02 -1.8661e+00 -2.5613e+00 +1.7394e+00
297 +1.596086758e-02 +1.596086758e-02 +5.158596087e+01 +5.158596087e+01 +1.9019e+00 +5.6252e-02 -1.7692e+00 -2.5875e+00 +1.6585e+00
307 +1.268252392e-02 +1.268252392e-02 +5.158268252e+01 +5.158268252e+01 +2.0359e+00 +8.6072e-02 -1.7828e+00 -2.5153e+00 +1.6673e+00
327 +9.938360396e-03 +9.938360396e-03 +5.157993836e+01 +5.157993836e+01 +2.0868e+00 -8.6276e-03 -1.7290e+00 -2.4455e+00 +1.7078e+00
348 +7.983900466e-03 +7.983900466e-03 +5.157798390e+01 +5.157798390e+01 +1.8757e+00 +2.4886e-01 -1.7249e+00 -2.5581e+00 +1.7368e+00
395 +3.925279951e-03 +3.925279951e-03 +5.157392528e+01 +5.157392528e+01 +2.0509e+00 +1.6064e-01 -1.8796e+00 -2.4653e+00 +1.6453e+00
425 +3.628371927e-03 +3.628371927e-03 +5.157362837e+01 +5.157362837e+01 +2.1011e+00 +1.7187e-01 -1.8487e+00 -2.3555e+00 +1.6706e+00
656 +3.499137645e-03 +3.499137645e-03 +5.157349914e+01 +5.157349914e+01 +2.0030e+00 +2.8151e-01 -1.8164e+00 -2.4106e+00 +1.6781e+00
668 +3.424077333e-03 +3.424077333e-03 +5.157342408e+01 +5.157342408e+01 +1.9993e+00 +2.6910e-01 -1.8111e+00 -2.4097e+00 +1.6607e+00
684 +3.353661549e-03 +3.353661549e-03 +5.157335366e+01 +5.157335366e+01 +1.9992e+00 +3.1201e-01 -1.8264e+00 -2.3973e+00 +1.6338e+00
688 +2.615181383e-03 +2.615181383e-03 +5.157261518e+01 +5.157261518e+01 +2.0082e+00 +3.6270e-01 -1.8497e+00 -2.3689e+00 +1.6524e+00
712 +2.043472942e-03 +2.043472942e-03 +5.157204347e+01 +5.157204347e+01 +1.9881e+00 +4.9349e-01 -1.9260e+00 -2.3563e+00 +1.6161e+00
722 +1.769110950e-03 +1.769110950e-03 +5.157176911e+01 +5.157176911e+01 +1.9987e+00 +4.8760e-01 -1.8724e+00 -2.3178e+00 +1.6277e+00
734 +1.732877380e-03 +1.732877380e-03 +5.157173288e+01 +5.157173288e+01 +2.0023e+00 +5.2921e-01 -1.8941e+00 -2.3077e+00 +1.6121e+00
741 +1.186675211e-03 +1.186675211e-03 +5.157118668e+01 +5.157118668e+01 +1.9958e+00 +4.8315e-01 -1.8820e+00 -2.3145e+00 +1.6145e+00
764 +1.027731809e-03 +1.027731809e-03 +5.157102773e+01 +5.157102773e+01 +2.0239e+00 +4.7011e-01 -1.9173e+00 -2.3084e+00 +1.5941e+00
777 +9.498847873e-04 +9.498847873e-04 +5.157094988e+01 +5.157094988e+01 +2.0345e+00 +5.1858e-01 -1.9550e+00 -2.2897e+00 +1.5836e+00
784 +9.155407590e-04 +9.155407590e-04 +5.157091554e+01 +5.157091554e+01 +2.0084e+00 +5.2767e-01 -1.9136e+00 -2.2803e+00 +1.5793e+00
814 +8.338555971e-04 +8.338555971e-04 +5.157083386e+01 +5.157083386e+01 +1.9975e+00 +5.9718e-01 -1.9598e+00 -2.2533e+00 +1.5509e+00
825 +7.961567547e-04 +7.961567547e-04 +5.157079616e+01 +5.157079616e+01 +2.0136e+00 +5.8964e-01 -1.9541e+00 -2.2303e+00 +1.5421e+00
837 +7.818748447e-04 +7.818748447e-04 +5.157078187e+01 +5.157078187e+01 +2.0103e+00 +6.0137e-01 -1.9521e+00 -2.2464e+00 +1.5610e+00
843 +7.036842589e-04 +7.036842589e-04 +5.157070368e+01 +5.157070368e+01 +1.9909e+00 +6.3795e-01 -1.9413e+00 -2.2284e+00 +1.5547e+00
856 +5.558542945e-04 +5.558542945e-04 +5.157055585e+01 +5.157055585e+01 +1.9903e+00 +6.7041e-01 -1.9388e+00 -2.1988e+00 +1.5418e+00
884 +4.961687648e-04 +4.961687648e-04 +5.157049617e+01 +5.157049617e+01 +1.9683e+00 +7.8867e-01 -1.9279e+00 -2.1437e+00 +1.5282e+00
909 +4.472316395e-04 +4.472316395e-04 +5.157044723e+01 +5.157044723e+01 +1.9647e+00 +7.7147e-01 -1.9300e+00 -2.1613e+00 +1.5236e+00
914 +4.441060044e-04 +4.441060044e-04 +5.157044411e+01 +5.157044411e+01 +1.9612e+00 +7.6788e-01 -1.9360e+00 -2.1549e+00 +1.5129e+00
962 +3.793331259e-04 +3.793331259e-04 +5.157037933e+01 +5.157037933e+01 +1.9724e+00 +7.3964e-01 -1.9575e+00 -2.1815e+00 +1.5218e+00
975 +3.345886723e-04 +3.345886723e-04 +5.157033459e+01 +5.157033459e+01 +1.9702e+00 +7.6265e-01 -1.9700e+00 -2.1803e+00 +1.5060e+00
991 +2.979730910e-04 +2.979730910e-04 +5.157029797e+01 +5.157029797e+01 +1.9818e+00 +7.5499e-01 -1.9728e+00 -2.1689e+00 +1.5096e+00
1003 +2.840635864e-04 +2.840635864e-04 +5.157028406e+01 +5.157028406e+01 +1.9907e+00 +7.7713e-01 -1.9865e+00 -2.1620e+00 +1.5185e+00
1018 +2.728120699e-04 +2.728120699e-04 +5.157027281e+01 +5.157027281e+01 +2.0027e+00 +7.6807e-01 -1.9924e+00 -2.1546e+00 +1.5197e+00
1027 +2.673403395e-04 +2.673403395e-04 +5.157026734e+01 +5.157026734e+01 +1.9977e+00 +7.5085e-01 -1.9861e+00 -2.1610e+00 +1.5111e+00
1058 +2.619049436e-04 +2.619049436e-04 +5.157026190e+01 +5.157026190e+01 +2.0031e+00 +7.5405e-01 -1.9810e+00 -2.1534e+00 +1.5153e+00
1065 +2.553236803e-04 +2.553236803e-04 +5.157025532e+01 +5.157025532e+01 +2.0014e+00 +7.5977e-01 -1.9863e+00 -2.1480e+00 +1.5118e+00
1074 +2.483806635e-04 +2.483806635e-04 +5.157024838e+01 +5.157024838e+01 +2.0212e+00 +7.4825e-01 -1.9947e+00 -2.1386e+00 +1.5169e+00
1081 +2.404003259e-04 +2.404003259e-04 +5.157024040e+01 +5.157024040e+01 +2.0154e+00 +7.5722e-01 -1.9942e+00 -2.1437e+00 +1.5126e+00
1084 +2.351427490e-04 +2.351427490e-04 +5.157023514e+01 +5.157023514e+01 +2.0133e+00 +7.6361e-01 -2.0019e+00 -2.1436e+00 +1.5098e+00
1088 +2.287658187e-04 +2.287658187e-04 +5.157022877e+01 +5.157022877e+01 +2.0238e+00 +7.6066e-01 -1.9979e+00 -2.1306e+00 +1.5122e+00
1095 +2.237989782e-04 +2.237989782e-04 +5.157022380e+01 +5.157022380e+01 +2.0343e+00 +7.6580e-01 -1.9996e+00 -2.1212e+00 +1.5083e+00
1104 +2.064236488e-04 +2.064236488e-04 +5.157020642e+01 +5.157020642e+01 +2.0466e+00 +7.7050e-01 -2.0055e+00 -2.1034e+00 +1.5050e+00
1114 +1.851951272e-04 +1.851951272e-04 +5.157018520e+01 +5.157018520e+01 +2.0671e+00 +7.7627e-01 -2.0213e+00 -2.0804e+00 +1.5048e+00
1135 +1.774516344e-04 +1.774516344e-04 +5.157017745e+01 +5.157017745e+01 +2.0914e+00 +7.8401e-01 -2.0372e+00 -2.0574e+00 +1.4972e+00
1158 +1.453099092e-04 +1.453099092e-04 +5.157014531e+01 +5.157014531e+01 +2.0967e+00 +7.8394e-01 -2.0485e+00 -2.0482e+00 +1.4914e+00
1164 +1.335890466e-04 +1.335890466e-04 +5.157013359e+01 +5.157013359e+01 +2.1239e+00 +8.0582e-01 -2.0761e+00 -2.0206e+00 +1.4807e+00
1173 +1.242297760e-04 +1.242297760e-04 +5.157012423e+01 +5.157012423e+01 +2.1359e+00 +8.1432e-01 -2.0895e+00 -2.0043e+00 +1.4719e+00
1174 +1.221460699e-04 +1.221460699e-04 +5.157012215e+01 +5.157012215e+01 +2.1246e+00 +8.1644e-01 -2.0841e+00 -2.0177e+00 +1.4777e+00
1181 +1.142702034e-04 +1.142702034e-04 +5.157011427e+01 +5.157011427e+01 +2.1282e+00 +8.0974e-01 -2.0858e+00 -2.0071e+00 +1.4746e+00
1187 +1.111292983e-04 +1.111292983e-04 +5.157011113e+01 +5.157011113e+01 +2.1322e+00 +8.1457e-01 -2.0945e+00 -2.0034e+00 +1.4731e+00
1192 +1.053741574e-04 +1.053741574e-04 +5.157010537e+01 +5.157010537e+01 +2.1509e+00 +8.3913e-01 -2.1181e+00 -1.9836e+00 +1.4610e+00
1193 +1.012248104e-04 +1.012248104e-04 +5.157010122e+01 +5.157010122e+01 +2.1403e+00 +8.3466e-01 -2.1068e+00 -1.9920e+00 +1.4631e+00
1203 +9.473717151e-05 +9.473717151e-05 +5.157009474e+01 +5.157009474e+01 +2.1418e+00 +8.4271e-01 -2.1174e+00 -1.9903e+00 +1.4592e+00
1207 +9.015268359e-05 +9.015268359e-05 +5.157009015e+01 +5.157009015e+01 +2.1289e+00 +8.3965e-01 -2.1074e+00 -2.0019e+00 +1.4622e+00
1218 +7.773835020e-05 +7.773835020e-05 +5.157007774e+01 +5.157007774e+01 +2.1312e+00 +8.5975e-01 -2.1155e+00 -1.9854e+00 +1.4577e+00
1227 +7.288437757e-05 +7.288437757e-05 +5.157007288e+01 +5.157007288e+01 +2.1207e+00 +8.6070e-01 -2.1051e+00 -1.9885e+00 +1.4557e+00
1242 +7.151393478e-05 +7.151393478e-05 +5.157007151e+01 +5.157007151e+01 +2.1185e+00 +8.6434e-01 -2.1188e+00 -1.9982e+00 +1.4531e+00
1262 +6.766479588e-05 +6.766479588e-05 +5.157006766e+01 +5.157006766e+01 +2.1316e+00 +9.0377e-01 -2.1325e+00 -1.9740e+00 +1.4416e+00
1268 +5.341541051e-05 +5.341541051e-05 +5.157005342e+01 +5.157005342e+01 +2.1220e+00 +9.1286e-01 -2.1264e+00 -1.9726e+00 +1.4370e+00
1275 +4.491880411e-05 +4.491880411e-05 +5.157004492e+01 +5.157004492e+01 +2.1250e+00 +9.2564e-01 -2.1455e+00 -1.9702e+00 +1.4321e+00
1278 +4.171744831e-05 +4.171744831e-05 +5.157004172e+01 +5.157004172e+01 +2.1231e+00 +9.6816e-01 -2.1486e+00 -1.9516e+00 +1.4246e+00
1283 +3.456690435e-05 +3.456690435e-05 +5.157003457e+01 +5.157003457e+01 +2.1245e+00 +9.6190e-01 -2.1455e+00 -1.9493e+00 +1.4267e+00
1290 +3.104720297e-05 +3.104720297e-05 +5.157003105e+01 +5.157003105e+01 +2.1196e+00 +9.6672e-01 -2.1404e+00 -1.9477e+00 +1.4248e+00
1293 +2.765905183e-05 +2.765905183e-05 +5.157002766e+01 +5.157002766e+01 +2.1125e+00 +9.8300e-01 -2.1388e+00 -1.9459e+00 +1.4277e+00
1296 +2.417133247e-05 +2.417133247e-05 +5.157002417e+01 +5.157002417e+01 +2.1138e+00 +9.8562e-01 -2.1447e+00 -1.9399e+00 +1.4239e+00
1302 +1.336931933e-05 +1.336931933e-05 +5.157001337e+01 +5.157001337e+01 +2.1050e+00 +1.0025e+00 -2.1426e+00 -1.9266e+00 +1.4157e+00
1312 +6.540261232e-06 +6.540261232e-06 +5.157000654e+01 +5.157000654e+01 +2.1021e+00 +1.0617e+00 -2.1484e+00 -1.8945e+00 +1.4027e+00
1332 +5.243667104e-06 +5.243667104e-06 +5.157000524e+01 +5.157000524e+01 +2.1097e+00 +1.1080e+00 -2.1671e+00 -1.8532e+00 +1.3834e+00
1336 +4.428196618e-06 +4.428196618e-06 +5.157000443e+01 +5.157000443e+01 +2.1152e+00 +1.1108e+00 -2.1757e+00 -1.8593e+00 +1.3881e+00
1342 +1.591889649e-06 +1.591889649e-06 +5.157000159e+01 +5.157000159e+01 +2.1148e+00 +1.1686e+00 -2.1964e+00 -1.8219e+00 +1.3669e+00
1377 +1.122158757e-06 +1.122158757e-06 +5.157000112e+01 +5.157000112e+01 +2.1046e+00 +1.1830e+00 -2.2084e+00 -1.8346e+00 +1.3517e+00
1389 +4.995011125e-07 +4.995011125e-07 +5.157000050e+01 +5.157000050e+01 +2.1043e+00 +1.2292e+00 -2.2262e+00 -1.8090e+00 +1.3366e+00
1404 +2.130240802e-07 +2.130240802e-07 +5.157000021e+01 +5.157000021e+01 +2.0994e+00 +1.2300e+00 -2.2262e+00 -1.8165e+00 +1.3419e+00
1414 +1.912373975e-07 +1.912373975e-07 +5.157000019e+01 +5.157000019e+01 +2.0920e+00 +1.2278e+00 -2.2202e+00 -1.8229e+00 +1.3418e+00
1416 +1.341296993e-07 +1.341296993e-07 +5.157000013e+01 +5.157000013e+01 +2.0964e+00 +1.2661e+00 -2.2349e+00 -1.7971e+00 +1.3303e+00
1423 +5.149968274e-08 +5.149968274e-08 +5.157000005e+01 +5.157000005e+01 +2.0947e+00 +1.2616e+00 -2.2292e+00 -1.8039e+00 +1.3366e+00
1498 +5.008593007e-08 +5.008593007e-08 +5.157000005e+01 +5.157000005e+01 +2.0967e+00 +1.2743e+00 -2.2343e+00 -1.7934e+00 +1.3322e+00
1513 +3.817917360e-08 +3.817917360e-08 +5.157000004e+01 +5.157000004e+01 +2.0939e+00 +1.2877e+00 -2.2344e+00 -1.7884e+00 +1.3290e+00
1549 +3.666385595e-08 +3.666385595e-08 +5.157000004e+01 +5.157000004e+01 +2.0936e+00 +1.2769e+00 -2.2268e+00 -1.7914e+00 +1.3304e+00
1555 +2.697787238e-08 +2.697787238e-08 +5.157000003e+01 +5.157000003e+01 +2.0908e+00 +1.2971e+00 -2.2316e+00 -1.7808e+00 +1.3239e+00
1562 +1.950962769e-08 +1.950962769e-08 +5.157000002e+01 +5.157000002e+01 +2.0945e+00 +1.2775e+00 -2.2279e+00 -1.7902e+00 +1.3308e+00
1563 +1.471104838e-08 +1.471104838e-08 +5.157000001e+01 +5.157000001e+01 +2.0899e+00 +1.2994e+00 -2.2320e+00 -1.7804e+00 +1.3240e+00
1572 +1.266025151e-08 +1.266025151e-08 +5.157000001e+01 +5.157000001e+01 +2.0899e+00 +1.3035e+00 -2.2326e+00 -1.7798e+00 +1.3245e+00
1575 +1.201128441e-08 +1.201128441e-08 +5.157000001e+01 +5.157000001e+01 +2.0918e+00 +1.2805e+00 -2.2279e+00 -1.7899e+00 +1.3298e+00
1601 +1.124102056e-08 +1.124102056e-08 +5.157000001e+01 +5.157000001e+01 +2.0881e+00 +1.3030e+00 -2.2304e+00 -1.7817e+00 +1.3262e+00
1602 +1.074295142e-08 +1.074295142e-08 +5.157000001e+01 +5.157000001e+01 +2.0891e+00 +1.2940e+00 -2.2296e+00 -1.7844e+00 +1.3286e+00
1625 +5.712017526e-09 +5.712017526e-09 +5.157000001e+01 +5.157000001e+01 +2.0871e+00 +1.2976e+00 -2.2285e+00 -1.7850e+00 +1.3286e+00
2652 +0.000000000e+00 +0.000000000e+00 +5.157000000e+01 +5.157000000e+01 +2.0764e+00 +1.2779e+00 -2.2134e+00 -1.8039e+00 +1.3356e+00
% function evaluation | noise-free fitness - Fopt (-3.339100000000e+02) | best noise-free fitness - Fopt | measured fitness | best measured fitness | x1 | x2...
1 +7.553265956e+01 +7.553265956e+01 -2.583773404e+02 -2.583773404e+02 +0.0000e+00 +0.0000e+00 +0.0000e+00 +0.0000e+00 +0.0000e+00
2 +7.067970319e+01 +7.067970319e+01 -2.632302968e+02 -2.632302968e+02 -1.0446e+00 -2.7486e-01 -5.7115e-01 +8.1445e-02 +3.9684e-01
9 +6.663806228e+01 +6.663806228e+01 -2.672719377e+02 -2.672719377e+02 +1.4548e+00 -8.5452e-01 +4.4085e-01 -1.9481e+00 +9.3607e-01
18 +2.840224307e+01 +2.840224307e+01 -3.055077569e+02 -3.055077569e+02 +2.1926e+00 +4.5969e-03 -9.8416e-02 -1.7649e+00 -8.6683e-01
23 +1.632507993e+01 +1.632507993e+01 -3.175849201e+02 -3.175849201e+02 +2.1716e+00 +9.1265e-03 -2.6119e-01 -2.1004e+00 -8.9577e-01
29 +9.631800327e+00 +9.631800327e+00 -3.242781997e+02 -3.242781997e+02 +2.7087e+00 +1.1598e-01 +4.9770e-01 -2.1441e+00 -5.5246e-01
30 +7.981007490e+00 +7.981007490e+00 -3.259289925e+02 -3.259289925e+02 +3.3543e+00 -1.1571e+00 -1.2875e+00 -1.4806e+00 -3.2804e-01
56 +7.384692990e+00 +7.384692990e+00 -3.265253070e+02 -3.265253070e+02 +2.5854e+00 -4.7404e-01 -1.5234e+00 -2.7234e+00 -7.1172e-01
61 +4.768302647e+00 +4.768302647e+00 -3.291416974e+02 -3.291416974e+02 +2.3031e+00 -3.0324e-01 +1.8113e-01 -2.4172e+00 -8.1465e-01
69 +3.034045007e+00 +3.034045007e+00 -3.308759550e+02 -3.308759550e+02 +3.0309e+00 -1.0394e+00 +3.2172e-01 -2.0475e+00 -6.2146e-01
85 +2.758490611e+00 +2.758490611e+00 -3.311515094e+02 -3.311515094e+02 +2.9231e+00 -6.6033e-01 -6.3782e-01 -2.2382e+00 -3.6642e-01
122 +2.310236403e+00 +2.310236403e+00 -3.315997636e+02 -3.315997636e+02 +3.4162e+00 -8.7685e-01 +8.9276e-01 -2.0128e+00 -3.9388e-01
136 +2.034157657e+00 +2.034157657e+00 -3.318758423e+02 -3.318758423e+02 +3.3652e+00 -8.6076e-01 +8.5998e-01 -1.8963e+00 -1.7155e-02
144 +1.977357983e+00 +1.977357983e+00 -3.319326420e+02 -3.319326420e+02 +3.0440e+00 -9.0036e-01 +3.5648e-01 -2.4781e+00 +7.9117e-02
151 +1.669489263e+00 +1.669489263e+00 -3.322405107e+02 -3.322405107e+02 +3.5091e+00 -9.4770e-01 +9.1097e-01 -2.1169e+00 +4.4704e-02
153 +1.304778359e+00 +1.304778359e+00 -3.326052216e+02 -3.326052216e+02 +3.3494e+00 -7.0874e-01 +1.0216e+00 -2.3179e+00 +3.0918e-01
158 +1.048821656e+00 +1.048821656e+00 -3.328611783e+02 -3.328611783e+02 +3.4147e+00 -7.6532e-01 +1.2021e+00 -2.2678e+00 +1.3184e-01
178 +8.479261845e-01 +8.479261845e-01 -3.330620738e+02 -3.330620738e+02 +3.3223e+00 -5.3043e-01 +1.5010e+00 -2.4726e+00 +1.1668e-01
197 +8.117846946e-01 +8.117846946e-01 -3.330982153e+02 -3.330982153e+02 +3.3142e+00 -4.4658e-01 +1.6156e+00 -2.5586e+00 +1.8075e-01
247 +7.576444756e-01 +7.576444756e-01 -3.331523555e+02 -3.331523555e+02 +3.2179e+00 -4.8706e-01 +1.6573e+00 -2.4623e+00 +1.4179e-01
281 +7.273449019e-01 +7.273449019e-01 -3.331826551e+02 -3.331826551e+02 +3.2306e+00 -4.4159e-01 +1.6542e+00 -2.6153e+00 +2.3900e-01
331 +7.067305033e-01 +7.067305033e-01 -3.332032695e+02 -3.332032695e+02 +3.2291e+00 -4.1440e-01 +1.8531e+00 -2.5822e+00 +2.1061e-01
% function evaluation | noise-free fitness - Fopt (4.476100000000e+02) | best noise-free fitness - Fopt | measured fitness | best measured fitness | x1 | x2...
1 +7.338578982e+01 +7.338578982e+01 +5.209957898e+02 +5.209957898e+02 +0.0000e+00 +0.0000e+00 +0.0000e+00 +0.0000e+00 +0.0000e+00
3 +6.820957739e+01 +6.820957739e+01 +5.158195774e+02 +5.158195774e+02 -4.1262e-01 -7.4333e-01 -1.1943e+00 +5.6210e-01 +2.1391e-01
4 +5.873777209e+01 +5.873777209e+01 +5.063477721e+02 +5.063477721e+02 -1.3777e+00 +2.2393e-01 +1.1946e+00 +1.3207e+00 -4.0938e-01
10 +4.820723400e+01 +4.820723400e+01 +4.958172340e+02 +4.958172340e+02 -9.1686e-01 +5.3010e-01 +1.9241e+00 -4.3645e-01 -1.0037e+00
17 +2.555806140e+01 +2.555806140e+01 +4.731680614e+02 +4.731680614e+02 -2.5466e+00 +2.0477e+00 +2.1200e+00 -1.4078e+00 -1.1302e+00
27 +1.916551054e+01 +1.916551054e+01 +4.667755105e+02 +4.667755105e+02 -3.1022e+00 +3.0426e+00 +9.6197e-01 -3.0859e+00 +6.1450e-01
101 +1.753572799e+01 +1.753572799e+01 +4.651457280e+02 +4.651457280e+02 -1.9062e+00 +5.0585e+00 -1.3859e+00 -3.3663e+00 +1.1948e+00
135 +1.275894853e+01 +1.275894853e+01 +4.603689485e+02 +4.603689485e+02 -3.4580e+00 +5.4055e+00 -2.7869e+00 -2.6353e+00 +1.0378e+00
138 +8.688209910e+00 +8.688209910e+00 +4.562982099e+02 +4.562982099e+02 -3.6035e+00 +4.4809e+00 -2.4509e+00 -2.6558e+00 +8.8362e-01
143 +7.746047393e+00 +7.746047393e+00 +4.553560474e+02 +4.553560474e+02 -3.4766e+00 +4.8289e+00 -2.3301e+00 -3.4877e+00 +9.7267e-01
178 +6.196422715e+00 +6.196422715e+00 +4.538064227e+02 +4.538064227e+02 -3.6323e+00 +4.6875e+00 -1.8605e+00 -3.2749e+00 +1.1228e+00
205 +5.826791725e+00 +5.826791725e+00 +4.534367917e+02 +4.534367917e+02 -3.4894e+00 +4.6229e+00 -1.4348e+00 -3.1554e+00 +1.1708e+00
263 +5.459307193e+00 +5.459307193e+00 +4.530693072e+02 +4.530693072e+02 -3.5682e+00 +4.8388e+00 -1.5144e+00 -3.2612e+00 +1.1770e+00
289 +5.330256779e+00 +5.330256779e+00 +4.529402568e+02 +4.529402568e+02 -3.7365e+00 +4.6411e+00 -1.1399e+00 -3.4075e+00 +1.1847e+00
301 +5.195894689e+00 +5.195894689e+00 +4.528058947e+02 +4.528058947e+02 -3.7522e+00 +4.7882e+00 -1.2123e+00 -3.4444e+00 +1.2508e+00
387 +5.116200315e+00 +5.116200315e+00 +4.527262003e+02 +4.527262003e+02 -3.8478e+00 +4.8198e+00 -1.3234e+00 -3.4153e+00 +1.1553e+00
% function evaluation | noise-free fitness - Fopt (-1.037100000000e+02) | best noise-free fitness - Fopt | measured fitness | best measured fitness | x1 | x2...
1 +7.171966336e+01 +7.171966336e+01 -3.199033664e+01 -3.199033664e+01 +0.0000e+00 +0.0000e+00 +0.0000e+00 +0.0000e+00 +0.0000e+00
4 +5.510009645e+01 +5.510009645e+01 -4.860990355e+01 -4.860990355e+01 +3.8896e-01 -1.2921e+00 +5.5321e-02 -2.3343e-01 +5.2473e-01
11 +1.934703828e+00 +1.934703828e+00 -1.017752962e+02 -1.017752962e+02 -1.0310e+00 -7.8276e-01 +2.3881e-02 +1.8296e+00 +2.5032e+00
15 +1.684817604e+00 +1.684817604e+00 -1.020251824e+02 -1.020251824e+02 +8.3325e-01 +4.1813e-01 +6.1969e-02 +1.0676e+00 +4.3315e+00
262 +1.575291805e+00 +1.575291805e+00 -1.021347082e+02 -1.021347082e+02 +1.8305e+00 +5.4337e-01 +7.7024e-01 +9.2286e-01 +4.9665e+00
267 +6.595536819e-01 +6.595536819e-01 -1.030504463e+02 -1.030504463e+02 +1.7988e+00 +2.3007e-01 +1.0778e+00 +1.2315e+00 +4.5643e+00
280 +4.949975157e-01 +4.949975157e-01 -1.032150025e+02 -1.032150025e+02 +1.7355e+00 +1.4426e-01 +1.0032e+00 +1.2146e+00 +4.5442e+00
299 +3.419145965e-01 +3.419145965e-01 -1.033680854e+02 -1.033680854e+02 +1.3347e+00 +1.4262e-01 +9.1554e-01 +1.3602e+00 +4.3707e+00
317 +2.191696192e-01 +2.191696192e-01 -1.034908304e+02 -1.034908304e+02 +1.1049e+00 -1.6972e-01 +1.2237e+00 +1.4746e+00 +4.4843e+00
330 +2.104051487e-01 +2.104051487e-01 -1.034995949e+02 -1.034995949e+02 +1.2965e+00 -4.1259e-01 +1.3132e+00 +1.4258e+00 +4.2908e+00
333 +1.544892535e-01 +1.544892535e-01 -1.035555107e+02 -1.035555107e+02 +1.4446e+00 -3.2369e-01 +1.3835e+00 +1.4982e+00 +4.3435e+00
430 +1.426952807e-01 +1.426952807e-01 -1.035673047e+02 -1.035673047e+02 +1.3515e+00 -4.6428e-01 +1.3738e+00 +1.6037e+00 +4.0035e+00
446 +1.328339607e-01 +1.328339607e-01 -1.035771660e+02 -1.035771660e+02 +1.3974e+00 -4.2863e-01 +1.4172e+00 +1.7387e+00 +3.9183e+00
456 +1.245773304e-01 +1.245773304e-01 -1.035854227e+02 -1.035854227e+02 +1.3484e+00 -4.7502e-01 +1.3265e+00 +1.6996e+00 +3.8266e+00
478 +1.138128367e-01 +1.138128367e-01 -1.035961872e+02 -1.035961872e+02 +1.2258e+00 -5.0771e-01 +1.3103e+00 +1.7079e+00 +3.8669e+00
482 +1.076723128e-01 +1.076723128e-01 -1.036023277e+02 -1.036023277e+02 +1.2117e+00 -4.8933e-01 +1.3250e+00 +1.7088e+00 +3.8705e+00
495 +9.675458249e-02 +9.675458249e-02 -1.036132454e+02 -1.036132454e+02 +1.0722e+00 -4.8356e-01 +1.2039e+00 +1.6878e+00 +3.7955e+00
579 +9.255545797e-02 +9.255545797e-02 -1.036174445e+02 -1.036174445e+02 +9.8378e-01 -5.9033e-01 +1.2693e+00 +1.8515e+00 +3.5533e+00
592 +8.906519177e-02 +8.906519177e-02 -1.036209348e+02 -1.036209348e+02 +9.5081e-01 -5.6560e-01 +1.2939e+00 +1.8331e+00 +3.6483e+00
629 +8.477774317e-02 +8.477774317e-02 -1.036252223e+02 -1.036252223e+02 +9.4562e-01 -5.4083e-01 +1.2656e+00 +1.8436e+00 +3.6740e+00
641 +8.277024389e-02 +8.277024389e-02 -1.036272298e+02 -1.036272298e+02 +9.6796e-01 -5.4785e-01 +1.2573e+00 +1.8501e+00 +3.6254e+00
651 +8.024648167e-02 +8.024648167e-02 -1.036297535e+02 -1.036297535e+02 +9.3700e-01 -5.3699e-01 +1.2421e+00 +1.8675e+00 +3.6018e+00
654 +7.755539862e-02 +7.755539862e-02 -1.036324446e+02 -1.036324446e+02 +9.3413e-01 -5.3588e-01 +1.2380e+00 +1.8643e+00 +3.5787e+00
722 +7.273655902e-02 +7.273655902e-02 -1.036372634e+02 -1.036372634e+02 +9.2633e-01 -4.9902e-01 +1.2120e+00 +1.8327e+00 +3.6493e+00
737 +6.736988023e-02 +6.736988023e-02 -1.036426301e+02 -1.036426301e+02 +8.8315e-01 -5.0000e-01 +1.2008e+00 +1.8254e+00 +3.6432e+00
761 +6.113952621e-02 +6.113952621e-02 -1.036488605e+02 -1.036488605e+02 +8.4950e-01 -4.5397e-01 +1.1583e+00 +1.7673e+00 +3.7045e+00
770 +5.771423565e-02 +5.771423565e-02 -1.036522858e+02 -1.036522858e+02 +8.6660e-01 -4.3462e-01 +1.1099e+00 +1.7943e+00 +3.6468e+00
780 +5.671442121e-02 +5.671442121e-02 -1.036532856e+02 -1.036532856e+02 +8.5948e-01 -4.0489e-01 +1.0922e+00 +1.7929e+00 +3.6290e+00
787 +5.137175591e-02 +5.137175591e-02 -1.036586282e+02 -1.036586282e+02 +8.0923e-01 -4.2370e-01 +1.0598e+00 +1.7622e+00 +3.6198e+00
801 +5.062195226e-02 +5.062195226e-02 -1.036593780e+02 -1.036593780e+02 +7.5119e-01 -4.3636e-01 +1.0472e+00 +1.7295e+00 +3.6561e+00
808 +4.793713244e-02 +4.793713244e-02 -1.036620629e+02 -1.036620629e+02 +7.1914e-01 -3.6418e-01 +1.0124e+00 +1.6769e+00 +3.7566e+00
832 +4.434522072e-02 +4.434522072e-02 -1.036656548e+02 -1.036656548e+02 +6.7668e-01 -3.9334e-01 +9.9295e-01 +1.6925e+00 +3.7482e+00
833 +4.227028840e-02 +4.227028840e-02 -1.036677297e+02 -1.036677297e+02 +7.1589e-01 -3.6213e-01 +9.6784e-01 +1.7274e+00 +3.6363e+00
873 +4.011238145e-02 +4.011238145e-02 -1.036698876e+02 -1.036698876e+02 +6.5515e-01 -3.6854e-01 +9.0129e-01 +1.7424e+00 +3.5807e+00
904 +3.731403434e-02 +3.731403434e-02 -1.036726860e+02 -1.036726860e+02 +6.5943e-01 -3.4889e-01 +9.3798e-01 +1.7415e+00 +3.6283e+00
916 +3.493798120e-02 +3.493798120e-02 -1.036750620e+02 -1.036750620e+02 +6.1867e-01 -3.3030e-01 +9.1732e-01 +1.7479e+00 +3.6232e+00
923 +3.227960992e-02 +3.227960992e-02 -1.036777204e+02 -1.036777204e+02 +5.8363e-01 -3.4656e-01 +8.7295e-01 +1.7227e+00 +3.5985e+00
935 +3.126922840e-02 +3.126922840e-02 -1.036787308e+02 -1.036787308e+02 +5.5565e-01 -3.2705e-01 +8.2113e-01 +1.7244e+00 +3.5479e+00
960 +2.703166606e-02 +2.703166606e-02 -1.036829683e+02 -1.036829683e+02 +4.5232e-01 -3.1937e-01 +7.4504e-01 +1.7160e+00 +3.4997e+00
984 +2.205549325e-02 +2.205549325e-02 -1.036879445e+02 -1.036879445e+02 +2.9736e-01 -3.0802e-01 +6.3579e-01 +1.7345e+00 +3.3830e+00
992 +1.966925693e-02 +1.966925693e-02 -1.036903307e+02 -1.036903307e+02 +2.6628e-01 -2.8560e-01 +6.0271e-01 +1.7413e+00 +3.3618e+00
1002 +1.923165651e-02 +1.923165651e-02 -1.036907683e+02 -1.036907683e+02 +1.7467e-01 -2.6207e-01 +5.2999e-01 +1.7417e+00 +3.2883e+00
1004 +1.859466697e-02 +1.859466697e-02 -1.036914053e+02 -1.036914053e+02 +9.0780e-02 -2.6637e-01 +4.8061e-01 +1.7306e+00 +3.2664e+00
1007 +1.542689272e-02 +1.542689272e-02 -1.036945731e+02 -1.036945731e+02 +1.0245e-01 -2.1802e-01 +4.7126e-01 +1.7476e+00 +3.2723e+00
1034 +1.320313027e-02 +1.320313027e-02 -1.036967969e+02 -1.036967969e+02 +1.2928e-01 -2.5359e-01 +5.5288e-01 +1.7375e+00 +3.3869e+00
1043 +1.139234383e-02 +1.139234383e-02 -1.036986077e+02 -1.036986077e+02 -4.0030e-02 -1.8781e-01 +4.1376e-01 +1.7360e+00 +3.3676e+00
1044 +8.329473060e-03 +8.329473060e-03 -1.037016705e+02 -1.037016705e+02 -3.1139e-02 -2.4865e-01 +4.7579e-01 +1.7314e+00 +3.3625e+00
1048 +5.874377695e-03 +5.874377695e-03 -1.037041256e+02 -1.037041256e+02 -5.8985e-02 -2.2129e-01 +4.5637e-01 +1.7267e+00 +3.3550e+00
1054 +3.704318957e-03 +3.704318957e-03 -1.037062957e+02 -1.037062957e+02 -2.4723e-01 -1.6678e-01 +3.0072e-01 +1.7103e+00 +3.3086e+00
1056 +3.557448534e-03 +3.557448534e-03 -1.037064426e+02 -1.037064426e+02 -2.6028e-01 -1.7302e-01 +3.4421e-01 +1.7300e+00 +3.3014e+00
1062 +2.920620919e-03 +2.920620919e-03 -1.037070794e+02 -1.037070794e+02 -4.3443e-01 -1.0346e-01 +1.9158e-01 +1.7270e+00 +3.2880e+00
1066 +2.675145477e-03 +2.675145477e-03 -1.037073249e+02 -1.037073249e+02 -3.8344e-01 -1.4303e-01 +2.2935e-01 +1.7345e+00 +3.2511e+00
1070 +1.678382592e-03 +1.678382592e-03 -1.037083216e+02 -1.037083216e+02 -3.9312e-01 -1.3347e-01 +2.5167e-01 +1.7289e+00 +3.2838e+00
1072 +1.027845112e-03 +1.027845112e-03 -1.037089722e+02 -1.037089722e+02 -4.7844e-01 -1.2017e-01 +1.8930e-01 +1.7262e+00 +3.2551e+00
1077 +8.999516158e-04 +8.999516158e-04 -1.037091000e+02 -1.037091000e+02 -6.7193e-01 -5.2925e-02 +8.0649e-02 +1.7418e+00 +3.2216e+00
1078 +7.061716315e-04 +7.061716315e-04 -1.037092938e+02 -1.037092938e+02 -6.0760e-01 -8.7981e-02 +1.1856e-01 +1.7095e+00 +3.2465e+00
1082 +6.540388603e-05 +6.540388603e-05 -1.037099346e+02 -1.037099346e+02 -1.0113e+00 -1.1359e-02 -1.2223e-01 +1.6867e+00 +3.1625e+00
1243 +6.356446984e-05 +6.356446984e-05 -1.037099364e+02 -1.037099364e+02 -1.1463e+00 +2.0615e-02 -2.0821e-01 +1.6673e+00 +3.1532e+00
1256 +5.306086109e-05 +5.306086109e-05 -1.037099469e+02 -1.037099469e+02 -1.1496e+00 +2.0935e-02 -2.1197e-01 +1.6694e+00 +3.1538e+00
1259 +4.950082482e-05 +4.950082482e-05 -1.037099505e+02 -1.037099505e+02 -1.1197e+00 +1.5008e-02 -1.9295e-01 +1.6742e+00 +3.1570e+00
1271 +3.840678326e-05 +3.840678326e-05 -1.037099616e+02 -1.037099616e+02 -1.2209e+00 +3.6575e-02 -2.5553e-01 +1.6750e+00 +3.1298e+00
1279 +3.239275169e-05 +3.239275169e-05 -1.037099676e+02 -1.037099676e+02 -1.1824e+00 +2.2031e-02 -2.3174e-01 +1.6768e+00 +3.1330e+00
1287 +3.170811274e-05 +3.170811274e-05 -1.037099683e+02 -1.037099683e+02 -1.2431e+00 +3.7273e-02 -2.6830e-01 +1.6798e+00 +3.1166e+00
1288 +2.779648709e-05 +2.779648709e-05 -1.037099722e+02 -1.037099722e+02 -1.2018e+00 +2.6690e-02 -2.4673e-01 +1.6758e+00 +3.1219e+00
1291 +2.668441546e-05 +2.668441546e-05 -1.037099733e+02 -1.037099733e+02 -1.2395e+00 +3.2018e-02 -2.6289e-01 +1.6807e+00 +3.1046e+00
1296 +2.373303188e-05 +2.373303188e-05 -1.037099763e+02 -1.037099763e+02 -1.2401e+00 +3.0063e-02 -2.6757e-01 +1.6806e+00 +3.0987e+00
1302 +2.176356467e-05 +2.176356467e-05 -1.037099782e+02 -1.037099782e+02 -1.2557e+00 +3.0796e-02 -2.7889e-01 +1.6801e+00 +3.0893e+00
1307 +1.911736871e-05 +1.911736871e-05 -1.037099809e+02 -1.037099809e+02 -1.3662e+00 +5.0247e-02 -3.4822e-01 +1.6860e+00 +3.0508e+00
1324 +1.663326653e-05 +1.663326653e-05 -1.037099834e+02 -1.037099834e+02 -1.2936e+00 +3.4746e-02 -3.0180e-01 +1.6854e+00 +3.0747e+00
1333 +1.636476168e-05 +1.636476168e-05 -1.037099836e+02 -1.037099836e+02 -1.3973e+00 +4.8700e-02 -3.6242e-01 +1.6900e+00 +3.0315e+00
1334 +1.147516413e-05 +1.147516413e-05 -1.037099885e+02 -1.037099885e+02 -1.3451e+00 +4.1852e-02 -3.3395e-01 +1.6883e+00 +3.0498e+00
1335 +8.408591611e-06 +8.408591611e-06 -1.037099916e+02 -1.037099916e+02 -1.3817e+00 +5.3499e-02 -3.6373e-01 +1.6884e+00 +3.0296e+00
1350 +6.655058215e-06 +6.655058215e-06 -1.037099933e+02 -1.037099933e+02 -1.3437e+00 +5.3167e-02 -3.4103e-01 +1.6920e+00 +3.0375e+00
1354 +6.588984377e-06 +6.588984377e-06 -1.037099934e+02 -1.037099934e+02 -1.3488e+00 +5.5953e-02 -3.5125e-01 +1.7034e+00 +3.0234e+00
1366 +2.606307817e-06 +2.606307817e-06 -1.037099974e+02 -1.037099974e+02 -1.3427e+00 +5.3302e-02 -3.4401e-01 +1.7093e+00 +3.0071e+00
1373 +1.736314729e-06 +1.736314729e-06 -1.037099983e+02 -1.037099983e+02 -1.3455e+00 +3.8881e-02 -3.3744e-01 +1.7077e+00 +3.0124e+00
1387 +8.646223222e-07 +8.646223222e-07 -1.037099991e+02 -1.037099991e+02 -1.3570e+00 +3.7130e-02 -3.5642e-01 +1.7173e+00 +2.9733e+00
1412 +7.634564270e-07 +7.634564270e-07 -1.037099992e+02 -1.037099992e+02 -1.3583e+00 +4.4586e-02 -3.5095e-01 +1.7210e+00 +2.9761e+00
1465 +7.187178142e-07 +7.187178142e-07 -1.037099993e+02 -1.037099993e+02 -1.3224e+00 +3.6797e-02 -3.2796e-01 +1.7117e+00 +3.0048e+00
1484 +2.407838764e-07 +2.407838764e-07 -1.037099998e+02 -1.037099998e+02 -1.3419e+00 +3.4443e-02 -3.3856e-01 +1.7211e+00 +2.9798e+00
1510 +2.239697352e-07 +2.239697352e-07 -1.037099998e+02 -1.037099998e+02 -1.3506e+00 +3.4219e-02 -3.4083e-01 +1.7294e+00 +2.9679e+00
1513 +1.983760853e-07 +1.983760853e-07 -1.037099998e+02 -1.037099998e+02 -1.3434e+00 +3.1541e-02 -3.3379e-01 +1.7242e+00 +2.9787e+00
1515 +1.901991595e-07 +1.901991595e-07 -1.037099998e+02 -1.037099998e+02 -1.3595e+00 +3.1814e-02 -3.4493e-01 +1.7360e+00 +2.9516e+00
1531 +1.245927308e-07 +1.245927308e-07 -1.037099999e+02 -1.037099999e+02 -1.3623e+00 +2.8753e-02 -3.4489e-01 +1.7378e+00 +2.9481e+00
1563 +1.066215560e-07 +1.066215560e-07 -1.037099999e+02 -1.037099999e+02 -1.3620e+00 +2.6387e-02 -3.4671e-01 +1.7366e+00 +2.9480e+00
1578 +5.710019479e-08 +5.710019479e-08 -1.037099999e+02 -1.037099999e+02 -1.3611e+00 +2.6898e-02 -3.4385e-01 +1.7356e+00 +2.9492e+00
1590 +4.931519015e-08 +4.931519015e-08 -1.037100000e+02 -1.037100000e+02 -1.3688e+00 +2.3123e-02 -3.4561e-01 +1.7404e+00 +2.9406e+00
1646 +4.742686599e-08 +4.742686599e-08 -1.037100000e+02 -1.037100000e+02 -1.3725e+00 +2.0788e-02 -3.4469e-01 +1.7413e+00 +2.9375e+00
1661 +4.546491539e-08 +4.546491539e-08 -1.037100000e+02 -1.037100000e+02 -1.3699e+00 +2.1259e-02 -3.4390e-01 +1.7401e+00 +2.9427e+00
1699 +4.289384492e-08 +4.289384492e-08 -1.037100000e+02 -1.037100000e+02 -1.3706e+00 +2.0779e-02 -3.4362e-01 +1.7391e+00 +2.9426e+00
1786 +4.172179047e-08 +4.172179047e-08 -1.037100000e+02 -1.037100000e+02 -1.3697e+00 +2.0679e-02 -3.4348e-01 +1.7387e+00 +2.9438e+00
1824 +4.162542666e-08 +4.162542666e-08 -1.037100000e+02 -1.037100000e+02 -1.3689e+00 +2.0217e-02 -3.4333e-01 +1.7386e+00 +2.9439e+00
1838 +4.054633962e-08 +4.054633962e-08 -1.037100000e+02 -1.037100000e+02 -1.3686e+00 +2.0737e-02 -3.4309e-01 +1.7387e+00 +2.9434e+00
1844 +3.885325839e-08 +3.885325839e-08 -1.037100000e+02 -1.037100000e+02 -1.3687e+00 +2.0786e-02 -3.4244e-01 +1.7392e+00 +2.9440e+00
1857 +3.745482502e-08 +3.745482502e-08 -1.037100000e+02 -1.037100000e+02 -1.3680e+00 +2.0039e-02 -3.4234e-01 +1.7393e+00 +2.9438e+00
1861 +3.708593965e-08 +3.708593965e-08 -1.037100000e+02 -1.037100000e+02 -1.3684e+00 +2.0405e-02 -3.4181e-01 +1.7391e+00 +2.9441e+00
1864 +3.612440480e-08 +3.612440480e-08 -1.037100000e+02 -1.037100000e+02 -1.3685e+00 +2.0241e-02 -3.4197e-01 +1.7394e+00 +2.9438e+00
1878 +3.494160694e-08 +3.494160694e-08 -1.037100000e+02 -1.037100000e+02 -1.3677e+00 +2.0027e-02 -3.4137e-01 +1.7386e+00 +2.9451e+00
1897 +3.358786671e-08 +3.358786671e-08 -1.037100000e+02 -1.037100000e+02 -1.3675e+00 +1.9559e-02 -3.4166e-01 +1.7389e+00 +2.9441e+00
1898 +3.309379792e-08 +3.309379792e-08 -1.037100000e+02 -1.037100000e+02 -1.3673e+00 +1.9272e-02 -3.4135e-01 +1.7388e+00 +2.9446e+00
1904 +3.143844651e-08 +3.143844651e-08 -1.037100000e+02 -1.037100000e+02 -1.3669e+00 +1.9788e-02 -3.4113e-01 +1.7389e+00 +2.9447e+00
1913 +2.991366443e-08 +2.991366443e-08 -1.037100000e+02 -1.037100000e+02 -1.3659e+00 +1.9598e-02 -3.4074e-01 +1.7389e+00 +2.9440e+00
1922 +2.732592463e-08 +2.732592463e-08 -1.037100000e+02 -1.037100000e+02 -1.3657e+00 +1.9095e-02 -3.4031e-01 +1.7388e+00 +2.9447e+00
1939 +2.381216291e-08 +2.381216291e-08 -1.037100000e+02 -1.037100000e+02 -1.3645e+00 +1.9059e-02 -3.3944e-01 +1.7386e+00 +2.9461e+00
1943 +2.195400839e-08 +2.195400839e-08 -1.037100000e+02 -1.037100000e+02 -1.3636e+00 +1.9172e-02 -3.3814e-01 +1.7388e+00 +2.9477e+00
1944 +2.161483792e-08 +2.161483792e-08 -1.037100000e+02 -1.037100000e+02 -1.3635e+00 +1.9283e-02 -3.3875e-01 +1.7386e+00 +2.9470e+00
1955 +1.949726425e-08 +1.949726425e-08 -1.037100000e+02 -1.037100000e+02 -1.3624e+00 +1.8941e-02 -3.3828e-01 +1.7385e+00 +2.9473e+00
1964 +1.652152548e-08 +1.652152548e-08 -1.037100000e+02 -1.037100000e+02 -1.3610e+00 +1.8928e-02 -3.3714e-01 +1.7385e+00 +2.9482e+00
1970 +1.480411527e-08 +1.480411527e-08 -1.037100000e+02 -1.037100000e+02 -1.3584e+00 +1.9045e-02 -3.3568e-01 +1.7381e+00 +2.9488e+00
1973 +1.298631958e-08 +1.298631958e-08 -1.037100000e+02 -1.037100000e+02 -1.3562e+00 +1.8674e-02 -3.3444e-01 +1.7381e+00 +2.9492e+00
1975 +1.252743687e-08 +1.252743687e-08 -1.037100000e+02 -1.037100000e+02 -1.3556e+00 +1.8703e-02 -3.3399e-01 +1.7377e+00 +2.9508e+00
1981 +1.210241862e-08 +1.210241862e-08 -1.037100000e+02 -1.037100000e+02 -1.3539e+00 +1.8110e-02 -3.3262e-01 +1.7373e+00 +2.9520e+00
1986 +8.886459568e-09 +8.886459568e-09 -1.037100000e+02 -1.037100000e+02 -1.3422e+00 +1.6403e-02 -3.2514e-01 +1.7361e+00 +2.9590e+00
3125 +0.000000000e+00 +0.000000000e+00 -1.037100000e+02 -1.037100000e+02 -1.3133e+00 +5.1708e-03 -3.0318e-01 +1.7431e+00 +2.9577e+00
% function evaluation | noise-free fitness - Fopt (-2.060000000000e+01) | best noise-free fitness - Fopt | measured fitness | best measured fitness | x1 | x2...
1 +3.412457192e+01 +3.412457192e+01 +1.352457192e+01 +1.352457192e+01 +0.0000e+00 +0.0000e+00 +0.0000e+00 +0.0000e+00 +0.0000e+00
5 +2.768261978e+01 +2.768261978e+01 +7.082619779e+00 +7.082619779e+00 -3.2394e-02 -1.2049e+00 +8.7617e-01 +3.3833e-01 -3.1762e-01
12 +1.860659141e+01 +1.860659141e+01 -1.993408586e+00 -1.993408586e+00 -4.3010e-01 -1.3977e+00 +4.9096e-01 +5.3246e-01 -8.9599e-01
22 +1.273743819e+01 +1.273743819e+01 -7.862561807e+00 -7.862561807e+00 -6.3994e-01 -7.7323e-01 +8.3756e-01 -3.1956e-01 -4.4927e-01
24 +9.957904666e+00 +9.957904666e+00 -1.064209533e+01 -1.064209533e+01 -4.0145e-01 -1.0875e+00 +1.0380e+00 +3.6993e-01 -8.3442e-01
35 +8.265556532e+00 +8.265556532e+00 -1.233444347e+01 -1.233444347e+01 +1.8588e-01 -8.2186e-01 +1.2978e+00 +6.0318e-01 -1.1669e+00
81 +8.069529000e+00 +8.069529000e+00 -1.253047100e+01 -1.253047100e+01 +9.9780e-02 -8.1292e-01 +2.1568e+00 +1.2248e+00 -2.5295e+00
95 +6.938831566e+00 +6.938831566e+00 -1.366116843e+01 -1.366116843e+01 -6.1977e-02 -9.9769e-01 +1.5366e+00 +1.3088e+00 -1.9445e+00
98 +6.578562425e+00 +6.578562425e+00 -1.402143758e+01 -1.402143758e+01 +7.6341e-02 -8.9094e-01 +1.5784e+00 +1.0215e+00 -1.6691e+00
111 +6.097010268e+00 +6.097010268e+00 -1.450298973e+01 -1.450298973e+01 -1.2435e-01 -6.7445e-01 +1.5584e+00 +9.4335e-01 -1.7720e+00
120 +5.207443213e+00 +5.207443213e+00 -1.539255679e+01 -1.539255679e+01 -2.3074e-01 -9.5408e-01 +1.9432e+00 +5.9040e-01 -1.9983e+00
129 +5.107092288e+00 +5.107092288e+00 -1.549290771e+01 -1.549290771e+01 -2.1112e-01 -8.1898e-01 +1.9958e+00 +6.1582e-01 -1.9509e+00
143 +4.825814942e+00 +4.825814942e+00 -1.577418506e+01 -1.577418506e+01 -3.2698e-01 -9.8124e-01 +2.0803e+00 +6.7265e-01 -2.0450e+00
157 +4.760252242e+00 +4.760252242e+00 -1.583974776e+01 -1.583974776e+01 -2.7510e-01 -8.3430e-01 +2.0146e+00 +5.6335e-01 -1.8059e+00
162 +4.619877944e+00 +4.619877944e+00 -1.598012206e+01 -1.598012206e+01 -2.8920e-01 -7.4558e-01 +1.8748e+00 +8.4739e-01 -1.8577e+00
174 +4.551130923e+00 +4.551130923e+00 -1.604886908e+01 -1.604886908e+01 -3.1088e-01 -1.0024e+00 +1.8688e+00 +7.3644e-01 -1.8281e+00
177 +3.724942525e+00 +3.724942525e+00 -1.687505748e+01 -1.687505748e+01 -6.6380e-01 -8.6401e-01 +2.1729e+00 +1.0885e+00 -1.8965e+00
202 +3.691255992e+00 +3.691255992e+00 -1.690874401e+01 -1.690874401e+01 -6.1185e-01 -8.0945e-01 +2.0360e+00 +6.3740e-01 -1.8074e+00
206 +2.921414666e+00 +2.921414666e+00 -1.767858533e+01 -1.767858533e+01 -1.0889e+00 -9.0883e-01 +2.2150e+00 +8.5014e-01 -1.8707e+00
218 +2.878054911e+00 +2.878054911e+00 -1.772194509e+01 -1.772194509e+01 -1.1733e+00 -8.7997e-01 +2.2324e+00 +8.3961e-01 -1.8255e+00
343 +2.737778091e+00 +2.737778091e+00 -1.786222191e+01 -1.786222191e+01 -1.2657e+00 -8.4723e-01 +2.3827e+00 +1.0655e+00 -1.9739e+00
414 +2.676422650e+00 +2.676422650e+00 -1.792357735e+01 -1.792357735e+01 -1.3519e+00 -7.9565e-01 +2.3601e+00 +1.2256e+00 -1.9266e+00
466 +2.627628762e+00 +2.627628762e+00 -1.797237124e+01 -1.797237124e+01 -1.4484e+00 -8.4012e-01 +2.4904e+00 +1.2453e+00 -1.9889e+00
% function evaluation | noise-free fitness - Fopt (4.669000000000e+01) | best noise-free fitness - Fopt | measured fitness | best measured fitness | x1 | x2...
1 +6.938984366e+01 +6.938984366e+01 +1.160798437e+02 +1.160798437e+02 +0.0000e+00 +0.0000e+00 +0.0000e+00 +0.0000e+00 +0.0000e+00
2 +5.887997097e+01 +5.887997097e+01 +1.055699710e+02 +1.055699710e+02 +2.2585e-02 +7.4736e-01 -1.3980e-01 -9.5637e-01 +1.1565e+00
23 +4.235262716e+01 +4.235262716e+01 +8.904262716e+01 +8.904262716e+01 -8.8752e-01 +1.5406e+00 +1.9952e-01 +1.3418e+00 -6.4621e-01
34 +3.663086008e+01 +3.663086008e+01 +8.332086008e+01 +8.332086008e+01 -1.2824e+00 +1.9719e+00 -4.0082e-01 +1.0432e+00 -2.2097e-01
36 +2.925481961e+01 +2.925481961e+01 +7.594481961e+01 +7.594481961e+01 -1.3166e+00 +3.8472e+00 +6.6078e-01 +1.3902e+00 -2.0027e+00
37 +2.828423082e+01 +2.828423082e+01 +7.497423082e+01 +7.497423082e+01 -1.0564e+00 +1.9592e+00 +6.1941e-01 +1.2998e+00 -9.1703e-01
38 +2.453249482e+01 +2.453249482e+01 +7.122249482e+01 +7.122249482e+01 -1.2119e+00 +3.3223e+00 -3.1488e-01 +9.0121e-01 -2.1440e-01
40 +2.253842491e+01 +2.253842491e+01 +6.922842491e+01 +6.922842491e+01 -1.4980e+00 +1.8299e+00 +7.5630e-01 +1.3056e+00 -3.1531e-01
43 +8.517536873e+00 +8.517536873e+00 +5.520753687e+01 +5.520753687e+01 -1.8778e+00 +2.6083e+00 +1.0404e+00 +1.7977e+00 -2.8727e-02
50 +3.035623910e+00 +3.035623910e+00 +4.972562391e+01 +4.972562391e+01 -2.4697e+00 +3.2302e+00 +1.2669e+00 +1.6972e+00 -9.6513e-01
158 +2.738848398e+00 +2.738848398e+00 +4.942884840e+01 +4.942884840e+01 -2.3451e+00 +3.4914e+00 +9.2503e-01 +1.6851e+00 -7.0924e-01
173 +2.683006417e+00 +2.683006417e+00 +4.937300642e+01 +4.937300642e+01 -2.8966e+00 +3.3366e+00 +1.9037e+00 +1.6075e+00 -8.7649e-01
178 +2.084305741e+00 +2.084305741e+00 +4.877430574e+01 +4.877430574e+01 -2.9627e+00 +3.8628e+00 +1.5297e+00 +2.0952e+00 -5.3784e-01
207 +2.031378758e+00 +2.031378758e+00 +4.872137876e+01 +4.872137876e+01 -2.9461e+00 +3.9704e+00 +1.4167e+00 +1.9173e+00 -5.7153e-01
281 +1.981102509e+00 +1.981102509e+00 +4.867110251e+01 +4.867110251e+01 -2.9194e+00 +3.6851e+00 +1.3307e+00 +1.7523e+00 -6.8374e-01
% function evaluation | noise-free fitness - Fopt (-1.034600000000e+02) | best noise-free fitness - Fopt | measured fitness | best measured fitness | x1 | x2...
1 +7.130983861e+01 +7.130983861e+01 -3.215016139e+01 -3.215016139e+01 +0.0000e+00 +0.0000e+00 +0.0000e+00 +0.0000e+00 +0.0000e+00
4 +6.828941128e+01 +6.828941128e+01 -3.517058872e+01 -3.517058872e+01 -1.6254e+00 -6.9552e-01 +3.4457e-01 -1.3542e+00 -1.2410e+00
9 +6.244533736e+01 +6.244533736e+01 -4.101466264e+01 -4.101466264e+01 +9.5066e-01 +4.4424e-01 +4.6252e-01 -8.8935e-01 +2.4968e-01
14 +5.119663119e+01 +5.119663119e+01 -5.226336881e+01 -5.226336881e+01 +1.5357e+00 +6.5070e-02 +1.0898e+00 -1.4641e+00 +1.1953e+00
17 +2.685140819e+01 +2.685140819e+01 -7.660859181e+01 -7.660859181e+01 +1.4311e+00 -9.8685e-01 +9.3720e-01 -1.8503e+00 +4.9486e-01
26 +2.357992442e+01 +2.357992442e+01 -7.988007558e+01 -7.988007558e+01 +1.7051e+00 -1.0780e+00 +1.3009e+00 -4.0560e+00 -1.1195e-01
30 +2.027775618e+01 +2.027775618e+01 -8.318224382e+01 -8.318224382e+01 +1.0781e+00 -7.0212e-01 +5.2354e-01 -3.5222e+00 +1.4380e+00
42 +1.656747286e+01 +1.656747286e+01 -8.689252714e+01 -8.689252714e+01 +7.2519e-01 -1.4649e+00 -1.3175e+00 -2.0739e+00 +2.3801e+00
52 +8.307697362e+00 +8.307697362e+00 -9.515230264e+01 -9.515230264e+01 +5.8353e-01 -2.7000e+00 -1.8780e+00 -2.0409e+00 +1.7454e+00
68 +7.956777505e+00 +7.956777505e+00 -9.550322250e+01 -9.550322250e+01 +9.8036e-01 -2.6464e+00 -2.2267e+00 -2.4654e+00 +2.3807e+00
72 +7.775870087e+00 +7.775870087e+00 -9.568412991e+01 -9.568412991e+01 +4.8354e-01 -2.2832e+00 -2.0168e+00 -2.4204e+00 +2.3487e+00
97 +5.776478952e+00 +5.776478952e+00 -9.768352105e+01 -9.768352105e+01 +1.4663e+00 -3.1675e+00 -1.4830e+00 -2.8596e+00 +2.2848e+00
113 +3.196439394e+00 +3.196439394e+00 -1.002635606e+02 -1.002635606e+02 +9.9110e-01 -3.0413e+00 -1.2939e+00 -2.7152e+00 +2.0190e+00
119 +2.421939165e+00 +2.421939165e+00 -1.010380608e+02 -1.010380608e+02 +1.3786e+00 -2.2388e+00 -1.1758e+00 -3.1598e+00 +1.7995e+00
126 +2.272704340e+00 +2.272704340e+00 -1.011872957e+02 -1.011872957e+02 +1.2430e+00 -2.0759e+00 -1.0868e+00 -2.7250e+00 +1.9245e+00
163 +2.042439512e+00 +2.042439512e+00 -1.014175605e+02 -1.014175605e+02 +1.5162e+00 -2.1431e+00 -4.5266e-01 -3.2589e+00 +1.6928e+00
170 +2.036099952e+00 +2.036099952e+00 -1.014239000e+02 -1.014239000e+02 +1.3873e+00 -2.1627e+00 -8.9634e-01 -2.7954e+00 +1.7250e+00
187 +1.976544050e+00 +1.976544050e+00 -1.014834560e+02 -1.014834560e+02 +1.2696e+00 -2.4466e+00 -6.7244e-01 -2.8437e+00 +1.7434e+00
% function evaluation | noise-free fitness - Fopt (-1.591000000000e+02) | best noise-free fitness - Fopt | measured fitness | best measured fitness | x1 | x2...
1 +7.200916919e+01 +7.200916919e+01 -8.709083081e+01 -8.709083081e+01 +0.0000e+00 +0.0000e+00 +0.0000e+00 +0.0000e+00 +0.0000e+00
2 +6.132596799e+01 +6.132596799e+01 -9.777403201e+01 -9.777403201e+01 +3.8770e-02 -1.7308e+00 +2.4554e-01 -8.2532e-01 +4.5770e-01
4 +4.942910037e+01 +4.942910037e+01 -1.096708996e+02 -1.096708996e+02 +1.1930e+00 +8.4756e-01 +8.2340e-01 -1.2330e+00 +2.3278e-01
15 +4.035816797e+01 +4.035816797e+01 -1.187418320e+02 -1.187418320e+02 +1.5923e+00 +1.9839e+00 +2.0947e+00 -2.9161e+00 +6.5696e-02
38 +2.254428972e+01 +2.254428972e+01 -1.365557103e+02 -1.365557103e+02 +5.6243e-01 +1.0674e+00 +3.3086e+00 -2.6135e+00 +2.7413e-01
42 +1.869210540e+01 +1.869210540e+01 -1.404078946e+02 -1.404078946e+02 -4.4948e-01 -7.1367e-01 +3.6828e+00 -2.9448e+00 -6.7629e-01
72 +1.137739694e+01 +1.137739694e+01 -1.477226031e+02 -1.477226031e+02 +8.0108e-02 -1.5334e-01 +2.9574e+00 -3.3338e+00 -6.4826e-01
74 +9.721515784e+00 +9.721515784e+00 -1.493784842e+02 -1.493784842e+02 +1.1077e+00 -1.9943e-01 +2.8617e+00 -3.2719e+00 -4.4160e-01
126 +9.131966516e+00 +9.131966516e+00 -1.499680335e+02 -1.499680335e+02 +6.3121e-01 -2.4878e-01 +3.3046e+00 -2.6605e+00 -4.8460e-01
127 +8.625896022e+00 +8.625896022e+00 -1.504741040e+02 -1.504741040e+02 +6.4931e-01 -3.4975e-01 +2.8661e+00 -3.2857e+00 -6.9238e-01
168 +8.325926858e+00 +8.325926858e+00 -1.507740731e+02 -1.507740731e+02 +8.2598e-01 -2.7049e-01 +2.8349e+00 -2.5353e+00 -6.2683e-01
172 +8.199566301e+00 +8.199566301e+00 -1.509004337e+02 -1.509004337e+02 +9.2349e-01 -4.8400e-01 +2.7371e+00 -2.6675e+00 -5.7183e-01
195 +8.010237930e+00 +8.010237930e+00 -1.510897621e+02 -1.510897621e+02 +7.6252e-01 -4.9352e-01 +2.7274e+00 -2.7355e+00 -8.3783e-01
199 +7.906750367e+00 +7.906750367e+00 -1.511932496e+02 -1.511932496e+02 +8.9885e-01 -3.0895e-01 +2.7394e+00 -2.9191e+00 -6.1198e-01
207 +7.662373718e+00 +7.662373718e+00 -1.514376263e+02 -1.514376263e+02 +8.7889e-01 -1.9445e-01 +2.7801e+00 -2.9213e+00 -7.5259e-01
229 +7.556681703e+00 +7.556681703e+00 -1.515433183e+02 -1.515433183e+02 +9.8003e-01 -3.1561e-01 +2.6250e+00 -2.8822e+00 -1.0953e+00
281 +7.355482152e+00 +7.355482152e+00 -1.517445178e+02 -1.517445178e+02 +1.1503e+00 -2.3429e-01 +2.7692e+00 -2.9131e+00 -1.0266e+00
% function evaluation | noise-free fitness - Fopt (7.823700000000e+02) | best noise-free fitness - Fopt | measured fitness | best measured fitness | x1 | x2...
1 +6.692409018e+01 +6.692409018e+01 +8.492940902e+02 +8.492940902e+02 +0.0000e+00 +0.0000e+00 +0.0000e+00 +0.0000e+00 +0.0000e+00
11 +5.512181242e+01 +5.512181242e+01 +8.374918124e+02 +8.374918124e+02 -2.1619e-01 -1.0904e+00 -6.2124e-01 +6.9088e-01 -1.0936e+00
15 +4.065398230e+01 +4.065398230e+01 +8.230239823e+02 +8.230239823e+02 +6.7530e-01 -4.0090e-01 +2.1720e-01 -1.4055e-01 -1.6650e+00
17 +2.342013496e+01 +2.342013496e+01 +8.057901350e+02 +8.057901350e+02 +1.6143e+00 -8.6576e-01 +7.5953e-02 +1.0171e+00 -1.4411e+00
45 +8.671114762e+00 +8.671114762e+00 +7.910411148e+02 +7.910411148e+02 +3.0877e+00 -3.8104e-01 +1.7425e+00 +1.1018e+00 -1.8852e+00
54 +6.037883584e+00 +6.037883584e+00 +7.884078836e+02 +7.884078836e+02 +3.7095e+00 -8.8913e-01 +3.0883e+00 +1.0824e+00 -2.8542e+00
80 +2.821386600e+00 +2.821386600e+00 +7.851913866e+02 +7.851913866e+02 +3.5749e+00 -6.3292e-01 +3.5077e+00 +7.0696e-01 -2.7229e+00
84 +2.113953178e+00 +2.113953178e+00 +7.844839532e+02 +7.844839532e+02 +3.8534e+00 -4.6722e-01 +4.1748e+00 +9.7853e-01 -2.3485e+00
90 +1.554682459e+00 +1.554682459e+00 +7.839246825e+02 +7.839246825e+02 +4.0035e+00 -8.8329e-01 +4.3820e+00 +1.2413e+00 -2.5911e+00
127 +1.464957680e+00 +1.464957680e+00 +7.838349577e+02 +7.838349577e+02 +3.3791e+00 -5.1635e-01 +4.1672e+00 +1.4620e+00 -3.3337e+00
148 +8.090414149e-01 +8.090414149e-01 +7.831790414e+02 +7.831790414e+02 +3.4841e+00 -9.9554e-01 +3.9462e+00 +1.4642e+00 -2.9728e+00
255 +7.576649193e-01 +7.576649193e-01 +7.831276649e+02 +7.831276649e+02 +3.6247e+00 -8.3526e-01 +4.0645e+00 +1.4559e+00 -2.9558e+00
266 +7.334791623e-01 +7.334791623e-01 +7.831034792e+02 +7.831034792e+02 +3.5316e+00 -8.3029e-01 +4.0474e+00 +1.4577e+00 -2.9210e+00
274 +7.236724983e-01 +7.236724983e-01 +7.830936725e+02 +7.830936725e+02 +3.5600e+00 -8.2904e-01 +4.0361e+00 +1.4221e+00 -2.9303e+00
303 +7.062400040e-01 +7.062400040e-01 +7.830762400e+02 +7.830762400e+02 +3.4922e+00 -8.7374e-01 +3.9251e+00 +1.4328e+00 -2.9117e+00
% function evaluation | noise-free fitness - Fopt (1.464700000000e+02) | best noise-free fitness - Fopt | measured fitness | best measured fitness | x1 | x2...
1 +6.340301098e+01 +6.340301098e+01 +2.098730110e+02 +2.098730110e+02 +0.0000e+00 +0.0000e+00 +0.0000e+00 +0.0000e+00 +0.0000e+00
3 +4.202587955e+01 +4.202587955e+01 +1.884958796e+02 +1.884958796e+02 -6.1165e-01 -1.1970e-01 +1.1891e+00 +2.1549e-01 -2.7095e-01
4 +2.320467090e+01 +2.320467090e+01 +1.696746709e+02 +1.696746709e+02 +2.7386e-01 -7.9515e-01 +5.0022e-01 -4.6327e-01 -3.4142e-01
17 +1.464151606e+01 +1.464151606e+01 +1.611115161e+02 +1.611115161e+02 +9.3553e-01 -1.1555e+00 +6.4936e-01 +3.8272e-01 -1.9221e-01
23 +3.648438578e+00 +3.648438578e+00 +1.501184386e+02 +1.501184386e+02 +5.5885e-01 +7.1895e-01 +4.2554e-02 +7.4022e-01 -9.0772e-02
37 +2.122985938e+00 +2.122985938e+00 +1.485929859e+02 +1.485929859e+02 +1.2896e+00 +3.7245e-02 -1.9953e-01 +1.3531e+00 +2.5324e-02
59 +1.578570434e+00 +1.578570434e+00 +1.480485704e+02 +1.480485704e+02 +4.2687e-01 +4.9860e-01 -7.7589e-01 +6.9624e-01 -5.1517e-02
62 +8.112801531e-01 +8.112801531e-01 +1.472812802e+02 +1.472812802e+02 +1.2746e+00 +7.2355e-01 -7.0131e-01 +2.4738e-01 +1.4821e-01
80 +1.289345895e-01 +1.289345895e-01 +1.465989346e+02 +1.465989346e+02 +1.2713e+00 +3.3907e-01 -6.4312e-01 +5.0291e-01 +2.7986e-01
102 +1.053545170e-01 +1.053545170e-01 +1.465753545e+02 +1.465753545e+02 +1.4319e+00 +3.4601e-01 -6.7326e-01 +6.6814e-01 +3.3746e-01
116 +8.740315678e-02 +8.740315678e-02 +1.465574032e+02 +1.465574032e+02 +1.8105e+00 +3.5815e-01 -5.1551e-01 +6.7031e-01 +2.2627e-01
191 +7.984231764e-02 +7.984231764e-02 +1.465498423e+02 +1.465498423e+02 +1.6732e+00 +3.6714e-01 +3.5981e-01 +1.0207e+00 -1.1062e-01
223 +4.125640759e-02 +4.125640759e-02 +1.465112564e+02 +1.465112564e+02 +1.8655e+00 +2.9607e-01 +3.6409e-01 +1.1289e+00 -1.2362e-01
251 +3.145495044e-02 +3.145495044e-02 +1.465014550e+02 +1.465014550e+02 +2.0343e+00 +1.5022e-01 +1.8028e-01 +1.0870e+00 -1.1939e-02
256 +1.312700483e-02 +1.312700483e-02 +1.464831270e+02 +1.464831270e+02 +1.8719e+00 +3.1489e-01 +3.7700e-01 +9.4045e-01 -7.7157e-02
287 +1.157255411e-02 +1.157255411e-02 +1.464815726e+02 +1.464815726e+02 +2.0313e+00 +3.1296e-01 +4.9384e-01 +1.0322e+00 -1.2882e-01
303 +1.110018511e-02 +1.110018511e-02 +1.464811002e+02 +1.464811002e+02 +2.0411e+00 +2.2985e-01 +6.6807e-01 +1.0403e+00 -1.0073e-01
314 +6.717628950e-03 +6.717628950e-03 +1.464767176e+02 +1.464767176e+02 +2.0700e+00 +2.8898e-01 +5.7987e-01 +1.0487e+00 -1.4829e-01
324 +4.928962554e-03 +4.928962554e-03 +1.464749290e+02 +1.464749290e+02 +2.1384e+00 +2.4057e-01 +6.4723e-01 +1.1221e+00 -1.5547e-01
335 +4.706713651e-03 +4.706713651e-03 +1.464747067e+02 +1.464747067e+02 +2.2076e+00 +1.8959e-01 +6.5576e-01 +1.1416e+00 -1.3278e-01
348 +3.715128716e-03 +3.715128716e-03 +1.464737151e+02 +1.464737151e+02 +2.1750e+00 +2.2604e-01 +6.3972e-01 +1.0855e+00 -1.1017e-01
410 +3.461075011e-03 +3.461075011e-03 +1.464734611e+02 +1.464734611e+02 +2.1638e+00 +2.0894e-01 +4.5827e-01 +9.2902e-01 +6.1332e-02
419 +3.274235759e-03 +3.274235759e-03 +1.464732742e+02 +1.464732742e+02 +2.1498e+00 +2.3870e-01 +3.7649e-01 +8.5057e-01 +7.9450e-02
430 +2.880108025e-03 +2.880108025e-03 +1.464728801e+02 +1.464728801e+02 +2.2141e+00 +2.0496e-01 +3.0793e-01 +7.4420e-01 +2.0582e-01
439 +1.717097962e-03 +1.717097962e-03 +1.464717171e+02 +1.464717171e+02 +2.1759e+00 +2.2167e-01 +3.7530e-01 +8.0362e-01 +1.4992e-01
445 +1.269006977e-03 +1.269006977e-03 +1.464712690e+02 +1.464712690e+02 +2.1253e+00 +2.4090e-01 +3.4089e-01 +6.9395e-01 +2.1674e-01
464 +9.367877881e-04 +9.367877881e-04 +1.464709368e+02 +1.464709368e+02 +2.2840e+00 +2.1421e-01 +4.5331e-01 +6.5280e-01 +2.4286e-01
554 +8.974816514e-04 +8.974816514e-04 +1.464708975e+02 +1.464708975e+02 +2.2523e+00 +2.2009e-01 +5.7508e-01 +8.7489e-01 +6.8908e-02
573 +6.457727187e-04 +6.457727187e-04 +1.464706458e+02 +1.464706458e+02 +2.2940e+00 +2.1290e-01 +6.7088e-01 +8.7531e-01 +7.0382e-02
575 +5.032992945e-04 +5.032992945e-04 +1.464705033e+02 +1.464705033e+02 +2.3101e+00 +2.0224e-01 +6.6750e-01 +8.8682e-01 +5.7859e-02
610 +4.928807249e-04 +4.928807249e-04 +1.464704929e+02 +1.464704929e+02 +2.2895e+00 +1.9885e-01 +6.6691e-01 +8.7671e-01 +6.7199e-02
624 +4.155123494e-04 +4.155123494e-04 +1.464704155e+02 +1.464704155e+02 +2.3012e+00 +1.9627e-01 +6.7758e-01 +8.7601e-01 +6.8334e-02
636 +3.386907256e-04 +3.386907256e-04 +1.464703387e+02 +1.464703387e+02 +2.3238e+00 +1.9138e-01 +7.0684e-01 +8.6180e-01 +6.9814e-02
643 +2.721919280e-04 +2.721919280e-04 +1.464702722e+02 +1.464702722e+02 +2.3427e+00 +1.8605e-01 +7.2842e-01 +8.7877e-01 +7.7725e-02
650 +2.569758014e-04 +2.569758014e-04 +1.464702570e+02 +1.464702570e+02 +2.3618e+00 +1.8573e-01 +7.3809e-01 +8.5572e-01 +7.4978e-02
655 +1.716551972e-04 +1.716551972e-04 +1.464701717e+02 +1.464701717e+02 +2.3979e+00 +1.8353e-01 +7.5803e-01 +8.6073e-01 +8.2215e-02
664 +1.413904402e-04 +1.413904402e-04 +1.464701414e+02 +1.464701414e+02 +2.3957e+00 +1.7835e-01 +7.6366e-01 +8.5187e-01 +1.0271e-01
691 +1.304997667e-04 +1.304997667e-04 +1.464701305e+02 +1.464701305e+02 +2.3998e+00 +1.6799e-01 +8.0295e-01 +8.5187e-01 +9.6703e-02
702 +9.591733627e-05 +9.591733627e-05 +1.464700959e+02 +1.464700959e+02 +2.4079e+00 +1.7809e-01 +8.7040e-01 +8.4780e-01 +8.1852e-02
706 +8.108530656e-05 +8.108530656e-05 +1.464700811e+02 +1.464700811e+02 +2.4133e+00 +1.8226e-01 +8.7119e-01 +8.3826e-01 +8.4094e-02
720 +6.912095395e-05 +6.912095395e-05 +1.464700691e+02 +1.464700691e+02 +2.4194e+00 +1.7865e-01 +8.6319e-01 +8.4123e-01 +8.8545e-02
725 +4.949242154e-05 +4.949242154e-05 +1.464700495e+02 +1.464700495e+02 +2.4393e+00 +1.7820e-01 +8.8468e-01 +8.3589e-01 +9.8693e-02
732 +3.809081687e-05 +3.809081687e-05 +1.464700381e+02 +1.464700381e+02 +2.4423e+00 +1.8087e-01 +8.9117e-01 +8.3446e-01 +9.2511e-02
743 +2.720689108e-05 +2.720689108e-05 +1.464700272e+02 +1.464700272e+02 +2.4684e+00 +1.7526e-01 +9.3071e-01 +8.2978e-01 +9.2256e-02
752 +2.588609246e-05 +2.588609246e-05 +1.464700259e+02 +1.464700259e+02 +2.4961e+00 +1.7348e-01 +9.7357e-01 +8.1888e-01 +9.4113e-02
754 +1.462266479e-05 +1.462266479e-05 +1.464700146e+02 +1.464700146e+02 +2.5075e+00 +1.7081e-01 +9.7546e-01 +8.1990e-01 +1.0159e-01
763 +9.102693582e-06 +9.102693582e-06 +1.464700091e+02 +1.464700091e+02 +2.5446e+00 +1.6290e-01 +1.0290e+00 +8.1067e-01 +1.1080e-01
768 +8.589888893e-06 +8.589888893e-06 +1.464700086e+02 +1.464700086e+02 +2.5358e+00 +1.6695e-01 +1.0130e+00 +8.1473e-01 +1.0684e-01
774 +7.107199707e-06 +7.107199707e-06 +1.464700071e+02 +1.464700071e+02 +2.5836e+00 +1.5838e-01 +1.0717e+00 +8.0603e-01 +1.1700e-01
781 +6.593146793e-06 +6.593146793e-06 +1.464700066e+02 +1.464700066e+02 +2.5539e+00 +1.6318e-01 +1.0271e+00 +8.1342e-01 +1.0819e-01
782 +6.123375044e-06 +6.123375044e-06 +1.464700061e+02 +1.464700061e+02 +2.5798e+00 +1.5709e-01 +1.0541e+00 +8.1195e-01 +1.1632e-01
793 +5.511151670e-06 +5.511151670e-06 +1.464700055e+02 +1.464700055e+02 +2.5715e+00 +1.5759e-01 +1.0339e+00 +8.1025e-01 +1.1442e-01
805 +4.393255409e-06 +4.393255409e-06 +1.464700044e+02 +1.464700044e+02 +2.6238e+00 +1.4523e-01 +1.0928e+00 +8.0336e-01 +1.2489e-01
807 +3.142202786e-06 +3.142202786e-06 +1.464700031e+02 +1.464700031e+02 +2.6096e+00 +1.4886e-01 +1.0616e+00 +8.0881e-01 +1.2038e-01
904 +2.867826566e-06 +2.867826566e-06 +1.464700029e+02 +1.464700029e+02 +2.6005e+00 +1.4865e-01 +1.0365e+00 +8.0611e-01 +1.3063e-01
941 +2.577562043e-06 +2.577562043e-06 +1.464700026e+02 +1.464700026e+02 +2.6026e+00 +1.4271e-01 +1.0406e+00 +8.1008e-01 +1.3337e-01
948 +2.335682723e-06 +2.335682723e-06 +1.464700023e+02 +1.464700023e+02 +2.6157e+00 +1.4190e-01 +1.0503e+00 +8.0657e-01 +1.3430e-01
951 +2.181607670e-06 +2.181607670e-06 +1.464700022e+02 +1.464700022e+02 +2.6039e+00 +1.4101e-01 +1.0425e+00 +8.1114e-01 +1.3122e-01
962 +2.108682821e-06 +2.108682821e-06 +1.464700021e+02 +1.464700021e+02 +2.6155e+00 +1.3935e-01 +1.0486e+00 +8.1269e-01 +1.3326e-01
966 +2.053802149e-06 +2.053802149e-06 +1.464700021e+02 +1.464700021e+02 +2.6044e+00 +1.4262e-01 +1.0349e+00 +8.1453e-01 +1.3046e-01
984 +1.960417194e-06 +1.960417194e-06 +1.464700020e+02 +1.464700020e+02 +2.6020e+00 +1.4476e-01 +1.0322e+00 +8.1428e-01 +1.2656e-01
993 +1.892697242e-06 +1.892697242e-06 +1.464700019e+02 +1.464700019e+02 +2.6153e+00 +1.4163e-01 +1.0433e+00 +8.1630e-01 +1.2764e-01
995 +1.753200223e-06 +1.753200223e-06 +1.464700018e+02 +1.464700018e+02 +2.6093e+00 +1.4188e-01 +1.0386e+00 +8.1964e-01 +1.2504e-01
1006 +1.725661946e-06 +1.725661946e-06 +1.464700017e+02 +1.464700017e+02 +2.6134e+00 +1.3902e-01 +1.0453e+00 +8.1992e-01 +1.2650e-01
1055 +1.686165945e-06 +1.686165945e-06 +1.464700017e+02 +1.464700017e+02 +2.6026e+00 +1.4324e-01 +1.0406e+00 +8.1892e-01 +1.2460e-01
1074 +1.658119771e-06 +1.658119771e-06 +1.464700017e+02 +1.464700017e+02 +2.6093e+00 +1.4110e-01 +1.0458e+00 +8.1955e-01 +1.2427e-01
1098 +1.617352041e-06 +1.617352041e-06 +1.464700016e+02 +1.464700016e+02 +2.6171e+00 +1.3825e-01 +1.0576e+00 +8.2153e-01 +1.2485e-01
1116 +1.577151238e-06 +1.577151238e-06 +1.464700016e+02 +1.464700016e+02 +2.6213e+00 +1.3856e-01 +1.0586e+00 +8.2305e-01 +1.2329e-01
1136 +1.545806327e-06 +1.545806327e-06 +1.464700015e+02 +1.464700015e+02 +2.6247e+00 +1.3806e-01 +1.0637e+00 +8.2416e-01 +1.2309e-01
1162 +1.501801819e-06 +1.501801819e-06 +1.464700015e+02 +1.464700015e+02 +2.6290e+00 +1.3644e-01 +1.0691e+00 +8.2540e-01 +1.2202e-01
1166 +1.466913176e-06 +1.466913176e-06 +1.464700015e+02 +1.464700015e+02 +2.6308e+00 +1.3608e-01 +1.0720e+00 +8.2644e-01 +1.2180e-01
1174 +1.431807675e-06 +1.431807675e-06 +1.464700014e+02 +1.464700014e+02 +2.6336e+00 +1.3553e-01 +1.0767e+00 +8.2776e-01 +1.2141e-01
1182 +1.410985732e-06 +1.410985732e-06 +1.464700014e+02 +1.464700014e+02 +2.6369e+00 +1.3438e-01 +1.0795e+00 +8.2840e-01 +1.2057e-01
1190 +1.360972362e-06 +1.360972362e-06 +1.464700014e+02 +1.464700014e+02 +2.6402e+00 +1.3345e-01 +1.0847e+00 +8.2967e-01 +1.1995e-01
1192 +1.329831917e-06 +1.329831917e-06 +1.464700013e+02 +1.464700013e+02 +2.6441e+00 +1.3235e-01 +1.0902e+00 +8.3101e-01 +1.1936e-01
1194 +1.307501492e-06 +1.307501492e-06 +1.464700013e+02 +1.464700013e+02 +2.6487e+00 +1.3097e-01 +1.0964e+00 +8.3284e-01 +1.1845e-01
1203 +1.279111473e-06 +1.279111473e-06 +1.464700013e+02 +1.464700013e+02 +2.6523e+00 +1.3027e-01 +1.1020e+00 +8.3370e-01 +1.1800e-01
1249 +1.255538308e-06 +1.255538308e-06 +1.464700013e+02 +1.464700013e+02 +2.6486e+00 +1.3195e-01 +1.0971e+00 +8.3138e-01 +1.1835e-01
1259 +1.132835138e-06 +1.132835138e-06 +1.464700011e+02 +1.464700011e+02 +2.6612e+00 +1.2997e-01 +1.1147e+00 +8.3566e-01 +1.1557e-01
1263 +1.118115563e-06 +1.118115563e-06 +1.464700011e+02 +1.464700011e+02 +2.6634e+00 +1.2931e-01 +1.1202e+00 +8.3615e-01 +1.1544e-01
1269 +1.057373964e-06 +1.057373964e-06 +1.464700011e+02 +1.464700011e+02 +2.6620e+00 +1.3013e-01 +1.1185e+00 +8.3610e-01 +1.1509e-01
1275 +9.849927665e-07 +9.849927665e-07 +1.464700010e+02 +1.464700010e+02 +2.6598e+00 +1.2951e-01 +1.1177e+00 +8.3605e-01 +1.1452e-01
1295 +8.375253060e-07 +8.375253060e-07 +1.464700008e+02 +1.464700008e+02 +2.6599e+00 +1.2973e-01 +1.1284e+00 +8.3640e-01 +1.1174e-01
1311 +8.061717267e-07 +8.061717267e-07 +1.464700008e+02 +1.464700008e+02 +2.6593e+00 +1.3048e-01 +1.1262e+00 +8.3558e-01 +1.1186e-01
1315 +7.844115544e-07 +7.844115544e-07 +1.464700008e+02 +1.464700008e+02 +2.6670e+00 +1.3037e-01 +1.1471e+00 +8.3752e-01 +1.0748e-01
1316 +7.697934166e-07 +7.697934166e-07 +1.464700008e+02 +1.464700008e+02 +2.6635e+00 +1.3085e-01 +1.1320e+00 +8.3585e-01 +1.1126e-01
1317 +7.311521983e-07 +7.311521983e-07 +1.464700007e+02 +1.464700007e+02 +2.6615e+00 +1.3069e-01 +1.1272e+00 +8.3686e-01 +1.1165e-01
1324 +7.219138070e-07 +7.219138070e-07 +1.464700007e+02 +1.464700007e+02 +2.6609e+00 +1.3155e-01 +1.1315e+00 +8.3757e-01 +1.1093e-01
1327 +6.442799645e-07 +6.442799645e-07 +1.464700006e+02 +1.464700006e+02 +2.6728e+00 +1.3023e-01 +1.1455e+00 +8.4037e-01 +1.0693e-01
1343 +5.906630349e-07 +5.906630349e-07 +1.464700006e+02 +1.464700006e+02 +2.6757e+00 +1.2974e-01 +1.1566e+00 +8.4280e-01 +1.0449e-01
1344 +5.796627818e-07 +5.796627818e-07 +1.464700006e+02 +1.464700006e+02 +2.6781e+00 +1.2973e-01 +1.1581e+00 +8.4349e-01 +1.0334e-01
1360 +5.718784735e-07 +5.718784735e-07 +1.464700006e+02 +1.464700006e+02 +2.6830e+00 +1.2917e-01 +1.1683e+00 +8.4593e-01 +1.0007e-01
1372 +5.528061138e-07 +5.528061138e-07 +1.464700006e+02 +1.464700006e+02 +2.6760e+00 +1.2964e-01 +1.1582e+00 +8.4357e-01 +1.0270e-01
1382 +5.296413974e-07 +5.296413974e-07 +1.464700005e+02 +1.464700005e+02 +2.6885e+00 +1.2877e-01 +1.1857e+00 +8.5099e-01 +9.4872e-02
1390 +5.029161798e-07 +5.029161798e-07 +1.464700005e+02 +1.464700005e+02 +2.6796e+00 +1.2952e-01 +1.1647e+00 +8.4641e-01 +9.9796e-02
1399 +4.776235301e-07 +4.776235301e-07 +1.464700005e+02 +1.464700005e+02 +2.6822e+00 +1.2948e-01 +1.1712e+00 +8.4853e-01 +9.7426e-02
1408 +4.282682369e-07 +4.282682369e-07 +1.464700004e+02 +1.464700004e+02 +2.6861e+00 +1.2903e-01 +1.1838e+00 +8.5338e-01 +9.3094e-02
1413 +4.240810654e-07 +4.240810654e-07 +1.464700004e+02 +1.464700004e+02 +2.6939e+00 +1.2829e-01 +1.1961e+00 +8.5836e-01 +8.7117e-02
1415 +4.152435054e-07 +4.152435054e-07 +1.464700004e+02 +1.464700004e+02 +2.6968e+00 +1.2815e-01 +1.2054e+00 +8.6161e-01 +8.5207e-02
1424 +3.855334398e-07 +3.855334398e-07 +1.464700004e+02 +1.464700004e+02 +2.6958e+00 +1.2776e-01 +1.2011e+00 +8.6124e-01 +8.4805e-02
1438 +3.731178140e-07 +3.731178140e-07 +1.464700004e+02 +1.464700004e+02 +2.6957e+00 +1.2626e-01 +1.2004e+00 +8.6167e-01 +8.5944e-02
1445 +3.555905721e-07 +3.555905721e-07 +1.464700004e+02 +1.464700004e+02 +2.6974e+00 +1.2635e-01 +1.1920e+00 +8.6273e-01 +8.6455e-02
1457 +3.313700176e-07 +3.313700176e-07 +1.464700003e+02 +1.464700003e+02 +2.7082e+00 +1.2363e-01 +1.2204e+00 +8.7548e-01 +7.3908e-02
1461 +2.969673858e-07 +2.969673858e-07 +1.464700003e+02 +1.464700003e+02 +2.6948e+00 +1.2505e-01 +1.1888e+00 +8.6521e-01 +8.5180e-02
1467 +2.194128967e-07 +2.194128967e-07 +1.464700002e+02 +1.464700002e+02 +2.6910e+00 +1.2359e-01 +1.1824e+00 +8.7378e-01 +7.9991e-02
1470 +1.932020552e-07 +1.932020552e-07 +1.464700002e+02 +1.464700002e+02 +2.6968e+00 +1.2501e-01 +1.1917e+00 +8.7090e-01 +8.2276e-02
1499 +1.699355323e-07 +1.699355323e-07 +1.464700002e+02 +1.464700002e+02 +2.6838e+00 +1.2612e-01 +1.1719e+00 +8.6634e-01 +8.7229e-02
1529 +1.516474128e-07 +1.516474128e-07 +1.464700002e+02 +1.464700002e+02 +2.6722e+00 +1.2598e-01 +1.1662e+00 +8.8253e-01 +7.7809e-02
1534 +1.460206818e-07 +1.460206818e-07 +1.464700001e+02 +1.464700001e+02 +2.6644e+00 +1.2526e-01 +1.1536e+00 +8.8623e-01 +7.3309e-02
1554 +4.665403708e-08 +4.665403708e-08 +1.464700000e+02 +1.464700000e+02 +2.6692e+00 +1.2731e-01 +1.1721e+00 +8.8026e-01 +7.4238e-02
1565 +4.243850071e-08 +4.243850071e-08 +1.464700000e+02 +1.464700000e+02 +2.6668e+00 +1.2952e-01 +1.1751e+00 +8.8188e-01 +6.7891e-02
1576 +1.150868911e-08 +1.150868911e-08 +1.464700000e+02 +1.464700000e+02 +2.6732e+00 +1.2991e-01 +1.1704e+00 +8.8275e-01 +7.0615e-02
1585 +3.762977485e-09 +3.762977485e-09 +1.464700000e+02 +1.464700000e+02 +2.6736e+00 +1.3105e-01 +1.1794e+00 +8.8318e-01 +6.8376e-02
2224 +0.000000000e+00 +0.000000000e+00 +1.464700000e+02 +1.464700000e+02 +2.6682e+00 +1.3210e-01 +1.1839e+00 +8.9679e-01 +5.5631e-02
% function evaluation | noise-free fitness - Fopt (-2.071000000000e+01) | best noise-free fitness - Fopt | measured fitness | best measured fitness | x1 | x2...
1 +7.696645528e+01 +7.696645528e+01 +5.625645528e+01 +5.625645528e+01 +0.0000e+00 +0.0000e+00 +0.0000e+00 +0.0000e+00 +0.0000e+00
2 +7.393309483e+01 +7.393309483e+01 +5.322309483e+01 +5.322309483e+01 -1.3862e-01 -4.8329e-01 -6.8527e-01 -6.4106e-01 +1.1202e+00
3 +3.798294210e+01 +3.798294210e+01 +1.727294210e+01 +1.727294210e+01 +9.4742e-01 -3.0459e-01 -1.5123e+00 +1.2825e+00 -3.9145e-01
12 +3.704097922e+01 +3.704097922e+01 +1.633097922e+01 +1.633097922e+01 +6.8956e-02 -1.3278e+00 -1.2638e+00 +2.1221e-01 -1.1302e+00
15 +1.874222566e+01 +1.874222566e+01 -1.967774338e+00 -1.967774338e+00 -5.3300e-01 +1.5481e-01 -3.0096e-01 +8.2150e-01 -1.5040e+00
19 +6.733163421e+00 +6.733163421e+00 -1.397683658e+01 -1.397683658e+01 -3.9872e-01 +5.9705e-01 -3.0086e+00 +2.0077e+00 -1.3143e+00
91 +6.206952765e+00 +6.206952765e+00 -1.450304724e+01 -1.450304724e+01 -1.2731e+00 -1.6754e-01 -3.1923e+00 +1.8659e+00 -1.9717e+00
114 +2.321141993e+00 +2.321141993e+00 -1.838885801e+01 -1.838885801e+01 -1.3841e+00 +9.6541e-01 -2.8274e+00 +1.7956e+00 -1.6262e+00
143 +2.062990783e+00 +2.062990783e+00 -1.864700922e+01 -1.864700922e+01 -1.2891e+00 +1.0861e+00 -3.0644e+00 +1.6791e+00 -1.8383e+00
167 +2.036711246e+00 +2.036711246e+00 -1.867328875e+01 -1.867328875e+01 -1.0619e+00 +1.1101e+00 -3.1978e+00 +1.6680e+00 -1.7724e+00
172 +1.985314937e+00 +1.985314937e+00 -1.872468506e+01 -1.872468506e+01 -1.0250e+00 +1.0875e+00 -3.0635e+00 +1.6526e+00 -1.8681e+00
200 +1.948049772e+00 +1.948049772e+00 -1.876195023e+01 -1.876195023e+01 -1.1258e+00 +1.2039e+00 -2.8836e+00 +1.6578e+00 -1.7815e+00
202 +1.747824635e+00 +1.747824635e+00 -1.896217536e+01 -1.896217536e+01 -9.2920e-01 +1.2657e+00 -2.7527e+00 +1.6639e+00 -1.8181e+00
222 +1.725514225e+00 +1.725514225e+00 -1.898448578e+01 -1.898448578e+01 -7.6606e-01 +1.3106e+00 -2.6267e+00 +1.7350e+00 -1.6221e+00
240 +1.658717141e+00 +1.658717141e+00 -1.905128286e+01 -1.905128286e+01 -7.5201e-01 +1.4978e+00 -2.5015e+00 +1.8026e+00 -1.4369e+00
244 +1.620220094e+00 +1.620220094e+00 -1.908977991e+01 -1.908977991e+01 -9.2066e-01 +1.4784e+00 -2.3361e+00 +1.7342e+00 -1.5279e+00
247 +1.415799554e+00 +1.415799554e+00 -1.929420045e+01 -1.929420045e+01 -6.3875e-01 +1.6659e+00 -2.5090e+00 +1.6660e+00 -1.5799e+00
272 +1.219375561e+00 +1.219375561e+00 -1.949062444e+01 -1.949062444e+01 -5.7370e-01 +2.1584e+00 -2.6421e+00 +1.5681e+00 -1.7266e+00
280 +1.174220470e+00 +1.174220470e+00 -1.953577953e+01 -1.953577953e+01 -7.8689e-01 +2.1744e+00 -2.8377e+00 +1.5775e+00 -1.9096e+00
284 +8.742033861e-01 +8.742033861e-01 -1.983579661e+01 -1.983579661e+01 -6.4373e-01 +2.3016e+00 -2.4490e+00 +1.4782e+00 -1.7734e+00
294 +7.420395784e-01 +7.420395784e-01 -1.996796042e+01 -1.996796042e+01 -6.6664e-01 +2.4214e+00 -2.3623e+00 +1.5313e+00 -1.6765e+00
335 +7.360679442e-01 +7.360679442e-01 -1.997393206e+01 -1.997393206e+01 -7.7734e-01 +2.4232e+00 -2.1892e+00 +1.5561e+00 -1.6161e+00
358 +7.229896918e-01 +7.229896918e-01 -1.998701031e+01 -1.998701031e+01 -7.3250e-01 +2.4820e+00 -2.3324e+00 +1.5073e+00 -1.7042e+00
400 +7.060264903e-01 +7.060264903e-01 -2.000397351e+01 -2.000397351e+01 -7.6228e-01 +2.4984e+00 -2.3483e+00 +1.5482e+00 -1.6855e+00
