% function evaluation | noise-free fitness - Fopt (2.997000000000e+01) | best noise-free fitness - Fopt | measured fitness | best measured fitness | x1 | x2...
1 +3.715498553e+02 +3.715498553e+02 +4.015198553e+02 +4.015198553e+02 +0.0000e+00 +0.0000e+00
3 +2.397198969e+02 +2.397198969e+02 +2.696898969e+02 +2.696898969e+02 -7.3298e-03 -1.5450e+00
6 +9.630904451e+01 +9.630904451e+01 +1.262790445e+02 +1.262790445e+02 +7.0999e-01 -1.0345e+00
11 +8.976358527e+01 +8.976358527e+01 +1.197335853e+02 +1.197335853e+02 +9.4425e-01 -3.8727e-01
14 +1.029510897e+01 +1.029510897e+01 +4.026510897e+01 +4.026510897e+01 +1.2173e+00 -7.0120e-01
47 +7.005895265e+00 +7.005895265e+00 +3.697589526e+01 +3.697589526e+01 +1.4554e+00 +1.6376e-01
75 +4.937446345e+00 +4.937446345e+00 +3.490744635e+01 +3.490744635e+01 +1.2342e+00 -5.7231e-01
85 +4.129940567e+00 +4.129940567e+00 +3.409994057e+01 +3.409994057e+01 +1.0821e+00 -1.0734e+00
106 +2.118968934e+00 +2.118968934e+00 +3.208896893e+01 +3.208896893e+01 +9.6474e-01 -1.3853e+00
112 +6.522343867e-01 +6.522343867e-01 +3.062223439e+01 +3.062223439e+01 +8.6597e-01 -1.7397e+00
221 +4.786668693e-01 +4.786668693e-01 +3.044866687e+01 +3.044866687e+01 +7.2619e-01 -2.1876e+00
231 +4.622134709e-01 +4.622134709e-01 +3.043221347e+01 +3.043221347e+01 +7.6056e-01 -2.0774e+00
296 +3.465724077e-01 +3.465724077e-01 +3.031657241e+01 +3.031657241e+01 +7.3072e-01 -2.1711e+00
842 +3.372879747e-01 +3.372879747e-01 +3.030728797e+01 +3.030728797e+01 +7.3073e-01 -2.1713e+00
852 +3.242288837e-01 +3.242288837e-01 +3.029422888e+01 +3.029422888e+01 +7.3359e-01 -2.1620e+00
853 +3.165482410e-01 +3.165482410e-01 +3.028654824e+01 +3.028654824e+01 +7.3552e-01 -2.1558e+00
863 +2.740799236e-01 +2.740799236e-01 +3.024407992e+01 +3.024407992e+01 +7.4615e-01 -2.1212e+00
872 +2.520124194e-01 +2.520124194e-01 +3.022201242e+01 +3.022201242e+01 +7.5201e-01 -2.1022e+00
876 +2.127254119e-01 +2.127254119e-01 +3.018272541e+01 +3.018272541e+01 +7.6354e-01 -2.0647e+00
880 +1.905322830e-01 +1.905322830e-01 +3.016053228e+01 +3.016053228e+01 +7.7050e-01 -2.0421e+00
885 +1.562448462e-01 +1.562448462e-01 +3.012624485e+01 +3.012624485e+01 +7.8266e-01 -2.0026e+00
887 +1.122519847e-01 +1.122519847e-01 +3.008225198e+01 +3.008225198e+01 +8.0142e-01 -1.9417e+00
892 +8.672729867e-02 +8.672729867e-02 +3.005672730e+01 +3.005672730e+01 +8.1513e-01 -1.8972e+00
898 +6.099594154e-02 +6.099594154e-02 +3.003099594e+01 +3.003099594e+01 +8.3632e-01 -1.8283e+00
901 +4.781792726e-02 +4.781792726e-02 +3.001781793e+01 +3.001781793e+01 +8.6870e-01 -1.7231e+00
1123 +4.654892687e-02 +4.654892687e-02 +3.001654893e+01 +3.001654893e+01 +8.5997e-01 -1.7515e+00
1155 +4.529698410e-02 +4.529698410e-02 +3.001529698e+01 +3.001529698e+01 +8.5642e-01 -1.7630e+00
1162 +4.379680312e-02 +4.379680312e-02 +3.001379680e+01 +3.001379680e+01 +8.5373e-01 -1.7717e+00
1172 +4.298239716e-02 +4.298239716e-02 +3.001298240e+01 +3.001298240e+01 +8.5282e-01 -1.7746e+00
1176 +4.236881772e-02 +4.236881772e-02 +3.001236882e+01 +3.001236882e+01 +8.5042e-01 -1.7824e+00
1186 +4.109078079e-02 +4.109078079e-02 +3.001109078e+01 +3.001109078e+01 +8.4747e-01 -1.7920e+00
1188 +4.014239380e-02 +4.014239380e-02 +3.001014239e+01 +3.001014239e+01 +8.4284e-01 -1.8069e+00
1206 +3.952672641e-02 +3.952672641e-02 +3.000952673e+01 +3.000952673e+01 +8.3915e-01 -1.8189e+00
1221 +3.872814115e-02 +3.872814115e-02 +3.000872814e+01 +3.000872814e+01 +8.3734e-01 -1.8248e+00
1229 +3.754367017e-02 +3.754367017e-02 +3.000754367e+01 +3.000754367e+01 +8.3714e-01 -1.8254e+00
1232 +3.609750271e-02 +3.609750271e-02 +3.000609750e+01 +3.000609750e+01 +8.3022e-01 -1.8477e+00
1234 +3.424310431e-02 +3.424310431e-02 +3.000424310e+01 +3.000424310e+01 +8.3653e-01 -1.8273e+00
1242 +3.294505782e-02 +3.294505782e-02 +3.000294506e+01 +3.000294506e+01 +8.3512e-01 -1.8319e+00
1247 +2.720197144e-02 +2.720197144e-02 +2.999720197e+01 +2.999720197e+01 +8.3484e-01 -1.8327e+00
1253 +2.263594572e-02 +2.263594572e-02 +2.999263595e+01 +2.999263595e+01 +8.3995e-01 -1.8161e+00
1275 +1.807883802e-02 +1.807883802e-02 +2.998807884e+01 +2.998807884e+01 +8.4326e-01 -1.8053e+00
1303 +1.748669756e-02 +1.748669756e-02 +2.998748670e+01 +2.998748670e+01 +8.4307e-01 -1.8059e+00
1306 +1.716160521e-02 +1.716160521e-02 +2.998716161e+01 +2.998716161e+01 +8.4590e-01 -1.7967e+00
1313 +1.686836279e-02 +1.686836279e-02 +2.998686836e+01 +2.998686836e+01 +8.4632e-01 -1.7953e+00
1315 +1.170760877e-02 +1.170760877e-02 +2.998170761e+01 +2.998170761e+01 +8.4880e-01 -1.7873e+00
% function evaluation | noise-free fitness - Fopt (-5.171000000000e+01) | best noise-free fitness - Fopt | measured fitness | best measured fitness | x1 | x2...
1 +8.787843953e+01 +8.787843953e+01 +3.616843953e+01 +3.616843953e+01 +0.0000e+00 +0.0000e+00
6 +8.554088869e+01 +8.554088869e+01 +3.383088869e+01 +3.383088869e+01 +1.4695e+00 +1.2830e+00
7 +7.226737430e+01 +7.226737430e+01 +2.055737430e+01 +2.055737430e+01 +3.6534e-01 +4.0655e-01
11 +6.601138989e+01 +6.601138989e+01 +1.430138989e+01 +1.430138989e+01 -2.1879e-02 +2.5708e-01
14 +5.936275014e+01 +5.936275014e+01 +7.652750144e+00 +7.652750144e+00 +1.1122e+00 +1.1497e+00
23 +4.294262099e+01 +4.294262099e+01 -8.767379014e+00 -8.767379014e+00 +2.4130e+00 +2.5412e+00
46 +4.085484300e+01 +4.085484300e+01 -1.085515700e+01 -1.085515700e+01 +1.4357e+00 +1.5869e+00
52 +2.243797194e+01 +2.243797194e+01 -2.927202806e+01 -2.927202806e+01 +2.1703e+00 +2.8473e+00
59 +1.355347566e+01 +1.355347566e+01 -3.815652434e+01 -3.815652434e+01 +1.9262e+00 +2.2863e+00
70 +1.175384955e+01 +1.175384955e+01 -3.995615045e+01 -3.995615045e+01 +1.5451e+00 +1.9575e+00
180 +5.413565992e+00 +5.413565992e+00 -4.629643401e+01 -4.629643401e+01 +2.0854e+00 +2.5199e+00
185 +2.370304123e+00 +2.370304123e+00 -4.933969588e+01 -4.933969588e+01 +2.2266e+00 +2.6961e+00
352 +1.965660008e+00 +1.965660008e+00 -4.974433999e+01 -4.974433999e+01 +2.1446e+00 +2.6146e+00
375 +1.872076190e+00 +1.872076190e+00 -4.983792381e+01 -4.983792381e+01 +2.1664e+00 +2.6400e+00
385 +1.242930738e+00 +1.242930738e+00 -5.046706926e+01 -5.046706926e+01 +2.2392e+00 +2.7195e+00
397 +1.040998233e+00 +1.040998233e+00 -5.066900177e+01 -5.066900177e+01 +2.4056e+00 +2.9152e+00
402 +7.013719294e-01 +7.013719294e-01 -5.100862807e+01 -5.100862807e+01 +2.4867e+00 +3.0057e+00
415 +2.334824270e-01 +2.334824270e-01 -5.147651757e+01 -5.147651757e+01 +2.5533e+00 +3.0775e+00
425 +1.466972996e-01 +1.466972996e-01 -5.156330270e+01 -5.156330270e+01 +2.4819e+00 +2.9949e+00
434 +7.469268754e-02 +7.469268754e-02 -5.163530731e+01 -5.163530731e+01 +2.5286e+00 +3.0473e+00
468 +6.302424222e-02 +6.302424222e-02 -5.164697576e+01 -5.164697576e+01 +2.5365e+00 +3.0567e+00
472 +8.574745399e-03 +8.574745399e-03 -5.170142525e+01 -5.170142525e+01 +2.6067e+00 +3.1359e+00
2022 +7.589922966e-03 +7.589922966e-03 -5.170241008e+01 -5.170241008e+01 +2.6269e+00 +3.1587e+00
2025 +4.725778089e-03 +4.725778089e-03 -5.170527422e+01 -5.170527422e+01 +2.6127e+00 +3.1427e+00
2044 +4.587901875e-03 +4.587901875e-03 -5.170541210e+01 -5.170541210e+01 +2.6061e+00 +3.1352e+00
2059 +4.548617285e-03 +4.548617285e-03 -5.170545138e+01 -5.170545138e+01 +2.6081e+00 +3.1375e+00
2606 +4.464602372e-03 +4.464602372e-03 -5.170553540e+01 -5.170553540e+01 +2.6105e+00 +3.1402e+00
2636 +4.362445556e-03 +4.362445556e-03 -5.170563755e+01 -5.170563755e+01 +2.6141e+00 +3.1442e+00
2924 +4.260855010e-03 +4.260855010e-03 -5.170573914e+01 -5.170573914e+01 +2.6151e+00 +3.1453e+00
2948 +4.155369512e-03 +4.155369512e-03 -5.170584463e+01 -5.170584463e+01 +2.6130e+00 +3.1430e+00
2962 +3.995129228e-03 +3.995129228e-03 -5.170600487e+01 -5.170600487e+01 +2.6100e+00 +3.1396e+00
2973 +3.940052601e-03 +3.940052601e-03 -5.170605995e+01 -5.170605995e+01 +2.6087e+00 +3.1381e+00
2976 +3.852384355e-03 +3.852384355e-03 -5.170614762e+01 -5.170614762e+01 +2.6105e+00 +3.1402e+00
2977 +3.665117440e-03 +3.665117440e-03 -5.170633488e+01 -5.170633488e+01 +2.6088e+00 +3.1382e+00
2982 +3.544612989e-03 +3.544612989e-03 -5.170645539e+01 -5.170645539e+01 +2.6069e+00 +3.1361e+00
2985 +3.411145207e-03 +3.411145207e-03 -5.170658885e+01 -5.170658885e+01 +2.6087e+00 +3.1382e+00
2993 +3.301340960e-03 +3.301340960e-03 -5.170669866e+01 -5.170669866e+01 +2.6053e+00 +3.1343e+00
2998 +2.307635058e-03 +2.307635058e-03 -5.170769236e+01 -5.170769236e+01 +2.6080e+00 +3.1373e+00
2999 +2.225199113e-03 +2.225199113e-03 -5.170777480e+01 -5.170777480e+01 +2.6054e+00 +3.1344e+00
3002 +1.714869127e-03 +1.714869127e-03 -5.170828513e+01 -5.170828513e+01 +2.6017e+00 +3.1302e+00
3007 +1.613194139e-03 +1.613194139e-03 -5.170838681e+01 -5.170838681e+01 +2.6055e+00 +3.1345e+00
3013 +8.196765428e-04 +8.196765428e-04 -5.170918032e+01 -5.170918032e+01 +2.6023e+00 +3.1309e+00
3015 +2.679009810e-04 +2.679009810e-04 -5.170973210e+01 -5.170973210e+01 +2.6037e+00 +3.1324e+00
3028 +2.270476526e-04 +2.270476526e-04 -5.170977295e+01 -5.170977295e+01 +2.6053e+00 +3.1343e+00
3080 +3.447372105e-05 +3.447372105e-05 -5.170996553e+01 -5.170996553e+01 +2.6054e+00 +3.1344e+00
3293 +3.076047766e-05 +3.076047766e-05 -5.170996924e+01 -5.170996924e+01 +2.6052e+00 +3.1342e+00
3467 +2.905891807e-05 +2.905891807e-05 -5.170997094e+01 -5.170997094e+01 +2.6053e+00 +3.1342e+00
3471 +2.616101882e-05 +2.616101882e-05 -5.170997384e+01 -5.170997384e+01 +2.6053e+00 +3.1342e+00
3477 +1.404511448e-05 +1.404511448e-05 -5.170998595e+01 -5.170998595e+01 +2.6053e+00 +3.1342e+00
3540 +1.378652968e-05 +1.378652968e-05 -5.170998621e+01 -5.170998621e+01 +2.6053e+00 +3.1342e+00
3594 +1.340265348e-05 +1.340265348e-05 -5.170998660e+01 -5.170998660e+01 +2.6052e+00 +3.1342e+00
3621 +1.306980757e-05 +1.306980757e-05 -5.170998693e+01 -5.170998693e+01 +2.6052e+00 +3.1342e+00
3656 +1.280891846e-05 +1.280891846e-05 -5.170998719e+01 -5.170998719e+01 +2.6052e+00 +3.1342e+00
3678 +1.243409496e-05 +1.243409496e-05 -5.170998757e+01 -5.170998757e+01 +2.6052e+00 +3.1341e+00
% function evaluation | noise-free fitness - Fopt (-2.799500000000e+02) | best noise-free fitness - Fopt | measured fitness | best measured fitness | x1 | x2...
1 +5.395532116e+02 +5.395532116e+02 +2.596032116e+02 +2.596032116e+02 +0.0000e+00 +0.0000e+00
2 +5.113344691e+02 +5.113344691e+02 +2.313844691e+02 +2.313844691e+02 +1.9864e-01 -8.1718e-02
4 +2.739028360e+02 +2.739028360e+02 -6.047164038e+00 -6.047164038e+00 +9.3236e-01 -1.1259e+00
8 +8.128193223e+01 +8.128193223e+01 -1.986680678e+02 -1.986680678e+02 +3.4373e-02 -2.4048e+00
58 +6.435654679e+01 +6.435654679e+01 -2.155934532e+02 -2.155934532e+02 +8.9700e-01 -2.2848e+00
65 +5.350967047e+01 +5.350967047e+01 -2.264403295e+02 -2.264403295e+02 +9.1857e-01 -2.3402e+00
76 +3.315121228e+01 +3.315121228e+01 -2.467987877e+02 -2.467987877e+02 -1.7283e+00 -3.1640e+00
111 +1.992544167e+01 +1.992544167e+01 -2.600245583e+02 -2.600245583e+02 -1.0226e+00 -3.0237e+00
114 +1.911609875e+01 +1.911609875e+01 -2.608339013e+02 -2.608339013e+02 -1.3809e+00 -3.1324e+00
154 +1.167085327e+01 +1.167085327e+01 -2.682791467e+02 -2.682791467e+02 -1.6105e+00 -3.2564e+00
185 +5.916833380e+00 +5.916833380e+00 -2.740331666e+02 -2.740331666e+02 -2.7638e+00 -3.6365e+00
209 +1.757936130e+00 +1.757936130e+00 -2.781920639e+02 -2.781920639e+02 -3.3274e+00 -3.8494e+00
291 +7.913933518e-01 +7.913933518e-01 -2.791586066e+02 -2.791586066e+02 -3.1320e+00 -3.7889e+00
295 +6.673906588e-01 +6.673906588e-01 -2.792826093e+02 -2.792826093e+02 -3.2447e+00 -3.8262e+00
346 +5.379095437e-01 +5.379095437e-01 -2.794120905e+02 -2.794120905e+02 -3.4187e+00 -3.8917e+00
353 +2.334843024e-01 +2.334843024e-01 -2.797165157e+02 -2.797165157e+02 -3.3144e+00 -3.8525e+00
2174 +2.257645813e-01 +2.257645813e-01 -2.797242354e+02 -2.797242354e+02 -3.3193e+00 -3.8543e+00
2175 +2.188390183e-01 +2.188390183e-01 -2.797311610e+02 -2.797311610e+02 -3.3246e+00 -3.8562e+00
2182 +2.136920941e-01 +2.136920941e-01 -2.797363079e+02 -2.797363079e+02 -3.3287e+00 -3.8576e+00
2186 +2.073389564e-01 +2.073389564e-01 -2.797426610e+02 -2.797426610e+02 -3.3337e+00 -3.8594e+00
2188 +1.957829163e-01 +1.957829163e-01 -2.797542171e+02 -2.797542171e+02 -3.3433e+00 -3.8628e+00
2194 +1.692849256e-01 +1.692849256e-01 -2.797807151e+02 -2.797807151e+02 -3.3667e+00 -3.8711e+00
2199 +1.618493572e-01 +1.618493572e-01 -2.797881506e+02 -2.797881506e+02 -3.3737e+00 -3.8736e+00
2211 +1.372635909e-01 +1.372635909e-01 -2.798127364e+02 -2.798127364e+02 -3.3989e+00 -3.8826e+00
2212 +1.190972044e-01 +1.190972044e-01 -2.798309028e+02 -2.798309028e+02 -3.4200e+00 -3.8901e+00
2214 +1.088222634e-01 +1.088222634e-01 -2.798411777e+02 -2.798411777e+02 -3.4333e+00 -3.8948e+00
2217 +9.481646703e-02 +9.481646703e-02 -2.798551835e+02 -2.798551835e+02 -3.4535e+00 -3.9020e+00
2222 +5.829452780e-02 +5.829452780e-02 -2.798917055e+02 -2.798917055e+02 -3.5387e+00 -3.9322e+00
2227 +5.748171250e-02 +5.748171250e-02 -2.798925183e+02 -2.798925183e+02 -3.5426e+00 -3.9336e+00
2232 +5.477798678e-02 +5.477798678e-02 -2.798952220e+02 -2.798952220e+02 -3.6043e+00 -3.9556e+00
2255 +5.356874877e-02 +5.356874877e-02 -2.798964313e+02 -2.798964313e+02 -3.5811e+00 -3.9473e+00
2963 +5.191323709e-02 +5.191323709e-02 -2.798980868e+02 -2.798980868e+02 -3.5721e+00 -3.9441e+00
2974 +5.122989011e-02 +5.122989011e-02 -2.798987701e+02 -2.798987701e+02 -3.5689e+00 -3.9430e+00
2988 +4.894588557e-02 +4.894588557e-02 -2.799010541e+02 -2.799010541e+02 -3.5559e+00 -3.9383e+00
3002 +4.689054283e-02 +4.689054283e-02 -2.799031095e+02 -2.799031095e+02 -3.5227e+00 -3.9265e+00
3161 +4.676912472e-02 +4.676912472e-02 -2.799032309e+02 -2.799032309e+02 -3.5239e+00 -3.9269e+00
3214 +4.567803892e-02 +4.567803892e-02 -2.799043220e+02 -2.799043220e+02 -3.5194e+00 -3.9253e+00
3226 +4.448502595e-02 +4.448502595e-02 -2.799055150e+02 -2.799055150e+02 -3.5248e+00 -3.9272e+00
3231 +4.344685076e-02 +4.344685076e-02 -2.799065531e+02 -2.799065531e+02 -3.5399e+00 -3.9326e+00
3252 +4.187844868e-02 +4.187844868e-02 -2.799081216e+02 -2.799081216e+02 -3.5500e+00 -3.9362e+00
3256 +4.047933370e-02 +4.047933370e-02 -2.799095207e+02 -2.799095207e+02 -3.5604e+00 -3.9399e+00
3271 +3.949032512e-02 +3.949032512e-02 -2.799105097e+02 -2.799105097e+02 -3.5708e+00 -3.9436e+00
3276 +3.887403794e-02 +3.887403794e-02 -2.799111260e+02 -2.799111260e+02 -3.5823e+00 -3.9477e+00
3283 +3.797639750e-02 +3.797639750e-02 -2.799120236e+02 -2.799120236e+02 -3.5914e+00 -3.9509e+00
3299 +3.522377472e-02 +3.522377472e-02 -2.799147762e+02 -2.799147762e+02 -3.6159e+00 -3.9596e+00
3306 +3.438709430e-02 +3.438709430e-02 -2.799156129e+02 -2.799156129e+02 -3.5941e+00 -3.9518e+00
3313 +2.867839051e-02 +2.867839051e-02 -2.799213216e+02 -2.799213216e+02 -3.5752e+00 -3.9451e+00
3325 +2.487894674e-02 +2.487894674e-02 -2.799251211e+02 -2.799251211e+02 -3.5680e+00 -3.9425e+00
3329 +2.383778581e-02 +2.383778581e-02 -2.799261622e+02 -2.799261622e+02 -3.5535e+00 -3.9374e+00
3336 +2.272569471e-02 +2.272569471e-02 -2.799272743e+02 -2.799272743e+02 -3.5545e+00 -3.9377e+00
3338 +1.916950709e-02 +1.916950709e-02 -2.799308305e+02 -2.799308305e+02 -3.5338e+00 -3.9303e+00
3360 +1.871349691e-02 +1.871349691e-02 -2.799312865e+02 -2.799312865e+02 -3.5525e+00 -3.9370e+00
3362 +1.066109901e-02 +1.066109901e-02 -2.799393389e+02 -2.799393389e+02 -3.5787e+00 -3.9463e+00
3365 +8.227473111e-03 +8.227473111e-03 -2.799417725e+02 -2.799417725e+02 -3.5983e+00 -3.9532e+00
3372 +7.149686915e-03 +7.149686915e-03 -2.799428503e+02 -2.799428503e+02 -3.6174e+00 -3.9600e+00
3374 +4.233865908e-03 +4.233865908e-03 -2.799457661e+02 -2.799457661e+02 -3.6059e+00 -3.9559e+00
3376 +2.679012011e-03 +2.679012011e-03 -2.799473210e+02 -2.799473210e+02 -3.5935e+00 -3.9515e+00
3452 +2.513201086e-03 +2.513201086e-03 -2.799474868e+02 -2.799474868e+02 -3.5878e+00 -3.9494e+00
% function evaluation | noise-free fitness - Fopt (9.319900000000e+02) | best noise-free fitness - Fopt | measured fitness | best measured fitness | x1 | x2...
1 +2.054759652e+02 +2.054759652e+02 +1.137465965e+03 +1.137465965e+03 +0.0000e+00 +0.0000e+00
2 +3.456410011e+01 +3.456410011e+01 +9.665541001e+02 +9.665541001e+02 +1.0706e+00 +7.3051e-01
25 +3.020149020e+01 +3.020149020e+01 +9.621914902e+02 +9.621914902e+02 +2.1102e+00 +3.4150e-01
26 +2.186651839e+01 +2.186651839e+01 +9.538565184e+02 +9.538565184e+02 +1.5209e-01 +1.2868e+00
42 +1.095638593e+01 +1.095638593e+01 +9.429463859e+02 +9.429463859e+02 +1.0247e+00 +1.0986e+00
92 +2.956891201e+00 +2.956891201e+00 +9.349468912e+02 +9.349468912e+02 +1.9630e+00 +6.1427e-01
401 +2.865322480e+00 +2.865322480e+00 +9.348553225e+02 +9.348553225e+02 +2.0017e+00 +6.0110e-01
402 +2.802644835e+00 +2.802644835e+00 +9.347926448e+02 +9.347926448e+02 +1.9313e+00 +6.2699e-01
403 +2.593770752e+00 +2.593770752e+00 +9.345837708e+02 +9.345837708e+02 +1.9823e+00 +6.1021e-01
413 +2.514024949e+00 +2.514024949e+00 +9.345040249e+02 +9.345040249e+02 +1.9110e+00 +6.3674e-01
417 +2.291725196e+00 +2.291725196e+00 +9.342817252e+02 +9.342817252e+02 +1.8625e+00 +6.5644e-01
418 +2.222524429e+00 +2.222524429e+00 +9.342125244e+02 +9.342125244e+02 +1.9036e+00 +6.4182e-01
423 +1.296518058e+00 +1.296518058e+00 +9.332865181e+02 +9.332865181e+02 +1.7557e+00 +7.0464e-01
430 +1.104703765e+00 +1.104703765e+00 +9.330947038e+02 +9.330947038e+02 +1.7162e+00 +7.2136e-01
443 +5.508394583e-01 +5.508394583e-01 +9.325408395e+02 +9.325408395e+02 +1.5146e+00 +8.1135e-01
493 +4.239511955e-01 +4.239511955e-01 +9.324139512e+02 +9.324139512e+02 +1.5311e+00 +8.0002e-01
499 +2.526150512e-01 +2.526150512e-01 +9.322426151e+02 +9.322426151e+02 +1.4707e+00 +8.2827e-01
508 +4.491439833e-02 +4.491439833e-02 +9.320349144e+02 +9.320349144e+02 +1.4185e+00 +8.4930e-01
686 +2.252756062e-02 +2.252756062e-02 +9.320125276e+02 +9.320125276e+02 +1.3103e+00 +8.9498e-01
687 +1.795531214e-02 +1.795531214e-02 +9.320079553e+02 +9.320079553e+02 +1.3113e+00 +8.9458e-01
709 +8.820360467e-03 +8.820360467e-03 +9.319988204e+02 +9.319988204e+02 +1.3145e+00 +8.9338e-01
780 +8.398468038e-03 +8.398468038e-03 +9.319983985e+02 +9.319983985e+02 +1.3173e+00 +8.9211e-01
781 +3.900037092e-03 +3.900037092e-03 +9.319939000e+02 +9.319939000e+02 +1.3191e+00 +8.9135e-01
890 +3.128353056e-03 +3.128353056e-03 +9.319931284e+02 +9.319931284e+02 +1.3176e+00 +8.9204e-01
897 +2.851631233e-03 +2.851631233e-03 +9.319928516e+02 +9.319928516e+02 +1.3176e+00 +8.9204e-01
917 +2.812671965e-03 +2.812671965e-03 +9.319928127e+02 +9.319928127e+02 +1.3175e+00 +8.9207e-01
921 +2.752667238e-03 +2.752667238e-03 +9.319927527e+02 +9.319927527e+02 +1.3175e+00 +8.9207e-01
2975 +2.687392408e-03 +2.687392408e-03 +9.319926874e+02 +9.319926874e+02 +1.3176e+00 +8.9200e-01
2993 +2.584418021e-03 +2.584418021e-03 +9.319925844e+02 +9.319925844e+02 +1.3180e+00 +8.9183e-01
3003 +2.564208638e-03 +2.564208638e-03 +9.319925642e+02 +9.319925642e+02 +1.3181e+00 +8.9179e-01
3015 +2.385128877e-03 +2.385128877e-03 +9.319923851e+02 +9.319923851e+02 +1.3189e+00 +8.9148e-01
3023 +2.304426691e-03 +2.304426691e-03 +9.319923044e+02 +9.319923044e+02 +1.3192e+00 +8.9133e-01
3033 +2.043377499e-03 +2.043377499e-03 +9.319920434e+02 +9.319920434e+02 +1.3204e+00 +8.9083e-01
3042 +1.844000144e-03 +1.844000144e-03 +9.319918440e+02 +9.319918440e+02 +1.3213e+00 +8.9043e-01
3043 +1.742491692e-03 +1.742491692e-03 +9.319917425e+02 +9.319917425e+02 +1.3218e+00 +8.9022e-01
3047 +1.515507015e-03 +1.515507015e-03 +9.319915155e+02 +9.319915155e+02 +1.3230e+00 +8.8971e-01
3053 +1.252020437e-03 +1.252020437e-03 +9.319912520e+02 +9.319912520e+02 +1.3245e+00 +8.8907e-01
3057 +9.450779028e-04 +9.450779028e-04 +9.319909451e+02 +9.319909451e+02 +1.3266e+00 +8.8822e-01
3063 +8.211195380e-04 +8.211195380e-04 +9.319908211e+02 +9.319908211e+02 +1.3275e+00 +8.8782e-01
3068 +5.532184774e-04 +5.532184774e-04 +9.319905532e+02 +9.319905532e+02 +1.3299e+00 +8.8682e-01
3070 +4.518391693e-04 +4.518391693e-04 +9.319904518e+02 +9.319904518e+02 +1.3310e+00 +8.8635e-01
3074 +1.642530138e-04 +1.642530138e-04 +9.319901643e+02 +9.319901643e+02 +1.3377e+00 +8.8348e-01
4252 +1.619902769e-04 +1.619902769e-04 +9.319901620e+02 +9.319901620e+02 +1.3379e+00 +8.8340e-01
4272 +1.574549943e-04 +1.574549943e-04 +9.319901575e+02 +9.319901575e+02 +1.3384e+00 +8.8319e-01
4534 +1.548645013e-04 +1.548645013e-04 +9.319901549e+02 +9.319901549e+02 +1.3392e+00 +8.8286e-01
4542 +1.459024846e-04 +1.459024846e-04 +9.319901459e+02 +9.319901459e+02 +1.3392e+00 +8.8287e-01
4553 +1.370993658e-04 +1.370993658e-04 +9.319901371e+02 +9.319901371e+02 +1.3392e+00 +8.8285e-01
4556 +1.279830428e-04 +1.279830428e-04 +9.319901280e+02 +9.319901280e+02 +1.3393e+00 +8.8283e-01
4562 +1.198809565e-04 +1.198809565e-04 +9.319901199e+02 +9.319901199e+02 +1.3393e+00 +8.8281e-01
4569 +1.110080627e-04 +1.110080627e-04 +9.319901110e+02 +9.319901110e+02 +1.3394e+00 +8.8279e-01
4572 +9.554365568e-05 +9.554365568e-05 +9.319900955e+02 +9.319900955e+02 +1.3394e+00 +8.8276e-01
4578 +9.264290497e-05 +9.264290497e-05 +9.319900926e+02 +9.319900926e+02 +1.3394e+00 +8.8276e-01
4584 +7.049736109e-05 +7.049736109e-05 +9.319900705e+02 +9.319900705e+02 +1.3395e+00 +8.8271e-01
4593 +4.187378227e-05 +4.187378227e-05 +9.319900419e+02 +9.319900419e+02 +1.3397e+00 +8.8264e-01
4597 +3.286848732e-05 +3.286848732e-05 +9.319900329e+02 +9.319900329e+02 +1.3398e+00 +8.8263e-01
4603 +1.572250403e-05 +1.572250403e-05 +9.319900157e+02 +9.319900157e+02 +1.3399e+00 +8.8258e-01
4626 +1.446543297e-05 +1.446543297e-05 +9.319900145e+02 +9.319900145e+02 +1.3399e+00 +8.8259e-01
4635 +1.342080157e-05 +1.342080157e-05 +9.319900134e+02 +9.319900134e+02 +1.3398e+00 +8.8259e-01
4654 +1.317357658e-05 +1.317357658e-05 +9.319900132e+02 +9.319900132e+02 +1.3398e+00 +8.8259e-01
% function evaluation | noise-free fitness - Fopt (1.133100000000e+02) | best noise-free fitness - Fopt | measured fitness | best measured fitness | x1 | x2...
1 +6.153732223e+02 +6.153732223e+02 +7.286832223e+02 +7.286832223e+02 +0.0000e+00 +0.0000e+00
2 +5.202134218e+02 +5.202134218e+02 +6.335234218e+02 +6.335234218e+02 +9.3845e-01 +6.8807e-01
3 +4.559055799e+02 +4.559055799e+02 +5.692155799e+02 +5.692155799e+02 -2.0528e+00 +2.6249e-02
12 +1.488348491e+02 +1.488348491e+02 +2.621448491e+02 +2.621448491e+02 -7.3425e-01 +1.6823e+00
15 +1.017009387e+02 +1.017009387e+02 +2.150109387e+02 +2.150109387e+02 -8.1924e-01 +1.8541e+00
23 +2.466283779e+01 +2.466283779e+01 +1.379728378e+02 +1.379728378e+02 +1.9310e+00 +3.0008e+00
135 +2.290545479e+01 +2.290545479e+01 +1.362154548e+02 +1.362154548e+02 -8.7331e-01 +2.1682e+00
145 +8.344708104e+00 +8.344708104e+00 +1.216547081e+02 +1.216547081e+02 +1.2634e+00 +2.9148e+00
184 +7.302957438e+00 +7.302957438e+00 +1.206129574e+02 +1.206129574e+02 +2.4022e-02 +2.4895e+00
268 +6.606111959e+00 +6.606111959e+00 +1.199161120e+02 +1.199161120e+02 +3.1680e-01 +2.5883e+00
274 +5.604832399e+00 +5.604832399e+00 +1.189148324e+02 +1.189148324e+02 +5.7013e-01 +2.6709e+00
300 +4.653829685e+00 +4.653829685e+00 +1.179638297e+02 +1.179638297e+02 +6.3568e-01 +2.6814e+00
323 +2.692400218e+00 +2.692400218e+00 +1.160024002e+02 +1.160024002e+02 +8.6189e-01 +2.7577e+00
380 +2.465665527e+00 +2.465665527e+00 +1.157756655e+02 +1.157756655e+02 +9.3611e-01 +2.7822e+00
383 +2.326970615e+00 +2.326970615e+00 +1.156369706e+02 +1.156369706e+02 +9.5181e-01 +2.7869e+00
438 +2.125513717e+00 +2.125513717e+00 +1.154355137e+02 +1.154355137e+02 +1.0135e+00 +2.8068e+00
449 +2.008509840e+00 +2.008509840e+00 +1.153185098e+02 +1.153185098e+02 +1.0266e+00 +2.8106e+00
485 +1.985192662e+00 +1.985192662e+00 +1.152951927e+02 +1.152951927e+02 +1.0595e+00 +2.8208e+00
492 +1.884573606e+00 +1.884573606e+00 +1.151945736e+02 +1.151945736e+02 +1.0885e+00 +2.8309e+00
629 +1.847336643e+00 +1.847336643e+00 +1.151573366e+02 +1.151573366e+02 +1.0705e+00 +2.8247e+00
1143 +1.819597671e+00 +1.819597671e+00 +1.151295977e+02 +1.151295977e+02 +1.0802e+00 +2.8278e+00
1176 +1.772444624e+00 +1.772444624e+00 +1.150824446e+02 +1.150824446e+02 +1.0979e+00 +2.8334e+00
1197 +1.737736221e+00 +1.737736221e+00 +1.150477362e+02 +1.150477362e+02 +1.1112e+00 +2.8376e+00
1210 +1.687073083e+00 +1.687073083e+00 +1.149970731e+02 +1.149970731e+02 +1.1311e+00 +2.8439e+00
1212 +1.635076039e+00 +1.635076039e+00 +1.149450760e+02 +1.149450760e+02 +1.1520e+00 +2.8506e+00
1213 +1.606154276e+00 +1.606154276e+00 +1.149161543e+02 +1.149161543e+02 +1.1638e+00 +2.8543e+00
1226 +1.554281069e+00 +1.554281069e+00 +1.148642811e+02 +1.148642811e+02 +1.1856e+00 +2.8612e+00
1232 +1.498461580e+00 +1.498461580e+00 +1.148084616e+02 +1.148084616e+02 +1.2099e+00 +2.8689e+00
1248 +1.467202767e+00 +1.467202767e+00 +1.147772028e+02 +1.147772028e+02 +1.2238e+00 +2.8733e+00
1249 +1.373983366e+00 +1.373983366e+00 +1.146839834e+02 +1.146839834e+02 +1.2672e+00 +2.8871e+00
1253 +1.333795294e+00 +1.333795294e+00 +1.146437953e+02 +1.146437953e+02 +1.2868e+00 +2.8933e+00
1254 +1.313616826e+00 +1.313616826e+00 +1.146236168e+02 +1.146236168e+02 +1.2970e+00 +2.8965e+00
1256 +1.249194974e+00 +1.249194974e+00 +1.145591950e+02 +1.145591950e+02 +1.3304e+00 +2.9072e+00
1263 +1.030479006e+00 +1.030479006e+00 +1.143404790e+02 +1.143404790e+02 +1.4627e+00 +2.9491e+00
1264 +9.800708083e-01 +9.800708083e-01 +1.142900708e+02 +1.142900708e+02 +1.4993e+00 +2.9607e+00
1275 +8.306827030e-01 +8.306827030e-01 +1.141406827e+02 +1.141406827e+02 +1.6358e+00 +3.0040e+00
1277 +7.877411153e-01 +7.877411153e-01 +1.140977411e+02 +1.140977411e+02 +1.6908e+00 +3.0214e+00
1282 +7.354444598e-01 +7.354444598e-01 +1.140454445e+02 +1.140454445e+02 +1.7897e+00 +3.0528e+00
1289 +7.160646834e-01 +7.160646834e-01 +1.140260647e+02 +1.140260647e+02 +1.8749e+00 +3.0798e+00
1684 +7.075961885e-01 +7.075961885e-01 +1.140175962e+02 +1.140175962e+02 +1.8222e+00 +3.0632e+00
1751 +6.905584206e-01 +6.905584206e-01 +1.140005584e+02 +1.140005584e+02 +1.8933e+00 +3.0857e+00
1769 +6.750287035e-01 +6.750287035e-01 +1.139850287e+02 +1.139850287e+02 +1.9561e+00 +3.1057e+00
1780 +6.519162925e-01 +6.519162925e-01 +1.139619163e+02 +1.139619163e+02 +1.9830e+00 +3.1144e+00
1783 +6.371971023e-01 +6.371971023e-01 +1.139471971e+02 +1.139471971e+02 +2.0529e+00 +3.1367e+00
1787 +6.256498426e-01 +6.256498426e-01 +1.139356498e+02 +1.139356498e+02 +2.1242e+00 +3.1596e+00
1790 +5.933901539e-01 +5.933901539e-01 +1.139033902e+02 +1.139033902e+02 +2.0065e+00 +3.1221e+00
1796 +5.532650038e-01 +5.532650038e-01 +1.138632650e+02 +1.138632650e+02 +2.0885e+00 +3.1484e+00
1798 +4.680486932e-01 +4.680486932e-01 +1.137780487e+02 +1.137780487e+02 +1.9493e+00 +3.1044e+00
1801 +4.631139471e-01 +4.631139471e-01 +1.137731139e+02 +1.137731139e+02 +2.1163e+00 +3.1577e+00
1803 +4.467494650e-01 +4.467494650e-01 +1.137567495e+02 +1.137567495e+02 +2.2383e+00 +3.1969e+00
1804 +4.323182097e-01 +4.323182097e-01 +1.137423182e+02 +1.137423182e+02 +2.2295e+00 +3.1941e+00
1806 +2.904202620e-01 +2.904202620e-01 +1.136004203e+02 +1.136004203e+02 +2.1917e+00 +3.1825e+00
1814 +2.631228379e-01 +2.631228379e-01 +1.135731228e+02 +1.135731228e+02 +2.2030e+00 +3.1863e+00
1815 +1.862686561e-01 +1.862686561e-01 +1.134962687e+02 +1.134962687e+02 +2.1726e+00 +3.1768e+00
1817 +8.970183203e-02 +8.970183203e-02 +1.133997018e+02 +1.133997018e+02 +2.3214e+00 +3.2251e+00
1833 +6.289050248e-02 +6.289050248e-02 +1.133728905e+02 +1.133728905e+02 +2.3119e+00 +3.2222e+00
1865 +5.974722992e-02 +5.974722992e-02 +1.133697472e+02 +1.133697472e+02 +2.2967e+00 +3.2174e+00
1881 +5.388424455e-02 +5.388424455e-02 +1.133638842e+02 +1.133638842e+02 +2.2858e+00 +3.2137e+00
1895 +3.934502939e-02 +3.934502939e-02 +1.133493450e+02 +1.133493450e+02 +2.2820e+00 +3.2126e+00
% function evaluation | noise-free fitness - Fopt (-1.223200000000e+02) | best noise-free fitness - Fopt | measured fitness | best measured fitness | x1 | x2...
1 +8.839435841e+02 +8.839435841e+02 +7.616235841e+02 +7.616235841e+02 +0.0000e+00 +0.0000e+00
2 +5.380167131e+02 +5.380167131e+02 +4.156967131e+02 +4.156967131e+02 -1.4223e+00 +9.0689e-02
13 +2.932778449e+02 +2.932778449e+02 +1.709578449e+02 +1.709578449e+02 -2.4952e+00 +2.3785e-01
26 +2.150783439e+02 +2.150783439e+02 +9.275834395e+01 +9.275834395e+01 -1.2633e+00 -1.8754e+00
28 +1.899007070e+02 +1.899007070e+02 +6.758070704e+01 +6.758070704e+01 -3.2528e+00 +7.0573e-01
31 +2.445643336e+01 +2.445643336e+01 -9.786356664e+01 -9.786356664e+01 -3.2496e+00 -2.7511e-01
125 +2.373667135e+01 +2.373667135e+01 -9.858332865e+01 -9.858332865e+01 -2.6566e+00 -9.8630e-01
134 +2.341829055e+01 +2.341829055e+01 -9.890170945e+01 -9.890170945e+01 -2.4582e+00 -1.2596e+00
148 +1.824974896e+01 +1.824974896e+01 -1.040702510e+02 -1.040702510e+02 -2.7314e+00 -9.1366e-01
156 +1.667434177e+01 +1.667434177e+01 -1.056456582e+02 -1.056456582e+02 -2.9029e+00 -7.4851e-01
159 +1.355182657e+01 +1.355182657e+01 -1.087681734e+02 -1.087681734e+02 -2.8651e+00 -7.5679e-01
163 +1.115323907e+01 +1.115323907e+01 -1.111667609e+02 -1.111667609e+02 -2.8938e+00 -7.3079e-01
165 +4.682796304e+00 +4.682796304e+00 -1.176372037e+02 -1.176372037e+02 -2.2136e+00 -1.6974e+00
186 +7.072692862e-01 +7.072692862e-01 -1.216127307e+02 -1.216127307e+02 -1.3176e+00 -2.9732e+00
206 +2.755960966e-01 +2.755960966e-01 -1.220444039e+02 -1.220444039e+02 -1.0389e+00 -3.3659e+00
244 +2.213001315e-01 +2.213001315e-01 -1.220986999e+02 -1.220986999e+02 -1.0999e+00 -3.2816e+00
261 +2.009211004e-01 +2.009211004e-01 -1.221190789e+02 -1.221190789e+02 -1.2098e+00 -3.1247e+00
272 +1.778369620e-01 +1.778369620e-01 -1.221421630e+02 -1.221421630e+02 -1.1549e+00 -3.2029e+00
307 +1.377703592e-01 +1.377703592e-01 -1.221822296e+02 -1.221822296e+02 -1.0950e+00 -3.2882e+00
309 +1.223284445e-01 +1.223284445e-01 -1.221976716e+02 -1.221976716e+02 -1.1271e+00 -3.2417e+00
316 +8.735348312e-02 +8.735348312e-02 -1.222326465e+02 -1.222326465e+02 -1.1176e+00 -3.2553e+00
332 +6.832158489e-02 +6.832158489e-02 -1.222516784e+02 -1.222516784e+02 -1.1206e+00 -3.2512e+00
349 +3.076852323e-02 +3.076852323e-02 -1.222892315e+02 -1.222892315e+02 -1.0752e+00 -3.3158e+00
354 +1.450682397e-02 +1.450682397e-02 -1.223054932e+02 -1.223054932e+02 -1.0400e+00 -3.3659e+00
424 +2.432045546e-03 +2.432045546e-03 -1.223175680e+02 -1.223175680e+02 -1.0011e+00 -3.4212e+00
557 +1.095334681e-03 +1.095334681e-03 -1.223189047e+02 -1.223189047e+02 -9.8442e-01 -3.4448e+00
685 +9.511857009e-04 +9.511857009e-04 -1.223190488e+02 -1.223190488e+02 -9.8529e-01 -3.4436e+00
701 +8.240503908e-04 +8.240503908e-04 -1.223191759e+02 -1.223191759e+02 -9.8531e-01 -3.4436e+00
754 +2.825988629e-04 +2.825988629e-04 -1.223197174e+02 -1.223197174e+02 -9.8530e-01 -3.4436e+00
829 +2.807368190e-04 +2.807368190e-04 -1.223197193e+02 -1.223197193e+02 -9.8521e-01 -3.4437e+00
1009 +2.662520597e-04 +2.662520597e-04 -1.223197337e+02 -1.223197337e+02 -9.8525e-01 -3.4436e+00
1017 +2.598875925e-04 +2.598875925e-04 -1.223197401e+02 -1.223197401e+02 -9.8525e-01 -3.4436e+00
% function evaluation | noise-free fitness - Fopt (1.556000000000e+01) | best noise-free fitness - Fopt | measured fitness | best measured fitness | x1 | x2...
1 +3.001864045e+02 +3.001864045e+02 +3.157464045e+02 +3.157464045e+02 +0.0000e+00 +0.0000e+00
3 +2.857643546e+02 +2.857643546e+02 +3.013243546e+02 +3.013243546e+02 -1.3074e-01 -1.5856e-02
8 +1.095165206e+02 +1.095165206e+02 +1.250765206e+02 +1.250765206e+02 -8.4280e-01 -9.9635e-01
12 +1.605276798e+01 +1.605276798e+01 +3.161276798e+01 +3.161276798e+01 -1.2933e+00 -1.5094e+00
36 +6.127488780e+00 +6.127488780e+00 +2.168748878e+01 +2.168748878e+01 -1.3933e+00 -1.6438e+00
90 +4.584262163e+00 +4.584262163e+00 +2.014426216e+01 +2.014426216e+01 -1.3921e+00 -1.6273e+00
146 +1.582660051e+00 +1.582660051e+00 +1.714266005e+01 +1.714266005e+01 -9.3511e-01 -2.0879e+00
151 +1.395859992e+00 +1.395859992e+00 +1.695585999e+01 +1.695585999e+01 -1.0208e+00 -1.9972e+00
199 +1.522623496e-01 +1.522623496e-01 +1.571226235e+01 +1.571226235e+01 -1.2081e+00 -1.7800e+00
227 +3.879687789e-02 +3.879687789e-02 +1.559879688e+01 +1.559879688e+01 -1.2312e+00 -1.7553e+00
301 +2.151824527e-02 +2.151824527e-02 +1.558151825e+01 +1.558151825e+01 -1.2580e+00 -1.7260e+00
855 +1.666142131e-02 +1.666142131e-02 +1.557666142e+01 +1.557666142e+01 -1.2591e+00 -1.7247e+00
887 +9.247268256e-03 +9.247268256e-03 +1.556924727e+01 +1.556924727e+01 -1.2613e+00 -1.7219e+00
896 +4.334207338e-03 +4.334207338e-03 +1.556433421e+01 +1.556433421e+01 -1.2611e+00 -1.7223e+00
960 +3.804792442e-03 +3.804792442e-03 +1.556380479e+01 +1.556380479e+01 -1.2594e+00 -1.7243e+00
1028 +1.022611077e-03 +1.022611077e-03 +1.556102261e+01 +1.556102261e+01 -1.2589e+00 -1.7247e+00
1117 +9.850173982e-04 +9.850173982e-04 +1.556098502e+01 +1.556098502e+01 -1.2610e+00 -1.7225e+00
1123 +7.907984974e-04 +7.907984974e-04 +1.556079080e+01 +1.556079080e+01 -1.2609e+00 -1.7225e+00
1140 +7.143136946e-04 +7.143136946e-04 +1.556071431e+01 +1.556071431e+01 -1.2610e+00 -1.7225e+00
1154 +4.452666850e-04 +4.452666850e-04 +1.556044527e+01 +1.556044527e+01 -1.2609e+00 -1.7225e+00
1224 +3.994419707e-04 +3.994419707e-04 +1.556039944e+01 +1.556039944e+01 -1.2609e+00 -1.7225e+00
1234 +3.252950242e-04 +3.252950242e-04 +1.556032530e+01 +1.556032530e+01 -1.2609e+00 -1.7225e+00
1269 +3.172578691e-04 +3.172578691e-04 +1.556031726e+01 +1.556031726e+01 -1.2610e+00 -1.7225e+00
1449 +3.147515954e-04 +3.147515954e-04 +1.556031475e+01 +1.556031475e+01 -1.2609e+00 -1.7225e+00
% function evaluation | noise-free fitness - Fopt (1.000000000000e+03) | best noise-free fitness - Fopt | measured fitness | best measured fitness | x1 | x2...
1 +1.038726266e+03 +1.038726266e+03 +2.038726266e+03 +2.038726266e+03 +0.0000e+00 +0.0000e+00
2 +4.686867359e+02 +4.686867359e+02 +1.468686736e+03 +1.468686736e+03 -1.0533e+00 -2.0065e+00
15 +2.029227356e+02 +2.029227356e+02 +1.202922736e+03 +1.202922736e+03 -1.6452e+00 -2.9631e+00
34 +1.305477506e+02 +1.305477506e+02 +1.130547751e+03 +1.130547751e+03 -7.6251e-01 -3.0413e+00
35 +6.359498465e+01 +6.359498465e+01 +1.063594985e+03 +1.063594985e+03 -1.6423e+00 -3.7959e+00
45 +1.010091798e+01 +1.010091798e+01 +1.010100918e+03 +1.010100918e+03 -1.7551e+00 -3.6016e+00
913 +9.941691871e+00 +9.941691871e+00 +1.009941692e+03 +1.009941692e+03 -2.7060e+00 -3.7839e+00
915 +9.187488404e+00 +9.187488404e+00 +1.009187488e+03 +1.009187488e+03 -2.4848e+00 -3.7488e+00
920 +8.981698961e+00 +8.981698961e+00 +1.008981699e+03 +1.008981699e+03 -2.4186e+00 -3.7383e+00
922 +7.911886984e+00 +7.911886984e+00 +1.007911887e+03 +1.007911887e+03 -2.0113e+00 -3.6738e+00
932 +7.382833613e+00 +7.382833613e+00 +1.007382834e+03 +1.007382834e+03 -1.7366e+00 -3.6303e+00
933 +6.771781845e+00 +6.771781845e+00 +1.006771782e+03 +1.006771782e+03 -1.1486e+00 -3.5371e+00
942 +6.737798490e+00 +6.737798490e+00 +1.006737798e+03 +1.006737798e+03 -1.0428e+00 -3.5203e+00
1142 +6.203261352e+00 +6.203261352e+00 +1.006203261e+03 +1.006203261e+03 -7.2369e-01 -3.4680e+00
1145 +6.037757261e+00 +6.037757261e+00 +1.006037757e+03 +1.006037757e+03 -7.1055e-01 -3.4653e+00
1151 +5.250800666e+00 +5.250800666e+00 +1.005250801e+03 +1.005250801e+03 -6.5167e-01 -3.4534e+00
1153 +5.117311047e+00 +5.117311047e+00 +1.005117311e+03 +1.005117311e+03 -6.3794e-01 -3.4508e+00
1154 +4.562090834e+00 +4.562090834e+00 +1.004562091e+03 +1.004562091e+03 -6.0294e-01 -3.4434e+00
1160 +4.141199362e+00 +4.141199362e+00 +1.004141199e+03 +1.004141199e+03 -5.7331e-01 -3.4372e+00
1164 +3.618251929e+00 +3.618251929e+00 +1.003618252e+03 +1.003618252e+03 -5.3517e-01 -3.4294e+00
1165 +2.775645401e+00 +2.775645401e+00 +1.002775645e+03 +1.002775645e+03 -4.8521e-01 -3.4187e+00
1167 +2.663755267e+00 +2.663755267e+00 +1.002663755e+03 +1.002663755e+03 -4.7287e-01 -3.4163e+00
1168 +2.521735061e+00 +2.521735061e+00 +1.002521735e+03 +1.002521735e+03 -4.6069e-01 -3.4139e+00
1173 +1.131587858e+00 +1.131587858e+00 +1.001131588e+03 +1.001131588e+03 -3.7656e-01 -3.3958e+00
1175 +3.973961707e-01 +3.973961707e-01 +1.000397396e+03 +1.000397396e+03 -3.0655e-01 -3.3821e+00
1180 +3.720187938e-01 +3.720187938e-01 +1.000372019e+03 +1.000372019e+03 -2.8171e-01 -3.3770e+00
1212 +2.673909416e-01 +2.673909416e-01 +1.000267391e+03 +1.000267391e+03 -2.8344e-01 -3.3779e+00
1241 +2.160492978e-01 +2.160492978e-01 +1.000216049e+03 +1.000216049e+03 -1.4012e-01 -3.3536e+00
1263 +1.782810424e-01 +1.782810424e-01 +1.000178281e+03 +1.000178281e+03 -1.6885e-01 -3.3589e+00
1273 +1.666414467e-01 +1.666414467e-01 +1.000166641e+03 +1.000166641e+03 -1.6974e-01 -3.3588e+00
1277 +1.171494510e-01 +1.171494510e-01 +1.000117149e+03 +1.000117149e+03 -1.6078e-01 -3.3574e+00
1502 +1.144689648e-01 +1.144689648e-01 +1.000114469e+03 +1.000114469e+03 -1.5620e-01 -3.3567e+00
2354 +1.098122753e-01 +1.098122753e-01 +1.000109812e+03 +1.000109812e+03 -1.4863e-01 -3.3554e+00
2362 +1.088128299e-01 +1.088128299e-01 +1.000108813e+03 +1.000108813e+03 -1.4668e-01 -3.3551e+00
2377 +1.017012995e-01 +1.017012995e-01 +1.000101701e+03 +1.000101701e+03 -1.3238e-01 -3.3527e+00
2386 +9.393762958e-02 +9.393762958e-02 +1.000093938e+03 +1.000093938e+03 -1.1569e-01 -3.3499e+00
2391 +9.225506000e-02 +9.225506000e-02 +1.000092255e+03 +1.000092255e+03 -1.1190e-01 -3.3493e+00
2394 +8.998199929e-02 +8.998199929e-02 +1.000089982e+03 +1.000089982e+03 -1.0668e-01 -3.3484e+00
2395 +8.259705637e-02 +8.259705637e-02 +1.000082597e+03 +1.000082597e+03 -8.8712e-02 -3.3454e+00
2398 +7.760217532e-02 +7.760217532e-02 +1.000077602e+03 +1.000077602e+03 -7.5535e-02 -3.3433e+00
2403 +7.206657530e-02 +7.206657530e-02 +1.000072067e+03 +1.000072067e+03 -5.9683e-02 -3.3406e+00
2413 +6.398333337e-02 +6.398333337e-02 +1.000063983e+03 +1.000063983e+03 -3.3243e-02 -3.3362e+00
2422 +5.125999985e-02 +5.125999985e-02 +1.000051260e+03 +1.000051260e+03 +2.4932e-02 -3.3266e+00
2426 +4.986579220e-02 +4.986579220e-02 +1.000049866e+03 +1.000049866e+03 +3.4271e-02 -3.3250e+00
2434 +4.586224506e-02 +4.586224506e-02 +1.000045862e+03 +1.000045862e+03 +7.5369e-02 -3.3182e+00
2440 +4.513739162e-02 +4.513739162e-02 +1.000045137e+03 +1.000045137e+03 +1.0597e-01 -3.3131e+00
2713 +4.463573547e-02 +4.463573547e-02 +1.000044636e+03 +1.000044636e+03 +9.6473e-02 -3.3147e+00
3103 +4.361646770e-02 +4.361646770e-02 +1.000043616e+03 +1.000043616e+03 +6.2001e-02 -3.3204e+00
3117 +4.251066652e-02 +4.251066652e-02 +1.000042511e+03 +1.000042511e+03 +5.7521e-02 -3.3212e+00
3122 +4.093198673e-02 +4.093198673e-02 +1.000040932e+03 +1.000040932e+03 +5.5147e-02 -3.3216e+00
3132 +3.967027758e-02 +3.967027758e-02 +1.000039670e+03 +1.000039670e+03 +4.9539e-02 -3.3225e+00
3142 +3.827890939e-02 +3.827890939e-02 +1.000038279e+03 +1.000038279e+03 +3.9476e-02 -3.3242e+00
3143 +3.789525525e-02 +3.789525525e-02 +1.000037895e+03 +1.000037895e+03 +3.3127e-02 -3.3252e+00
3146 +3.680760006e-02 +3.680760006e-02 +1.000036808e+03 +1.000036808e+03 +3.1259e-02 -3.3255e+00
3153 +3.544091598e-02 +3.544091598e-02 +1.000035441e+03 +1.000035441e+03 +2.4146e-02 -3.3267e+00
3159 +3.306977222e-02 +3.306977222e-02 +1.000033070e+03 +1.000033070e+03 +8.0519e-03 -3.3294e+00
3167 +3.191581883e-02 +3.191581883e-02 +1.000031916e+03 +1.000031916e+03 +1.1585e-03 -3.3306e+00
3293 +3.158633178e-02 +3.158633178e-02 +1.000031586e+03 +1.000031586e+03 +7.5967e-04 -3.3307e+00
3578 +3.082950731e-02 +3.082950731e-02 +1.000030830e+03 +1.000030830e+03 +3.0899e-03 -3.3303e+00
3593 +2.980720007e-02 +2.980720007e-02 +1.000029807e+03 +1.000029807e+03 +6.3612e-03 -3.3297e+00
3602 +2.827960950e-02 +2.827960950e-02 +1.000028280e+03 +1.000028280e+03 +1.1487e-02 -3.3289e+00
3607 +2.754051271e-02 +2.754051271e-02 +1.000027541e+03 +1.000027541e+03 +1.4024e-02 -3.3285e+00
3614 +2.523044721e-02 +2.523044721e-02 +1.000025230e+03 +1.000025230e+03 +2.2236e-02 -3.3271e+00
3615 +2.458791597e-02 +2.458791597e-02 +1.000024588e+03 +1.000024588e+03 +2.4636e-02 -3.3267e+00
3622 +2.010733530e-02 +2.010733530e-02 +1.000020107e+03 +1.000020107e+03 +4.2644e-02 -3.3237e+00
3633 +1.755792783e-02 +1.755792783e-02 +1.000017558e+03 +1.000017558e+03 +5.4306e-02 -3.3218e+00
3634 +1.647458134e-02 +1.647458134e-02 +1.000016475e+03 +1.000016475e+03 +5.9703e-02 -3.3209e+00
3642 +1.141786926e-02 +1.141786926e-02 +1.000011418e+03 +1.000011418e+03 +9.0620e-02 -3.3157e+00
3649 +1.058872498e-02 +1.058872498e-02 +1.000010589e+03 +1.000010589e+03 +9.7255e-02 -3.3146e+00
3653 +7.321215055e-03 +7.321215055e-03 +1.000007321e+03 +1.000007321e+03 +1.6580e-01 -3.3033e+00
3654 +7.199521224e-03 +7.199521224e-03 +1.000007200e+03 +1.000007200e+03 +1.5365e-01 -3.3053e+00
4065 +7.077367404e-03 +7.077367404e-03 +1.000007077e+03 +1.000007077e+03 +1.4530e-01 -3.3067e+00
4284 +6.903539352e-03 +6.903539352e-03 +1.000006904e+03 +1.000006904e+03 +1.2705e-01 -3.3097e+00
4302 +6.607470827e-03 +6.607470827e-03 +1.000006607e+03 +1.000006607e+03 +1.2844e-01 -3.3095e+00
4303 +6.429724555e-03 +6.429724555e-03 +1.000006430e+03 +1.000006430e+03 +1.2893e-01 -3.3094e+00
4306 +6.309212969e-03 +6.309212969e-03 +1.000006309e+03 +1.000006309e+03 +1.2934e-01 -3.3093e+00
4316 +5.316861074e-03 +5.316861074e-03 +1.000005317e+03 +1.000005317e+03 +1.3313e-01 -3.3087e+00
4323 +4.042055354e-03 +4.042055354e-03 +1.000004042e+03 +1.000004042e+03 +1.3981e-01 -3.3076e+00
4332 +1.987889118e-03 +1.987889118e-03 +1.000001988e+03 +1.000001988e+03 +1.5008e-01 -3.3059e+00
4342 +1.841382842e-03 +1.841382842e-03 +1.000001841e+03 +1.000001841e+03 +1.4994e-01 -3.3059e+00
4346 +1.013295278e-03 +1.013295278e-03 +1.000001013e+03 +1.000001013e+03 +1.5493e-01 -3.3051e+00
4348 +8.121508253e-04 +8.121508253e-04 +1.000000812e+03 +1.000000812e+03 +1.6445e-01 -3.3035e+00
4349 +5.990871924e-04 +5.990871924e-04 +1.000000599e+03 +1.000000599e+03 +1.6120e-01 -3.3041e+00
4351 +2.026030381e-04 +2.026030381e-04 +1.000000203e+03 +1.000000203e+03 +1.6246e-01 -3.3038e+00
4588 +1.995095599e-04 +1.995095599e-04 +1.000000200e+03 +1.000000200e+03 +1.6221e-01 -3.3039e+00
4593 +1.948886775e-04 +1.948886775e-04 +1.000000195e+03 +1.000000195e+03 +1.6233e-01 -3.3039e+00
4605 +1.876235298e-04 +1.876235298e-04 +1.000000188e+03 +1.000000188e+03 +1.6265e-01 -3.3038e+00
4606 +1.858788705e-04 +1.858788705e-04 +1.000000186e+03 +1.000000186e+03 +1.6271e-01 -3.3038e+00
4614 +1.790000276e-04 +1.790000276e-04 +1.000000179e+03 +1.000000179e+03 +1.6312e-01 -3.3037e+00
4623 +1.717349246e-04 +1.717349246e-04 +1.000000172e+03 +1.000000172e+03 +1.6344e-01 -3.3037e+00
4635 +1.525215762e-04 +1.525215762e-04 +1.000000153e+03 +1.000000153e+03 +1.6401e-01 -3.3036e+00
4643 +1.405177608e-04 +1.405177608e-04 +1.000000141e+03 +1.000000141e+03 +1.6457e-01 -3.3035e+00
4652 +1.017785382e-04 +1.017785382e-04 +1.000000102e+03 +1.000000102e+03 +1.6672e-01 -3.3031e+00
4665 +8.527536306e-05 +8.527536306e-05 +1.000000085e+03 +1.000000085e+03 +1.6797e-01 -3.3029e+00
4672 +7.213216804e-05 +7.213216804e-05 +1.000000072e+03 +1.000000072e+03 +1.6890e-01 -3.3028e+00
4679 +6.401702979e-05 +6.401702979e-05 +1.000000064e+03 +1.000000064e+03 +1.7004e-01 -3.3026e+00
4684 +5.227531676e-05 +5.227531676e-05 +1.000000052e+03 +1.000000052e+03 +1.7637e-01 -3.3015e+00
4689 +4.796072085e-05 +4.796072085e-05 +1.000000048e+03 +1.000000048e+03 +1.7324e-01 -3.3021e+00
4690 +4.519911170e-05 +4.519911170e-05 +1.000000045e+03 +1.000000045e+03 +1.7411e-01 -3.3019e+00
4695 +4.337646396e-05 +4.337646396e-05 +1.000000043e+03 +1.000000043e+03 +1.7526e-01 -3.3017e+00
4704 +3.957620527e-05 +3.957620527e-05 +1.000000040e+03 +1.000000040e+03 +1.7560e-01 -3.3017e+00
4713 +3.273600601e-05 +3.273600601e-05 +1.000000033e+03 +1.000000033e+03 +1.7589e-01 -3.3016e+00
4716 +2.396661614e-05 +2.396661614e-05 +1.000000024e+03 +1.000000024e+03 +1.7764e-01 -3.3013e+00
4717 +1.893334957e-05 +1.893334957e-05 +1.000000019e+03 +1.000000019e+03 +1.7705e-01 -3.3014e+00
4723 +7.108208592e-06 +7.108208592e-06 +1.000000007e+03 +1.000000007e+03 +1.7658e-01 -3.3015e+00
4729 +4.268485782e-06 +4.268485782e-06 +1.000000004e+03 +1.000000004e+03 +1.7775e-01 -3.3013e+00
5317 +4.242411478e-06 +4.242411478e-06 +1.000000004e+03 +1.000000004e+03 +1.7803e-01 -3.3013e+00
% function evaluation | noise-free fitness - Fopt (1.177400000000e+02) | best noise-free fitness - Fopt | measured fitness | best measured fitness | x1 | x2...
1 +1.019951450e+03 +1.019951450e+03 +1.137691450e+03 +1.137691450e+03 +0.0000e+00 +0.0000e+00
2 +6.639625780e+02 +6.639625780e+02 +7.817025780e+02 +7.817025780e+02 +1.4664e+00 +1.9265e-01
12 +4.666227603e+02 +4.666227603e+02 +5.843627603e+02 +5.843627603e+02 +2.5195e+00 +7.1243e-01
22 +8.659206437e+01 +8.659206437e+01 +2.043320644e+02 +2.043320644e+02 +5.3251e+00 +2.8969e+00
99 +7.283119807e+01 +7.283119807e+01 +1.905711981e+02 +1.905711981e+02 +5.8171e+00 +3.6174e+00
141 +7.094416019e+01 +7.094416019e+01 +1.886841602e+02 +1.886841602e+02 -9.7514e-01 -9.5357e+00
148 +3.925419835e+01 +3.925419835e+01 +1.569941984e+02 +1.569941984e+02 +4.0611e+00 +3.5695e-01
158 +3.856516768e+01 +3.856516768e+01 +1.563051677e+02 +1.563051677e+02 +3.4916e+00 -6.7948e-01
168 +3.346104566e+01 +3.346104566e+01 +1.512010457e+02 +1.512010457e+02 +1.8160e+00 -3.9101e+00
196 +1.986837328e+01 +1.986837328e+01 +1.376083733e+02 +1.376083733e+02 +1.3449e+00 -4.9559e+00
198 +8.470200473e+00 +8.470200473e+00 +1.262102005e+02 +1.262102005e+02 +2.4772e+00 -2.8102e+00
233 +1.355463345e+00 +1.355463345e+00 +1.190954633e+02 +1.190954633e+02 +2.5980e+00 -2.6515e+00
255 +5.489198600e-02 +5.489198600e-02 +1.177948920e+02 +1.177948920e+02 +2.4733e+00 -2.8812e+00
406 +5.221592704e-02 +5.221592704e-02 +1.177922159e+02 +1.177922159e+02 +2.5263e+00 -2.7800e+00
610 +4.818226857e-02 +4.818226857e-02 +1.177881823e+02 +1.177881823e+02 +2.4844e+00 -2.8607e+00
611 +2.085967124e-03 +2.085967124e-03 +1.177420860e+02 +1.177420860e+02 +2.4847e+00 -2.8598e+00
748 +4.659059317e-04 +4.659059317e-04 +1.177404659e+02 +1.177404659e+02 +2.4846e+00 -2.8600e+00
849 +2.618391717e-04 +2.618391717e-04 +1.177402618e+02 +1.177402618e+02 +2.4845e+00 -2.8601e+00
864 +1.365508665e-04 +1.365508665e-04 +1.177401366e+02 +1.177401366e+02 +2.4845e+00 -2.8601e+00
1102 +1.258755877e-04 +1.258755877e-04 +1.177401259e+02 +1.177401259e+02 +2.4845e+00 -2.8601e+00
1182 +1.161314190e-04 +1.161314190e-04 +1.177401161e+02 +1.177401161e+02 +2.4845e+00 -2.8601e+00
% function evaluation | noise-free fitness - Fopt (-4.670000000000e+01) | best noise-free fitness - Fopt | measured fitness | best measured fitness | x1 | x2...
1 +3.255435635e+02 +3.255435635e+02 +2.788435635e+02 +2.788435635e+02 +0.0000e+00 +0.0000e+00
3 +1.630631971e+02 +1.630631971e+02 +1.163631971e+02 +1.163631971e+02 +1.3737e-02 +8.3759e-01
7 +1.017375222e+02 +1.017375222e+02 +5.503752219e+01 +5.503752219e+01 +1.9629e+00 +1.7789e-01
13 +3.320137086e+01 +3.320137086e+01 -1.349862914e+01 -1.349862914e+01 +1.0621e+00 +7.5544e-01
41 +2.668794045e+01 +2.668794045e+01 -2.001205955e+01 -2.001205955e+01 +1.8843e+00 -2.4168e-01
61 +1.941126894e+01 +1.941126894e+01 -2.728873106e+01 -2.728873106e+01 +1.3090e+00 +3.4581e-01
77 +1.444668357e+01 +1.444668357e+01 -3.225331643e+01 -3.225331643e+01 +1.1855e+00 +4.9738e-01
90 +1.108931006e+01 +1.108931006e+01 -3.561068994e+01 -3.561068994e+01 +9.5890e-01 +7.2984e-01
235 +1.085562645e+01 +1.085562645e+01 -3.584437355e+01 -3.584437355e+01 +9.3430e-01 +7.5513e-01
254 +1.050080045e+01 +1.050080045e+01 -3.619919955e+01 -3.619919955e+01 +8.6364e-01 +8.3349e-01
333 +1.026184545e+01 +1.026184545e+01 -3.643815455e+01 -3.643815455e+01 +8.2714e-01 +8.7262e-01
337 +9.911500396e+00 +9.911500396e+00 -3.678849960e+01 -3.678849960e+01 +8.4925e-01 +8.4580e-01
341 +9.523986035e+00 +9.523986035e+00 -3.717601396e+01 -3.717601396e+01 +8.2593e-01 +8.6840e-01
363 +9.072433362e+00 +9.072433362e+00 -3.762756664e+01 -3.762756664e+01 +7.9226e-01 +9.0393e-01
378 +8.722028009e+00 +8.722028009e+00 -3.797797199e+01 -3.797797199e+01 +7.5256e-01 +9.4479e-01
416 +7.774600168e+00 +7.774600168e+00 -3.892539983e+01 -3.892539983e+01 +5.8993e-01 +1.1197e+00
433 +4.877832043e+00 +4.877832043e+00 -4.182216796e+01 -4.182216796e+01 +2.8434e-01 +1.4300e+00
561 +4.581704157e+00 +4.581704157e+00 -4.211829584e+01 -4.211829584e+01 +3.0153e-01 +1.4160e+00
603 +4.514851347e+00 +4.514851347e+00 -4.218514865e+01 -4.218514865e+01 +2.3571e-01 +1.4807e+00
607 +4.416567855e+00 +4.416567855e+00 -4.228343214e+01 -4.228343214e+01 +2.7595e-01 +1.4409e+00
613 +4.357715572e+00 +4.357715572e+00 -4.234228443e+01 -4.234228443e+01 +2.1304e-01 +1.5042e+00
630 +4.129712053e+00 +4.129712053e+00 -4.257028795e+01 -4.257028795e+01 +2.5555e-01 +1.4633e+00
1848 +4.070513802e+00 +4.070513802e+00 -4.262948620e+01 -4.262948620e+01 +2.5065e-01 +1.4682e+00
1870 +3.963285425e+00 +3.963285425e+00 -4.273671457e+01 -4.273671457e+01 +2.3518e-01 +1.4842e+00
1877 +3.840655448e+00 +3.840655448e+00 -4.285934455e+01 -4.285934455e+01 +2.1720e-01 +1.5029e+00
1884 +3.658696861e+00 +3.658696861e+00 -4.304130314e+01 -4.304130314e+01 +1.8991e-01 +1.5313e+00
1892 +3.579511113e+00 +3.579511113e+00 -4.312048889e+01 -4.312048889e+01 +1.7779e-01 +1.5439e+00
1893 +3.512103426e+00 +3.512103426e+00 -4.318789657e+01 -4.318789657e+01 +1.6736e-01 +1.5548e+00
1902 +3.136212960e+00 +3.136212960e+00 -4.356378704e+01 -4.356378704e+01 +1.0694e-01 +1.6176e+00
1912 +3.061963546e+00 +3.061963546e+00 -4.363803645e+01 -4.363803645e+01 +9.4513e-02 +1.6305e+00
1916 +2.733998244e+00 +2.733998244e+00 -4.396600176e+01 -4.396600176e+01 +3.7407e-02 +1.6898e+00
1922 +2.261156981e+00 +2.261156981e+00 -4.443884302e+01 -4.443884302e+01 -5.2679e-02 +1.7835e+00
1938 +2.207953975e+00 +2.207953975e+00 -4.449204603e+01 -4.449204603e+01 -6.3515e-02 +1.7947e+00
1940 +1.913411743e+00 +1.913411743e+00 -4.478658826e+01 -4.478658826e+01 -1.2670e-01 +1.8604e+00
1943 +1.539192332e+00 +1.539192332e+00 -4.516080767e+01 -4.516080767e+01 -2.1697e-01 +1.9543e+00
1945 +1.256994290e+00 +1.256994290e+00 -4.544300571e+01 -4.544300571e+01 -2.9584e-01 +2.0363e+00
1954 +9.015815942e-01 +9.015815942e-01 -4.579841841e+01 -4.579841841e+01 -4.1832e-01 +2.1636e+00
1956 +5.264430495e-01 +5.264430495e-01 -4.617355695e+01 -4.617355695e+01 -6.2854e-01 +2.3821e+00
1963 +4.842880133e-01 +4.842880133e-01 -4.621571199e+01 -4.621571199e+01 -6.7409e-01 +2.4295e+00
1965 +4.425922116e-01 +4.425922116e-01 -4.625740779e+01 -4.625740779e+01 -8.1765e-01 +2.5787e+00
2852 +4.364152657e-01 +4.364152657e-01 -4.626358473e+01 -4.626358473e+01 -7.4497e-01 +2.5032e+00
2916 +4.167428395e-01 +4.167428395e-01 -4.628325716e+01 -4.628325716e+01 -6.9671e-01 +2.4533e+00
2925 +3.948381843e-01 +3.948381843e-01 -4.630516182e+01 -4.630516182e+01 -6.6079e-01 +2.4162e+00
2932 +3.739986584e-01 +3.739986584e-01 -4.632600134e+01 -4.632600134e+01 -5.9334e-01 +2.3466e+00
2951 +3.712871906e-01 +3.712871906e-01 -4.632871281e+01 -4.632871281e+01 -6.1678e-01 +2.3709e+00
2952 +3.366659940e-01 +3.366659940e-01 -4.636333401e+01 -4.636333401e+01 -5.6222e-01 +2.3147e+00
2964 +3.271839099e-01 +3.271839099e-01 -4.637281609e+01 -4.637281609e+01 -5.5897e-01 +2.3115e+00
2966 +2.989669905e-01 +2.989669905e-01 -4.640103301e+01 -4.640103301e+01 -5.5001e-01 +2.3024e+00
2975 +2.839459844e-01 +2.839459844e-01 -4.641605402e+01 -4.641605402e+01 -5.6023e-01 +2.3131e+00
2981 +2.681982160e-01 +2.681982160e-01 -4.643180178e+01 -4.643180178e+01 -5.6811e-01 +2.3213e+00
3002 +2.280150900e-01 +2.280150900e-01 -4.647198491e+01 -4.647198491e+01 -6.2721e-01 +2.3832e+00
3013 +2.224431474e-01 +2.224431474e-01 -4.647755685e+01 -4.647755685e+01 -6.3171e-01 +2.3871e+00
3014 +1.946122611e-01 +1.946122611e-01 -4.650538774e+01 -4.650538774e+01 -6.5670e-01 +2.4140e+00
3015 +1.387251908e-01 +1.387251908e-01 -4.656127481e+01 -4.656127481e+01 -6.5359e-01 +2.4104e+00
3022 +1.372205315e-01 +1.372205315e-01 -4.656277947e+01 -4.656277947e+01 -6.5350e-01 +2.4103e+00
3026 +1.280795402e-01 +1.280795402e-01 -4.657192046e+01 -4.657192046e+01 -6.6663e-01 +2.4240e+00
3055 +1.119155718e-01 +1.119155718e-01 -4.658808443e+01 -4.658808443e+01 -6.8533e-01 +2.4435e+00
3056 +1.092219563e-01 +1.092219563e-01 -4.659077804e+01 -4.659077804e+01 -6.9111e-01 +2.4492e+00
3063 +9.055824377e-02 +9.055824377e-02 -4.660944176e+01 -4.660944176e+01 -6.8268e-01 +2.4406e+00
3073 +7.277360455e-02 +7.277360455e-02 -4.662722640e+01 -4.662722640e+01 -7.0097e-01 +2.4597e+00
3094 +7.110299550e-02 +7.110299550e-02 -4.662889700e+01 -4.662889700e+01 -7.1288e-01 +2.4721e+00
3095 +6.275394393e-02 +6.275394393e-02 -4.663724606e+01 -4.663724606e+01 -7.3581e-01 +2.4961e+00
3096 +5.621062547e-02 +5.621062547e-02 -4.664378937e+01 -4.664378937e+01 -7.5387e-01 +2.5150e+00
3114 +3.544345647e-02 +3.544345647e-02 -4.666455654e+01 -4.666455654e+01 -7.7761e-01 +2.5394e+00
3126 +1.624430989e-02 +1.624430989e-02 -4.668375569e+01 -4.668375569e+01 -8.1687e-01 +2.5804e+00
3129 +1.269065975e-02 +1.269065975e-02 -4.668730934e+01 -4.668730934e+01 -8.1221e-01 +2.5755e+00
3138 +1.137141854e-02 +1.137141854e-02 -4.668862858e+01 -4.668862858e+01 -8.4061e-01 +2.6051e+00
3142 +2.906686884e-03 +2.906686884e-03 -4.669709331e+01 -4.669709331e+01 -8.1946e-01 +2.5831e+00
3177 +2.310595473e-03 +2.310595473e-03 -4.669768940e+01 -4.669768940e+01 -8.4575e-01 +2.6105e+00
3182 +1.718632786e-03 +1.718632786e-03 -4.669828137e+01 -4.669828137e+01 -8.6153e-01 +2.6270e+00
3215 +8.138792086e-04 +8.138792086e-04 -4.669918612e+01 -4.669918612e+01 -8.6087e-01 +2.6263e+00
3219 +6.128879774e-04 +6.128879774e-04 -4.669938711e+01 -4.669938711e+01 -8.5734e-01 +2.6226e+00
3256 +5.410662394e-04 +5.410662394e-04 -4.669945893e+01 -4.669945893e+01 -8.4766e-01 +2.6125e+00
3268 +3.536534694e-04 +3.536534694e-04 -4.669964635e+01 -4.669964635e+01 -8.5070e-01 +2.6157e+00
3294 +3.197655549e-04 +3.197655549e-04 -4.669968023e+01 -4.669968023e+01 -8.5552e-01 +2.6207e+00
3301 +2.339616578e-04 +2.339616578e-04 -4.669976604e+01 -4.669976604e+01 -8.5349e-01 +2.6186e+00
3486 +2.151799160e-04 +2.151799160e-04 -4.669978482e+01 -4.669978482e+01 -8.5205e-01 +2.6171e+00
3514 +1.298109747e-04 +1.298109747e-04 -4.669987019e+01 -4.669987019e+01 -8.5207e-01 +2.6171e+00
3655 +1.158087547e-04 +1.158087547e-04 -4.669988419e+01 -4.669988419e+01 -8.5207e-01 +2.6171e+00
3704 +1.087737214e-04 +1.087737214e-04 -4.669989123e+01 -4.669989123e+01 -8.5207e-01 +2.6171e+00
% function evaluation | noise-free fitness - Fopt (8.287000000000e+01) | best noise-free fitness - Fopt | measured fitness | best measured fitness | x1 | x2...
1 +3.391164664e+02 +3.391164664e+02 +4.219864664e+02 +4.219864664e+02 +0.0000e+00 +0.0000e+00
3 +2.207675855e+02 +2.207675855e+02 +3.036375855e+02 +3.036375855e+02 +9.8143e-01 -1.6520e+00
7 +6.114099707e+01 +6.114099707e+01 +1.440109971e+02 +1.440109971e+02 -1.4483e+00 -1.8056e-01
8 +1.262185825e+01 +1.262185825e+01 +9.549185825e+01 +9.549185825e+01 +1.1378e-01 -1.7752e+00
385 +1.245370990e+01 +1.245370990e+01 +9.532370990e+01 +9.532370990e+01 -1.3439e+00 -6.3815e-02
394 +1.030907053e+01 +1.030907053e+01 +9.317907053e+01 +9.317907053e+01 -1.1021e+00 -3.4045e-01
409 +7.997357105e+00 +7.997357105e+00 +9.086735711e+01 +9.086735711e+01 -9.3024e-01 -5.3132e-01
413 +4.650759444e+00 +4.650759444e+00 +8.752075944e+01 +8.752075944e+01 -3.8653e-01 -1.1478e+00
424 +3.051383017e+00 +3.051383017e+00 +8.592138302e+01 +8.592138302e+01 +6.2728e-01 -2.2924e+00
431 +2.620781151e+00 +2.620781151e+00 +8.549078115e+01 +8.549078115e+01 +4.3092e-01 -2.0725e+00
432 +1.527793339e+00 +1.527793339e+00 +8.439779334e+01 +8.439779334e+01 +1.1666e+00 -2.9137e+00
433 +2.023928087e-01 +2.023928087e-01 +8.307239281e+01 +8.307239281e+01 +7.6520e-01 -2.4639e+00
452 +1.270768516e-01 +1.270768516e-01 +8.299707685e+01 +8.299707685e+01 +7.5780e-01 -2.4551e+00
521 +5.966014320e-02 +5.966014320e-02 +8.292966014e+01 +8.292966014e+01 +9.0684e-01 -2.6248e+00
% function evaluation | noise-free fitness - Fopt (-1.839000000000e+01) | best noise-free fitness - Fopt | measured fitness | best measured fitness | x1 | x2...
1 +5.488884483e+02 +5.488884483e+02 +5.304984483e+02 +5.304984483e+02 +0.0000e+00 +0.0000e+00
3 +5.331651733e+02 +5.331651733e+02 +5.147751733e+02 +5.147751733e+02 -2.5763e-01 +1.2053e-01
4 +2.103119623e+02 +2.103119623e+02 +1.919219623e+02 +1.919219623e+02 +4.2115e-01 +1.3819e+00
6 +1.394633097e+02 +1.394633097e+02 +1.210733097e+02 +1.210733097e+02 -6.3795e-02 +1.8267e+00
12 +5.798165239e+01 +5.798165239e+01 +3.959165239e+01 +3.959165239e+01 +1.5880e-02 +2.1870e+00
15 +5.646326919e+01 +5.646326919e+01 +3.807326919e+01 +3.807326919e+01 -7.8914e-01 +2.4196e+00
20 +3.827381002e+01 +3.827381002e+01 +1.988381002e+01 +1.988381002e+01 +3.7483e-01 +2.1832e+00
30 +1.303087620e+00 +1.303087620e+00 -1.708691238e+01 -1.708691238e+01 -2.7434e-01 +2.5388e+00
59 +7.627499500e-01 +7.627499500e-01 -1.762725005e+01 -1.762725005e+01 -7.8865e-01 +2.6925e+00
129 +8.139614095e-02 +8.139614095e-02 -1.830860386e+01 -1.830860386e+01 -3.2203e-01 +2.5591e+00
292 +6.567758591e-02 +6.567758591e-02 -1.832432241e+01 -1.832432241e+01 -1.4185e-01 +2.5070e+00
425 +6.226588914e-02 +6.226588914e-02 -1.832773411e+01 -1.832773411e+01 -9.8292e-02 +2.4949e+00
473 +5.494547807e-02 +5.494547807e-02 -1.833505452e+01 -1.833505452e+01 -1.1174e-01 +2.4987e+00
500 +4.729837930e-02 +4.729837930e-02 -1.834270162e+01 -1.834270162e+01 -1.2264e-01 +2.5018e+00
503 +3.690132601e-02 +3.690132601e-02 -1.835309867e+01 -1.835309867e+01 -1.2008e-01 +2.5010e+00
602 +3.461593545e-02 +3.461593545e-02 -1.835538406e+01 -1.835538406e+01 -1.1634e-01 +2.4999e+00
723 +3.385492436e-02 +3.385492436e-02 -1.835614508e+01 -1.835614508e+01 -1.1651e-01 +2.5000e+00
% function evaluation | noise-free fitness - Fopt (1.426600000000e+02) | best noise-free fitness - Fopt | measured fitness | best measured fitness | x1 | x2...
1 +8.697662718e+02 +8.697662718e+02 +1.012426272e+03 +1.012426272e+03 +0.0000e+00 +0.0000e+00
2 +3.108477667e+02 +3.108477667e+02 +4.535077667e+02 +4.535077667e+02 -2.7637e+00 +7.2791e-01
13 +1.545822051e+02 +1.545822051e+02 +2.972422051e+02 +2.972422051e+02 -5.0684e+00 +9.5102e-01
40 +9.014540836e+01 +9.014540836e+01 +2.328054084e+02 +2.328054084e+02 -3.9804e+00 +9.3710e-01
52 +4.253282115e+01 +4.253282115e+01 +1.851928212e+02 +1.851928212e+02 -3.2663e+00 +1.9103e+00
94 +4.016342865e+01 +4.016342865e+01 +1.828234287e+02 +1.828234287e+02 -3.7076e+00 +1.5010e+00
100 +3.419644542e+01 +3.419644542e+01 +1.768564454e+02 +1.768564454e+02 -3.7880e+00 +1.5334e+00
238 +3.370504124e+01 +3.370504124e+01 +1.763650412e+02 +1.763650412e+02 -3.6354e+00 +1.7369e+00
239 +3.260027504e+01 +3.260027504e+01 +1.752602750e+02 +1.752602750e+02 -3.6123e+00 +1.6401e+00
240 +3.117690599e+01 +3.117690599e+01 +1.738369060e+02 +1.738369060e+02 -3.6386e+00 +1.6240e+00
247 +2.792699775e+01 +2.792699775e+01 +1.705869978e+02 +1.705869978e+02 -3.6992e+00 +1.5937e+00
281 +2.707640874e+01 +2.707640874e+01 +1.697364087e+02 +1.697364087e+02 -3.6810e+00 +1.6103e+00
298 +2.684546250e+01 +2.684546250e+01 +1.695054625e+02 +1.695054625e+02 -3.5816e+00 +1.7065e+00
302 +2.614329581e+01 +2.614329581e+01 +1.688032958e+02 +1.688032958e+02 -3.5442e+00 +1.7470e+00
313 +2.502593411e+01 +2.502593411e+01 +1.676859341e+02 +1.676859341e+02 -3.5415e+00 +1.7568e+00
316 +2.401751558e+01 +2.401751558e+01 +1.666775156e+02 +1.666775156e+02 -3.5383e+00 +1.7664e+00
317 +2.383215584e+01 +2.383215584e+01 +1.664921558e+02 +1.664921558e+02 -3.5391e+00 +1.7668e+00
328 +2.260404151e+01 +2.260404151e+01 +1.652640415e+02 +1.652640415e+02 -3.4983e+00 +1.8143e+00
329 +2.039891503e+01 +2.039891503e+01 +1.630589150e+02 +1.630589150e+02 -3.3107e+00 +2.0117e+00
334 +1.811700617e+01 +1.811700617e+01 +1.607770062e+02 +1.607770062e+02 -3.1977e+00 +2.1380e+00
344 +1.586822667e+01 +1.586822667e+01 +1.585282267e+02 +1.585282267e+02 -3.1784e+00 +2.1739e+00
345 +9.972389850e+00 +9.972389850e+00 +1.526323899e+02 +1.526323899e+02 -2.8209e+00 +2.5706e+00
356 +8.773593393e+00 +8.773593393e+00 +1.514335934e+02 +1.514335934e+02 -2.6432e+00 +2.7870e+00
357 +6.142918662e+00 +6.142918662e+00 +1.488029187e+02 +1.488029187e+02 -2.5355e+00 +2.8902e+00
359 +5.277079180e+00 +5.277079180e+00 +1.479370792e+02 +1.479370792e+02 -2.4597e+00 +2.9813e+00
360 +3.395819671e+00 +3.395819671e+00 +1.460558197e+02 +1.460558197e+02 -2.2186e+00 +3.2544e+00
361 +2.807661974e+00 +2.807661974e+00 +1.454676620e+02 +1.454676620e+02 -2.0751e+00 +3.4001e+00
362 +9.700275480e-01 +9.700275480e-01 +1.436300275e+02 +1.436300275e+02 -1.6448e+00 +3.8838e+00
366 +1.623754741e-01 +1.623754741e-01 +1.428223755e+02 +1.428223755e+02 -1.3969e+00 +4.1685e+00
412 +1.066869430e-01 +1.066869430e-01 +1.427666869e+02 +1.427666869e+02 -1.5290e+00 +4.0198e+00
429 +8.037391179e-02 +8.037391179e-02 +1.427403739e+02 +1.427403739e+02 -1.5037e+00 +4.0494e+00
437 +7.824366720e-02 +7.824366720e-02 +1.427382437e+02 +1.427382437e+02 -1.5660e+00 +3.9785e+00
446 +3.196181363e-02 +3.196181363e-02 +1.426919618e+02 +1.426919618e+02 -1.6079e+00 +3.9320e+00
545 +1.555096635e-02 +1.555096635e-02 +1.426755510e+02 +1.426755510e+02 -1.5386e+00 +4.0099e+00
558 +7.402967654e-03 +7.402967654e-03 +1.426674030e+02 +1.426674030e+02 -1.5358e+00 +4.0129e+00
578 +5.768731591e-03 +5.768731591e-03 +1.426657687e+02 +1.426657687e+02 -1.5548e+00 +3.9916e+00
589 +1.885062249e-03 +1.885062249e-03 +1.426618851e+02 +1.426618851e+02 -1.5584e+00 +3.9876e+00
734 +8.345428960e-04 +8.345428960e-04 +1.426608345e+02 +1.426608345e+02 -1.5619e+00 +3.9837e+00
735 +8.080875984e-04 +8.080875984e-04 +1.426608081e+02 +1.426608081e+02 -1.5627e+00 +3.9828e+00
749 +6.860114407e-04 +6.860114407e-04 +1.426606860e+02 +1.426606860e+02 -1.5633e+00 +3.9821e+00
859 +6.141021998e-04 +6.141021998e-04 +1.426606141e+02 +1.426606141e+02 -1.5633e+00 +3.9821e+00
863 +4.540672612e-04 +4.540672612e-04 +1.426604541e+02 +1.426604541e+02 -1.5635e+00 +3.9819e+00
879 +4.164023754e-04 +4.164023754e-04 +1.426604164e+02 +1.426604164e+02 -1.5633e+00 +3.9821e+00
1094 +4.069040236e-04 +4.069040236e-04 +1.426604069e+02 +1.426604069e+02 -1.5633e+00 +3.9821e+00
1133 +3.968803236e-04 +3.968803236e-04 +1.426603969e+02 +1.426603969e+02 -1.5633e+00 +3.9821e+00
% function evaluation | noise-free fitness - Fopt (2.190000000000e+01) | best noise-free fitness - Fopt | measured fitness | best measured fitness | x1 | x2...
1 +9.072179618e+02 +9.072179618e+02 +9.291179618e+02 +9.291179618e+02 +0.0000e+00 +0.0000e+00
2 +8.815594425e+02 +8.815594425e+02 +9.034594425e+02 +9.034594425e+02 +1.8729e-01 -1.4947e+00
4 +7.907752690e+02 +7.907752690e+02 +8.126752690e+02 +8.126752690e+02 +4.3824e-01 -1.8728e-02
12 +6.874033820e+02 +6.874033820e+02 +7.093033820e+02 +7.093033820e+02 +8.5391e-01 -3.3550e-01
14 +5.875140699e+02 +5.875140699e+02 +6.094140699e+02 +6.094140699e+02 +1.1791e+00 +5.1470e-01
16 +5.275622268e+02 +5.275622268e+02 +5.494622268e+02 +5.494622268e+02 +1.5063e+00 -6.7112e-01
23 +4.957309326e+02 +4.957309326e+02 +5.176309326e+02 +5.176309326e+02 +1.5461e+00 +3.5914e-01
24 +4.807615479e+02 +4.807615479e+02 +5.026615479e+02 +5.026615479e+02 +1.6318e+00 +2.5253e-02
25 +2.262505447e+01 +2.262505447e+01 +4.452505447e+01 +4.452505447e+01 +3.9193e+00 -1.6201e+00
67 +2.068554794e+01 +2.068554794e+01 +4.258554794e+01 +4.258554794e+01 +3.7734e+00 -1.8784e+00
79 +6.101448340e+00 +6.101448340e+00 +2.800144834e+01 +2.800144834e+01 +3.7758e+00 -1.4742e+00
99 +5.702231814e+00 +5.702231814e+00 +2.760223181e+01 +2.760223181e+01 +3.7453e+00 -1.2578e+00
105 +3.505371056e+00 +3.505371056e+00 +2.540537106e+01 +2.540537106e+01 +3.8762e+00 -1.9069e+00
217 +3.378756084e+00 +3.378756084e+00 +2.527875608e+01 +2.527875608e+01 +3.9558e+00 -2.5243e+00
415 +3.291049152e+00 +3.291049152e+00 +2.519104915e+01 +2.519104915e+01 +3.9523e+00 -2.4989e+00
424 +3.157149980e+00 +3.157149980e+00 +2.505714998e+01 +2.505714998e+01 +3.9494e+00 -2.4810e+00
428 +3.046444973e+00 +3.046444973e+00 +2.494644497e+01 +2.494644497e+01 +3.9449e+00 -2.4486e+00
434 +2.908226880e+00 +2.908226880e+00 +2.480822688e+01 +2.480822688e+01 +3.9412e+00 -2.4242e+00
436 +2.830973894e+00 +2.830973894e+00 +2.473097389e+01 +2.473097389e+01 +3.9372e+00 -2.3953e+00
441 +2.786861416e+00 +2.786861416e+00 +2.468686142e+01 +2.468686142e+01 +3.9360e+00 -2.3873e+00
442 +2.740511180e+00 +2.740511180e+00 +2.464051118e+01 +2.464051118e+01 +3.9337e+00 -2.3709e+00
447 +2.473326021e+00 +2.473326021e+00 +2.437332602e+01 +2.437332602e+01 +3.9232e+00 -2.2978e+00
452 +2.176845778e+00 +2.176845778e+00 +2.407684578e+01 +2.407684578e+01 +3.9096e+00 -2.2020e+00
460 +1.916197462e+00 +1.916197462e+00 +2.381619746e+01 +2.381619746e+01 +3.8981e+00 -2.1230e+00
462 +1.852440724e+00 +1.852440724e+00 +2.375244072e+01 +2.375244072e+01 +3.8950e+00 -2.1011e+00
463 +1.462840479e+00 +1.462840479e+00 +2.336284048e+01 +2.336284048e+01 +3.8734e+00 -1.9513e+00
472 +1.324033907e+00 +1.324033907e+00 +2.322403391e+01 +2.322403391e+01 +3.8628e+00 -1.8769e+00
476 +1.048732832e+00 +1.048732832e+00 +2.294873283e+01 +2.294873283e+01 +3.8425e+00 -1.7369e+00
479 +1.023592899e+00 +1.023592899e+00 +2.292359290e+01 +2.292359290e+01 +3.8384e+00 -1.7079e+00
481 +8.880374021e-01 +8.880374021e-01 +2.278803740e+01 +2.278803740e+01 +3.8219e+00 -1.5934e+00
482 +7.812085457e-01 +7.812085457e-01 +2.268120855e+01 +2.268120855e+01 +3.7978e+00 -1.4262e+00
485 +7.508046880e-01 +7.508046880e-01 +2.265080469e+01 +2.265080469e+01 +3.7894e+00 -1.3684e+00
512 +7.252715901e-01 +7.252715901e-01 +2.262527159e+01 +2.262527159e+01 +3.7681e+00 -1.2217e+00
525 +7.057348888e-01 +7.057348888e-01 +2.260573489e+01 +2.260573489e+01 +3.7754e+00 -1.2726e+00
553 +6.802965833e-01 +6.802965833e-01 +2.258029658e+01 +2.258029658e+01 +3.7682e+00 -1.2238e+00
561 +6.740005988e-01 +6.740005988e-01 +2.257400060e+01 +2.257400060e+01 +3.7642e+00 -1.1968e+00
562 +6.481817850e-01 +6.481817850e-01 +2.254818178e+01 +2.254818178e+01 +3.7683e+00 -1.2253e+00
569 +6.442059654e-01 +6.442059654e-01 +2.254420597e+01 +2.254420597e+01 +3.7616e+00 -1.1800e+00
575 +6.032277547e-01 +6.032277547e-01 +2.250322775e+01 +2.250322775e+01 +3.7452e+00 -1.0702e+00
583 +5.900535425e-01 +5.900535425e-01 +2.249005354e+01 +2.249005354e+01 +3.7444e+00 -1.0651e+00
589 +5.689616952e-01 +5.689616952e-01 +2.246896170e+01 +2.246896170e+01 +3.7388e+00 -1.0282e+00
592 +5.538941197e-01 +5.538941197e-01 +2.245389412e+01 +2.245389412e+01 +3.7326e+00 -9.8691e-01
602 +5.071409899e-01 +5.071409899e-01 +2.240714099e+01 +2.240714099e+01 +3.7575e+00 -1.1560e+00
612 +4.490421434e-01 +4.490421434e-01 +2.234904214e+01 +2.234904214e+01 +3.7677e+00 -1.2272e+00
619 +4.125072077e-01 +4.125072077e-01 +2.231250721e+01 +2.231250721e+01 +3.7684e+00 -1.2332e+00
621 +3.829763967e-01 +3.829763967e-01 +2.228297640e+01 +2.228297640e+01 +3.7773e+00 -1.2952e+00
622 +3.794361970e-01 +3.794361970e-01 +2.227943620e+01 +2.227943620e+01 +3.8052e+00 -1.4907e+00
626 +3.323380246e-01 +3.323380246e-01 +2.223233802e+01 +2.223233802e+01 +3.7876e+00 -1.3681e+00
628 +2.314630539e-01 +2.314630539e-01 +2.213146305e+01 +2.213146305e+01 +3.7962e+00 -1.4315e+00
640 +1.618059281e-01 +1.618059281e-01 +2.206180593e+01 +2.206180593e+01 +3.7917e+00 -1.4021e+00
655 +9.827637488e-02 +9.827637488e-02 +2.199827637e+01 +2.199827637e+01 +3.7846e+00 -1.3542e+00
732 +5.254305476e-02 +5.254305476e-02 +2.195254305e+01 +2.195254305e+01 +3.7838e+00 -1.3511e+00
936 +5.100935782e-02 +5.100935782e-02 +2.195100936e+01 +2.195100936e+01 +3.7833e+00 -1.3475e+00
961 +4.960702964e-02 +4.960702964e-02 +2.194960703e+01 +2.194960703e+01 +3.7834e+00 -1.3478e+00
991 +4.623818663e-02 +4.623818663e-02 +2.194623819e+01 +2.194623819e+01 +3.7833e+00 -1.3470e+00
1065 +4.535075056e-02 +4.535075056e-02 +2.194535075e+01 +2.194535075e+01 +3.7834e+00 -1.3478e+00
1763 +4.456300289e-02 +4.456300289e-02 +2.194456300e+01 +2.194456300e+01 +3.7832e+00 -1.3462e+00
1773 +4.361953711e-02 +4.361953711e-02 +2.194361954e+01 +2.194361954e+01 +3.7828e+00 -1.3441e+00
1787 +4.237112692e-02 +4.237112692e-02 +2.194237113e+01 +2.194237113e+01 +3.7824e+00 -1.3412e+00
1793 +4.040461293e-02 +4.040461293e-02 +2.194040461e+01 +2.194040461e+01 +3.7817e+00 -1.3364e+00
1800 +3.867222593e-02 +3.867222593e-02 +2.193867223e+01 +2.193867223e+01 +3.7811e+00 -1.3321e+00
1802 +3.607967814e-02 +3.607967814e-02 +2.193607968e+01 +2.193607968e+01 +3.7801e+00 -1.3253e+00
1805 +3.521589453e-02 +3.521589453e-02 +2.193521589e+01 +2.193521589e+01 +3.7797e+00 -1.3229e+00
1810 +3.341866531e-02 +3.341866531e-02 +2.193341867e+01 +2.193341867e+01 +3.7790e+00 -1.3177e+00
1813 +3.154677777e-02 +3.154677777e-02 +2.193154678e+01 +2.193154678e+01 +3.7781e+00 -1.3119e+00
1815 +3.079568364e-02 +3.079568364e-02 +2.193079568e+01 +2.193079568e+01 +3.7778e+00 -1.3095e+00
1817 +2.910561771e-02 +2.910561771e-02 +2.192910562e+01 +2.192910562e+01 +3.7769e+00 -1.3037e+00
1823 +2.706102380e-02 +2.706102380e-02 +2.192706102e+01 +2.192706102e+01 +3.7758e+00 -1.2961e+00
1824 +1.928858839e-02 +1.928858839e-02 +2.191928859e+01 +2.191928859e+01 +3.7688e+00 -1.2485e+00
1837 +1.863450895e-02 +1.863450895e-02 +2.191863451e+01 +2.191863451e+01 +3.7654e+00 -1.2253e+00
1873 +1.860275883e-02 +1.860275883e-02 +2.191860276e+01 +2.191860276e+01 +3.7662e+00 -1.2306e+00
2462 +1.818245687e-02 +1.818245687e-02 +2.191818246e+01 +2.191818246e+01 +3.7694e+00 -1.2525e+00
2486 +1.334679646e-02 +1.334679646e-02 +2.191334680e+01 +2.191334680e+01 +3.7700e+00 -1.2563e+00
2496 +9.999651033e-03 +9.999651033e-03 +2.190999965e+01 +2.190999965e+01 +3.7706e+00 -1.2607e+00
2500 +9.693144186e-03 +9.693144186e-03 +2.190969314e+01 +2.190969314e+01 +3.7709e+00 -1.2628e+00
2506 +9.306836141e-03 +9.306836141e-03 +2.190930684e+01 +2.190930684e+01 +3.7707e+00 -1.2615e+00
2513 +9.117373666e-03 +9.117373666e-03 +2.190911737e+01 +2.190911737e+01 +3.7708e+00 -1.2620e+00
2600 +8.803670797e-03 +8.803670797e-03 +2.190880367e+01 +2.190880367e+01 +3.7708e+00 -1.2615e+00
2642 +8.673477966e-03 +8.673477966e-03 +2.190867348e+01 +2.190867348e+01 +3.7707e+00 -1.2610e+00
2707 +8.439190883e-03 +8.439190883e-03 +2.190843919e+01 +2.190843919e+01 +3.7706e+00 -1.2602e+00
% function evaluation | noise-free fitness - Fopt (-3.787000000000e+01) | best noise-free fitness - Fopt | measured fitness | best measured fitness | x1 | x2...
1 +1.615615604e+02 +1.615615604e+02 +1.236915604e+02 +1.236915604e+02 +0.0000e+00 +0.0000e+00
2 +1.578283023e+02 +1.578283023e+02 +1.199583023e+02 +1.199583023e+02 +5.8798e-01 +2.5810e-01
3 +1.191548602e+02 +1.191548602e+02 +8.128486022e+01 +8.128486022e+01 +9.6246e-01 +1.6451e-02
8 +1.135837352e+02 +1.135837352e+02 +7.571373516e+01 +7.571373516e+01 +1.1542e+00 +3.4539e-02
11 +5.616436473e+01 +5.616436473e+01 +1.829436473e+01 +1.829436473e+01 +7.7714e-01 -7.3924e-01
12 +5.045508965e+01 +5.045508965e+01 +1.258508965e+01 +1.258508965e+01 +1.5799e+00 -4.4129e-01
19 +4.560826992e+01 +4.560826992e+01 +7.738269917e+00 +7.738269917e+00 +1.0212e+00 -7.9351e-01
24 +1.347818121e+01 +1.347818121e+01 -2.439181879e+01 -2.439181879e+01 +2.2595e+00 -5.8488e-01
53 +1.210045555e+01 +1.210045555e+01 -2.576954445e+01 -2.576954445e+01 +3.5104e+00 -5.7449e-01
67 +5.457562047e+00 +5.457562047e+00 -3.241243795e+01 -3.241243795e+01 +3.2324e+00 -5.4798e-01
75 +1.402459131e+00 +1.402459131e+00 -3.646754087e+01 -3.646754087e+01 +3.2937e+00 -5.0776e-01
130 +9.744089700e-01 +9.744089700e-01 -3.689559103e+01 -3.689559103e+01 +3.2659e+00 -5.0697e-01
169 +5.154610562e-01 +5.154610562e-01 -3.735453894e+01 -3.735453894e+01 +3.1941e+00 -5.0726e-01
211 +4.003255142e-01 +4.003255142e-01 -3.746967449e+01 -3.746967449e+01 +3.2412e+00 -5.0148e-01
212 +2.595727327e-01 +2.595727327e-01 -3.761042727e+01 -3.761042727e+01 +3.2690e+00 -4.9883e-01
223 +1.573357736e-01 +1.573357736e-01 -3.771266423e+01 -3.771266423e+01 +3.2777e+00 -4.9886e-01
229 +1.515120417e-01 +1.515120417e-01 -3.771848796e+01 -3.771848796e+01 +3.3309e+00 -4.9320e-01
235 +1.410527566e-01 +1.410527566e-01 -3.772894724e+01 -3.772894724e+01 +3.4142e+00 -4.8363e-01
241 +6.240421721e-02 +6.240421721e-02 -3.780759578e+01 -3.780759578e+01 +3.3611e+00 -4.8911e-01
245 +4.178712038e-02 +4.178712038e-02 -3.782821288e+01 -3.782821288e+01 +3.4547e+00 -4.7785e-01
265 +3.715122390e-02 +3.715122390e-02 -3.783284878e+01 -3.783284878e+01 +3.4300e+00 -4.8024e-01
276 +2.831953197e-02 +2.831953197e-02 -3.784168047e+01 -3.784168047e+01 +3.4234e+00 -4.8109e-01
323 +2.584844896e-02 +2.584844896e-02 -3.784415155e+01 -3.784415155e+01 +3.4672e+00 -4.7606e-01
335 +1.454572772e-02 +1.454572772e-02 -3.785545427e+01 -3.785545427e+01 +3.4317e+00 -4.8024e-01
342 +1.139065428e-02 +1.139065428e-02 -3.785860935e+01 -3.785860935e+01 +3.4516e+00 -4.7798e-01
390 +1.013568383e-02 +1.013568383e-02 -3.785986432e+01 -3.785986432e+01 +3.4376e+00 -4.7969e-01
476 +7.888724630e-03 +7.888724630e-03 -3.786211128e+01 -3.786211128e+01 +3.4361e+00 -4.7978e-01
501 +7.210229778e-03 +7.210229778e-03 -3.786278977e+01 -3.786278977e+01 +3.4362e+00 -4.7977e-01
505 +4.580034621e-03 +4.580034621e-03 -3.786541997e+01 -3.786541997e+01 +3.4363e+00 -4.7980e-01
516 +4.300851152e-03 +4.300851152e-03 -3.786569915e+01 -3.786569915e+01 +3.4367e+00 -4.7974e-01
623 +4.228074120e-03 +4.228074120e-03 -3.786577193e+01 -3.786577193e+01 +3.4377e+00 -4.7962e-01
