% function evaluation | noise-free fitness - Fopt (2.997000000000e+01) | best noise-free fitness - Fopt | measured fitness | best measured fitness | x1 | x2...
1 +7.202573670e+02 +7.202573670e+02 +7.502273670e+02 +7.502273670e+02 +0.0000e+00 +0.0000e+00 +0.0000e+00
4 +6.154826199e+02 +6.154826199e+02 +6.454526199e+02 +6.454526199e+02 -2.1760e-01 -1.7760e+00 -8.9735e-02
7 +5.765560383e+02 +5.765560383e+02 +6.065260383e+02 +6.065260383e+02 +8.5873e-01 -8.0264e-01 -3.0780e-01
13 +1.810200516e+02 +1.810200516e+02 +2.109900516e+02 +2.109900516e+02 +2.0928e+00 -1.8538e+00 -2.5636e+00
62 +7.411516964e+01 +7.411516964e+01 +1.040851696e+02 +1.040851696e+02 +1.3467e+00 -2.7315e+00 -2.4683e+00
77 +5.414849697e+01 +5.414849697e+01 +8.411849697e+01 +8.411849697e+01 +1.6387e+00 -2.8118e+00 -3.0264e+00
87 +5.326891960e+01 +5.326891960e+01 +8.323891960e+01 +8.323891960e+01 +1.7406e+00 -2.9220e+00 -2.8817e+00
88 +4.019553345e+01 +4.019553345e+01 +7.016553345e+01 +7.016553345e+01 +1.5403e+00 -2.4965e+00 -2.7082e+00
105 +3.045055688e+01 +3.045055688e+01 +6.042055688e+01 +6.042055688e+01 +1.6269e+00 -2.8463e+00 -2.8154e+00
126 +2.630193436e+01 +2.630193436e+01 +5.627193436e+01 +5.627193436e+01 +1.5220e+00 -2.5854e+00 -2.7399e+00
135 +1.483255860e+01 +1.483255860e+01 +4.480255860e+01 +4.480255860e+01 +1.4775e+00 -2.6495e+00 -2.8114e+00
210 +1.048073847e+01 +1.048073847e+01 +4.045073847e+01 +4.045073847e+01 +1.2730e+00 -2.3685e+00 -3.1104e+00
215 +9.875992111e+00 +9.875992111e+00 +3.984599211e+01 +3.984599211e+01 +1.3002e+00 -2.3400e+00 -3.1484e+00
217 +9.015181348e+00 +9.015181348e+00 +3.898518135e+01 +3.898518135e+01 +1.3320e+00 -2.3920e+00 -3.0919e+00
225 +5.860328902e+00 +5.860328902e+00 +3.583032890e+01 +3.583032890e+01 +1.3276e+00 -2.3872e+00 -3.0689e+00
238 +4.940544321e+00 +4.940544321e+00 +3.491054432e+01 +3.491054432e+01 +1.3034e+00 -2.3507e+00 -3.0935e+00
297 +4.294657983e+00 +4.294657983e+00 +3.426465798e+01 +3.426465798e+01 +1.2995e+00 -2.3323e+00 -3.1076e+00
353 +4.212047111e+00 +4.212047111e+00 +3.418204711e+01 +3.418204711e+01 +1.3143e+00 -2.3572e+00 -3.0834e+00
365 +4.160274048e+00 +4.160274048e+00 +3.413027405e+01 +3.413027405e+01 +1.3156e+00 -2.3578e+00 -3.0823e+00
1783 +4.072969337e+00 +4.072969337e+00 +3.404296934e+01 +3.404296934e+01 +1.3131e+00 -2.3543e+00 -3.0851e+00
1870 +3.964089988e+00 +3.964089988e+00 +3.393408999e+01 +3.393408999e+01 +1.3023e+00 -2.3391e+00 -3.0987e+00
1882 +3.882356298e+00 +3.882356298e+00 +3.385235630e+01 +3.385235630e+01 +1.2938e+00 -2.3272e+00 -3.1094e+00
1886 +3.786138989e+00 +3.786138989e+00 +3.375613899e+01 +3.375613899e+01 +1.2834e+00 -2.3127e+00 -3.1224e+00
1893 +3.673631227e+00 +3.673631227e+00 +3.364363123e+01 +3.364363123e+01 +1.2707e+00 -2.2948e+00 -3.1385e+00
1902 +3.601875069e+00 +3.601875069e+00 +3.357187507e+01 +3.357187507e+01 +1.2621e+00 -2.2829e+00 -3.1493e+00
1904 +3.432304435e+00 +3.432304435e+00 +3.340230443e+01 +3.340230443e+01 +1.2403e+00 -2.2523e+00 -3.1767e+00
1911 +3.364218149e+00 +3.364218149e+00 +3.333421815e+01 +3.333421815e+01 +1.2307e+00 -2.2390e+00 -3.1887e+00
1917 +3.240742132e+00 +3.240742132e+00 +3.321074213e+01 +3.321074213e+01 +1.2119e+00 -2.2127e+00 -3.2123e+00
1921 +3.216003848e+00 +3.216003848e+00 +3.318600385e+01 +3.318600385e+01 +1.2079e+00 -2.2070e+00 -3.2174e+00
1922 +3.059031879e+00 +3.059031879e+00 +3.302903188e+01 +3.302903188e+01 +1.1791e+00 -2.1667e+00 -3.2536e+00
1924 +2.989700469e+00 +2.989700469e+00 +3.295970047e+01 +3.295970047e+01 +1.1639e+00 -2.1455e+00 -3.2727e+00
1926 +2.929364774e+00 +2.929364774e+00 +3.289936477e+01 +3.289936477e+01 +1.1487e+00 -2.1241e+00 -3.2919e+00
1932 +2.763743347e+00 +2.763743347e+00 +3.273374335e+01 +3.273374335e+01 +1.0546e+00 -1.9925e+00 -3.4101e+00
2630 +2.754116111e+00 +2.754116111e+00 +3.272411611e+01 +3.272411611e+01 +1.0315e+00 -1.9598e+00 -3.4395e+00
2663 +2.688927012e+00 +2.688927012e+00 +3.265892701e+01 +3.265892701e+01 +1.0269e+00 -1.9528e+00 -3.4458e+00
2665 +2.604929022e+00 +2.604929022e+00 +3.257492902e+01 +3.257492902e+01 +1.0200e+00 -1.9423e+00 -3.4552e+00
2674 +2.469885563e+00 +2.469885563e+00 +3.243988556e+01 +3.243988556e+01 +1.0107e+00 -1.9277e+00 -3.4683e+00
2687 +2.132352799e+00 +2.132352799e+00 +3.210235280e+01 +3.210235280e+01 +9.8726e-01 -1.8910e+00 -3.5012e+00
2693 +2.081557598e+00 +2.081557598e+00 +3.205155760e+01 +3.205155760e+01 +9.8509e-01 -1.8874e+00 -3.5045e+00
2695 +2.027258892e+00 +2.027258892e+00 +3.199725889e+01 +3.199725889e+01 +9.7748e-01 -1.8760e+00 -3.5147e+00
2697 +1.905413290e+00 +1.905413290e+00 +3.187541329e+01 +3.187541329e+01 +9.6877e-01 -1.8622e+00 -3.5271e+00
2700 +1.729771601e+00 +1.729771601e+00 +3.169977160e+01 +3.169977160e+01 +9.5465e-01 -1.8400e+00 -3.5470e+00
2703 +1.504873091e+00 +1.504873091e+00 +3.147487309e+01 +3.147487309e+01 +9.3206e-01 -1.8048e+00 -3.5786e+00
2712 +1.298901690e+00 +1.298901690e+00 +3.126890169e+01 +3.126890169e+01 +9.0537e-01 -1.7633e+00 -3.6160e+00
2714 +1.153852047e+00 +1.153852047e+00 +3.112385205e+01 +3.112385205e+01 +8.7831e-01 -1.7210e+00 -3.6539e+00
2725 +1.109969852e+00 +1.109969852e+00 +3.107996985e+01 +3.107996985e+01 +8.4604e-01 -1.6711e+00 -3.6987e+00
2743 +1.088592052e+00 +1.088592052e+00 +3.105859205e+01 +3.105859205e+01 +8.4273e-01 -1.6652e+00 -3.7040e+00
2768 +1.067551420e+00 +1.067551420e+00 +3.103755142e+01 +3.103755142e+01 +8.4865e-01 -1.6737e+00 -3.6964e+00
2784 +1.037778368e+00 +1.037778368e+00 +3.100777837e+01 +3.100777837e+01 +8.5534e-01 -1.6832e+00 -3.6878e+00
2808 +1.011877397e+00 +1.011877397e+00 +3.098187740e+01 +3.098187740e+01 +8.5737e-01 -1.6851e+00 -3.6862e+00
2824 +9.715060704e-01 +9.715060704e-01 +3.094150607e+01 +3.094150607e+01 +8.7004e-01 -1.7033e+00 -3.6698e+00
2918 +9.389090086e-01 +9.389090086e-01 +3.090890901e+01 +3.090890901e+01 +8.8415e-01 -1.7215e+00 -3.6533e+00
2921 +8.998282454e-01 +8.998282454e-01 +3.086982825e+01 +3.086982825e+01 +8.8230e-01 -1.7214e+00 -3.6531e+00
2930 +8.900527363e-01 +8.900527363e-01 +3.086005274e+01 +3.086005274e+01 +8.8409e-01 -1.7213e+00 -3.6530e+00
2932 +8.434897086e-01 +8.434897086e-01 +3.081348971e+01 +3.081348971e+01 +8.8390e-01 -1.7210e+00 -3.6529e+00
2963 +7.586590314e-01 +7.586590314e-01 +3.072865903e+01 +3.072865903e+01 +8.8301e-01 -1.7208e+00 -3.6525e+00
3016 +7.495152313e-01 +7.495152313e-01 +3.071951523e+01 +3.071951523e+01 +8.8582e-01 -1.7203e+00 -3.6517e+00
3041 +5.796990345e-01 +5.796990345e-01 +3.054969903e+01 +3.054969903e+01 +8.8175e-01 -1.7202e+00 -3.6508e+00
3043 +3.522124960e-01 +3.522124960e-01 +3.032221250e+01 +3.032221250e+01 +8.8203e-01 -1.7191e+00 -3.6489e+00
3052 +2.084716701e-01 +2.084716701e-01 +3.017847167e+01 +3.017847167e+01 +8.8457e-01 -1.7191e+00 -3.6490e+00
3086 +1.925572482e-01 +1.925572482e-01 +3.016255725e+01 +3.016255725e+01 +8.8546e-01 -1.7186e+00 -3.6479e+00
3087 +1.244441708e-01 +1.244441708e-01 +3.009444417e+01 +3.009444417e+01 +8.8469e-01 -1.7181e+00 -3.6473e+00
3088 +3.141806566e-02 +3.141806566e-02 +3.000141807e+01 +3.000141807e+01 +8.8433e-01 -1.7185e+00 -3.6477e+00
3233 +2.998589444e-02 +2.998589444e-02 +2.999998589e+01 +2.999998589e+01 +8.8336e-01 -1.7172e+00 -3.6493e+00
3260 +2.466342857e-02 +2.466342857e-02 +2.999466343e+01 +2.999466343e+01 +8.8334e-01 -1.7171e+00 -3.6493e+00
3325 +2.067380929e-02 +2.067380929e-02 +2.999067381e+01 +2.999067381e+01 +8.8324e-01 -1.7172e+00 -3.6492e+00
3335 +1.247359521e-02 +1.247359521e-02 +2.998247360e+01 +2.998247360e+01 +8.8316e-01 -1.7171e+00 -3.6492e+00
3355 +9.912957667e-03 +9.912957667e-03 +2.997991296e+01 +2.997991296e+01 +8.8323e-01 -1.7171e+00 -3.6492e+00
3357 +4.711810402e-03 +4.711810402e-03 +2.997471181e+01 +2.997471181e+01 +8.8320e-01 -1.7171e+00 -3.6492e+00
3485 +2.731652463e-03 +2.731652463e-03 +2.997273165e+01 +2.997273165e+01 +8.8324e-01 -1.7171e+00 -3.6492e+00
3558 +2.457062706e-03 +2.457062706e-03 +2.997245706e+01 +2.997245706e+01 +8.8323e-01 -1.7171e+00 -3.6492e+00
3593 +2.154087043e-03 +2.154087043e-03 +2.997215409e+01 +2.997215409e+01 +8.8323e-01 -1.7171e+00 -3.6492e+00
3596 +2.107985813e-03 +2.107985813e-03 +2.997210799e+01 +2.997210799e+01 +8.8323e-01 -1.7171e+00 -3.6492e+00
3630 +1.948369769e-03 +1.948369769e-03 +2.997194837e+01 +2.997194837e+01 +8.8323e-01 -1.7171e+00 -3.6492e+00
3684 +1.803046891e-03 +1.803046891e-03 +2.997180305e+01 +2.997180305e+01 +8.8323e-01 -1.7171e+00 -3.6492e+00
3734 +1.746819349e-03 +1.746819349e-03 +2.997174682e+01 +2.997174682e+01 +8.8323e-01 -1.7171e+00 -3.6492e+00
3785 +1.688135791e-03 +1.688135791e-03 +2.997168814e+01 +2.997168814e+01 +8.8323e-01 -1.7171e+00 -3.6492e+00
3870 +1.658640494e-03 +1.658640494e-03 +2.997165864e+01 +2.997165864e+01 +8.8323e-01 -1.7171e+00 -3.6492e+00
% function evaluation | noise-free fitness - Fopt (-5.171000000000e+01) | best noise-free fitness - Fopt | measured fitness | best measured fitness | x1 | x2...
1 +9.345492948e+02 +9.345492948e+02 +8.828392948e+02 +8.828392948e+02 +0.0000e+00 +0.0000e+00 +0.0000e+00
4 +9.036940051e+02 +9.036940051e+02 +8.519840051e+02 +8.519840051e+02 +3.7249e-01 +2.3202e-01 +6.0100e-01
7 +8.813164736e+02 +8.813164736e+02 +8.296064736e+02 +8.296064736e+02 +6.5632e-01 -1.2811e-01 -4.7790e-01
8 +7.392148997e+02 +7.392148997e+02 +6.875048997e+02 +6.875048997e+02 -6.3839e-01 +1.5333e+00 -2.1773e-01
17 +6.581486432e+02 +6.581486432e+02 +6.064386432e+02 +6.064386432e+02 +4.0171e-02 +1.2271e+00 -1.3310e+00
19 +6.322080587e+02 +6.322080587e+02 +5.804980587e+02 +5.804980587e+02 -6.4707e-01 +2.5062e+00 -3.6681e-01
23 +5.674313717e+02 +5.674313717e+02 +5.157213717e+02 +5.157213717e+02 -1.2708e+00 +3.3367e+00 -7.7824e-01
25 +5.552464992e+02 +5.552464992e+02 +5.035364992e+02 +5.035364992e+02 -8.6322e-01 +2.7008e+00 -9.1069e-01
37 +5.136340627e+02 +5.136340627e+02 +4.619240627e+02 +4.619240627e+02 -1.3833e+00 +3.5640e+00 -1.0984e+00
40 +4.508314929e+02 +4.508314929e+02 +3.991214929e+02 +3.991214929e+02 -1.3546e+00 +3.2573e+00 -1.6125e+00
43 +4.096077813e+02 +4.096077813e+02 +3.578977813e+02 +3.578977813e+02 -2.0068e+00 +3.5798e+00 -2.1433e+00
44 +3.418718710e+02 +3.418718710e+02 +2.901618710e+02 +2.901618710e+02 -1.6254e-01 +3.4580e+00 -1.8246e+00
51 +2.998007857e+02 +2.998007857e+02 +2.480907857e+02 +2.480907857e+02 -2.3399e+00 +4.2716e+00 -2.6685e+00
55 +1.932065721e+02 +1.932065721e+02 +1.414965721e+02 +1.414965721e+02 -2.6550e+00 +4.8380e+00 -3.3431e+00
62 +1.835279429e+02 +1.835279429e+02 +1.318179429e+02 +1.318179429e+02 -2.8800e+00 +4.9813e+00 -3.6805e+00
63 +1.551872491e+02 +1.551872491e+02 +1.034772491e+02 +1.034772491e+02 -2.3107e+00 +4.9912e+00 -3.2855e+00
64 +1.027133101e+02 +1.027133101e+02 +5.100331008e+01 +5.100331008e+01 -3.5880e+00 +5.9670e+00 -4.2750e+00
79 +7.012815527e+01 +7.012815527e+01 +1.841815527e+01 +1.841815527e+01 -3.3292e+00 +5.8432e+00 -3.9915e+00
147 +6.277987990e+01 +6.277987990e+01 +1.106987990e+01 +1.106987990e+01 -3.1727e+00 +5.7897e+00 -4.0328e+00
203 +5.682656724e+01 +5.682656724e+01 +5.116567242e+00 +5.116567242e+00 -3.0136e+00 +5.6969e+00 -4.0212e+00
208 +5.616403477e+01 +5.616403477e+01 +4.454034774e+00 +4.454034774e+00 -3.0020e+00 +5.6598e+00 -3.9831e+00
232 +5.285605121e+01 +5.285605121e+01 +1.146051207e+00 +1.146051207e+00 -2.5547e+00 +5.5050e+00 -3.9372e+00
233 +4.852319492e+01 +4.852319492e+01 -3.186805081e+00 -3.186805081e+00 -2.5579e+00 +5.4779e+00 -3.9661e+00
247 +4.359925648e+01 +4.359925648e+01 -8.110743518e+00 -8.110743518e+00 -2.2842e+00 +5.3683e+00 -3.9336e+00
258 +4.166447391e+01 +4.166447391e+01 -1.004552609e+01 -1.004552609e+01 -1.9746e+00 +5.2223e+00 -3.8553e+00
270 +3.870693143e+01 +3.870693143e+01 -1.300306857e+01 -1.300306857e+01 -1.6783e+00 +5.1027e+00 -3.8331e+00
276 +3.331605377e+01 +3.331605377e+01 -1.839394623e+01 -1.839394623e+01 -1.5415e+00 +5.0372e+00 -3.8486e+00
289 +3.260924722e+01 +3.260924722e+01 -1.910075278e+01 -1.910075278e+01 -1.0454e+00 +4.8300e+00 -3.8306e+00
295 +2.840932486e+01 +2.840932486e+01 -2.330067514e+01 -2.330067514e+01 -6.6404e-01 +4.6661e+00 -3.7728e+00
300 +2.722138482e+01 +2.722138482e+01 -2.448861518e+01 -2.448861518e+01 -3.7265e-01 +4.5245e+00 -3.7695e+00
307 +2.469493408e+01 +2.469493408e+01 -2.701506592e+01 -2.701506592e+01 +3.0413e-01 +4.2137e+00 -3.7139e+00
312 +2.081000908e+01 +2.081000908e+01 -3.089999092e+01 -3.089999092e+01 +3.0751e-01 +4.1932e+00 -3.6889e+00
327 +1.794838023e+01 +1.794838023e+01 -3.376161977e+01 -3.376161977e+01 +6.7479e-01 +4.0223e+00 -3.6444e+00
336 +1.751245227e+01 +1.751245227e+01 -3.419754773e+01 -3.419754773e+01 +6.9014e-01 +4.0133e+00 -3.6401e+00
339 +1.635390063e+01 +1.635390063e+01 -3.535609937e+01 -3.535609937e+01 +3.5776e-01 +4.1567e+00 -3.6568e+00
342 +1.142584815e+01 +1.142584815e+01 -4.028415185e+01 -4.028415185e+01 +5.9349e-01 +4.0466e+00 -3.6122e+00
361 +1.005124743e+01 +1.005124743e+01 -4.165875257e+01 -4.165875257e+01 +5.3948e-01 +4.0791e+00 -3.6117e+00
363 +7.443514637e+00 +7.443514637e+00 -4.426648536e+01 -4.426648536e+01 +1.0391e+00 +3.8570e+00 -3.5558e+00
364 +6.611207602e+00 +6.611207602e+00 -4.509879240e+01 -4.509879240e+01 +9.7578e-01 +3.8740e+00 -3.5571e+00
380 +5.554660816e+00 +5.554660816e+00 -4.615533918e+01 -4.615533918e+01 +1.1756e+00 +3.7908e+00 -3.5249e+00
382 +2.887122651e+00 +2.887122651e+00 -4.882287735e+01 -4.882287735e+01 +1.6973e+00 +3.5405e+00 -3.4552e+00
412 +2.478108782e+00 +2.478108782e+00 -4.923189122e+01 -4.923189122e+01 +1.4727e+00 +3.6455e+00 -3.4898e+00
432 +1.645664022e+00 +1.645664022e+00 -5.006433598e+01 -5.006433598e+01 +1.6485e+00 +3.5662e+00 -3.4692e+00
488 +1.526967654e+00 +1.526967654e+00 -5.018303235e+01 -5.018303235e+01 +2.0738e+00 +3.3752e+00 -3.4177e+00
496 +1.115756677e+00 +1.115756677e+00 -5.059424332e+01 -5.059424332e+01 +1.9859e+00 +3.4115e+00 -3.4289e+00
512 +1.079791801e+00 +1.079791801e+00 -5.063020820e+01 -5.063020820e+01 +2.0116e+00 +3.3995e+00 -3.4270e+00
528 +1.033484895e+00 +1.033484895e+00 -5.067651510e+01 -5.067651510e+01 +1.9460e+00 +3.4302e+00 -3.4344e+00
533 +8.220229167e-01 +8.220229167e-01 -5.088797708e+01 -5.088797708e+01 +1.9589e+00 +3.4252e+00 -3.4342e+00
611 +7.819096514e-01 +7.819096514e-01 -5.092809035e+01 -5.092809035e+01 +1.9408e+00 +3.4337e+00 -3.4362e+00
629 +7.588815873e-01 +7.588815873e-01 -5.095111841e+01 -5.095111841e+01 +1.9573e+00 +3.4268e+00 -3.4348e+00
665 +7.423290153e-01 +7.423290153e-01 -5.096767098e+01 -5.096767098e+01 +1.9550e+00 +3.4274e+00 -3.4349e+00
676 +7.368243594e-01 +7.368243594e-01 -5.097317564e+01 -5.097317564e+01 +1.9550e+00 +3.4277e+00 -3.4350e+00
722 +7.207582362e-01 +7.207582362e-01 -5.098924176e+01 -5.098924176e+01 +1.9594e+00 +3.4256e+00 -3.4342e+00
738 +7.007606617e-01 +7.007606617e-01 -5.100923934e+01 -5.100923934e+01 +1.9578e+00 +3.4263e+00 -3.4345e+00
% function evaluation | noise-free fitness - Fopt (-2.799500000000e+02) | best noise-free fitness - Fopt | measured fitness | best measured fitness | x1 | x2...
1 +1.696773180e+03 +1.696773180e+03 +1.416823180e+03 +1.416823180e+03 +0.0000e+00 +0.0000e+00 +0.0000e+00
2 +1.147935774e+03 +1.147935774e+03 +8.679857741e+02 +8.679857741e+02 -2.9576e-01 -2.2794e+00 -1.4508e-01
12 +4.490571924e+02 +4.490571924e+02 +1.691071924e+02 +1.691071924e+02 -6.5216e-02 -4.5241e+00 +8.8829e-01
24 +4.283008765e+02 +4.283008765e+02 +1.483508765e+02 +1.483508765e+02 -3.3171e-01 -8.6149e+00 -1.4023e+00
27 +2.443344502e+02 +2.443344502e+02 -3.561554978e+01 -3.561554978e+01 -1.7646e+00 -6.2219e+00 +1.6011e+00
39 +2.109481430e+02 +2.109481430e+02 -6.900185703e+01 -6.900185703e+01 -2.3985e+00 -3.0778e+00 +4.7030e+00
49 +1.628610480e+02 +1.628610480e+02 -1.170889520e+02 -1.170889520e+02 -1.5514e+00 -5.2256e+00 +2.4877e+00
59 +1.060653304e+02 +1.060653304e+02 -1.738846696e+02 -1.738846696e+02 -1.4442e+00 -5.8802e+00 +6.5566e-01
74 +6.043426279e+01 +6.043426279e+01 -2.195157372e+02 -2.195157372e+02 -3.0417e+00 -4.7197e+00 +2.1118e+00
85 +2.593429498e+01 +2.593429498e+01 -2.540157050e+02 -2.540157050e+02 -2.7126e+00 -4.8326e+00 +2.1465e+00
104 +1.232472074e+01 +1.232472074e+01 -2.676252793e+02 -2.676252793e+02 -2.7757e+00 -4.6981e+00 +2.3604e+00
265 +1.149411151e+01 +1.149411151e+01 -2.684558885e+02 -2.684558885e+02 -2.5175e+00 -4.9405e+00 +2.1052e+00
288 +1.144133047e+01 +1.144133047e+01 -2.685086695e+02 -2.685086695e+02 -2.5329e+00 -4.9172e+00 +2.1352e+00
347 +1.120536610e+01 +1.120536610e+01 -2.687446339e+02 -2.687446339e+02 -2.5208e+00 -4.9302e+00 +2.1171e+00
369 +1.072984378e+01 +1.072984378e+01 -2.692201562e+02 -2.692201562e+02 -2.5271e+00 -4.9257e+00 +2.1184e+00
383 +1.045019842e+01 +1.045019842e+01 -2.694998016e+02 -2.694998016e+02 -2.5320e+00 -4.9230e+00 +2.1224e+00
436 +1.023286700e+01 +1.023286700e+01 -2.697171330e+02 -2.697171330e+02 -2.5451e+00 -4.9109e+00 +2.1372e+00
455 +9.931006473e+00 +9.931006473e+00 -2.700189935e+02 -2.700189935e+02 -2.5582e+00 -4.9003e+00 +2.1495e+00
462 +9.484004955e+00 +9.484004955e+00 -2.704659950e+02 -2.704659950e+02 -2.5820e+00 -4.8788e+00 +2.1755e+00
477 +9.185929628e+00 +9.185929628e+00 -2.707640704e+02 -2.707640704e+02 -2.5981e+00 -4.8647e+00 +2.1925e+00
482 +9.000225585e+00 +9.000225585e+00 -2.709497744e+02 -2.709497744e+02 -2.6130e+00 -4.8519e+00 +2.2083e+00
483 +8.737488141e+00 +8.737488141e+00 -2.712125119e+02 -2.712125119e+02 -2.6280e+00 -4.8393e+00 +2.2225e+00
492 +8.317004922e+00 +8.317004922e+00 -2.716329951e+02 -2.716329951e+02 -2.6602e+00 -4.8120e+00 +2.2558e+00
498 +8.092331580e+00 +8.092331580e+00 -2.718576684e+02 -2.718576684e+02 -2.6721e+00 -4.8011e+00 +2.2681e+00
503 +7.095464482e+00 +7.095464482e+00 -2.728545355e+02 -2.728545355e+02 -2.7404e+00 -4.7411e+00 +2.3396e+00
504 +7.061686859e+00 +7.061686859e+00 -2.728883131e+02 -2.728883131e+02 -2.7528e+00 -4.7315e+00 +2.3509e+00
513 +6.056340376e+00 +6.056340376e+00 -2.738936596e+02 -2.738936596e+02 -2.8385e+00 -4.6570e+00 +2.4393e+00
517 +5.113320449e+00 +5.113320449e+00 -2.748366796e+02 -2.748366796e+02 -2.9350e+00 -4.5745e+00 +2.5382e+00
524 +2.978843639e+00 +2.978843639e+00 -2.769711564e+02 -2.769711564e+02 -3.2721e+00 -4.2837e+00 +2.8845e+00
534 +2.639383888e+00 +2.639383888e+00 -2.773106161e+02 -2.773106161e+02 -3.4321e+00 -4.1456e+00 +3.0488e+00
540 +2.583906205e+00 +2.583906205e+00 -2.773660938e+02 -2.773660938e+02 -3.4838e+00 -4.1009e+00 +3.1024e+00
619 +2.539395915e+00 +2.539395915e+00 -2.774106041e+02 -2.774106041e+02 -3.4803e+00 -4.1032e+00 +3.0994e+00
643 +2.501929491e+00 +2.501929491e+00 -2.774480705e+02 -2.774480705e+02 -3.5593e+00 -4.0343e+00 +3.1817e+00
646 +2.446475339e+00 +2.446475339e+00 -2.775035247e+02 -2.775035247e+02 -3.5420e+00 -4.0489e+00 +3.1644e+00
656 +2.353096599e+00 +2.353096599e+00 -2.775969034e+02 -2.775969034e+02 -3.5837e+00 -4.0109e+00 +3.2092e+00
662 +2.299259680e+00 +2.299259680e+00 -2.776507403e+02 -2.776507403e+02 -3.5714e+00 -4.0222e+00 +3.1971e+00
664 +2.289571978e+00 +2.289571978e+00 -2.776604280e+02 -2.776604280e+02 -3.6730e+00 -3.9325e+00 +3.3049e+00
676 +1.923367731e+00 +1.923367731e+00 -2.780266323e+02 -2.780266323e+02 -3.6370e+00 -3.9607e+00 +3.2712e+00
682 +1.881044188e+00 +1.881044188e+00 -2.780689558e+02 -2.780689558e+02 -3.6592e+00 -3.9399e+00 +3.2955e+00
684 +1.749043268e+00 +1.749043268e+00 -2.782009567e+02 -2.782009567e+02 -3.6404e+00 -3.9534e+00 +3.2779e+00
688 +1.676793612e+00 +1.676793612e+00 -2.782732064e+02 -2.782732064e+02 -3.6802e+00 -3.9210e+00 +3.3227e+00
689 +1.405624906e+00 +1.405624906e+00 -2.785443751e+02 -2.785443751e+02 -3.7194e+00 -3.8827e+00 +3.3670e+00
694 +7.492376919e-01 +7.492376919e-01 -2.792007623e+02 -2.792007623e+02 -3.8188e+00 -3.7853e+00 +3.4847e+00
700 +4.329046506e-01 +4.329046506e-01 -2.795170953e+02 -2.795170953e+02 -3.7873e+00 -3.8112e+00 +3.4543e+00
720 +3.743178218e-01 +3.743178218e-01 -2.795756822e+02 -2.795756822e+02 -3.7398e+00 -3.8539e+00 +3.4028e+00
727 +3.443220167e-01 +3.443220167e-01 -2.796056780e+02 -2.796056780e+02 -3.7083e+00 -3.8804e+00 +3.3727e+00
744 +3.056935359e-01 +3.056935359e-01 -2.796443065e+02 -2.796443065e+02 -3.7116e+00 -3.8784e+00 +3.3730e+00
755 +1.593098309e-01 +1.593098309e-01 -2.797906902e+02 -2.797906902e+02 -3.6900e+00 -3.8952e+00 +3.3541e+00
833 +1.543151815e-01 +1.543151815e-01 -2.797956848e+02 -2.797956848e+02 -3.6803e+00 -3.9039e+00 +3.3426e+00
864 +1.340773633e-01 +1.340773633e-01 -2.798159226e+02 -2.798159226e+02 -3.6819e+00 -3.9024e+00 +3.3446e+00
875 +1.070675404e-01 +1.070675404e-01 -2.798429325e+02 -2.798429325e+02 -3.6829e+00 -3.9025e+00 +3.3451e+00
919 +7.844407569e-02 +7.844407569e-02 -2.798715559e+02 -2.798715559e+02 -3.6831e+00 -3.9015e+00 +3.3460e+00
922 +5.325455989e-02 +5.325455989e-02 -2.798967454e+02 -2.798967454e+02 -3.6833e+00 -3.9016e+00 +3.3459e+00
973 +4.938909456e-02 +4.938909456e-02 -2.799006109e+02 -2.799006109e+02 -3.6827e+00 -3.9023e+00 +3.3451e+00
1053 +4.833233764e-02 +4.833233764e-02 -2.799016677e+02 -2.799016677e+02 -3.6826e+00 -3.9023e+00 +3.3451e+00
1069 +3.948737248e-02 +3.948737248e-02 -2.799105126e+02 -2.799105126e+02 -3.6826e+00 -3.9023e+00 +3.3451e+00
1200 +3.827308394e-02 +3.827308394e-02 -2.799117269e+02 -2.799117269e+02 -3.6825e+00 -3.9024e+00 +3.3450e+00
1220 +3.730687119e-02 +3.730687119e-02 -2.799126931e+02 -2.799126931e+02 -3.6825e+00 -3.9023e+00 +3.3451e+00
1554 +3.714886561e-02 +3.714886561e-02 -2.799128511e+02 -2.799128511e+02 -3.6825e+00 -3.9023e+00 +3.3451e+00
% function evaluation | noise-free fitness - Fopt (9.319900000000e+02) | best noise-free fitness - Fopt | measured fitness | best measured fitness | x1 | x2...
1 +3.905578211e+02 +3.905578211e+02 +1.322547821e+03 +1.322547821e+03 +0.0000e+00 +0.0000e+00 +0.0000e+00
2 +2.577536201e+02 +2.577536201e+02 +1.189743620e+03 +1.189743620e+03 +2.5600e-01 -3.4416e-01 +1.0877e+00
18 +1.740491503e+02 +1.740491503e+02 +1.106039150e+03 +1.106039150e+03 +2.9377e-01 +2.1138e-01 +2.7124e+00
20 +1.034444332e+02 +1.034444332e+02 +1.035434433e+03 +1.035434433e+03 +9.1406e-01 -4.7231e-01 +2.3707e+00
24 +9.175539547e+01 +9.175539547e+01 +1.023745395e+03 +1.023745395e+03 +1.0173e+00 +4.5181e-01 +3.9464e+00
25 +5.381182367e+01 +5.381182367e+01 +9.858018237e+02 +9.858018237e+02 +7.0987e-01 -7.3195e-02 +3.2806e+00
44 +3.923960875e+01 +3.923960875e+01 +9.712296087e+02 +9.712296087e+02 +9.7149e-01 +3.1612e-01 +3.3758e+00
50 +3.502436632e+01 +3.502436632e+01 +9.670143663e+02 +9.670143663e+02 +9.8219e-01 -7.6852e-02 +3.4465e+00
58 +1.291283020e+01 +1.291283020e+01 +9.449028302e+02 +9.449028302e+02 +1.0041e+00 +2.3563e-02 +3.1413e+00
87 +7.921479961e+00 +7.921479961e+00 +9.399114800e+02 +9.399114800e+02 +1.1670e+00 +5.2431e-01 +2.9761e+00
142 +5.667066405e+00 +5.667066405e+00 +9.376570664e+02 +9.376570664e+02 +1.1003e+00 +3.2384e-01 +3.0546e+00
165 +5.504502478e+00 +5.504502478e+00 +9.374945025e+02 +9.374945025e+02 +1.1246e+00 +4.2647e-01 +3.0627e+00
167 +4.384658986e+00 +4.384658986e+00 +9.363746590e+02 +9.363746590e+02 +1.1777e+00 +5.4238e-01 +3.0159e+00
187 +4.172371065e+00 +4.172371065e+00 +9.361623711e+02 +9.361623711e+02 +1.1669e+00 +5.0629e-01 +3.0173e+00
245 +1.759381872e+00 +1.759381872e+00 +9.337493819e+02 +9.337493819e+02 +1.1838e+00 +5.1579e-01 +3.0286e+00
286 +1.432002419e+00 +1.432002419e+00 +9.334220024e+02 +9.334220024e+02 +1.1691e+00 +4.9015e-01 +3.0418e+00
325 +1.340966633e+00 +1.340966633e+00 +9.333309666e+02 +9.333309666e+02 +1.1786e+00 +5.1166e-01 +3.0340e+00
332 +1.076950914e+00 +1.076950914e+00 +9.330669509e+02 +9.330669509e+02 +1.1765e+00 +5.0460e-01 +3.0384e+00
388 +1.051095111e+00 +1.051095111e+00 +9.330410951e+02 +9.330410951e+02 +1.1808e+00 +5.1519e-01 +3.0353e+00
430 +1.039425544e+00 +1.039425544e+00 +9.330294255e+02 +9.330294255e+02 +1.1827e+00 +5.1881e-01 +3.0337e+00
448 +1.022329684e+00 +1.022329684e+00 +9.330123297e+02 +9.330123297e+02 +1.1828e+00 +5.1918e-01 +3.0338e+00
466 +9.844247856e-01 +9.844247856e-01 +9.329744248e+02 +9.329744248e+02 +1.1823e+00 +5.1796e-01 +3.0346e+00
659 +9.768438596e-01 +9.768438596e-01 +9.329668439e+02 +9.329668439e+02 +1.1822e+00 +5.1769e-01 +3.0348e+00
% function evaluation | noise-free fitness - Fopt (1.133100000000e+02) | best noise-free fitness - Fopt | measured fitness | best measured fitness | x1 | x2...
1 +7.209444707e+02 +7.209444707e+02 +8.342544707e+02 +8.342544707e+02 +0.0000e+00 +0.0000e+00 +0.0000e+00
2 +5.916487668e+02 +5.916487668e+02 +7.049587668e+02 +7.049587668e+02 -1.1051e-01 +1.3021e+00 +2.4897e-01
3 +5.558502490e+02 +5.558502490e+02 +6.691602490e+02 +6.691602490e+02 +3.1780e-01 +7.6381e-01 +3.7753e-01
10 +3.261393103e+02 +3.261393103e+02 +4.394493103e+02 +4.394493103e+02 +1.1947e+00 +3.3220e-01 +1.9736e+00
12 +7.622139029e+01 +7.622139029e+01 +1.895313903e+02 +1.895313903e+02 +2.1832e+00 +1.8700e+00 +1.2509e+00
24 +4.214744686e+01 +4.214744686e+01 +1.554574469e+02 +1.554574469e+02 +1.9092e+00 +2.6378e+00 +1.5484e+00
65 +3.499344965e+01 +3.499344965e+01 +1.483034497e+02 +1.483034497e+02 +2.2311e+00 +2.1363e+00 +1.5183e+00
86 +1.160215104e+01 +1.160215104e+01 +1.249121510e+02 +1.249121510e+02 +2.0832e+00 +2.2872e+00 +1.5182e+00
126 +9.668267005e+00 +9.668267005e+00 +1.229782670e+02 +1.229782670e+02 +2.1856e+00 +3.0826e+00 +5.4531e-01
127 +3.710079903e+00 +3.710079903e+00 +1.170200799e+02 +1.170200799e+02 +2.1184e+00 +3.0988e+00 +6.2430e-01
235 +3.015267111e+00 +3.015267111e+00 +1.163252671e+02 +1.163252671e+02 +2.1323e+00 +3.3900e+00 +3.5512e-01
278 +2.533195122e+00 +2.533195122e+00 +1.158431951e+02 +1.158431951e+02 +2.1332e+00 +3.2233e+00 +4.9081e-01
300 +1.547446816e+00 +1.547446816e+00 +1.148574468e+02 +1.148574468e+02 +2.1455e+00 +3.1551e+00 +5.6708e-01
315 +1.275027635e+00 +1.275027635e+00 +1.145850276e+02 +1.145850276e+02 +2.1416e+00 +3.1217e+00 +6.0463e-01
326 +1.215999017e+00 +1.215999017e+00 +1.145259990e+02 +1.145259990e+02 +2.1251e+00 +3.1183e+00 +6.2137e-01
345 +1.097107514e+00 +1.097107514e+00 +1.144071075e+02 +1.144071075e+02 +2.1403e+00 +3.1211e+00 +6.0720e-01
386 +1.043992380e+00 +1.043992380e+00 +1.143539924e+02 +1.143539924e+02 +2.1270e+00 +3.0772e+00 +6.7293e-01
393 +4.651809300e-01 +4.651809300e-01 +1.137751809e+02 +1.137751809e+02 +2.1288e+00 +3.0440e+00 +6.9943e-01
492 +4.391489354e-01 +4.391489354e-01 +1.137491489e+02 +1.137491489e+02 +2.1283e+00 +3.0869e+00 +6.5402e-01
504 +1.494109024e-01 +1.494109024e-01 +1.134594109e+02 +1.134594109e+02 +2.1307e+00 +3.0843e+00 +6.5511e-01
532 +1.453798941e-01 +1.453798941e-01 +1.134553799e+02 +1.134553799e+02 +2.1307e+00 +3.0832e+00 +6.5518e-01
539 +1.366142037e-01 +1.366142037e-01 +1.134466142e+02 +1.134466142e+02 +2.1304e+00 +3.0813e+00 +6.5827e-01
567 +1.180571495e-01 +1.180571495e-01 +1.134280571e+02 +1.134280571e+02 +2.1308e+00 +3.0830e+00 +6.5572e-01
648 +1.149341400e-01 +1.149341400e-01 +1.134249341e+02 +1.134249341e+02 +2.1306e+00 +3.0856e+00 +6.5356e-01
649 +1.005098209e-01 +1.005098209e-01 +1.134105098e+02 +1.134105098e+02 +2.1306e+00 +3.0850e+00 +6.5384e-01
700 +9.383636101e-02 +9.383636101e-02 +1.134038364e+02 +1.134038364e+02 +2.1307e+00 +3.0853e+00 +6.5359e-01
721 +8.849808675e-02 +8.849808675e-02 +1.133984981e+02 +1.133984981e+02 +2.1307e+00 +3.0854e+00 +6.5342e-01
734 +8.566469108e-02 +8.566469108e-02 +1.133956647e+02 +1.133956647e+02 +2.1307e+00 +3.0854e+00 +6.5340e-01
785 +8.501218343e-02 +8.501218343e-02 +1.133950122e+02 +1.133950122e+02 +2.1307e+00 +3.0853e+00 +6.5345e-01
% function evaluation | noise-free fitness - Fopt (-1.223200000000e+02) | best noise-free fitness - Fopt | measured fitness | best measured fitness | x1 | x2...
1 +9.761646276e+02 +9.761646276e+02 +8.538446276e+02 +8.538446276e+02 +0.0000e+00 +0.0000e+00 +0.0000e+00
3 +8.620996831e+02 +8.620996831e+02 +7.397796831e+02 +7.397796831e+02 -3.9669e-01 -1.9062e-01 -6.3134e-01
7 +5.438940871e+02 +5.438940871e+02 +4.215740871e+02 +4.215740871e+02 -2.0516e+00 -7.8163e-01 -2.3692e+00
17 +2.012448048e+02 +2.012448048e+02 +7.892480477e+01 +7.892480477e+01 -2.1730e+00 -1.7215e+00 +1.6554e+00
27 +1.481241911e+02 +1.481241911e+02 +2.580419109e+01 +2.580419109e+01 -3.1802e+00 -1.5446e+00 +1.8582e+00
47 +1.420386868e+02 +1.420386868e+02 +1.971868680e+01 +1.971868680e+01 -2.9406e+00 -1.3379e+00 +2.1483e+00
48 +9.467126721e+01 +9.467126721e+01 -2.764873279e+01 -2.764873279e+01 -3.0261e+00 -1.2872e+00 +6.1119e-01
50 +8.372254726e+01 +8.372254726e+01 -3.859745274e+01 -3.859745274e+01 -3.1974e+00 -1.0375e+00 +1.1906e+00
72 +7.594512963e+01 +7.594512963e+01 -4.637487037e+01 -4.637487037e+01 -3.4535e+00 -7.2349e-01 +2.0392e+00
76 +7.465613266e+01 +7.465613266e+01 -4.766386734e+01 -4.766386734e+01 -3.4846e+00 -7.3492e-01 +2.3241e+00
88 +6.464996380e+01 +6.464996380e+01 -5.767003620e+01 -5.767003620e+01 -3.6458e+00 -8.3593e-01 +2.0316e+00
106 +5.589747510e+01 +5.589747510e+01 -6.642252490e+01 -6.642252490e+01 -3.4725e+00 -9.2474e-01 +2.0872e+00
116 +4.948790527e+01 +4.948790527e+01 -7.283209473e+01 -7.283209473e+01 -3.4032e+00 -9.4990e-01 +1.9987e+00
124 +4.218333425e+01 +4.218333425e+01 -8.013666575e+01 -8.013666575e+01 -3.4093e+00 -9.0778e-01 +1.9029e+00
146 +3.653680545e+01 +3.653680545e+01 -8.578319455e+01 -8.578319455e+01 -3.4774e+00 -8.9187e-01 +1.9641e+00
182 +3.600566321e+01 +3.600566321e+01 -8.631433679e+01 -8.631433679e+01 -3.4009e+00 -9.5284e-01 +1.8855e+00
204 +3.499141978e+01 +3.499141978e+01 -8.732858022e+01 -8.732858022e+01 -3.4213e+00 -9.4936e-01 +1.8725e+00
224 +3.432728116e+01 +3.432728116e+01 -8.799271884e+01 -8.799271884e+01 -3.4358e+00 -9.2780e-01 +1.9091e+00
285 +3.365526903e+01 +3.365526903e+01 -8.866473097e+01 -8.866473097e+01 -3.4139e+00 -9.4136e-01 +1.8716e+00
309 +3.275207797e+01 +3.275207797e+01 -8.956792203e+01 -8.956792203e+01 -3.4127e+00 -9.4761e-01 +1.8672e+00
532 +3.235868364e+01 +3.235868364e+01 -8.996131636e+01 -8.996131636e+01 -3.4069e+00 -9.5283e-01 +1.8609e+00
747 +3.152327412e+01 +3.152327412e+01 -9.079672588e+01 -9.079672588e+01 -3.3644e+00 -9.9754e-01 +1.7913e+00
765 +3.056009396e+01 +3.056009396e+01 -9.175990604e+01 -9.175990604e+01 -3.3147e+00 -1.0494e+00 +1.7106e+00
773 +2.984341683e+01 +2.984341683e+01 -9.247658317e+01 -9.247658317e+01 -3.2768e+00 -1.0890e+00 +1.6492e+00
782 +2.929650598e+01 +2.929650598e+01 -9.302349402e+01 -9.302349402e+01 -3.2467e+00 -1.1205e+00 +1.6001e+00
787 +2.769929741e+01 +2.769929741e+01 -9.462070259e+01 -9.462070259e+01 -3.1590e+00 -1.2120e+00 +1.4576e+00
794 +2.666014315e+01 +2.666014315e+01 -9.565985685e+01 -9.565985685e+01 -3.0980e+00 -1.2758e+00 +1.3585e+00
795 +2.587573040e+01 +2.587573040e+01 -9.644426960e+01 -9.644426960e+01 -3.0508e+00 -1.3251e+00 +1.2817e+00
796 +2.533443102e+01 +2.533443102e+01 -9.698556898e+01 -9.698556898e+01 -3.0175e+00 -1.3598e+00 +1.2277e+00
803 +2.435664945e+01 +2.435664945e+01 -9.796335055e+01 -9.796335055e+01 -2.9558e+00 -1.4242e+00 +1.1274e+00
807 +2.289132673e+01 +2.289132673e+01 -9.942867327e+01 -9.942867327e+01 -2.8561e+00 -1.5285e+00 +9.6521e-01
808 +2.076433846e+01 +2.076433846e+01 -1.015556615e+02 -1.015556615e+02 -2.6967e+00 -1.6948e+00 +7.0668e-01
813 +1.504050032e+01 +1.504050032e+01 -1.072794997e+02 -1.072794997e+02 -2.0793e+00 -2.3396e+00 -2.9619e-01
824 +1.334287120e+01 +1.334287120e+01 -1.089771288e+02 -1.089771288e+02 -1.4419e+00 -3.0052e+00 -1.3319e+00
1076 +1.315010167e+01 +1.315010167e+01 -1.091698983e+02 -1.091698983e+02 -1.4484e+00 -2.9976e+00 -1.3214e+00
1097 +1.283628531e+01 +1.283628531e+01 -1.094837147e+02 -1.094837147e+02 -1.4367e+00 -3.0084e+00 -1.3405e+00
1104 +1.257192879e+01 +1.257192879e+01 -1.097480712e+02 -1.097480712e+02 -1.4121e+00 -3.0323e+00 -1.3796e+00
1106 +1.217055336e+01 +1.217055336e+01 -1.101494466e+02 -1.101494466e+02 -1.3733e+00 -3.0703e+00 -1.4417e+00
1107 +1.171622341e+01 +1.171622341e+01 -1.106037766e+02 -1.106037766e+02 -1.3495e+00 -3.0930e+00 -1.4807e+00
1117 +1.047104203e+01 +1.047104203e+01 -1.118489580e+02 -1.118489580e+02 -1.2615e+00 -3.1765e+00 -1.6215e+00
1128 +9.599943553e+00 +9.599943553e+00 -1.127200564e+02 -1.127200564e+02 -1.2007e+00 -3.2336e+00 -1.7193e+00
1129 +9.033367343e+00 +9.033367343e+00 -1.132866327e+02 -1.132866327e+02 -1.0788e+00 -3.3532e+00 -1.9155e+00
1130 +8.540854463e+00 +8.540854463e+00 -1.137791455e+02 -1.137791455e+02 -1.1155e+00 -3.3134e+00 -1.8572e+00
1132 +7.890726720e+00 +7.890726720e+00 -1.144292733e+02 -1.144292733e+02 -9.8484e-01 -3.4350e+00 -2.0670e+00
1140 +7.602375645e+00 +7.602375645e+00 -1.147176244e+02 -1.147176244e+02 -9.8036e-01 -3.4381e+00 -2.0765e+00
1145 +7.530577238e+00 +7.530577238e+00 -1.147894228e+02 -1.147894228e+02 -1.0032e+00 -3.4151e+00 -2.0397e+00
1146 +7.188160178e+00 +7.188160178e+00 -1.151318398e+02 -1.151318398e+02 -9.7819e-01 -3.4415e+00 -2.0845e+00
1179 +7.064280412e+00 +7.064280412e+00 -1.152557196e+02 -1.152557196e+02 -1.0720e+00 -3.3464e+00 -1.9320e+00
1189 +6.914424783e+00 +6.914424783e+00 -1.154055752e+02 -1.154055752e+02 -8.7858e-01 -3.5351e+00 -2.2532e+00
1196 +6.526570609e+00 +6.526570609e+00 -1.157934294e+02 -1.157934294e+02 -9.2115e-01 -3.4959e+00 -2.1851e+00
1203 +6.344151586e+00 +6.344151586e+00 -1.159758484e+02 -1.159758484e+02 -9.1793e-01 -3.5040e+00 -2.1926e+00
1210 +5.838405067e+00 +5.838405067e+00 -1.164815949e+02 -1.164815949e+02 -8.3572e-01 -3.5864e+00 -2.3343e+00
1214 +5.032346001e+00 +5.032346001e+00 -1.172876540e+02 -1.172876540e+02 -6.0089e-01 -3.8408e+00 -2.7419e+00
1223 +4.191704412e+00 +4.191704412e+00 -1.181282956e+02 -1.181282956e+02 -4.9709e-01 -3.9421e+00 -2.9235e+00
1225 +3.405321960e+00 +3.405321960e+00 -1.189146780e+02 -1.189146780e+02 -4.5569e-01 -3.9912e+00 -3.0043e+00
1245 +3.369437824e+00 +3.369437824e+00 -1.189505622e+02 -1.189505622e+02 -6.1560e-01 -3.8209e+00 -2.7305e+00
1250 +3.089104527e+00 +3.089104527e+00 -1.192308955e+02 -1.192308955e+02 -4.6162e-01 -3.9809e+00 -2.9967e+00
1261 +2.959896174e+00 +2.959896174e+00 -1.193601038e+02 -1.193601038e+02 -5.0366e-01 -3.9389e+00 -2.9254e+00
1274 +2.551525891e+00 +2.551525891e+00 -1.197684741e+02 -1.197684741e+02 -5.2929e-01 -3.9155e+00 -2.8870e+00
1279 +1.860317522e+00 +1.860317522e+00 -1.204596825e+02 -1.204596825e+02 -4.4831e-01 -4.0007e+00 -3.0390e+00
1327 +1.643397146e+00 +1.643397146e+00 -1.206766029e+02 -1.206766029e+02 -4.7234e-01 -3.9767e+00 -2.9977e+00
1358 +1.427827705e+00 +1.427827705e+00 -1.208921723e+02 -1.208921723e+02 -4.8460e-01 -3.9625e+00 -2.9746e+00
1392 +1.253493000e+00 +1.253493000e+00 -1.210665070e+02 -1.210665070e+02 -5.1229e-01 -3.9345e+00 -2.9306e+00
1515 +1.222661040e+00 +1.222661040e+00 -1.210973390e+02 -1.210973390e+02 -5.1475e-01 -3.9318e+00 -2.9251e+00
1535 +1.186739005e+00 +1.186739005e+00 -1.211332610e+02 -1.211332610e+02 -5.1592e-01 -3.9306e+00 -2.9238e+00
1586 +1.173293666e+00 +1.173293666e+00 -1.211467063e+02 -1.211467063e+02 -5.1552e-01 -3.9311e+00 -2.9246e+00
% function evaluation | noise-free fitness - Fopt (1.556000000000e+01) | best noise-free fitness - Fopt | measured fitness | best measured fitness | x1 | x2...
1 +2.276389573e+02 +2.276389573e+02 +2.431989573e+02 +2.431989573e+02 +0.0000e+00 +0.0000e+00 +0.0000e+00
18 +1.857282686e+02 +1.857282686e+02 +2.012882686e+02 +2.012882686e+02 +2.1377e-01 -9.3427e-01 -1.7508e+00
28 +1.076642444e+02 +1.076642444e+02 +1.232242444e+02 +1.232242444e+02 -6.5530e-01 -8.9959e-01 +1.2111e+00
34 +1.858568598e+01 +1.858568598e+01 +3.414568598e+01 +3.414568598e+01 -9.9080e-01 -1.7577e+00 +1.2779e+00
92 +1.289434922e+01 +1.289434922e+01 +2.845434922e+01 +2.845434922e+01 -1.4516e+00 -1.7430e+00 +2.5163e+00
94 +1.137727144e+01 +1.137727144e+01 +2.693727144e+01 +2.693727144e+01 -1.5795e+00 -1.6870e+00 +3.0781e+00
129 +3.319816702e+00 +3.319816702e+00 +1.887981670e+01 +1.887981670e+01 -1.4348e+00 -1.6594e+00 +2.6606e+00
257 +2.665850316e+00 +2.665850316e+00 +1.822585032e+01 +1.822585032e+01 -1.4376e+00 -1.6742e+00 +2.6553e+00
286 +2.554519138e+00 +2.554519138e+00 +1.811451914e+01 +1.811451914e+01 -1.4373e+00 -1.6659e+00 +2.6450e+00
325 +2.483927760e+00 +2.483927760e+00 +1.804392776e+01 +1.804392776e+01 -1.4255e+00 -1.6658e+00 +2.6156e+00
516 +2.260724938e+00 +2.260724938e+00 +1.782072494e+01 +1.782072494e+01 -1.4540e+00 -1.6655e+00 +2.7079e+00
537 +2.184359534e+00 +2.184359534e+00 +1.774435953e+01 +1.774435953e+01 -1.4484e+00 -1.6664e+00 +2.6879e+00
678 +2.132065803e+00 +2.132065803e+00 +1.769206580e+01 +1.769206580e+01 -1.4511e+00 -1.6661e+00 +2.6986e+00
% function evaluation | noise-free fitness - Fopt (1.000000000000e+03) | best noise-free fitness - Fopt | measured fitness | best measured fitness | x1 | x2...
1 +2.885803013e+02 +2.885803013e+02 +1.288580301e+03 +1.288580301e+03 +0.0000e+00 +0.0000e+00 +0.0000e+00
5 +2.831807003e+02 +2.831807003e+02 +1.283180700e+03 +1.283180700e+03 -1.6340e+00 +1.5174e+00 -6.4274e-01
13 +2.129456695e+02 +2.129456695e+02 +1.212945670e+03 +1.212945670e+03 -3.2044e+00 +1.4761e+00 +7.7315e-01
16 +2.057959746e+02 +2.057959746e+02 +1.205795975e+03 +1.205795975e+03 -1.8194e+00 +5.6427e-01 -6.7587e-01
17 +1.162306056e+02 +1.162306056e+02 +1.116230606e+03 +1.116230606e+03 -2.1167e+00 -2.8759e-01 -1.2333e-02
46 +4.983099711e+01 +4.983099711e+01 +1.049830997e+03 +1.049830997e+03 -1.8114e+00 -1.9798e-02 +6.4828e-02
204 +4.861731680e+01 +4.861731680e+01 +1.048617317e+03 +1.048617317e+03 -2.0132e+00 +4.1189e-01 +2.1228e-01
212 +4.611893572e+01 +4.611893572e+01 +1.046118936e+03 +1.046118936e+03 -1.9925e+00 +3.8976e-01 +1.9753e-01
245 +4.534983331e+01 +4.534983331e+01 +1.045349833e+03 +1.045349833e+03 -1.9561e+00 +3.3152e-01 +1.8069e-01
260 +4.449533558e+01 +4.449533558e+01 +1.044495336e+03 +1.044495336e+03 -1.9532e+00 +3.0928e-01 +1.8550e-01
354 +4.351425348e+01 +4.351425348e+01 +1.043514253e+03 +1.043514253e+03 -1.9460e+00 +3.0441e-01 +1.8184e-01
595 +4.236703189e+01 +4.236703189e+01 +1.042367032e+03 +1.042367032e+03 -1.9168e+00 +2.5370e-01 +1.7293e-01
606 +4.142952659e+01 +4.142952659e+01 +1.041429527e+03 +1.041429527e+03 -1.8895e+00 +2.0635e-01 +1.6487e-01
614 +3.893277185e+01 +3.893277185e+01 +1.038932772e+03 +1.038932772e+03 -1.8148e+00 +7.7046e-02 +1.4280e-01
623 +3.833161842e+01 +3.833161842e+01 +1.038331618e+03 +1.038331618e+03 -1.7961e+00 +4.4563e-02 +1.3725e-01
625 +3.741651934e+01 +3.741651934e+01 +1.037416519e+03 +1.037416519e+03 -1.7656e+00 -9.1203e-03 +1.2830e-01
632 +3.292342423e+01 +3.292342423e+01 +1.032923424e+03 +1.032923424e+03 -1.6152e+00 -2.7056e-01 +8.3841e-02
634 +3.171283642e+01 +3.171283642e+01 +1.031712836e+03 +1.031712836e+03 -1.5719e+00 -3.4535e-01 +7.1228e-02
644 +2.398898698e+01 +2.398898698e+01 +1.023988987e+03 +1.023988987e+03 -1.2563e+00 -8.9417e-01 -2.1909e-02
652 +2.085028828e+01 +2.085028828e+01 +1.020850288e+03 +1.020850288e+03 -1.1046e+00 -1.1585e+00 -6.7476e-02
654 +1.899589710e+01 +1.899589710e+01 +1.018995897e+03 +1.018995897e+03 -9.9222e-01 -1.3527e+00 -9.9580e-02
663 +1.382731115e+01 +1.382731115e+01 +1.013827311e+03 +1.013827311e+03 -5.6638e-01 -2.0932e+00 -2.2488e-01
672 +1.204015785e+01 +1.204015785e+01 +1.012040158e+03 +1.012040158e+03 -1.5655e-01 -2.8047e+00 -3.4553e-01
699 +1.198355309e+01 +1.198355309e+01 +1.011983553e+03 +1.011983553e+03 -1.2306e-01 -2.8618e+00 -3.5525e-01
814 +1.172809552e+01 +1.172809552e+01 +1.011728096e+03 +1.011728096e+03 -9.1060e-02 -2.9154e+00 -3.6539e-01
842 +1.138565036e+01 +1.138565036e+01 +1.011385650e+03 +1.011385650e+03 -7.2393e-02 -2.9461e+00 -3.7227e-01
843 +9.916510011e+00 +9.916510011e+00 +1.009916510e+03 +1.009916510e+03 -1.2531e-01 -2.8402e+00 -3.5912e-01
850 +9.146089502e+00 +9.146089502e+00 +1.009146090e+03 +1.009146090e+03 -1.6403e-01 -2.7636e+00 -3.4855e-01
854 +6.908613504e+00 +6.908613504e+00 +1.006908614e+03 +1.006908614e+03 -2.9020e-01 -2.5158e+00 -3.1618e-01
859 +6.423744479e+00 +6.423744479e+00 +1.006423744e+03 +1.006423744e+03 -3.1967e-01 -2.4574e+00 -3.0936e-01
867 +6.252984237e+00 +6.252984237e+00 +1.006252984e+03 +1.006252984e+03 -3.7141e-01 -2.3553e+00 -2.9636e-01
972 +6.140610848e+00 +6.140610848e+00 +1.006140611e+03 +1.006140611e+03 -3.5555e-01 -2.3849e+00 -3.0084e-01
1023 +6.007123959e+00 +6.007123959e+00 +1.006007124e+03 +1.006007124e+03 -3.6147e-01 -2.3751e+00 -2.9999e-01
1043 +5.828105066e+00 +5.828105066e+00 +1.005828105e+03 +1.005828105e+03 -3.8086e-01 -2.3400e+00 -2.9619e-01
1052 +5.614384695e+00 +5.614384695e+00 +1.005614385e+03 +1.005614385e+03 -3.9896e-01 -2.3099e+00 -2.9277e-01
1077 +5.425895290e+00 +5.425895290e+00 +1.005425895e+03 +1.005425895e+03 -4.1841e-01 -2.2758e+00 -2.8956e-01
1092 +5.291749184e+00 +5.291749184e+00 +1.005291749e+03 +1.005291749e+03 -4.5059e-01 -2.2217e+00 -2.8412e-01
1099 +5.188589680e+00 +5.188589680e+00 +1.005188590e+03 +1.005188590e+03 -4.5456e-01 -2.2166e+00 -2.8313e-01
1100 +5.118345995e+00 +5.118345995e+00 +1.005118346e+03 +1.005118346e+03 -4.2971e-01 -2.2610e+00 -2.8758e-01
1127 +4.964690879e+00 +4.964690879e+00 +1.004964691e+03 +1.004964691e+03 -4.4983e-01 -2.2352e+00 -2.8236e-01
1137 +4.799937747e+00 +4.799937747e+00 +1.004799938e+03 +1.004799938e+03 -4.4621e-01 -2.2440e+00 -2.8425e-01
1140 +4.720125011e+00 +4.720125011e+00 +1.004720125e+03 +1.004720125e+03 -4.5607e-01 -2.2280e+00 -2.8220e-01
1155 +4.585183395e+00 +4.585183395e+00 +1.004585183e+03 +1.004585183e+03 -4.4206e-01 -2.2481e+00 -2.8623e-01
1166 +4.189200688e+00 +4.189200688e+00 +1.004189201e+03 +1.004189201e+03 -4.4871e-01 -2.2434e+00 -2.8753e-01
1180 +4.132052056e+00 +4.132052056e+00 +1.004132052e+03 +1.004132052e+03 -4.5203e-01 -2.2368e+00 -2.8932e-01
1190 +4.021942718e+00 +4.021942718e+00 +1.004021943e+03 +1.004021943e+03 -4.4852e-01 -2.2378e+00 -2.8824e-01
1206 +3.961498575e+00 +3.961498575e+00 +1.003961499e+03 +1.003961499e+03 -4.4929e-01 -2.2408e+00 -2.8939e-01
1214 +3.862490746e+00 +3.862490746e+00 +1.003862491e+03 +1.003862491e+03 -4.4753e-01 -2.2416e+00 -2.8843e-01
1277 +3.793984402e+00 +3.793984402e+00 +1.003793984e+03 +1.003793984e+03 -4.4683e-01 -2.2430e+00 -2.8931e-01
% function evaluation | noise-free fitness - Fopt (1.177400000000e+02) | best noise-free fitness - Fopt | measured fitness | best measured fitness | x1 | x2...
1 +1.222820370e+03 +1.222820370e+03 +1.340560370e+03 +1.340560370e+03 +0.0000e+00 +0.0000e+00 +0.0000e+00
3 +8.369569705e+02 +8.369569705e+02 +9.546969705e+02 +9.546969705e+02 +7.3292e-01 -8.3699e-01 -1.2851e+00
9 +6.530411522e+02 +6.530411522e+02 +7.707811522e+02 +7.707811522e+02 +1.9909e+00 -9.8935e-01 +7.2029e-01
12 +5.727243800e+02 +5.727243800e+02 +6.904643800e+02 +6.904643800e+02 +1.9946e+00 -1.4299e+00 +5.5541e-01
23 +3.541453764e+02 +3.541453764e+02 +4.718853764e+02 +4.718853764e+02 +2.6439e+00 -1.5142e+00 -5.7699e-01
40 +2.369710756e+02 +2.369710756e+02 +3.547110756e+02 +3.547110756e+02 +3.5771e+00 -1.3121e+00 -1.6498e+00
42 +2.277135793e+02 +2.277135793e+02 +3.454535793e+02 +3.454535793e+02 +3.0986e+00 -2.2096e+00 -1.0191e+00
43 +1.232003346e+02 +1.232003346e+02 +2.409403346e+02 +2.409403346e+02 +2.7550e+00 -2.8062e+00 -3.5650e+00
60 +1.126710940e+02 +1.126710940e+02 +2.304110940e+02 +2.304110940e+02 +3.1260e+00 -1.5944e+00 -2.4535e+00
63 +8.559427120e+01 +8.559427120e+01 +2.033342712e+02 +2.033342712e+02 +2.8972e+00 -1.8966e+00 -4.0407e+00
66 +7.477611516e+01 +7.477611516e+01 +1.925161152e+02 +1.925161152e+02 +2.4025e+00 -2.7049e+00 -3.3481e+00
71 +5.400653416e+01 +5.400653416e+01 +1.717465342e+02 +1.717465342e+02 +2.8332e+00 -1.9439e+00 -2.8147e+00
75 +5.291219948e+01 +5.291219948e+01 +1.706521995e+02 +1.706521995e+02 +3.1744e+00 -1.6982e+00 -3.1551e+00
103 +3.316215035e+01 +3.316215035e+01 +1.509021504e+02 +1.509021504e+02 +2.7328e+00 -2.3268e+00 -2.6802e+00
112 +5.237294502e+00 +5.237294502e+00 +1.229772945e+02 +1.229772945e+02 +2.6077e+00 -2.6304e+00 -2.7665e+00
153 +3.767239199e+00 +3.767239199e+00 +1.215072392e+02 +1.215072392e+02 +2.3507e+00 -3.1734e+00 -2.4130e+00
173 +3.164199251e+00 +3.164199251e+00 +1.209041993e+02 +1.209041993e+02 +2.2444e+00 -3.3915e+00 -2.2689e+00
236 +2.699996543e+00 +2.699996543e+00 +1.204399965e+02 +1.204399965e+02 +2.2800e+00 -3.2991e+00 -2.3624e+00
252 +2.541148925e+00 +2.541148925e+00 +1.202811489e+02 +1.202811489e+02 +2.2681e+00 -3.3207e+00 -2.3451e+00
269 +1.352974062e+00 +1.352974062e+00 +1.190929741e+02 +1.190929741e+02 +2.3249e+00 -3.2066e+00 -2.4120e+00
385 +7.322992792e-01 +7.322992792e-01 +1.184722993e+02 +1.184722993e+02 +2.3658e+00 -3.1188e+00 -2.4641e+00
445 +3.546814350e-01 +3.546814350e-01 +1.180946814e+02 +1.180946814e+02 +2.3749e+00 -3.0964e+00 -2.4752e+00
516 +2.310902506e-01 +2.310902506e-01 +1.179710903e+02 +1.179710903e+02 +2.3720e+00 -3.1023e+00 -2.4725e+00
588 +2.095876823e-01 +2.095876823e-01 +1.179495877e+02 +1.179495877e+02 +2.3722e+00 -3.1017e+00 -2.4731e+00
652 +2.030078079e-01 +2.030078079e-01 +1.179430078e+02 +1.179430078e+02 +2.3722e+00 -3.1017e+00 -2.4732e+00
668 +1.988854271e-01 +1.988854271e-01 +1.179388854e+02 +1.179388854e+02 +2.3721e+00 -3.1019e+00 -2.4730e+00
887 +1.948968353e-01 +1.948968353e-01 +1.179348968e+02 +1.179348968e+02 +2.3721e+00 -3.1019e+00 -2.4730e+00
% function evaluation | noise-free fitness - Fopt (-4.670000000000e+01) | best noise-free fitness - Fopt | measured fitness | best measured fitness | x1 | x2...
1 +5.532172127e+02 +5.532172127e+02 +5.065172127e+02 +5.065172127e+02 +0.0000e+00 +0.0000e+00 +0.0000e+00
6 +4.824058747e+02 +4.824058747e+02 +4.357058747e+02 +4.357058747e+02 -8.6729e-01 -6.2814e-01 -3.8862e-01
16 +3.330731601e+02 +3.330731601e+02 +2.863731601e+02 +2.863731601e+02 -1.2690e+00 -1.3502e-01 -6.5500e-01
18 +1.646800463e+02 +1.646800463e+02 +1.179800463e+02 +1.179800463e+02 -2.0285e+00 +2.1407e-02 -1.1281e+00
29 +1.232200765e+02 +1.232200765e+02 +7.652007647e+01 +7.652007647e+01 -2.4431e+00 +2.8680e-01 -9.9094e-01
32 +4.568049508e+01 +4.568049508e+01 -1.019504916e+00 -1.019504916e+00 -3.1663e+00 -2.8634e-01 -1.6160e+00
77 +1.243620976e+01 +1.243620976e+01 -3.426379024e+01 -3.426379024e+01 -1.5308e+00 +1.7830e+00 -1.5057e+00
153 +8.776495731e+00 +8.776495731e+00 -3.792350427e+01 -3.792350427e+01 -1.7952e+00 +1.3278e+00 -1.5282e+00
208 +7.139089688e+00 +7.139089688e+00 -3.956091031e+01 -3.956091031e+01 -1.9253e+00 +1.1795e+00 -1.5413e+00
232 +6.877934123e+00 +6.877934123e+00 -3.982206588e+01 -3.982206588e+01 -1.7613e+00 +1.3999e+00 -1.5323e+00
235 +6.223942199e+00 +6.223942199e+00 -4.047605780e+01 -4.047605780e+01 -1.8398e+00 +1.2819e+00 -1.5237e+00
261 +5.716033402e+00 +5.716033402e+00 -4.098396660e+01 -4.098396660e+01 -1.8128e+00 +1.3223e+00 -1.5106e+00
272 +4.402164674e+00 +4.402164674e+00 -4.229783533e+01 -4.229783533e+01 -1.8458e+00 +1.2904e+00 -1.5210e+00
363 +4.261919118e+00 +4.261919118e+00 -4.243808088e+01 -4.243808088e+01 -1.8234e+00 +1.3218e+00 -1.5207e+00
364 +3.912480625e+00 +3.912480625e+00 -4.278751937e+01 -4.278751937e+01 -1.8255e+00 +1.3164e+00 -1.5208e+00
396 +3.810771734e+00 +3.810771734e+00 -4.288922827e+01 -4.288922827e+01 -1.8235e+00 +1.3177e+00 -1.5206e+00
462 +3.776276861e+00 +3.776276861e+00 -4.292372314e+01 -4.292372314e+01 -1.8246e+00 +1.3165e+00 -1.5207e+00
2397 +3.713829194e+00 +3.713829194e+00 -4.298617081e+01 -4.298617081e+01 -1.8048e+00 +1.3427e+00 -1.5185e+00
2413 +3.630775004e+00 +3.630775004e+00 -4.306922500e+01 -4.306922500e+01 -1.7742e+00 +1.3831e+00 -1.5149e+00
2425 +3.513490120e+00 +3.513490120e+00 -4.318650988e+01 -4.318650988e+01 -1.7253e+00 +1.4477e+00 -1.5092e+00
2426 +3.386969110e+00 +3.386969110e+00 -4.331303089e+01 -4.331303089e+01 -1.6601e+00 +1.5338e+00 -1.5016e+00
2435 +3.307098319e+00 +3.307098319e+00 -4.339290168e+01 -4.339290168e+01 -1.6054e+00 +1.6060e+00 -1.4952e+00
2443 +3.222071459e+00 +3.222071459e+00 -4.347792854e+01 -4.347792854e+01 -1.3964e+00 +1.8820e+00 -1.4708e+00
3284 +3.159599612e+00 +3.159599612e+00 -4.354040039e+01 -4.354040039e+01 -1.3840e+00 +1.8958e+00 -1.4696e+00
3844 +3.073137667e+00 +3.073137667e+00 -4.362686233e+01 -4.362686233e+01 -1.4647e+00 +1.7895e+00 -1.4794e+00
3874 +3.009715511e+00 +3.009715511e+00 -4.369028449e+01 -4.369028449e+01 -1.5321e+00 +1.7041e+00 -1.4880e+00
3892 +2.950240873e+00 +2.950240873e+00 -4.374975913e+01 -4.374975913e+01 -1.5485e+00 +1.6822e+00 -1.4902e+00
3924 +2.874304994e+00 +2.874304994e+00 -4.382569501e+01 -4.382569501e+01 -1.5603e+00 +1.6657e+00 -1.4919e+00
3932 +2.810992797e+00 +2.810992797e+00 -4.388900720e+01 -4.388900720e+01 -1.5832e+00 +1.6351e+00 -1.4950e+00
3945 +2.753963097e+00 +2.753963097e+00 -4.394603690e+01 -4.394603690e+01 -1.6138e+00 +1.5947e+00 -1.4990e+00
4000 +2.690292010e+00 +2.690292010e+00 -4.400970799e+01 -4.400970799e+01 -1.6639e+00 +1.5290e+00 -1.5056e+00
% function evaluation | noise-free fitness - Fopt (8.287000000000e+01) | best noise-free fitness - Fopt | measured fitness | best measured fitness | x1 | x2...
1 +8.495729337e+02 +8.495729337e+02 +9.324429337e+02 +9.324429337e+02 +0.0000e+00 +0.0000e+00 +0.0000e+00
4 +7.650939829e+02 +7.650939829e+02 +8.479639829e+02 +8.479639829e+02 -3.0289e-01 +1.3057e-01 +1.0795e+00
5 +2.768088009e+02 +2.768088009e+02 +3.596788009e+02 +3.596788009e+02 +1.8087e+00 -1.8449e+00 -2.6877e-01
14 +2.113122100e+02 +2.113122100e+02 +2.941822100e+02 +2.941822100e+02 +2.7192e+00 -1.4078e+00 +8.7039e-01
15 +1.928604890e+02 +1.928604890e+02 +2.757304890e+02 +2.757304890e+02 +1.1637e+00 -1.9814e+00 +4.9217e-01
21 +1.282856461e+02 +1.282856461e+02 +2.111556461e+02 +2.111556461e+02 +3.5884e+00 -3.1369e+00 -1.6362e+00
38 +6.115685316e+01 +6.115685316e+01 +1.440268532e+02 +1.440268532e+02 +4.1606e+00 -2.5953e+00 -1.3258e+00
50 +5.904688822e+01 +5.904688822e+01 +1.419168882e+02 +1.419168882e+02 +2.2398e+00 -2.3254e+00 +4.9781e-01
144 +5.016051115e+01 +5.016051115e+01 +1.330305111e+02 +1.330305111e+02 +3.5712e+00 -2.5720e+00 -9.2780e-01
186 +4.932752945e+01 +4.932752945e+01 +1.321975294e+02 +1.321975294e+02 +3.6047e+00 -2.6740e+00 -9.9011e-01
188 +4.171114619e+01 +4.171114619e+01 +1.245811462e+02 +1.245811462e+02 +3.6167e+00 -2.6311e+00 -9.8089e-01
230 +3.843631456e+01 +3.843631456e+01 +1.213063146e+02 +1.213063146e+02 +3.5450e+00 -2.6232e+00 -9.1377e-01
260 +3.756191193e+01 +3.756191193e+01 +1.204319119e+02 +1.204319119e+02 +3.5395e+00 -2.6208e+00 -9.1139e-01
323 +3.714856581e+01 +3.714856581e+01 +1.200185658e+02 +1.200185658e+02 +3.5068e+00 -2.6189e+00 -8.8240e-01
357 +3.608284145e+01 +3.608284145e+01 +1.189528415e+02 +1.189528415e+02 +3.4622e+00 -2.6171e+00 -8.4887e-01
364 +3.536304811e+01 +3.536304811e+01 +1.182330481e+02 +1.182330481e+02 +3.4350e+00 -2.6197e+00 -8.3130e-01
375 +3.455274514e+01 +3.455274514e+01 +1.174227451e+02 +1.174227451e+02 +3.3741e+00 -2.6235e+00 -7.8743e-01
380 +3.364295146e+01 +3.364295146e+01 +1.165129515e+02 +1.165129515e+02 +3.3825e+00 -2.6205e+00 -7.9777e-01
383 +3.179985932e+01 +3.179985932e+01 +1.146698593e+02 +1.146698593e+02 +3.3224e+00 -2.6223e+00 -7.5979e-01
386 +3.140061849e+01 +3.140061849e+01 +1.142706185e+02 +1.142706185e+02 +3.3073e+00 -2.6227e+00 -7.4984e-01
393 +3.011416860e+01 +3.011416860e+01 +1.129841686e+02 +1.129841686e+02 +3.2518e+00 -2.6241e+00 -7.1257e-01
395 +2.778663454e+01 +2.778663454e+01 +1.106566345e+02 +1.106566345e+02 +3.1476e+00 -2.6267e+00 -6.4323e-01
408 +2.205860229e+01 +2.205860229e+01 +1.049286023e+02 +1.049286023e+02 +2.8661e+00 -2.6325e+00 -4.5675e-01
413 +2.036597017e+01 +2.036597017e+01 +1.032359702e+02 +1.032359702e+02 +2.7575e+00 -2.6367e+00 -3.8496e-01
420 +1.992687887e+01 +1.992687887e+01 +1.027968789e+02 +1.027968789e+02 +2.7329e+00 -2.6337e+00 -3.7155e-01
423 +1.199830181e+01 +1.199830181e+01 +9.486830181e+01 +9.486830181e+01 +2.0402e+00 -2.6485e+00 +7.7379e-02
432 +1.092576796e+01 +1.092576796e+01 +9.379576796e+01 +9.379576796e+01 +1.7806e+00 -2.6517e+00 +2.4243e-01
433 +9.001152020e+00 +9.001152020e+00 +9.187115202e+01 +9.187115202e+01 +1.3169e+00 -2.6609e+00 +5.4863e-01
450 +8.591171676e+00 +8.591171676e+00 +9.146117168e+01 +9.146117168e+01 +1.4482e+00 -2.6571e+00 +4.6802e-01
454 +8.358215513e+00 +8.358215513e+00 +9.122821551e+01 +9.122821551e+01 +1.2459e+00 -2.6664e+00 +5.9797e-01
477 +8.024155075e+00 +8.024155075e+00 +9.089415507e+01 +9.089415507e+01 +1.2229e+00 -2.6732e+00 +6.1568e-01
488 +7.624681506e+00 +7.624681506e+00 +9.049468151e+01 +9.049468151e+01 +1.5305e+00 -2.6628e+00 +4.2382e-01
492 +7.307890936e+00 +7.307890936e+00 +9.017789094e+01 +9.017789094e+01 +1.2929e+00 -2.6750e+00 +5.8882e-01
493 +7.143792288e+00 +7.143792288e+00 +9.001379229e+01 +9.001379229e+01 +1.3128e+00 -2.6653e+00 +5.6591e-01
497 +6.579543338e+00 +6.579543338e+00 +8.944954334e+01 +8.944954334e+01 +1.0895e+00 -2.6759e+00 +7.3218e-01
506 +5.306201849e+00 +5.306201849e+00 +8.817620185e+01 +8.817620185e+01 +1.2829e+00 -2.6614e+00 +6.0655e-01
514 +4.849506003e+00 +4.849506003e+00 +8.771950600e+01 +8.771950600e+01 +1.1904e+00 -2.6590e+00 +6.6938e-01
520 +4.168899676e+00 +4.168899676e+00 +8.703889968e+01 +8.703889968e+01 +8.7465e-01 -2.6625e+00 +9.0714e-01
522 +3.961138509e+00 +3.961138509e+00 +8.683113851e+01 +8.683113851e+01 +5.6782e-01 -2.6587e+00 +1.1266e+00
528 +3.024191247e+00 +3.024191247e+00 +8.589419125e+01 +8.589419125e+01 +7.0299e-01 -2.6555e+00 +1.0267e+00
568 +3.012519087e+00 +3.012519087e+00 +8.588251909e+01 +8.588251909e+01 +9.9659e-01 -2.6513e+00 +8.4096e-01
569 +2.777599594e+00 +2.777599594e+00 +8.564759959e+01 +8.564759959e+01 +1.1838e+00 -2.6478e+00 +6.9435e-01
571 +1.642575194e+00 +1.642575194e+00 +8.451257519e+01 +8.451257519e+01 +9.8585e-01 -2.6446e+00 +8.5127e-01
579 +1.549342929e+00 +1.549342929e+00 +8.441934293e+01 +8.441934293e+01 +8.0343e-01 -2.6311e+00 +9.9634e-01
581 +6.870367327e-01 +6.870367327e-01 +8.355703673e+01 +8.355703673e+01 +8.8740e-01 -2.6382e+00 +9.2609e-01
585 +5.602509064e-01 +5.602509064e-01 +8.343025091e+01 +8.343025091e+01 +8.6761e-01 -2.6338e+00 +9.4195e-01
589 +2.363173410e-01 +2.363173410e-01 +8.310631734e+01 +8.310631734e+01 +8.9971e-01 -2.6354e+00 +9.1641e-01
669 +1.677759817e-01 +1.677759817e-01 +8.303777598e+01 +8.303777598e+01 +9.7267e-01 -2.6360e+00 +8.6576e-01
730 +9.157840674e-02 +9.157840674e-02 +8.296157841e+01 +8.296157841e+01 +9.9756e-01 -2.6360e+00 +8.4767e-01
978 +5.295640427e-02 +5.295640427e-02 +8.292295640e+01 +8.292295640e+01 +9.8842e-01 -2.6365e+00 +8.5319e-01
1071 +5.245603438e-02 +5.245603438e-02 +8.292245603e+01 +8.292245603e+01 +9.8947e-01 -2.6362e+00 +8.5277e-01
1110 +3.679271939e-02 +3.679271939e-02 +8.290679272e+01 +8.290679272e+01 +9.8926e-01 -2.6364e+00 +8.5276e-01
1150 +3.465863364e-02 +3.465863364e-02 +8.290465863e+01 +8.290465863e+01 +9.8943e-01 -2.6363e+00 +8.5277e-01
1171 +3.138768384e-02 +3.138768384e-02 +8.290138768e+01 +8.290138768e+01 +9.8948e-01 -2.6364e+00 +8.5265e-01
1198 +2.954687042e-02 +2.954687042e-02 +8.289954687e+01 +8.289954687e+01 +9.8931e-01 -2.6364e+00 +8.5279e-01
1282 +2.917246957e-02 +2.917246957e-02 +8.289917247e+01 +8.289917247e+01 +9.8914e-01 -2.6364e+00 +8.5292e-01
1330 +2.807243784e-02 +2.807243784e-02 +8.289807244e+01 +8.289807244e+01 +9.8919e-01 -2.6364e+00 +8.5288e-01
% function evaluation | noise-free fitness - Fopt (-1.839000000000e+01) | best noise-free fitness - Fopt | measured fitness | best measured fitness | x1 | x2...
1 +5.596126318e+02 +5.596126318e+02 +5.412226318e+02 +5.412226318e+02 +0.0000e+00 +0.0000e+00 +0.0000e+00
4 +4.872278031e+02 +4.872278031e+02 +4.688378031e+02 +4.688378031e+02 -9.7247e-02 +5.9759e-01 -2.7160e-02
8 +4.531087897e+02 +4.531087897e+02 +4.347187897e+02 +4.347187897e+02 -3.7035e-01 +1.2280e+00 -9.3485e-02
12 +5.840497671e+01 +5.840497671e+01 +4.001497671e+01 +4.001497671e+01 +1.8016e+00 +3.0243e+00 +5.3347e-01
35 +2.319814973e+01 +2.319814973e+01 +4.808149735e+00 +4.808149735e+00 +4.6535e-01 +2.8642e+00 +1.4794e+00
99 +2.051386777e+01 +2.051386777e+01 +2.123867768e+00 +2.123867768e+00 +8.0739e-01 +2.9351e+00 +1.1523e+00
135 +9.745911319e+00 +9.745911319e+00 -8.644088681e+00 -8.644088681e+00 +1.1518e+00 +2.9482e+00 +8.4761e-01
892 +9.485985913e+00 +9.485985913e+00 -8.904014087e+00 -8.904014087e+00 +1.3254e+00 +3.0015e+00 +7.0460e-01
915 +9.299552716e+00 +9.299552716e+00 -9.090447284e+00 -9.090447284e+00 +1.3108e+00 +2.9970e+00 +7.1812e-01
918 +9.108707626e+00 +9.108707626e+00 -9.281292374e+00 -9.281292374e+00 +1.2872e+00 +2.9896e+00 +7.3877e-01
929 +8.824229085e+00 +8.824229085e+00 -9.565770915e+00 -9.565770915e+00 +1.2532e+00 +2.9790e+00 +7.6876e-01
935 +8.548501541e+00 +8.548501541e+00 -9.841498459e+00 -9.841498459e+00 +1.2200e+00 +2.9686e+00 +7.9829e-01
943 +8.406937327e+00 +8.406937327e+00 -9.983062673e+00 -9.983062673e+00 +1.2026e+00 +2.9632e+00 +8.1360e-01
953 +7.680748775e+00 +7.680748775e+00 -1.070925123e+01 -1.070925123e+01 +1.1129e+00 +2.9354e+00 +8.9315e-01
957 +7.572040006e+00 +7.572040006e+00 -1.081795999e+01 -1.081795999e+01 +1.0924e+00 +2.9289e+00 +9.1105e-01
962 +6.767994434e+00 +6.767994434e+00 -1.162200557e+01 -1.162200557e+01 +9.7290e-01 +2.8918e+00 +1.0167e+00
972 +6.360966966e+00 +6.360966966e+00 -1.202903303e+01 -1.202903303e+01 +9.0138e-01 +2.8695e+00 +1.0798e+00
973 +5.531200927e+00 +5.531200927e+00 -1.285879907e+01 -1.285879907e+01 +7.4193e-01 +2.8200e+00 +1.2208e+00
983 +5.102274340e+00 +5.102274340e+00 -1.328772566e+01 -1.328772566e+01 +6.3800e-01 +2.7878e+00 +1.3126e+00
985 +5.003700798e+00 +5.003700798e+00 -1.338629920e+01 -1.338629920e+01 +6.0530e-01 +2.7776e+00 +1.3413e+00
991 +4.820512484e+00 +4.820512484e+00 -1.356948752e+01 -1.356948752e+01 +5.5722e-01 +2.7626e+00 +1.3840e+00
994 +4.274145923e+00 +4.274145923e+00 -1.411585408e+01 -1.411585408e+01 +3.1704e-01 +2.6880e+00 +1.5964e+00
1003 +4.177736543e+00 +4.177736543e+00 -1.421226346e+01 -1.421226346e+01 +2.2342e-01 +2.6589e+00 +1.6791e+00
1007 +4.143796145e+00 +4.143796145e+00 -1.424620386e+01 -1.424620386e+01 +1.0145e-01 +2.6209e+00 +1.7872e+00
1059 +4.035297631e+00 +4.035297631e+00 -1.435470237e+01 -1.435470237e+01 +1.1125e-01 +2.6242e+00 +1.7792e+00
1085 +3.968780184e+00 +3.968780184e+00 -1.442121982e+01 -1.442121982e+01 -1.0246e-02 +2.5866e+00 +1.8876e+00
1092 +3.865026173e+00 +3.865026173e+00 -1.452497383e+01 -1.452497383e+01 -2.9099e-02 +2.5799e+00 +1.9066e+00
1111 +3.800593383e+00 +3.800593383e+00 -1.458940662e+01 -1.458940662e+01 -6.9246e-02 +2.5670e+00 +1.9439e+00
1124 +3.651147071e+00 +3.651147071e+00 -1.473885293e+01 -1.473885293e+01 -1.4599e-02 +2.5844e+00 +1.8958e+00
1128 +3.524137198e+00 +3.524137198e+00 -1.486586280e+01 -1.486586280e+01 -6.0043e-02 +2.5698e+00 +1.9393e+00
1132 +3.415620292e+00 +3.415620292e+00 -1.497437971e+01 -1.497437971e+01 -5.4545e-03 +2.5870e+00 +1.8911e+00
1138 +3.380739505e+00 +3.380739505e+00 -1.500926050e+01 -1.500926050e+01 -1.0529e-01 +2.5550e+00 +1.9872e+00
1143 +3.310062722e+00 +3.310062722e+00 -1.507993728e+01 -1.507993728e+01 -1.4018e-01 +2.5448e+00 +2.0183e+00
1144 +3.179345177e+00 +3.179345177e+00 -1.521065482e+01 -1.521065482e+01 -9.7915e-02 +2.5588e+00 +1.9859e+00
1154 +2.491203914e+00 +2.491203914e+00 -1.589879609e+01 -1.589879609e+01 -1.4567e-01 +2.5493e+00 +2.0181e+00
1155 +2.383791303e+00 +2.383791303e+00 -1.600620870e+01 -1.600620870e+01 -5.9140e-02 +2.5755e+00 +1.9427e+00
1159 +2.011369338e+00 +2.011369338e+00 -1.637863066e+01 -1.637863066e+01 -1.7698e-01 +2.5410e+00 +2.0521e+00
1162 +1.466224574e+00 +1.466224574e+00 -1.692377543e+01 -1.692377543e+01 -2.3421e-01 +2.5329e+00 +2.0961e+00
1171 +1.219202194e+00 +1.219202194e+00 -1.717079781e+01 -1.717079781e+01 -1.7880e-01 +2.5467e+00 +2.0500e+00
1182 +1.139920818e+00 +1.139920818e+00 -1.725007918e+01 -1.725007918e+01 -1.7176e-01 +2.5595e+00 +2.0458e+00
1189 +7.407785342e-01 +7.407785342e-01 -1.764922147e+01 -1.764922147e+01 -1.9388e-01 +2.5514e+00 +2.0695e+00
1196 +9.624908762e-02 +9.624908762e-02 -1.829375091e+01 -1.829375091e+01 -1.5147e-01 +2.5600e+00 +2.0302e+00
1455 +9.062604221e-02 +9.062604221e-02 -1.829937396e+01 -1.829937396e+01 -1.4347e-01 +2.5621e+00 +2.0232e+00
1482 +4.529622820e-02 +4.529622820e-02 -1.834470377e+01 -1.834470377e+01 -1.4191e-01 +2.5628e+00 +2.0220e+00
1571 +4.139559820e-02 +4.139559820e-02 -1.834860440e+01 -1.834860440e+01 -1.4239e-01 +2.5627e+00 +2.0224e+00
1593 +3.696943825e-02 +3.696943825e-02 -1.835303056e+01 -1.835303056e+01 -1.4225e-01 +2.5627e+00 +2.0223e+00
1686 +3.552134588e-02 +3.552134588e-02 -1.835447865e+01 -1.835447865e+01 -1.4223e-01 +2.5627e+00 +2.0223e+00
1698 +3.535136377e-02 +3.535136377e-02 -1.835464864e+01 -1.835464864e+01 -1.4225e-01 +2.5627e+00 +2.0223e+00
1765 +3.460824007e-02 +3.460824007e-02 -1.835539176e+01 -1.835539176e+01 -1.4225e-01 +2.5627e+00 +2.0223e+00
% function evaluation | noise-free fitness - Fopt (1.426600000000e+02) | best noise-free fitness - Fopt | measured fitness | best measured fitness | x1 | x2...
1 +9.857884768e+02 +9.857884768e+02 +1.128448477e+03 +1.128448477e+03 +0.0000e+00 +0.0000e+00 +0.0000e+00
2 +8.120135047e+02 +8.120135047e+02 +9.546735047e+02 +9.546735047e+02 -8.7415e-01 -1.2455e-01 -4.7868e-01
5 +6.631209939e+02 +6.631209939e+02 +8.057809939e+02 +8.057809939e+02 -5.7390e-01 +1.5169e+00 +1.0496e+00
8 +4.737002304e+02 +4.737002304e+02 +6.163602304e+02 +6.163602304e+02 -1.6405e+00 +1.2806e+00 +1.7361e-01
12 +4.309346542e+02 +4.309346542e+02 +5.735946542e+02 +5.735946542e+02 -3.1385e+00 +1.9737e+00 +2.8378e-01
13 +2.123562117e+02 +2.123562117e+02 +3.550162117e+02 +3.550162117e+02 -2.3409e+00 +2.4495e+00 -4.2909e-01
23 +1.879625773e+02 +1.879625773e+02 +3.306225773e+02 +3.306225773e+02 -2.3602e+00 +2.2496e+00 -6.8077e-01
35 +1.825858332e+02 +1.825858332e+02 +3.252458332e+02 +3.252458332e+02 -2.9045e+00 +3.0186e+00 -1.3524e+00
41 +1.708984384e+02 +1.708984384e+02 +3.135584384e+02 +3.135584384e+02 -2.6207e+00 +2.2253e+00 -8.5047e-01
43 +3.807032462e+01 +3.807032462e+01 +1.807303246e+02 +1.807303246e+02 -2.3427e+00 +2.6571e+00 -1.4360e+00
65 +1.571401670e+01 +1.571401670e+01 +1.583740167e+02 +1.583740167e+02 -2.2673e+00 +2.8590e+00 -1.4727e+00
237 +1.052304944e+01 +1.052304944e+01 +1.531830494e+02 +1.531830494e+02 -2.3578e+00 +2.7617e+00 -1.5508e+00
279 +1.023564858e+01 +1.023564858e+01 +1.528956486e+02 +1.528956486e+02 -2.3776e+00 +2.7416e+00 -1.5551e+00
280 +8.876446524e+00 +8.876446524e+00 +1.515364465e+02 +1.515364465e+02 -2.4928e+00 +2.6187e+00 -1.6950e+00
303 +5.262924329e+00 +5.262924329e+00 +1.479229243e+02 +1.479229243e+02 -2.4815e+00 +2.6168e+00 -1.6611e+00
386 +4.758314072e+00 +4.758314072e+00 +1.474183141e+02 +1.474183141e+02 -2.4878e+00 +2.6220e+00 -1.6622e+00
398 +4.347208893e+00 +4.347208893e+00 +1.470072089e+02 +1.470072089e+02 -2.4976e+00 +2.5999e+00 -1.6741e+00
429 +4.222222300e+00 +4.222222300e+00 +1.468822223e+02 +1.468822223e+02 -2.4922e+00 +2.6120e+00 -1.6676e+00
448 +4.062065236e+00 +4.062065236e+00 +1.467220652e+02 +1.467220652e+02 -2.4915e+00 +2.6122e+00 -1.6676e+00
573 +3.952076846e+00 +3.952076846e+00 +1.466120768e+02 +1.466120768e+02 -2.4858e+00 +2.6200e+00 -1.6636e+00
604 +3.873314552e+00 +3.873314552e+00 +1.465333146e+02 +1.465333146e+02 -2.4855e+00 +2.6200e+00 -1.6632e+00
% function evaluation | noise-free fitness - Fopt (2.190000000000e+01) | best noise-free fitness - Fopt | measured fitness | best measured fitness | x1 | x2...
1 +8.306716899e+02 +8.306716899e+02 +8.525716899e+02 +8.525716899e+02 +0.0000e+00 +0.0000e+00 +0.0000e+00
2 +5.541606986e+02 +5.541606986e+02 +5.760606986e+02 +5.760606986e+02 +9.2937e-01 -9.4977e-01 +8.7238e-01
10 +5.029125085e+02 +5.029125085e+02 +5.248125085e+02 +5.248125085e+02 +1.5250e+00 -1.5660e+00 +1.2792e-01
12 +2.030669182e+02 +2.030669182e+02 +2.249669182e+02 +2.249669182e+02 +2.9050e+00 -3.3439e+00 +5.5242e-01
28 +1.546649539e+02 +1.546649539e+02 +1.765649539e+02 +1.765649539e+02 +2.8623e+00 -3.8527e+00 +2.0565e+00
35 +1.107668739e+02 +1.107668739e+02 +1.326668739e+02 +1.326668739e+02 +2.6845e+00 -3.4540e+00 +1.7256e+00
40 +1.071399673e+02 +1.071399673e+02 +1.290399673e+02 +1.290399673e+02 +2.7017e+00 -4.0277e+00 +1.3753e+00
47 +8.880974768e+01 +8.880974768e+01 +1.107097477e+02 +1.107097477e+02 +2.8779e+00 -2.8830e+00 +1.9718e+00
53 +6.254055620e+01 +6.254055620e+01 +8.444055620e+01 +8.444055620e+01 +3.3031e+00 -3.0054e+00 +2.4481e+00
71 +4.867809028e+01 +4.867809028e+01 +7.057809028e+01 +7.057809028e+01 +3.3680e+00 -3.2360e+00 +1.9121e+00
80 +4.109037065e+01 +4.109037065e+01 +6.299037065e+01 +6.299037065e+01 +3.4063e+00 -3.0012e+00 +2.1021e+00
96 +3.001566653e+01 +3.001566653e+01 +5.191566653e+01 +5.191566653e+01 +3.2435e+00 -2.7901e+00 +2.2805e+00
116 +2.224885135e+01 +2.224885135e+01 +4.414885135e+01 +4.414885135e+01 +3.3171e+00 -2.9189e+00 +2.1835e+00
216 +1.887290488e+01 +1.887290488e+01 +4.077290488e+01 +4.077290488e+01 +3.2889e+00 -3.0060e+00 +2.1575e+00
221 +1.782346207e+01 +1.782346207e+01 +3.972346207e+01 +3.972346207e+01 +3.3178e+00 -2.8893e+00 +2.2323e+00
281 +1.577296707e+01 +1.577296707e+01 +3.767296707e+01 +3.767296707e+01 +3.4802e+00 -2.3362e+00 +2.6773e+00
302 +1.360097760e+01 +1.360097760e+01 +3.550097760e+01 +3.550097760e+01 +3.4297e+00 -2.5463e+00 +2.5472e+00
336 +1.009925855e+01 +1.009925855e+01 +3.199925855e+01 +3.199925855e+01 +3.4403e+00 -2.4228e+00 +2.6657e+00
388 +9.443880756e+00 +9.443880756e+00 +3.134388076e+01 +3.134388076e+01 +3.4502e+00 -2.4115e+00 +2.6700e+00
416 +8.575087021e+00 +8.575087021e+00 +3.047508702e+01 +3.047508702e+01 +3.4454e+00 -2.4110e+00 +2.6604e+00
426 +8.362372352e+00 +8.362372352e+00 +3.026237235e+01 +3.026237235e+01 +3.4406e+00 -2.4072e+00 +2.6628e+00
441 +8.311959280e+00 +8.311959280e+00 +3.021195928e+01 +3.021195928e+01 +3.4429e+00 -2.4097e+00 +2.6606e+00
482 +8.027178837e+00 +8.027178837e+00 +2.992717884e+01 +2.992717884e+01 +3.4435e+00 -2.4050e+00 +2.6659e+00
515 +7.914692642e+00 +7.914692642e+00 +2.981469264e+01 +2.981469264e+01 +3.4465e+00 -2.3988e+00 +2.6732e+00
2635 +7.754822421e+00 +7.754822421e+00 +2.965482242e+01 +2.965482242e+01 +3.4491e+00 -2.3800e+00 +2.6877e+00
4114 +7.579137664e+00 +7.579137664e+00 +2.947913766e+01 +2.947913766e+01 +3.4640e+00 -2.3073e+00 +2.7471e+00
4201 +7.405618372e+00 +7.405618372e+00 +2.930561837e+01 +2.930561837e+01 +3.4637e+00 -2.3140e+00 +2.7460e+00
4559 +7.244187984e+00 +7.244187984e+00 +2.914418798e+01 +2.914418798e+01 +3.4568e+00 -2.3543e+00 +2.7110e+00
5193 +7.006077467e+00 +7.006077467e+00 +2.890607747e+01 +2.890607747e+01 +3.4618e+00 -2.3360e+00 +2.7271e+00
5206 +6.890701785e+00 +6.890701785e+00 +2.879070178e+01 +2.879070178e+01 +3.4646e+00 -2.3249e+00 +2.7367e+00
5218 +6.678242127e+00 +6.678242127e+00 +2.857824213e+01 +2.857824213e+01 +3.4699e+00 -2.3041e+00 +2.7547e+00
5220 +6.528880061e+00 +6.528880061e+00 +2.842888006e+01 +2.842888006e+01 +3.4736e+00 -2.2893e+00 +2.7676e+00
5222 +6.447422463e+00 +6.447422463e+00 +2.834742246e+01 +2.834742246e+01 +3.4757e+00 -2.2811e+00 +2.7748e+00
5225 +6.217274377e+00 +6.217274377e+00 +2.811727438e+01 +2.811727438e+01 +3.4817e+00 -2.2575e+00 +2.7952e+00
5226 +6.141295372e+00 +6.141295372e+00 +2.804129537e+01 +2.804129537e+01 +3.4837e+00 -2.2496e+00 +2.8021e+00
5232 +5.869476396e+00 +5.869476396e+00 +2.776947640e+01 +2.776947640e+01 +3.4911e+00 -2.2206e+00 +2.8272e+00
5238 +5.216227830e+00 +5.216227830e+00 +2.711622783e+01 +2.711622783e+01 +3.5098e+00 -2.1469e+00 +2.8913e+00
5242 +4.314393755e+00 +4.314393755e+00 +2.621439376e+01 +2.621439376e+01 +3.5390e+00 -2.0319e+00 +2.9911e+00
5249 +4.226085700e+00 +4.226085700e+00 +2.612608570e+01 +2.612608570e+01 +3.5421e+00 -2.0196e+00 +3.0018e+00
5254 +2.916687477e+00 +2.916687477e+00 +2.481668748e+01 +2.481668748e+01 +3.5982e+00 -1.7988e+00 +3.1936e+00
5267 +1.861550017e+00 +1.861550017e+00 +2.376155002e+01 +2.376155002e+01 +3.7022e+00 -1.3892e+00 +3.5494e+00
5643 +1.750918421e+00 +1.750918421e+00 +2.365091842e+01 +2.365091842e+01 +3.7195e+00 -1.3182e+00 +3.6085e+00
5645 +1.712589440e+00 +1.712589440e+00 +2.361258944e+01 +2.361258944e+01 +3.7180e+00 -1.3212e+00 +3.6033e+00
6124 +1.697489899e+00 +1.697489899e+00 +2.359748990e+01 +2.359748990e+01 +3.7074e+00 -1.3631e+00 +3.5666e+00
6167 +1.653490428e+00 +1.653490428e+00 +2.355349043e+01 +2.355349043e+01 +3.7220e+00 -1.3075e+00 +3.6156e+00
6271 +1.615904067e+00 +1.615904067e+00 +2.351590407e+01 +2.351590407e+01 +3.7404e+00 -1.2360e+00 +3.6769e+00
6291 +1.584593011e+00 +1.584593011e+00 +2.348459301e+01 +2.348459301e+01 +3.7498e+00 -1.2008e+00 +3.7076e+00
6303 +1.541078334e+00 +1.541078334e+00 +2.344107833e+01 +2.344107833e+01 +3.7530e+00 -1.1888e+00 +3.7172e+00
6315 +1.452592705e+00 +1.452592705e+00 +2.335259270e+01 +2.335259270e+01 +3.7638e+00 -1.1509e+00 +3.7509e+00
6322 +1.382769557e+00 +1.382769557e+00 +2.328276956e+01 +2.328276956e+01 +3.7714e+00 -1.1223e+00 +3.7745e+00
6338 +1.373053047e+00 +1.373053047e+00 +2.327305305e+01 +2.327305305e+01 +3.7708e+00 -1.1264e+00 +3.7724e+00
6344 +1.262703356e+00 +1.262703356e+00 +2.316270336e+01 +2.316270336e+01 +3.7987e+00 -1.0249e+00 +3.8599e+00
6355 +1.231840765e+00 +1.231840765e+00 +2.313184077e+01 +2.313184077e+01 +3.8091e+00 -9.8650e-01 +3.8921e+00
6363 +1.230126428e+00 +1.230126428e+00 +2.313012643e+01 +2.313012643e+01 +3.8078e+00 -9.9145e-01 +3.8881e+00
6385 +1.197496294e+00 +1.197496294e+00 +2.309749629e+01 +2.309749629e+01 +3.8124e+00 -9.7660e-01 +3.9018e+00
6398 +1.145065905e+00 +1.145065905e+00 +2.304506590e+01 +2.304506590e+01 +3.8082e+00 -9.9191e-01 +3.8879e+00
6405 +1.107313068e+00 +1.107313068e+00 +2.300731307e+01 +2.300731307e+01 +3.8088e+00 -9.9132e-01 +3.8890e+00
6409 +1.059196210e+00 +1.059196210e+00 +2.295919621e+01 +2.295919621e+01 +3.8034e+00 -1.0107e+00 +3.8711e+00
6411 +8.890470104e-01 +8.890470104e-01 +2.278904701e+01 +2.278904701e+01 +3.8247e+00 -9.3692e-01 +3.9347e+00
6412 +7.618810064e-01 +7.618810064e-01 +2.266188101e+01 +2.266188101e+01 +3.8258e+00 -9.3633e-01 +3.9338e+00
6462 +7.066404943e-01 +7.066404943e-01 +2.260664049e+01 +2.260664049e+01 +3.8155e+00 -9.7782e-01 +3.8969e+00
6464 +3.682775562e-01 +3.682775562e-01 +2.226827756e+01 +2.226827756e+01 +3.8149e+00 -9.8351e-01 +3.8947e+00
6545 +3.617150326e-01 +3.617150326e-01 +2.226171503e+01 +2.226171503e+01 +3.8141e+00 -9.9293e-01 +3.8877e+00
6562 +2.548565298e-01 +2.548565298e-01 +2.215485653e+01 +2.215485653e+01 +3.8134e+00 -9.9270e-01 +3.8874e+00
6600 +2.405831591e-01 +2.405831591e-01 +2.214058316e+01 +2.214058316e+01 +3.8136e+00 -9.9172e-01 +3.8881e+00
6693 +2.226476223e-01 +2.226476223e-01 +2.212264762e+01 +2.212264762e+01 +3.8135e+00 -9.9242e-01 +3.8874e+00
6818 +2.187216443e-01 +2.187216443e-01 +2.211872164e+01 +2.211872164e+01 +3.8135e+00 -9.9213e-01 +3.8876e+00
% function evaluation | noise-free fitness - Fopt (-3.787000000000e+01) | best noise-free fitness - Fopt | measured fitness | best measured fitness | x1 | x2...
1 +1.043852926e+03 +1.043852926e+03 +1.005982926e+03 +1.005982926e+03 +0.0000e+00 +0.0000e+00 +0.0000e+00
2 +7.686330111e+02 +7.686330111e+02 +7.307630111e+02 +7.307630111e+02 +1.4943e+00 -7.5552e-01 +5.5567e-01
6 +5.869119271e+02 +5.869119271e+02 +5.490419271e+02 +5.490419271e+02 -1.8760e+00 -2.3830e-01 +2.0345e+00
13 +5.578943514e+02 +5.578943514e+02 +5.200243514e+02 +5.200243514e+02 -2.4316e+00 -2.1086e+00 +1.6729e+00
18 +4.835223312e+02 +4.835223312e+02 +4.456523312e+02 +4.456523312e+02 -2.2520e+00 -1.4048e+00 +3.9372e+00
27 +4.513137802e+02 +4.513137802e+02 +4.134437802e+02 +4.134437802e+02 -1.1400e+00 -1.9301e+00 +1.9507e+00
36 +2.953923559e+02 +2.953923559e+02 +2.575223559e+02 +2.575223559e+02 +2.9708e-01 +5.5784e-01 +3.6146e+00
43 +1.349161902e+02 +1.349161902e+02 +9.704619024e+01 +9.704619024e+01 -4.3677e-01 +7.6952e-01 +5.1884e+00
72 +1.268293494e+02 +1.268293494e+02 +8.895934941e+01 +8.895934941e+01 +2.1058e+00 +2.2999e-02 +4.8244e+00
77 +1.251155000e+02 +1.251155000e+02 +8.724549996e+01 +8.724549996e+01 +1.9850e+00 +2.7781e-01 +4.9904e+00
82 +1.211097595e+02 +1.211097595e+02 +8.323975951e+01 +8.323975951e+01 +1.7575e+00 -2.2567e-01 +4.5586e+00
90 +1.149616641e+02 +1.149616641e+02 +7.709166411e+01 +7.709166411e+01 +7.5080e-01 +8.0547e-01 +5.2342e+00
96 +1.000885911e+02 +1.000885911e+02 +6.221859109e+01 +6.221859109e+01 +4.3250e-01 +9.3064e-01 +4.7988e+00
104 +8.599016791e+01 +8.599016791e+01 +4.812016791e+01 +4.812016791e+01 +4.2333e-01 +2.4256e-01 +4.6015e+00
105 +7.733985436e+01 +7.733985436e+01 +3.946985436e+01 +3.946985436e+01 +9.3966e-01 +8.3707e-01 +4.8809e+00
117 +5.913410703e+01 +5.913410703e+01 +2.126410703e+01 +2.126410703e+01 +4.1206e-01 +6.2604e-01 +4.8781e+00
123 +4.703402072e+01 +4.703402072e+01 +9.164020720e+00 +9.164020720e+00 +4.9023e-01 +7.1366e-01 +4.8467e+00
178 +4.369908012e+01 +4.369908012e+01 +5.829080121e+00 +5.829080121e+00 +1.2653e-01 +7.4683e-01 +4.8774e+00
185 +4.334625491e+01 +4.334625491e+01 +5.476254905e+00 +5.476254905e+00 +1.5766e-01 +7.3153e-01 +4.8681e+00
244 +3.939411677e+01 +3.939411677e+01 +1.524116768e+00 +1.524116768e+00 +4.8461e-01 +6.5557e-01 +4.8008e+00
256 +3.816185311e+01 +3.816185311e+01 +2.918531071e-01 +2.918531071e-01 +8.2233e-01 +5.6159e-01 +4.7074e+00
261 +3.310119053e+01 +3.310119053e+01 -4.768809472e+00 -4.768809472e+00 +6.5388e-01 +5.7332e-01 +4.7425e+00
324 +3.056867118e+01 +3.056867118e+01 -7.301328823e+00 -7.301328823e+00 +9.1137e-01 +3.9740e-01 +4.5977e+00
333 +2.740343092e+01 +2.740343092e+01 -1.046656908e+01 -1.046656908e+01 +9.8498e-01 +4.2758e-01 +4.6142e+00
339 +2.417570012e+01 +2.417570012e+01 -1.369429988e+01 -1.369429988e+01 +1.2662e+00 +2.9733e-01 +4.5097e+00
348 +2.272924805e+01 +2.272924805e+01 -1.514075195e+01 -1.514075195e+01 +1.2445e+00 +3.5854e-01 +4.5889e+00
379 +2.218104162e+01 +2.218104162e+01 -1.568895838e+01 -1.568895838e+01 +1.4220e+00 +3.0809e-01 +4.5570e+00
384 +1.769856062e+01 +1.769856062e+01 -2.017143938e+01 -2.017143938e+01 +1.5723e+00 +1.7040e-01 +4.4288e+00
398 +1.311329156e+01 +1.311329156e+01 -2.475670844e+01 -2.475670844e+01 +1.7028e+00 +1.6098e-01 +4.4277e+00
448 +1.146432406e+01 +1.146432406e+01 -2.640567594e+01 -2.640567594e+01 +1.8878e+00 +6.5294e-02 +4.3606e+00
462 +1.108636191e+01 +1.108636191e+01 -2.678363809e+01 -2.678363809e+01 +2.0812e+00 +1.8460e-02 +4.3105e+00
464 +1.026111479e+01 +1.026111479e+01 -2.760888521e+01 -2.760888521e+01 +2.1894e+00 -6.4127e-02 +4.2614e+00
465 +6.732049441e+00 +6.732049441e+00 -3.113795056e+01 -3.113795056e+01 +2.1731e+00 -2.6192e-02 +4.2951e+00
473 +5.411280876e+00 +5.411280876e+00 -3.245871912e+01 -3.245871912e+01 +2.4404e+00 -1.0914e-01 +4.2282e+00
482 +4.884379810e+00 +4.884379810e+00 -3.298562019e+01 -3.298562019e+01 +2.5704e+00 -1.5131e-01 +4.2043e+00
485 +3.553191153e+00 +3.553191153e+00 -3.431680885e+01 -3.431680885e+01 +2.9677e+00 -3.0024e-01 +4.0823e+00
517 +2.397935259e+00 +2.397935259e+00 -3.547206474e+01 -3.547206474e+01 +2.7204e+00 -2.2026e-01 +4.1512e+00
571 +2.326833176e+00 +2.326833176e+00 -3.554316682e+01 -3.554316682e+01 +2.6443e+00 -1.9536e-01 +4.1685e+00
626 +2.277783921e+00 +2.277783921e+00 -3.559221608e+01 -3.559221608e+01 +2.7188e+00 -2.2146e-01 +4.1476e+00
746 +2.198087855e+00 +2.198087855e+00 -3.567191214e+01 -3.567191214e+01 +2.6786e+00 -2.0904e-01 +4.1581e+00
768 +2.122824352e+00 +2.122824352e+00 -3.574717565e+01 -3.574717565e+01 +2.6831e+00 -2.1025e-01 +4.1572e+00
