% function evaluation | noise-free fitness - Fopt (2.997000000000e+01) | best noise-free fitness - Fopt | measured fitness | best measured fitness | x1 | x2...
1 +1.048116465e+03 +1.048116465e+03 +1.078086465e+03 +1.078086465e+03 +0.0000e+00 +0.0000e+00 +0.0000e+00 +0.0000e+00 +0.0000e+00
3 +8.272554069e+02 +8.272554069e+02 +8.572254069e+02 +8.572254069e+02 -3.4993e-01 +1.0066e+00 -1.5158e+00 +3.4764e-01 +3.6632e-01
6 +6.078530966e+02 +6.078530966e+02 +6.378230966e+02 +6.378230966e+02 -8.6028e-01 +8.3665e-01 -1.2326e+00 -1.5345e+00 -4.8068e-02
14 +5.500586684e+02 +5.500586684e+02 +5.800286684e+02 +5.800286684e+02 -1.7069e+00 +1.5914e+00 -1.5111e+00 -1.9995e+00 +4.8814e-01
15 +5.477948702e+02 +5.477948702e+02 +5.777648702e+02 +5.777648702e+02 -8.5812e-01 +2.2004e+00 -1.1286e+00 -1.2515e+00 +1.0550e+00
16 +5.217754604e+02 +5.217754604e+02 +5.517454604e+02 +5.517454604e+02 -1.4771e+00 +5.9484e-02 -1.4976e+00 -2.3593e+00 +1.0879e+00
17 +4.785943970e+02 +4.785943970e+02 +5.085643970e+02 +5.085643970e+02 -4.9399e-02 -2.7200e-01 -1.4660e+00 -1.6880e+00 +1.9597e+00
23 +2.663005097e+02 +2.663005097e+02 +2.962705097e+02 +2.962705097e+02 +1.5407e+00 -1.3814e+00 -2.6081e+00 -2.6655e+00 +2.1842e+00
32 +2.336671337e+02 +2.336671337e+02 +2.636371337e+02 +2.636371337e+02 +3.6189e-01 -1.7251e+00 -3.3930e+00 -3.0488e+00 +1.8561e+00
42 +1.389358011e+02 +1.389358011e+02 +1.689058011e+02 +1.689058011e+02 +5.2053e-01 -1.0109e+00 -3.8106e+00 -2.0867e+00 +2.9394e+00
90 +1.323581165e+02 +1.323581165e+02 +1.623281165e+02 +1.623281165e+02 +7.5940e-01 -1.0284e+00 -2.9498e+00 -1.9929e+00 +2.3856e+00
102 +1.109433601e+02 +1.109433601e+02 +1.409133601e+02 +1.409133601e+02 +6.8658e-01 -1.1532e+00 -3.3393e+00 -2.4384e+00 +2.9156e+00
109 +9.963284082e+01 +9.963284082e+01 +1.296028408e+02 +1.296028408e+02 +7.3125e-01 -2.4465e+00 -3.7624e+00 -2.1407e+00 +2.2295e+00
116 +9.457267605e+01 +9.457267605e+01 +1.245426760e+02 +1.245426760e+02 +9.4443e-01 -2.0818e+00 -3.7519e+00 -2.2336e+00 +2.2732e+00
126 +6.534676977e+01 +6.534676977e+01 +9.531676977e+01 +9.531676977e+01 +1.0570e+00 -1.8589e+00 -3.5542e+00 -2.2410e+00 +2.6979e+00
159 +6.413365248e+01 +6.413365248e+01 +9.410365248e+01 +9.410365248e+01 +1.1960e+00 -1.7587e+00 -3.6831e+00 -2.0562e+00 +3.1521e+00
164 +5.238416345e+01 +5.238416345e+01 +8.235416345e+01 +8.235416345e+01 +9.3952e-01 -1.7579e+00 -3.8902e+00 -1.8117e+00 +3.2094e+00
174 +3.263547620e+01 +3.263547620e+01 +6.260547620e+01 +6.260547620e+01 +9.7695e-01 -1.9262e+00 -3.7805e+00 -1.9198e+00 +3.3285e+00
191 +2.744778504e+01 +2.744778504e+01 +5.741778504e+01 +5.741778504e+01 +1.0781e+00 -1.8386e+00 -3.6767e+00 -1.8848e+00 +3.0933e+00
238 +2.490256121e+01 +2.490256121e+01 +5.487256121e+01 +5.487256121e+01 +1.0898e+00 -2.2013e+00 -3.8799e+00 -1.9459e+00 +3.1119e+00
245 +2.021458080e+01 +2.021458080e+01 +5.018458080e+01 +5.018458080e+01 +1.0194e+00 -2.1529e+00 -3.7455e+00 -1.9976e+00 +3.0466e+00
269 +1.773511915e+01 +1.773511915e+01 +4.770511915e+01 +4.770511915e+01 +9.4171e-01 -2.0235e+00 -3.7344e+00 -1.9299e+00 +2.9365e+00
270 +9.894875703e+00 +9.894875703e+00 +3.986487570e+01 +3.986487570e+01 +9.9187e-01 -2.0950e+00 -3.7813e+00 -1.9688e+00 +2.9403e+00
309 +8.301783295e+00 +8.301783295e+00 +3.827178329e+01 +3.827178329e+01 +1.0436e+00 -2.0729e+00 -3.7578e+00 -1.9898e+00 +2.9304e+00
350 +3.194168791e+00 +3.194168791e+00 +3.316416879e+01 +3.316416879e+01 +1.0249e+00 -2.0736e+00 -3.7507e+00 -1.9768e+00 +2.9789e+00
456 +3.157013484e+00 +3.157013484e+00 +3.312701348e+01 +3.312701348e+01 +1.0153e+00 -2.0618e+00 -3.7425e+00 -1.9792e+00 +2.9461e+00
497 +2.367477682e+00 +2.367477682e+00 +3.233747768e+01 +3.233747768e+01 +1.0104e+00 -2.0767e+00 -3.7537e+00 -1.9843e+00 +2.9605e+00
518 +2.194593042e+00 +2.194593042e+00 +3.216459304e+01 +3.216459304e+01 +1.0029e+00 -2.0550e+00 -3.7502e+00 -1.9710e+00 +2.9668e+00
525 +1.728879283e+00 +1.728879283e+00 +3.169887928e+01 +3.169887928e+01 +1.0001e+00 -2.0480e+00 -3.7478e+00 -1.9712e+00 +2.9728e+00
532 +1.092450598e+00 +1.092450598e+00 +3.106245060e+01 +3.106245060e+01 +1.0019e+00 -2.0392e+00 -3.7479e+00 -1.9700e+00 +2.9821e+00
533 +8.854905036e-01 +8.854905036e-01 +3.085549050e+01 +3.085549050e+01 +1.0053e+00 -2.0499e+00 -3.7487e+00 -1.9709e+00 +2.9800e+00
694 +8.466658321e-01 +8.466658321e-01 +3.081666583e+01 +3.081666583e+01 +1.0076e+00 -2.0560e+00 -3.7492e+00 -1.9757e+00 +2.9730e+00
720 +7.361425461e-01 +7.361425461e-01 +3.070614255e+01 +3.070614255e+01 +1.0072e+00 -2.0564e+00 -3.7493e+00 -1.9744e+00 +2.9757e+00
766 +7.079247735e-01 +7.079247735e-01 +3.067792477e+01 +3.067792477e+01 +1.0081e+00 -2.0535e+00 -3.7494e+00 -1.9728e+00 +2.9782e+00
776 +6.756419544e-01 +6.756419544e-01 +3.064564195e+01 +3.064564195e+01 +1.0084e+00 -2.0552e+00 -3.7497e+00 -1.9729e+00 +2.9773e+00
809 +6.519589874e-01 +6.519589874e-01 +3.062195899e+01 +3.062195899e+01 +1.0082e+00 -2.0564e+00 -3.7502e+00 -1.9728e+00 +2.9747e+00
816 +5.508327651e-01 +5.508327651e-01 +3.052083277e+01 +3.052083277e+01 +1.0093e+00 -2.0576e+00 -3.7501e+00 -1.9740e+00 +2.9739e+00
834 +5.125904272e-01 +5.125904272e-01 +3.048259043e+01 +3.048259043e+01 +1.0094e+00 -2.0582e+00 -3.7500e+00 -1.9741e+00 +2.9736e+00
874 +4.718248211e-01 +4.718248211e-01 +3.044182482e+01 +3.044182482e+01 +1.0104e+00 -2.0596e+00 -3.7501e+00 -1.9739e+00 +2.9727e+00
942 +4.401879244e-01 +4.401879244e-01 +3.041018792e+01 +3.041018792e+01 +1.0105e+00 -2.0607e+00 -3.7504e+00 -1.9740e+00 +2.9727e+00
986 +4.305366862e-01 +4.305366862e-01 +3.040053669e+01 +3.040053669e+01 +1.0102e+00 -2.0603e+00 -3.7502e+00 -1.9740e+00 +2.9725e+00
1001 +4.235146639e-01 +4.235146639e-01 +3.039351466e+01 +3.039351466e+01 +1.0101e+00 -2.0600e+00 -3.7502e+00 -1.9740e+00 +2.9726e+00
1034 +4.099580917e-01 +4.099580917e-01 +3.037995809e+01 +3.037995809e+01 +1.0100e+00 -2.0596e+00 -3.7501e+00 -1.9739e+00 +2.9728e+00
1196 +4.035403538e-01 +4.035403538e-01 +3.037354035e+01 +3.037354035e+01 +1.0096e+00 -2.0585e+00 -3.7498e+00 -1.9738e+00 +2.9733e+00
% function evaluation | noise-free fitness - Fopt (-5.171000000000e+01) | best noise-free fitness - Fopt | measured fitness | best measured fitness | x1 | x2...
1 +1.267442521e+03 +1.267442521e+03 +1.215732521e+03 +1.215732521e+03 +0.0000e+00 +0.0000e+00 +0.0000e+00 +0.0000e+00 +0.0000e+00
3 +1.250507364e+03 +1.250507364e+03 +1.198797364e+03 +1.198797364e+03 -5.7694e-01 -5.6574e-01 +1.7666e-01 -2.2038e+00 +9.1297e-01
4 +1.035417759e+03 +1.035417759e+03 +9.837077591e+02 +9.837077591e+02 +1.2799e+00 -1.8514e-01 -1.1714e+00 -1.7188e+00 -1.6315e+00
11 +1.013717443e+03 +1.013717443e+03 +9.620074427e+02 +9.620074427e+02 +1.5520e-01 +3.0011e-01 -2.0370e+00 -1.0686e+00 -3.5328e-01
13 +9.743786779e+02 +9.743786779e+02 +9.226686779e+02 +9.226686779e+02 -8.2432e-03 +4.8842e-01 -8.5923e-01 -3.5005e+00 -6.9503e-01
16 +7.023850230e+02 +7.023850230e+02 +6.506750230e+02 +6.506750230e+02 +1.0277e+00 +1.1622e-01 -2.2905e+00 -1.3455e+00 +1.5214e+00
22 +5.015366821e+02 +5.015366821e+02 +4.498266821e+02 +4.498266821e+02 +5.7546e-01 +7.5384e-02 -4.5550e+00 -2.3089e+00 +2.5404e+00
35 +4.810826433e+02 +4.810826433e+02 +4.293726433e+02 +4.293726433e+02 +1.4384e-01 +2.3270e-01 -5.1051e+00 -1.8173e+00 +5.1687e+00
37 +3.951125083e+02 +3.951125083e+02 +3.434025083e+02 +3.434025083e+02 +2.2595e+00 +3.4176e-01 -3.8706e+00 -3.1394e+00 +4.5852e+00
49 +2.945926881e+02 +2.945926881e+02 +2.428826881e+02 +2.428826881e+02 +6.3614e-01 -3.1614e-01 -5.0227e+00 -3.0810e+00 +4.5928e+00
56 +2.491244023e+02 +2.491244023e+02 +1.974144023e+02 +1.974144023e+02 +2.3780e+00 -1.9307e-01 -4.9186e+00 -3.2209e+00 +3.7153e+00
88 +1.690865078e+02 +1.690865078e+02 +1.173765078e+02 +1.173765078e+02 +2.6277e+00 +1.1919e+00 -3.7341e+00 -4.0658e+00 +1.8421e+00
95 +1.622902850e+02 +1.622902850e+02 +1.105802850e+02 +1.105802850e+02 +1.9257e+00 +1.6298e+00 -3.9323e+00 -3.8514e+00 +1.5259e+00
145 +1.565235359e+02 +1.565235359e+02 +1.048135359e+02 +1.048135359e+02 +1.8241e+00 +4.5632e-01 -4.4083e+00 -3.1195e+00 +3.2606e+00
148 +1.424486810e+02 +1.424486810e+02 +9.073868104e+01 +9.073868104e+01 +1.4470e+00 +1.6578e+00 -4.6390e+00 -3.1883e+00 +2.8182e+00
156 +1.004846182e+02 +1.004846182e+02 +4.877461821e+01 +4.877461821e+01 +1.9503e+00 +9.5462e-01 -4.3096e+00 -3.3978e+00 +2.9733e+00
208 +9.492470109e+01 +9.492470109e+01 +4.321470109e+01 +4.321470109e+01 +2.0339e+00 +1.1495e+00 -4.2985e+00 -3.4536e+00 +2.9772e+00
216 +8.749908237e+01 +8.749908237e+01 +3.578908237e+01 +3.578908237e+01 +1.9963e+00 +1.3163e+00 -4.4602e+00 -3.4609e+00 +3.0189e+00
220 +7.864082328e+01 +7.864082328e+01 +2.693082328e+01 +2.693082328e+01 +1.7549e+00 +1.3142e+00 -4.4236e+00 -3.3588e+00 +2.7923e+00
240 +6.696604752e+01 +6.696604752e+01 +1.525604752e+01 +1.525604752e+01 +1.8909e+00 +1.2246e+00 -4.3970e+00 -3.4831e+00 +2.9185e+00
251 +6.534278695e+01 +6.534278695e+01 +1.363278695e+01 +1.363278695e+01 +1.7906e+00 +1.2269e+00 -4.3609e+00 -3.5014e+00 +2.8317e+00
254 +5.331239096e+01 +5.331239096e+01 +1.602390961e+00 +1.602390961e+00 +1.8570e+00 +1.2686e+00 -4.4737e+00 -3.5893e+00 +2.8481e+00
265 +5.196942975e+01 +5.196942975e+01 +2.594297474e-01 +2.594297474e-01 +1.8026e+00 +1.4121e+00 -4.4859e+00 -3.6280e+00 +2.8294e+00
291 +4.731462913e+01 +4.731462913e+01 -4.395370870e+00 -4.395370870e+00 +1.7985e+00 +1.5102e+00 -4.4205e+00 -3.6258e+00 +2.7152e+00
314 +4.619015873e+01 +4.619015873e+01 -5.519841268e+00 -5.519841268e+00 +1.8565e+00 +1.4107e+00 -4.3720e+00 -3.5701e+00 +2.7727e+00
333 +4.274437846e+01 +4.274437846e+01 -8.965621539e+00 -8.965621539e+00 +1.8994e+00 +1.4396e+00 -4.3248e+00 -3.5753e+00 +2.6816e+00
348 +3.897105171e+01 +3.897105171e+01 -1.273894829e+01 -1.273894829e+01 +1.8816e+00 +1.5111e+00 -4.3364e+00 -3.6023e+00 +2.6764e+00
353 +3.698130626e+01 +3.698130626e+01 -1.472869374e+01 -1.472869374e+01 +1.9142e+00 +1.5560e+00 -4.3062e+00 -3.6142e+00 +2.6270e+00
357 +3.534787593e+01 +3.534787593e+01 -1.636212407e+01 -1.636212407e+01 +1.8772e+00 +1.5834e+00 -4.2999e+00 -3.6174e+00 +2.5986e+00
367 +3.034183215e+01 +3.034183215e+01 -2.136816785e+01 -2.136816785e+01 +1.9270e+00 +1.6864e+00 -4.2600e+00 -3.6532e+00 +2.4885e+00
377 +2.979215290e+01 +2.979215290e+01 -2.191784710e+01 -2.191784710e+01 +1.9495e+00 +1.7772e+00 -4.2151e+00 -3.6632e+00 +2.4115e+00
388 +2.950203100e+01 +2.950203100e+01 -2.220796900e+01 -2.220796900e+01 +2.0403e+00 +2.0501e+00 -4.0751e+00 -3.7215e+00 +2.1299e+00
397 +2.454300817e+01 +2.454300817e+01 -2.716699183e+01 -2.716699183e+01 +2.0033e+00 +1.8729e+00 -4.1278e+00 -3.6867e+00 +2.2690e+00
416 +2.289836865e+01 +2.289836865e+01 -2.881163135e+01 -2.881163135e+01 +2.0260e+00 +1.9410e+00 -4.0815e+00 -3.6817e+00 +2.2180e+00
424 +1.851756255e+01 +1.851756255e+01 -3.319243745e+01 -3.319243745e+01 +2.1063e+00 +2.0885e+00 -3.9803e+00 -3.6974e+00 +2.0509e+00
435 +1.789650866e+01 +1.789650866e+01 -3.381349134e+01 -3.381349134e+01 +2.1732e+00 +2.1464e+00 -3.9083e+00 -3.7088e+00 +1.9630e+00
445 +1.447415511e+01 +1.447415511e+01 -3.723584489e+01 -3.723584489e+01 +2.2276e+00 +2.2778e+00 -3.8473e+00 -3.7015e+00 +1.8313e+00
463 +1.328862379e+01 +1.328862379e+01 -3.842137621e+01 -3.842137621e+01 +2.3236e+00 +2.4314e+00 -3.7590e+00 -3.7045e+00 +1.6951e+00
468 +1.255547282e+01 +1.255547282e+01 -3.915452718e+01 -3.915452718e+01 +2.2727e+00 +2.3642e+00 -3.8048e+00 -3.7041e+00 +1.7706e+00
474 +1.055099961e+01 +1.055099961e+01 -4.115900039e+01 -4.115900039e+01 +2.3685e+00 +2.5299e+00 -3.6974e+00 -3.6891e+00 +1.6030e+00
488 +9.858782086e+00 +9.858782086e+00 -4.185121791e+01 -4.185121791e+01 +2.3032e+00 +2.4726e+00 -3.7580e+00 -3.6866e+00 +1.6663e+00
491 +8.078795148e+00 +8.078795148e+00 -4.363120485e+01 -4.363120485e+01 +2.4115e+00 +2.6393e+00 -3.6304e+00 -3.6828e+00 +1.4938e+00
492 +6.678529688e+00 +6.678529688e+00 -4.503147031e+01 -4.503147031e+01 +2.4425e+00 +2.7414e+00 -3.5832e+00 -3.6925e+00 +1.4105e+00
498 +5.304486056e+00 +5.304486056e+00 -4.640551394e+01 -4.640551394e+01 +2.4409e+00 +2.7436e+00 -3.5818e+00 -3.6789e+00 +1.4010e+00
505 +4.127418538e+00 +4.127418538e+00 -4.758258146e+01 -4.758258146e+01 +2.4528e+00 +2.8115e+00 -3.5421e+00 -3.6486e+00 +1.3624e+00
516 +2.462708154e+00 +2.462708154e+00 -4.924729185e+01 -4.924729185e+01 +2.4956e+00 +2.8852e+00 -3.4984e+00 -3.6500e+00 +1.2858e+00
536 +2.001834653e+00 +2.001834653e+00 -4.970816535e+01 -4.970816535e+01 +2.5320e+00 +2.9787e+00 -3.4616e+00 -3.6641e+00 +1.2033e+00
591 +1.882061268e+00 +1.882061268e+00 -4.982793873e+01 -4.982793873e+01 +2.4889e+00 +2.8715e+00 -3.5115e+00 -3.6498e+00 +1.3004e+00
595 +1.817826892e+00 +1.817826892e+00 -4.989217311e+01 -4.989217311e+01 +2.4890e+00 +2.8869e+00 -3.5063e+00 -3.6528e+00 +1.2862e+00
611 +1.507279136e+00 +1.507279136e+00 -5.020272086e+01 -5.020272086e+01 +2.5133e+00 +2.9328e+00 -3.4752e+00 -3.6528e+00 +1.2402e+00
613 +1.242504961e+00 +1.242504961e+00 -5.046749504e+01 -5.046749504e+01 +2.4682e+00 +2.8303e+00 -3.5391e+00 -3.6581e+00 +1.3406e+00
655 +1.094649505e+00 +1.094649505e+00 -5.061535049e+01 -5.061535049e+01 +2.4964e+00 +2.8958e+00 -3.5031e+00 -3.6588e+00 +1.2767e+00
727 +8.709035839e-01 +8.709035839e-01 -5.083909642e+01 -5.083909642e+01 +2.5016e+00 +2.9041e+00 -3.4979e+00 -3.6578e+00 +1.2702e+00
793 +7.644828831e-01 +7.644828831e-01 -5.094551712e+01 -5.094551712e+01 +2.6088e+00 +3.1497e+00 -3.3563e+00 -3.6570e+00 +1.0342e+00
818 +7.192721094e-01 +7.192721094e-01 -5.099072789e+01 -5.099072789e+01 +2.6036e+00 +3.1329e+00 -3.3636e+00 -3.6553e+00 +1.0468e+00
825 +6.646397704e-01 +6.646397704e-01 -5.104536023e+01 -5.104536023e+01 +2.6049e+00 +3.1339e+00 -3.3644e+00 -3.6570e+00 +1.0499e+00
827 +6.242034703e-01 +6.242034703e-01 -5.108579653e+01 -5.108579653e+01 +2.6054e+00 +3.1375e+00 -3.3564e+00 -3.6545e+00 +1.0417e+00
839 +5.526974137e-01 +5.526974137e-01 -5.115730259e+01 -5.115730259e+01 +2.5947e+00 +3.1058e+00 -3.3750e+00 -3.6535e+00 +1.0726e+00
849 +4.306586233e-01 +4.306586233e-01 -5.127934138e+01 -5.127934138e+01 +2.5812e+00 +3.0826e+00 -3.3911e+00 -3.6577e+00 +1.0949e+00
897 +3.377928724e-01 +3.377928724e-01 -5.137220713e+01 -5.137220713e+01 +2.5628e+00 +3.0389e+00 -3.4156e+00 -3.6567e+00 +1.1386e+00
935 +2.906473822e-01 +2.906473822e-01 -5.141935262e+01 -5.141935262e+01 +2.5592e+00 +3.0334e+00 -3.4212e+00 -3.6557e+00 +1.1450e+00
1002 +2.850809570e-01 +2.850809570e-01 -5.142491904e+01 -5.142491904e+01 +2.5585e+00 +3.0335e+00 -3.4202e+00 -3.6559e+00 +1.1452e+00
1015 +2.574815219e-01 +2.574815219e-01 -5.145251848e+01 -5.145251848e+01 +2.5590e+00 +3.0343e+00 -3.4196e+00 -3.6568e+00 +1.1442e+00
1029 +2.056787284e-01 +2.056787284e-01 -5.150432127e+01 -5.150432127e+01 +2.5574e+00 +3.0305e+00 -3.4223e+00 -3.6563e+00 +1.1478e+00
1038 +2.021127216e-01 +2.021127216e-01 -5.150788728e+01 -5.150788728e+01 +2.5576e+00 +3.0309e+00 -3.4220e+00 -3.6567e+00 +1.1475e+00
1050 +1.907697074e-01 +1.907697074e-01 -5.151923029e+01 -5.151923029e+01 +2.5579e+00 +3.0308e+00 -3.4216e+00 -3.6562e+00 +1.1473e+00
1122 +1.809578831e-01 +1.809578831e-01 -5.152904212e+01 -5.152904212e+01 +2.5571e+00 +3.0285e+00 -3.4232e+00 -3.6568e+00 +1.1494e+00
1143 +1.677162676e-01 +1.677162676e-01 -5.154228373e+01 -5.154228373e+01 +2.5574e+00 +3.0290e+00 -3.4230e+00 -3.6567e+00 +1.1491e+00
1192 +1.399305857e-01 +1.399305857e-01 -5.157006941e+01 -5.157006941e+01 +2.5569e+00 +3.0283e+00 -3.4235e+00 -3.6565e+00 +1.1498e+00
1311 +1.317109464e-01 +1.317109464e-01 -5.157828905e+01 -5.157828905e+01 +2.5567e+00 +3.0280e+00 -3.4236e+00 -3.6564e+00 +1.1502e+00
1382 +1.247254082e-01 +1.247254082e-01 -5.158527459e+01 -5.158527459e+01 +2.5567e+00 +3.0279e+00 -3.4237e+00 -3.6564e+00 +1.1503e+00
1594 +1.227961138e-01 +1.227961138e-01 -5.158720389e+01 -5.158720389e+01 +2.5567e+00 +3.0279e+00 -3.4237e+00 -3.6564e+00 +1.1503e+00
% function evaluation | noise-free fitness - Fopt (-2.799500000000e+02) | best noise-free fitness - Fopt | measured fitness | best measured fitness | x1 | x2...
1 +1.914452900e+03 +1.914452900e+03 +1.634502900e+03 +1.634502900e+03 +0.0000e+00 +0.0000e+00 +0.0000e+00 +0.0000e+00 +0.0000e+00
2 +1.850371225e+03 +1.850371225e+03 +1.570421225e+03 +1.570421225e+03 +8.4046e-01 -2.1835e-01 +1.7183e+00 -8.0484e-01 -2.0653e+00
3 +1.767540243e+03 +1.767540243e+03 +1.487590243e+03 +1.487590243e+03 -4.3465e-01 -1.6200e-01 +3.1914e-01 +2.1845e-01 -2.2740e-01
7 +1.603079952e+03 +1.603079952e+03 +1.323129952e+03 +1.323129952e+03 -9.7645e-01 -2.8069e-01 -2.2029e-01 -7.0688e-01 -1.6914e+00
12 +1.298354321e+03 +1.298354321e+03 +1.018404321e+03 +1.018404321e+03 -1.3710e+00 -7.0616e-01 +5.4002e-01 -3.6351e-01 -4.2969e+00
15 +1.174103568e+03 +1.174103568e+03 +8.941535681e+02 +8.941535681e+02 -1.3678e+00 -1.9830e+00 -3.2770e-01 +1.6847e+00 -2.2402e+00
19 +8.930788878e+02 +8.930788878e+02 +6.131288878e+02 +6.131288878e+02 -2.6680e+00 -2.5388e+00 -6.0878e-01 -3.6382e-01 -1.1281e+00
25 +8.870182701e+02 +8.870182701e+02 +6.070682701e+02 +6.070682701e+02 -3.4471e+00 -2.8786e+00 -1.4819e+00 -1.5842e-01 -4.1474e-01
27 +6.469034517e+02 +6.469034517e+02 +3.669534517e+02 +3.669534517e+02 -3.0003e+00 -4.5529e+00 -5.6851e-01 -1.7123e+00 -8.2657e-01
34 +3.215387022e+02 +3.215387022e+02 +4.158870220e+01 +4.158870220e+01 -1.7040e+00 -6.0563e+00 +6.0309e-02 -3.3531e-01 -1.8756e+00
47 +2.374019174e+02 +2.374019174e+02 -4.254808262e+01 -4.254808262e+01 -1.1293e+00 -6.2680e+00 +5.6664e-01 +3.6016e-01 -2.0175e+00
100 +1.518724654e+02 +1.518724654e+02 -1.280775346e+02 -1.280775346e+02 -1.2843e+00 -6.5912e+00 -2.0487e-01 +8.9860e-01 -2.0718e+00
163 +1.359451258e+02 +1.359451258e+02 -1.440048742e+02 -1.440048742e+02 -1.4325e+00 -6.4149e+00 +5.6874e-01 +5.9712e-01 -2.8205e+00
175 +1.193546636e+02 +1.193546636e+02 -1.605953364e+02 -1.605953364e+02 -1.3008e+00 -6.2890e+00 +5.7564e-01 +9.0019e-01 -2.7962e+00
180 +1.133781196e+02 +1.133781196e+02 -1.665718804e+02 -1.665718804e+02 -1.6776e+00 -5.7437e+00 +7.3935e-01 +5.6058e-01 -2.8007e+00
185 +9.438073894e+01 +9.438073894e+01 -1.855692611e+02 -1.855692611e+02 -2.1383e+00 -5.6723e+00 +9.8833e-01 +1.5448e-01 -2.5345e+00
187 +8.713131080e+01 +8.713131080e+01 -1.928186892e+02 -1.928186892e+02 -1.7478e+00 -5.8477e+00 +7.8556e-01 +6.7892e-01 -2.5932e+00
213 +8.464251420e+01 +8.464251420e+01 -1.953074858e+02 -1.953074858e+02 -1.8610e+00 -5.8235e+00 +7.1431e-01 +5.4154e-01 -2.5726e+00
225 +7.945719170e+01 +7.945719170e+01 -2.004928083e+02 -2.004928083e+02 -1.8713e+00 -5.9136e+00 +9.1017e-01 +5.8180e-01 -2.6936e+00
234 +7.796650613e+01 +7.796650613e+01 -2.019834939e+02 -2.019834939e+02 -1.6442e+00 -5.9735e+00 +1.0250e+00 +7.1732e-01 -2.5269e+00
259 +7.115369959e+01 +7.115369959e+01 -2.087963004e+02 -2.087963004e+02 -1.8061e+00 -6.0048e+00 +8.5238e-01 +5.7085e-01 -2.4745e+00
264 +6.990063775e+01 +6.990063775e+01 -2.100493622e+02 -2.100493622e+02 -1.7117e+00 -5.9106e+00 +9.2241e-01 +6.8594e-01 -2.5427e+00
269 +6.344000668e+01 +6.344000668e+01 -2.165099933e+02 -2.165099933e+02 -1.7746e+00 -5.8929e+00 +1.0763e+00 +6.2443e-01 -2.4778e+00
277 +5.680836742e+01 +5.680836742e+01 -2.231416326e+02 -2.231416326e+02 -1.7518e+00 -5.9106e+00 +8.8737e-01 +5.7958e-01 -2.5104e+00
285 +5.154644648e+01 +5.154644648e+01 -2.284035535e+02 -2.284035535e+02 -1.8122e+00 -5.8557e+00 +9.7109e-01 +5.4764e-01 -2.5299e+00
471 +5.126474123e+01 +5.126474123e+01 -2.286852588e+02 -2.286852588e+02 -1.7368e+00 -5.9571e+00 +8.7159e-01 +6.2384e-01 -2.4906e+00
480 +4.991523975e+01 +4.991523975e+01 -2.300347602e+02 -2.300347602e+02 -1.7368e+00 -5.9634e+00 +8.5956e-01 +6.1751e-01 -2.4964e+00
495 +4.851030713e+01 +4.851030713e+01 -2.314396929e+02 -2.314396929e+02 -1.7588e+00 -5.9441e+00 +8.9491e-01 +5.9660e-01 -2.5072e+00
521 +4.754572869e+01 +4.754572869e+01 -2.324042713e+02 -2.324042713e+02 -1.7843e+00 -5.9181e+00 +9.0985e-01 +5.8012e-01 -2.5214e+00
543 +4.649307094e+01 +4.649307094e+01 -2.334569291e+02 -2.334569291e+02 -1.8063e+00 -5.9014e+00 +9.4043e-01 +5.6491e-01 -2.5295e+00
557 +4.554097683e+01 +4.554097683e+01 -2.344090232e+02 -2.344090232e+02 -1.8306e+00 -5.8695e+00 +9.6817e-01 +5.4411e-01 -2.5369e+00
568 +4.454399810e+01 +4.454399810e+01 -2.354060019e+02 -2.354060019e+02 -1.8409e+00 -5.8561e+00 +9.8880e-01 +5.3448e-01 -2.5436e+00
587 +4.332000868e+01 +4.332000868e+01 -2.366299913e+02 -2.366299913e+02 -1.8827e+00 -5.8192e+00 +1.0316e+00 +5.0257e-01 -2.5596e+00
597 +4.256073790e+01 +4.256073790e+01 -2.373892621e+02 -2.373892621e+02 -1.9168e+00 -5.7817e+00 +1.0686e+00 +4.7458e-01 -2.5751e+00
599 +4.166804181e+01 +4.166804181e+01 -2.382819582e+02 -2.382819582e+02 -1.9473e+00 -5.7556e+00 +1.1043e+00 +4.4907e-01 -2.5870e+00
605 +4.056635767e+01 +4.056635767e+01 -2.393836423e+02 -2.393836423e+02 -1.9659e+00 -5.7356e+00 +1.1301e+00 +4.3199e-01 -2.5991e+00
612 +3.833615315e+01 +3.833615315e+01 -2.416138469e+02 -2.416138469e+02 -2.0619e+00 -5.6374e+00 +1.2376e+00 +3.6001e-01 -2.6386e+00
614 +3.734852297e+01 +3.734852297e+01 -2.426014770e+02 -2.426014770e+02 -2.0732e+00 -5.6219e+00 +1.2531e+00 +3.4308e-01 -2.6512e+00
622 +3.524350038e+01 +3.524350038e+01 -2.447064996e+02 -2.447064996e+02 -2.1278e+00 -5.5671e+00 +1.3231e+00 +2.9253e-01 -2.6813e+00
632 +3.358253203e+01 +3.358253203e+01 -2.463674680e+02 -2.463674680e+02 -2.2392e+00 -5.4574e+00 +1.4448e+00 +2.1123e-01 -2.7210e+00
634 +2.961262738e+01 +2.961262738e+01 -2.503373726e+02 -2.503373726e+02 -2.3450e+00 -5.3394e+00 +1.5839e+00 +1.2854e-01 -2.7864e+00
644 +2.372778465e+01 +2.372778465e+01 -2.562222153e+02 -2.562222153e+02 -2.5672e+00 -5.0996e+00 +1.8593e+00 -5.4971e-02 -2.8950e+00
654 +2.234197987e+01 +2.234197987e+01 -2.576080201e+02 -2.576080201e+02 -2.5929e+00 -5.0804e+00 +1.8971e+00 -7.8646e-02 -2.9031e+00
659 +1.764482279e+01 +1.764482279e+01 -2.623051772e+02 -2.623051772e+02 -2.9093e+00 -4.7295e+00 +2.2841e+00 -3.3724e-01 -3.0621e+00
661 +1.689353121e+01 +1.689353121e+01 -2.630564688e+02 -2.630564688e+02 -2.9744e+00 -4.6739e+00 +2.3669e+00 -3.8643e-01 -3.1026e+00
663 +1.658666500e+01 +1.658666500e+01 -2.633633350e+02 -2.633633350e+02 -3.2350e+00 -4.4043e+00 +2.6704e+00 -5.9825e-01 -3.2340e+00
667 +1.531618640e+01 +1.531618640e+01 -2.646338136e+02 -2.646338136e+02 -3.3651e+00 -4.2740e+00 +2.8455e+00 -7.0346e-01 -3.2965e+00
674 +1.332822475e+01 +1.332822475e+01 -2.666217752e+02 -2.666217752e+02 -3.1880e+00 -4.4419e+00 +2.6486e+00 -5.7106e-01 -3.2233e+00
684 +1.275697010e+01 +1.275697010e+01 -2.671930299e+02 -2.671930299e+02 -3.5297e+00 -4.0924e+00 +3.0860e+00 -8.5588e-01 -3.4051e+00
696 +1.214869619e+01 +1.214869619e+01 -2.678013038e+02 -2.678013038e+02 -3.4200e+00 -4.1723e+00 +2.9442e+00 -7.8008e-01 -3.3580e+00
700 +1.057448623e+01 +1.057448623e+01 -2.693755138e+02 -2.693755138e+02 -3.4363e+00 -4.1749e+00 +2.9786e+00 -7.8679e-01 -3.3608e+00
704 +8.479909077e+00 +8.479909077e+00 -2.714700909e+02 -2.714700909e+02 -3.6242e+00 -3.9543e+00 +3.2368e+00 -9.6355e-01 -3.4723e+00
720 +7.890503745e+00 +7.890503745e+00 -2.720594963e+02 -2.720594963e+02 -3.7236e+00 -3.8468e+00 +3.3863e+00 -1.0534e+00 -3.5351e+00
723 +6.683922504e+00 +6.683922504e+00 -2.732660775e+02 -2.732660775e+02 -3.4140e+00 -4.1727e+00 +3.0358e+00 -7.9465e-01 -3.3760e+00
743 +3.722747913e+00 +3.722747913e+00 -2.762272521e+02 -2.762272521e+02 -3.4058e+00 -4.1931e+00 +3.0030e+00 -7.7933e-01 -3.3065e+00
864 +3.440105671e+00 +3.440105671e+00 -2.765098943e+02 -2.765098943e+02 -3.2641e+00 -4.3300e+00 +2.8251e+00 -6.7502e-01 -3.2654e+00
884 +2.491861965e+00 +2.491861965e+00 -2.774581380e+02 -2.774581380e+02 -3.3341e+00 -4.2608e+00 +2.9124e+00 -7.4442e-01 -3.3104e+00
929 +2.262935361e+00 +2.262935361e+00 -2.776870646e+02 -2.776870646e+02 -3.2922e+00 -4.3053e+00 +2.8612e+00 -6.9687e-01 -3.2765e+00
1124 +2.122028713e+00 +2.122028713e+00 -2.778279713e+02 -2.778279713e+02 -3.2910e+00 -4.3096e+00 +2.8595e+00 -7.0025e-01 -3.2813e+00
1134 +1.823577401e+00 +1.823577401e+00 -2.781264226e+02 -2.781264226e+02 -3.2910e+00 -4.3079e+00 +2.8581e+00 -7.0115e-01 -3.2795e+00
1204 +1.776130961e+00 +1.776130961e+00 -2.781738690e+02 -2.781738690e+02 -3.2907e+00 -4.3084e+00 +2.8568e+00 -6.9962e-01 -3.2804e+00
1231 +1.703994244e+00 +1.703994244e+00 -2.782460058e+02 -2.782460058e+02 -3.2920e+00 -4.3079e+00 +2.8577e+00 -6.9998e-01 -3.2800e+00
1237 +1.631759549e+00 +1.631759549e+00 -2.783182405e+02 -2.783182405e+02 -3.2919e+00 -4.3081e+00 +2.8584e+00 -7.0017e-01 -3.2789e+00
1254 +1.570704284e+00 +1.570704284e+00 -2.783792957e+02 -2.783792957e+02 -3.2928e+00 -4.3074e+00 +2.8592e+00 -7.0010e-01 -3.2782e+00
1262 +1.533361176e+00 +1.533361176e+00 -2.784166388e+02 -2.784166388e+02 -3.2920e+00 -4.3077e+00 +2.8581e+00 -6.9982e-01 -3.2786e+00
1305 +1.482889053e+00 +1.482889053e+00 -2.784671109e+02 -2.784671109e+02 -3.2925e+00 -4.3073e+00 +2.8585e+00 -7.0013e-01 -3.2782e+00
1329 +1.477030510e+00 +1.477030510e+00 -2.784729695e+02 -2.784729695e+02 -3.2927e+00 -4.3071e+00 +2.8586e+00 -7.0014e-01 -3.2780e+00
% function evaluation | noise-free fitness - Fopt (9.319900000000e+02) | best noise-free fitness - Fopt | measured fitness | best measured fitness | x1 | x2...
1 +7.845967669e+02 +7.845967669e+02 +1.716586767e+03 +1.716586767e+03 +0.0000e+00 +0.0000e+00 +0.0000e+00 +0.0000e+00 +0.0000e+00
2 +6.213015948e+02 +6.213015948e+02 +1.553291595e+03 +1.553291595e+03 +3.5171e-01 +1.9076e+00 +1.0150e+00 +3.1398e-01 +4.3036e-01
13 +4.945910006e+02 +4.945910006e+02 +1.426581001e+03 +1.426581001e+03 +7.5092e-01 +1.3887e+00 +1.4912e+00 +8.0554e-01 +1.1608e+00
18 +4.894138917e+02 +4.894138917e+02 +1.421403892e+03 +1.421403892e+03 +1.1304e+00 +4.8690e-01 +1.5923e+00 -3.2430e-01 +7.5108e-01
21 +4.346337607e+02 +4.346337607e+02 +1.366623761e+03 +1.366623761e+03 -2.7293e-01 +8.1700e-01 +1.5487e+00 -5.8017e-01 +4.6126e-01
22 +4.100286807e+02 +4.100286807e+02 +1.342018681e+03 +1.342018681e+03 +7.4489e-01 +5.9887e-01 +2.1071e+00 +7.8020e-01 +7.5781e-01
29 +3.544599775e+02 +3.544599775e+02 +1.286449978e+03 +1.286449978e+03 -1.1740e+00 -1.4147e-01 +2.3065e+00 -1.3263e+00 +9.6289e-01
53 +3.233815365e+02 +3.233815365e+02 +1.255371537e+03 +1.255371537e+03 -6.8835e-01 +1.1670e+00 +1.2665e+00 -2.5080e+00 +2.1472e+00
55 +3.090237039e+02 +3.090237039e+02 +1.241013704e+03 +1.241013704e+03 -1.0699e+00 -2.8885e-01 +2.1149e+00 -1.5156e+00 +1.4314e+00
82 +2.816436447e+02 +2.816436447e+02 +1.213633645e+03 +1.213633645e+03 -5.6332e-01 -5.3507e-01 +1.6484e+00 -2.8117e+00 +2.3029e+00
88 +1.105936321e+02 +1.105936321e+02 +1.042583632e+03 +1.042583632e+03 +3.9928e-01 -3.2518e-01 +1.5735e+00 -2.1679e+00 +3.1125e+00
112 +8.953584690e+01 +8.953584690e+01 +1.021525847e+03 +1.021525847e+03 +4.5853e-01 +2.5474e-01 +1.7773e+00 -1.9961e+00 +2.5580e+00
164 +8.640470112e+01 +8.640470112e+01 +1.018394701e+03 +1.018394701e+03 +4.1770e-01 -6.0612e-01 +9.7769e-01 -2.3746e+00 +3.1799e+00
176 +7.124027609e+01 +7.124027609e+01 +1.003230276e+03 +1.003230276e+03 +4.5905e-01 -1.3427e-01 +1.2281e+00 -2.2228e+00 +2.9857e+00
184 +5.907371365e+01 +5.907371365e+01 +9.910637136e+02 +9.910637136e+02 +5.4128e-01 +7.5999e-03 +1.4518e+00 -2.1392e+00 +2.8963e+00
207 +4.403404303e+01 +4.403404303e+01 +9.760240430e+02 +9.760240430e+02 +9.5987e-01 +5.7314e-02 +1.4200e+00 -2.1813e+00 +3.0501e+00
243 +4.314015440e+01 +4.314015440e+01 +9.751301544e+02 +9.751301544e+02 +6.9780e-01 -1.3663e-01 +1.3539e+00 -2.1283e+00 +3.0276e+00
254 +4.264421149e+01 +4.264421149e+01 +9.746342115e+02 +9.746342115e+02 +8.2023e-01 -8.4919e-02 +1.5058e+00 -2.1475e+00 +2.9396e+00
257 +4.042110337e+01 +4.042110337e+01 +9.724111034e+02 +9.724111034e+02 +8.3166e-01 -4.1422e-02 +1.4699e+00 -2.1332e+00 +2.9369e+00
264 +3.441240592e+01 +3.441240592e+01 +9.664024059e+02 +9.664024059e+02 +8.6653e-01 +5.2418e-02 +1.5603e+00 -2.1173e+00 +2.9285e+00
287 +3.217276529e+01 +3.217276529e+01 +9.641627653e+02 +9.641627653e+02 +8.8905e-01 +8.9460e-02 +1.5504e+00 -2.1648e+00 +2.9857e+00
288 +2.628450682e+01 +2.628450682e+01 +9.582745068e+02 +9.582745068e+02 +8.8015e-01 +5.8935e-02 +1.5271e+00 -2.1326e+00 +2.9998e+00
308 +2.403043069e+01 +2.403043069e+01 +9.560204307e+02 +9.560204307e+02 +8.5550e-01 -3.2341e-02 +1.4680e+00 -2.1564e+00 +3.0245e+00
312 +2.364917222e+01 +2.364917222e+01 +9.556391722e+02 +9.556391722e+02 +8.6144e-01 -5.8071e-03 +1.5277e+00 -2.1618e+00 +3.0314e+00
318 +2.233615233e+01 +2.233615233e+01 +9.543261523e+02 +9.543261523e+02 +8.1755e-01 -1.6931e-02 +1.4979e+00 -2.1561e+00 +3.0083e+00
352 +2.167751241e+01 +2.167751241e+01 +9.536675124e+02 +9.536675124e+02 +8.0985e-01 -5.5353e-02 +1.4829e+00 -2.1310e+00 +3.0182e+00
354 +2.099255882e+01 +2.099255882e+01 +9.529825588e+02 +9.529825588e+02 +8.1528e-01 -3.0012e-02 +1.4835e+00 -2.1447e+00 +3.0131e+00
367 +2.022525981e+01 +2.022525981e+01 +9.522152598e+02 +9.522152598e+02 +8.2672e-01 -3.9875e-02 +1.4818e+00 -2.1512e+00 +3.0202e+00
370 +1.934465583e+01 +1.934465583e+01 +9.513346558e+02 +9.513346558e+02 +8.3587e-01 -3.2883e-02 +1.5048e+00 -2.1400e+00 +3.0208e+00
373 +1.860194529e+01 +1.860194529e+01 +9.505919453e+02 +9.505919453e+02 +8.5649e-01 -1.2789e-02 +1.5214e+00 -2.1280e+00 +3.0317e+00
402 +1.674672431e+01 +1.674672431e+01 +9.487367243e+02 +9.487367243e+02 +8.4528e-01 -2.2849e-02 +1.5081e+00 -2.1292e+00 +3.0258e+00
505 +1.640322201e+01 +1.640322201e+01 +9.483932220e+02 +9.483932220e+02 +8.4899e-01 -1.6701e-02 +1.5187e+00 -2.1157e+00 +3.0207e+00
653 +1.617594460e+01 +1.617594460e+01 +9.481659446e+02 +9.481659446e+02 +8.5088e-01 -1.3183e-02 +1.5215e+00 -2.1129e+00 +3.0182e+00
% function evaluation | noise-free fitness - Fopt (1.133100000000e+02) | best noise-free fitness - Fopt | measured fitness | best measured fitness | x1 | x2...
1 +5.494990338e+02 +5.494990338e+02 +6.628090338e+02 +6.628090338e+02 +0.0000e+00 +0.0000e+00 +0.0000e+00 +0.0000e+00 +0.0000e+00
12 +3.718203936e+02 +3.718203936e+02 +4.851303936e+02 +4.851303936e+02 +9.2466e-01 +8.7338e-01 -6.7225e-01 +9.9256e-01 +2.7132e-01
26 +3.339002230e+02 +3.339002230e+02 +4.472102230e+02 +4.472102230e+02 +1.4511e+00 +1.8812e+00 -1.4251e+00 +9.5794e-01 +3.7627e-01
37 +1.374958812e+02 +1.374958812e+02 +2.508058812e+02 +2.508058812e+02 +2.0059e+00 +2.0602e+00 -4.3177e-01 +1.1901e+00 +9.5976e-01
50 +1.343212688e+02 +1.343212688e+02 +2.476312688e+02 +2.476312688e+02 +2.7094e+00 +2.7628e+00 +8.6792e-02 +1.3990e+00 +2.9227e-01
67 +1.310234476e+02 +1.310234476e+02 +2.443334476e+02 +2.443334476e+02 +2.3968e+00 +2.5015e+00 -5.3359e-01 +1.5850e+00 +8.8696e-01
68 +1.123357564e+02 +1.123357564e+02 +2.256457564e+02 +2.256457564e+02 +2.9413e+00 +2.4291e+00 -4.6639e-01 +1.4923e+00 +8.8968e-01
95 +9.776252699e+01 +9.776252699e+01 +2.110725270e+02 +2.110725270e+02 +2.4368e+00 +2.2121e+00 -4.9043e-01 +1.1055e+00 +5.6111e-01
104 +9.700114197e+01 +9.700114197e+01 +2.103111420e+02 +2.103111420e+02 +2.3742e+00 +2.2397e+00 -5.8776e-01 +8.4456e-01 +6.0916e-01
109 +9.196597020e+01 +9.196597020e+01 +2.052759702e+02 +2.052759702e+02 +2.7953e+00 +2.3118e+00 -6.9744e-01 +8.1097e-01 +8.7899e-01
113 +6.110646496e+01 +6.110646496e+01 +1.744164650e+02 +1.744164650e+02 +2.6364e+00 +2.6840e+00 -2.2523e-01 +1.0356e+00 +9.4493e-01
133 +4.014694796e+01 +4.014694796e+01 +1.534569480e+02 +1.534569480e+02 +2.1146e+00 +2.7789e+00 +8.2719e-02 +6.0194e-01 +9.4360e-01
174 +3.550482143e+01 +3.550482143e+01 +1.488148214e+02 +1.488148214e+02 +2.4995e+00 +2.5467e+00 -7.0562e-02 +7.6596e-01 +8.3727e-01
177 +2.996732780e+01 +2.996732780e+01 +1.432773278e+02 +1.432773278e+02 +2.3438e+00 +2.5769e+00 +1.5844e-02 +7.4322e-01 +8.7365e-01
185 +2.821704862e+01 +2.821704862e+01 +1.415270486e+02 +1.415270486e+02 +2.4627e+00 +2.5792e+00 -1.5437e-01 +7.0021e-01 +8.5458e-01
192 +2.813359770e+01 +2.813359770e+01 +1.414435977e+02 +1.414435977e+02 +2.4530e+00 +2.4873e+00 -2.4522e-01 +6.8022e-01 +8.6930e-01
194 +2.342847570e+01 +2.342847570e+01 +1.367384757e+02 +1.367384757e+02 +2.3646e+00 +2.4865e+00 -2.1040e-01 +7.0859e-01 +8.3191e-01
214 +2.200007868e+01 +2.200007868e+01 +1.353100787e+02 +1.353100787e+02 +2.3339e+00 +2.5044e+00 -1.8292e-01 +7.1760e-01 +8.3750e-01
220 +2.035949219e+01 +2.035949219e+01 +1.336694922e+02 +1.336694922e+02 +2.4323e+00 +2.5386e+00 -1.5065e-01 +7.3600e-01 +8.6461e-01
246 +1.946945288e+01 +1.946945288e+01 +1.327794529e+02 +1.327794529e+02 +2.3742e+00 +2.6044e+00 -9.0908e-02 +7.5855e-01 +8.7241e-01
250 +1.503460242e+01 +1.503460242e+01 +1.283446024e+02 +1.283446024e+02 +2.3854e+00 +2.4965e+00 -1.0759e-01 +6.7152e-01 +8.8180e-01
260 +1.456825048e+01 +1.456825048e+01 +1.278782505e+02 +1.278782505e+02 +2.3360e+00 +2.4530e+00 -1.3076e-01 +6.7400e-01 +8.6479e-01
269 +1.316145019e+01 +1.316145019e+01 +1.264714502e+02 +1.264714502e+02 +2.3544e+00 +2.5168e+00 -9.2238e-02 +6.4337e-01 +8.3535e-01
292 +7.537698338e+00 +7.537698338e+00 +1.208476983e+02 +1.208476983e+02 +2.3385e+00 +2.5415e+00 -7.1723e-02 +6.4129e-01 +8.6651e-01
340 +6.946227071e+00 +6.946227071e+00 +1.202562271e+02 +1.202562271e+02 +2.3063e+00 +2.5304e+00 -6.7851e-02 +6.1254e-01 +8.5869e-01
398 +6.642870514e+00 +6.642870514e+00 +1.199528705e+02 +1.199528705e+02 +2.3053e+00 +2.5015e+00 -1.0073e-01 +5.9601e-01 +8.8152e-01
413 +6.559120521e+00 +6.559120521e+00 +1.198691205e+02 +1.198691205e+02 +2.3261e+00 +2.4994e+00 -1.2041e-01 +6.1414e-01 +8.7598e-01
428 +6.122279785e+00 +6.122279785e+00 +1.194322798e+02 +1.194322798e+02 +2.3202e+00 +2.4901e+00 -1.1652e-01 +6.2917e-01 +8.8195e-01
445 +5.623640674e+00 +5.623640674e+00 +1.189336407e+02 +1.189336407e+02 +2.3232e+00 +2.5007e+00 -1.0189e-01 +6.1645e-01 +8.8486e-01
448 +3.975294423e+00 +3.975294423e+00 +1.172852944e+02 +1.172852944e+02 +2.3274e+00 +2.5268e+00 -1.0083e-01 +6.2947e-01 +8.8615e-01
480 +3.821281299e+00 +3.821281299e+00 +1.171312813e+02 +1.171312813e+02 +2.3202e+00 +2.5411e+00 -7.3748e-02 +6.1456e-01 +8.7619e-01
482 +3.388906412e+00 +3.388906412e+00 +1.166989064e+02 +1.166989064e+02 +2.3125e+00 +2.5544e+00 -6.7180e-02 +6.1704e-01 +8.7908e-01
561 +3.033087651e+00 +3.033087651e+00 +1.163430877e+02 +1.163430877e+02 +2.3080e+00 +2.5648e+00 -5.4590e-02 +6.1286e-01 +8.7393e-01
640 +2.702038884e+00 +2.702038884e+00 +1.160120389e+02 +1.160120389e+02 +2.3101e+00 +2.5638e+00 -5.4332e-02 +6.1378e-01 +8.7280e-01
784 +2.683020615e+00 +2.683020615e+00 +1.159930206e+02 +1.159930206e+02 +2.3103e+00 +2.5658e+00 -5.3304e-02 +6.1606e-01 +8.7126e-01
792 +2.587806779e+00 +2.587806779e+00 +1.158978068e+02 +1.158978068e+02 +2.3109e+00 +2.5664e+00 -5.3065e-02 +6.1488e-01 +8.7030e-01
814 +2.544798478e+00 +2.544798478e+00 +1.158547985e+02 +1.158547985e+02 +2.3102e+00 +2.5650e+00 -5.3233e-02 +6.1503e-01 +8.7043e-01
831 +2.397237732e+00 +2.397237732e+00 +1.157072377e+02 +1.157072377e+02 +2.3101e+00 +2.5654e+00 -5.2995e-02 +6.1393e-01 +8.7077e-01
% function evaluation | noise-free fitness - Fopt (-1.223200000000e+02) | best noise-free fitness - Fopt | measured fitness | best measured fitness | x1 | x2...
1 +8.167019197e+02 +8.167019197e+02 +6.943819197e+02 +6.943819197e+02 +0.0000e+00 +0.0000e+00 +0.0000e+00 +0.0000e+00 +0.0000e+00
4 +7.132280872e+02 +7.132280872e+02 +5.909080872e+02 +5.909080872e+02 -1.2375e+00 -6.8934e-01 -2.3420e-01 +6.4225e-01 -2.2520e-01
21 +6.332045385e+02 +6.332045385e+02 +5.108845385e+02 +5.108845385e+02 -2.6387e+00 -1.6711e+00 -6.6768e-01 +1.8369e+00 +6.0287e-01
22 +5.330026660e+02 +5.330026660e+02 +4.106826660e+02 +4.106826660e+02 -1.4334e+00 -1.9101e+00 -1.1609e+00 +5.5082e-01 +3.1466e-01
29 +3.566027281e+02 +3.566027281e+02 +2.342827281e+02 +2.342827281e+02 -2.6027e+00 -2.3715e+00 -1.6745e+00 +1.6428e+00 +2.1385e+00
33 +3.181459325e+02 +3.181459325e+02 +1.958259325e+02 +1.958259325e+02 -3.0086e+00 -2.9466e+00 -1.7929e+00 +1.3797e+00 +2.5975e+00
41 +2.749954761e+02 +2.749954761e+02 +1.526754761e+02 +1.526754761e+02 -2.3754e+00 -2.8224e+00 -2.2185e+00 +1.8254e+00 +1.9188e+00
42 +2.360544595e+02 +2.360544595e+02 +1.137344595e+02 +1.137344595e+02 -1.2197e+00 -4.0058e+00 -2.9272e+00 +1.6255e+00 +2.7024e+00
59 +1.893592029e+02 +1.893592029e+02 +6.703920293e+01 +6.703920293e+01 -1.9081e+00 -3.7937e+00 -2.9499e+00 +2.1790e+00 +3.2625e+00
72 +1.823908964e+02 +1.823908964e+02 +6.007089645e+01 +6.007089645e+01 -1.7691e+00 -2.7945e+00 -2.3507e+00 +1.7501e+00 +2.8303e+00
77 +1.797178651e+02 +1.797178651e+02 +5.739786510e+01 +5.739786510e+01 -2.0504e+00 -3.8674e+00 -1.8374e+00 +2.2087e+00 +3.1729e+00
82 +1.631671440e+02 +1.631671440e+02 +4.084714404e+01 +4.084714404e+01 -1.2669e+00 -4.3910e+00 -1.9249e+00 +2.0532e+00 +3.3191e+00
85 +1.331983506e+02 +1.331983506e+02 +1.087835064e+01 +1.087835064e+01 -5.9540e-01 -4.1447e+00 -1.9582e+00 +1.8992e+00 +3.3739e+00
105 +1.228941862e+02 +1.228941862e+02 +5.741862343e-01 +5.741862343e-01 -9.2603e-01 -3.7315e+00 -1.4074e+00 +1.4812e+00 +3.1267e+00
113 +1.080804405e+02 +1.080804405e+02 -1.423955953e+01 -1.423955953e+01 -1.2714e+00 -4.1552e+00 -1.8835e+00 +1.8441e+00 +3.3343e+00
119 +9.668389845e+01 +9.668389845e+01 -2.563610155e+01 -2.563610155e+01 -1.0157e+00 -3.7935e+00 -1.2851e+00 +1.6326e+00 +3.3675e+00
126 +6.199311291e+01 +6.199311291e+01 -6.032688709e+01 -6.032688709e+01 -1.0793e+00 -3.6893e+00 -1.6898e+00 +1.7273e+00 +3.0555e+00
127 +4.400471823e+01 +4.400471823e+01 -7.831528177e+01 -7.831528177e+01 -1.0261e+00 -3.6613e+00 -1.8101e+00 +1.8920e+00 +3.3243e+00
164 +3.371683315e+01 +3.371683315e+01 -8.860316685e+01 -8.860316685e+01 -1.2344e+00 -3.6064e+00 -1.7667e+00 +1.7487e+00 +3.1901e+00
181 +2.653903155e+01 +2.653903155e+01 -9.578096845e+01 -9.578096845e+01 -1.0791e+00 -3.7432e+00 -1.9091e+00 +1.8673e+00 +3.3151e+00
195 +2.343453621e+01 +2.343453621e+01 -9.888546379e+01 -9.888546379e+01 -1.3376e+00 -3.8633e+00 -1.6283e+00 +1.7772e+00 +3.5760e+00
223 +1.946616603e+01 +1.946616603e+01 -1.028538340e+02 -1.028538340e+02 -1.2526e+00 -3.7655e+00 -1.8028e+00 +1.8388e+00 +3.4468e+00
235 +1.385021464e+01 +1.385021464e+01 -1.084697854e+02 -1.084697854e+02 -1.3011e+00 -3.7750e+00 -1.8455e+00 +1.7312e+00 +3.4314e+00
240 +1.293526170e+01 +1.293526170e+01 -1.093847383e+02 -1.093847383e+02 -1.2459e+00 -3.7519e+00 -1.8171e+00 +1.8265e+00 +3.3790e+00
252 +1.039026415e+01 +1.039026415e+01 -1.119297358e+02 -1.119297358e+02 -1.3567e+00 -3.7687e+00 -1.7880e+00 +1.7521e+00 +3.4317e+00
259 +1.019465744e+01 +1.019465744e+01 -1.121253426e+02 -1.121253426e+02 -1.3552e+00 -3.8062e+00 -1.8544e+00 +1.7733e+00 +3.4618e+00
315 +9.535592646e+00 +9.535592646e+00 -1.127844074e+02 -1.127844074e+02 -1.4022e+00 -3.7754e+00 -1.7986e+00 +1.7548e+00 +3.4761e+00
336 +8.377740590e+00 +8.377740590e+00 -1.139422594e+02 -1.139422594e+02 -1.3884e+00 -3.7786e+00 -1.7968e+00 +1.7306e+00 +3.5008e+00
341 +4.160990887e+00 +4.160990887e+00 -1.181590091e+02 -1.181590091e+02 -1.3572e+00 -3.7981e+00 -1.8081e+00 +1.7586e+00 +3.5092e+00
376 +2.837329317e+00 +2.837329317e+00 -1.194826707e+02 -1.194826707e+02 -1.3575e+00 -3.7889e+00 -1.8105e+00 +1.7595e+00 +3.4901e+00
382 +2.495319056e+00 +2.495319056e+00 -1.198246809e+02 -1.198246809e+02 -1.3487e+00 -3.7904e+00 -1.8109e+00 +1.7593e+00 +3.4820e+00
427 +2.237821788e+00 +2.237821788e+00 -1.200821782e+02 -1.200821782e+02 -1.3585e+00 -3.7916e+00 -1.8068e+00 +1.7632e+00 +3.4845e+00
439 +2.067483092e+00 +2.067483092e+00 -1.202525169e+02 -1.202525169e+02 -1.3571e+00 -3.7924e+00 -1.8009e+00 +1.7578e+00 +3.4919e+00
462 +1.837820188e+00 +1.837820188e+00 -1.204821798e+02 -1.204821798e+02 -1.3566e+00 -3.7939e+00 -1.8050e+00 +1.7625e+00 +3.4872e+00
502 +1.492510299e+00 +1.492510299e+00 -1.208274897e+02 -1.208274897e+02 -1.3539e+00 -3.7949e+00 -1.8018e+00 +1.7623e+00 +3.4889e+00
513 +1.424375580e+00 +1.424375580e+00 -1.208956244e+02 -1.208956244e+02 -1.3545e+00 -3.7943e+00 -1.8042e+00 +1.7625e+00 +3.4902e+00
540 +1.336270039e+00 +1.336270039e+00 -1.209837300e+02 -1.209837300e+02 -1.3512e+00 -3.7939e+00 -1.8042e+00 +1.7630e+00 +3.4877e+00
560 +1.241690274e+00 +1.241690274e+00 -1.210783097e+02 -1.210783097e+02 -1.3524e+00 -3.7926e+00 -1.8044e+00 +1.7622e+00 +3.4871e+00
633 +1.228923624e+00 +1.228923624e+00 -1.210910764e+02 -1.210910764e+02 -1.3523e+00 -3.7938e+00 -1.8031e+00 +1.7626e+00 +3.4881e+00
645 +1.184504361e+00 +1.184504361e+00 -1.211354956e+02 -1.211354956e+02 -1.3524e+00 -3.7934e+00 -1.8033e+00 +1.7627e+00 +3.4882e+00
688 +1.162068903e+00 +1.162068903e+00 -1.211579311e+02 -1.211579311e+02 -1.3524e+00 -3.7935e+00 -1.8033e+00 +1.7624e+00 +3.4881e+00
700 +1.132723697e+00 +1.132723697e+00 -1.211872763e+02 -1.211872763e+02 -1.3526e+00 -3.7935e+00 -1.8033e+00 +1.7625e+00 +3.4884e+00
808 +1.121629093e+00 +1.121629093e+00 -1.211983709e+02 -1.211983709e+02 -1.3525e+00 -3.7935e+00 -1.8035e+00 +1.7625e+00 +3.4882e+00
% function evaluation | noise-free fitness - Fopt (1.556000000000e+01) | best noise-free fitness - Fopt | measured fitness | best measured fitness | x1 | x2...
1 +1.058712613e+03 +1.058712613e+03 +1.074272613e+03 +1.074272613e+03 +0.0000e+00 +0.0000e+00 +0.0000e+00 +0.0000e+00 +0.0000e+00
5 +7.944333807e+02 +7.944333807e+02 +8.099933807e+02 +8.099933807e+02 +3.3445e-01 -2.4161e-01 +4.4177e-01 -1.1886e+00 +9.8245e-01
15 +6.985972946e+02 +6.985972946e+02 +7.141572946e+02 +7.141572946e+02 -1.8755e-01 -6.5135e-01 +1.1718e+00 -1.9162e+00 +8.4624e-01
25 +5.650945593e+02 +5.650945593e+02 +5.806545593e+02 +5.806545593e+02 -7.2470e-02 -4.5452e-01 +1.5016e+00 -1.8773e+00 +1.4964e+00
36 +4.961890807e+02 +4.961890807e+02 +5.117490807e+02 +5.117490807e+02 -5.7418e-01 -7.4744e-01 +1.9419e+00 -8.2502e-01 +1.4569e+00
38 +3.038484796e+02 +3.038484796e+02 +3.194084796e+02 +3.194084796e+02 -5.6591e-01 -6.4442e-01 +2.6958e+00 -1.6106e+00 +2.6591e+00
44 +1.492358638e+02 +1.492358638e+02 +1.647958638e+02 +1.647958638e+02 -1.0438e+00 -1.9871e+00 +2.8984e+00 -1.1915e+00 +2.9460e+00
70 +1.421950543e+02 +1.421950543e+02 +1.577550543e+02 +1.577550543e+02 -1.4827e+00 -1.9148e+00 +1.5001e+00 -1.1411e+00 +3.3008e+00
97 +1.330577681e+02 +1.330577681e+02 +1.486177681e+02 +1.486177681e+02 -5.8033e-01 -1.4118e+00 +2.3416e+00 -1.5970e+00 +3.7637e+00
111 +9.542832654e+01 +9.542832654e+01 +1.109883265e+02 +1.109883265e+02 -9.0163e-01 -1.6778e+00 +2.6025e+00 -1.1385e+00 +3.4667e+00
123 +7.677129096e+01 +7.677129096e+01 +9.233129096e+01 +9.233129096e+01 -1.2164e+00 -1.5527e+00 +1.8881e+00 -1.3335e+00 +3.3070e+00
136 +6.945600519e+01 +6.945600519e+01 +8.501600519e+01 +8.501600519e+01 -1.3161e+00 -1.6660e+00 +2.1104e+00 -1.3540e+00 +3.2238e+00
152 +4.677271882e+01 +4.677271882e+01 +6.233271882e+01 +6.233271882e+01 -1.1776e+00 -1.5859e+00 +1.7648e+00 -1.4794e+00 +3.6818e+00
163 +1.298119432e+01 +1.298119432e+01 +2.854119432e+01 +2.854119432e+01 -1.3400e+00 -1.6959e+00 +1.9261e+00 -1.4172e+00 +3.5776e+00
195 +9.281563349e+00 +9.281563349e+00 +2.484156335e+01 +2.484156335e+01 -1.1611e+00 -1.7433e+00 +2.0329e+00 -1.4327e+00 +3.5931e+00
295 +6.120482049e+00 +6.120482049e+00 +2.168048205e+01 +2.168048205e+01 -1.2438e+00 -1.7541e+00 +2.0003e+00 -1.4374e+00 +3.6333e+00
460 +4.286123633e+00 +4.286123633e+00 +1.984612363e+01 +1.984612363e+01 -1.1203e+00 -1.8149e+00 +2.0930e+00 -1.3655e+00 +3.6090e+00
482 +3.012577738e+00 +3.012577738e+00 +1.857257774e+01 +1.857257774e+01 -1.1063e+00 -1.8258e+00 +2.1040e+00 -1.3696e+00 +3.6000e+00
499 +2.171887358e+00 +2.171887358e+00 +1.773188736e+01 +1.773188736e+01 -1.0872e+00 -1.8406e+00 +2.1062e+00 -1.3621e+00 +3.6069e+00
503 +1.477963479e+00 +1.477963479e+00 +1.703796348e+01 +1.703796348e+01 -1.0833e+00 -1.8494e+00 +2.1075e+00 -1.3600e+00 +3.6082e+00
556 +1.223101979e+00 +1.223101979e+00 +1.678310198e+01 +1.678310198e+01 -1.0653e+00 -1.8691e+00 +2.1239e+00 -1.3453e+00 +3.6122e+00
624 +1.180867797e+00 +1.180867797e+00 +1.674086780e+01 +1.674086780e+01 -1.0794e+00 -1.8562e+00 +2.1103e+00 -1.3550e+00 +3.6108e+00
625 +1.035960358e+00 +1.035960358e+00 +1.659596036e+01 +1.659596036e+01 -1.0754e+00 -1.8662e+00 +2.1157e+00 -1.3494e+00 +3.6095e+00
633 +6.323732988e-01 +6.323732988e-01 +1.619237330e+01 +1.619237330e+01 -1.0714e+00 -1.8682e+00 +2.1215e+00 -1.3471e+00 +3.6091e+00
648 +5.568781721e-01 +5.568781721e-01 +1.611687817e+01 +1.611687817e+01 -1.0693e+00 -1.8679e+00 +2.1261e+00 -1.3452e+00 +3.6079e+00
712 +4.484525110e-01 +4.484525110e-01 +1.600845251e+01 +1.600845251e+01 -1.0745e+00 -1.8656e+00 +2.1199e+00 -1.3485e+00 +3.6075e+00
724 +4.085938691e-01 +4.085938691e-01 +1.596859387e+01 +1.596859387e+01 -1.0745e+00 -1.8644e+00 +2.1205e+00 -1.3480e+00 +3.6082e+00
739 +3.425716283e-01 +3.425716283e-01 +1.590257163e+01 +1.590257163e+01 -1.0749e+00 -1.8642e+00 +2.1211e+00 -1.3480e+00 +3.6076e+00
751 +3.006031566e-01 +3.006031566e-01 +1.586060316e+01 +1.586060316e+01 -1.0753e+00 -1.8635e+00 +2.1213e+00 -1.3480e+00 +3.6068e+00
755 +2.581180987e-01 +2.581180987e-01 +1.581811810e+01 +1.581811810e+01 -1.0750e+00 -1.8640e+00 +2.1199e+00 -1.3481e+00 +3.6072e+00
771 +2.461534503e-01 +2.461534503e-01 +1.580615345e+01 +1.580615345e+01 -1.0742e+00 -1.8648e+00 +2.1205e+00 -1.3481e+00 +3.6072e+00
806 +1.571272936e-01 +1.571272936e-01 +1.571712729e+01 +1.571712729e+01 -1.0751e+00 -1.8643e+00 +2.1205e+00 -1.3478e+00 +3.6066e+00
922 +1.512014014e-01 +1.512014014e-01 +1.571120140e+01 +1.571120140e+01 -1.0751e+00 -1.8643e+00 +2.1208e+00 -1.3478e+00 +3.6068e+00
925 +1.354924164e-01 +1.354924164e-01 +1.569549242e+01 +1.569549242e+01 -1.0746e+00 -1.8646e+00 +2.1210e+00 -1.3477e+00 +3.6067e+00
936 +1.156145118e-01 +1.156145118e-01 +1.567561451e+01 +1.567561451e+01 -1.0747e+00 -1.8645e+00 +2.1211e+00 -1.3477e+00 +3.6065e+00
956 +1.140814386e-01 +1.140814386e-01 +1.567408144e+01 +1.567408144e+01 -1.0751e+00 -1.8642e+00 +2.1208e+00 -1.3479e+00 +3.6065e+00
981 +1.078918988e-01 +1.078918988e-01 +1.566789190e+01 +1.566789190e+01 -1.0748e+00 -1.8645e+00 +2.1210e+00 -1.3477e+00 +3.6065e+00
1067 +1.036255566e-01 +1.036255566e-01 +1.566362556e+01 +1.566362556e+01 -1.0751e+00 -1.8642e+00 +2.1208e+00 -1.3479e+00 +3.6065e+00
1123 +1.014177176e-01 +1.014177176e-01 +1.566141772e+01 +1.566141772e+01 -1.0751e+00 -1.8642e+00 +2.1208e+00 -1.3479e+00 +3.6065e+00
1135 +9.987514192e-02 +9.987514192e-02 +1.565987514e+01 +1.565987514e+01 -1.0751e+00 -1.8642e+00 +2.1208e+00 -1.3479e+00 +3.6065e+00
1176 +9.665538648e-02 +9.665538648e-02 +1.565665539e+01 +1.565665539e+01 -1.0751e+00 -1.8642e+00 +2.1208e+00 -1.3479e+00 +3.6065e+00
1206 +9.493490142e-02 +9.493490142e-02 +1.565493490e+01 +1.565493490e+01 -1.0751e+00 -1.8642e+00 +2.1208e+00 -1.3479e+00 +3.6065e+00
1614 +9.332302304e-02 +9.332302304e-02 +1.565332302e+01 +1.565332302e+01 -1.0751e+00 -1.8642e+00 +2.1208e+00 -1.3479e+00 +3.6065e+00
% function evaluation | noise-free fitness - Fopt (1.000000000000e+03) | best noise-free fitness - Fopt | measured fitness | best measured fitness | x1 | x2...
1 +1.176696222e+03 +1.176696222e+03 +2.176696222e+03 +2.176696222e+03 +0.0000e+00 +0.0000e+00 +0.0000e+00 +0.0000e+00 +0.0000e+00
2 +9.447753539e+02 +9.447753539e+02 +1.944775354e+03 +1.944775354e+03 -1.6620e+00 -1.4240e+00 +5.8511e-01 +5.7540e-02 +3.5199e-01
4 +9.272953520e+02 +9.272953520e+02 +1.927295352e+03 +1.927295352e+03 +6.6756e-01 -1.0282e+00 +1.5544e+00 +6.9301e-01 +1.1006e+00
13 +6.950436347e+02 +6.950436347e+02 +1.695043635e+03 +1.695043635e+03 +5.3797e-02 -1.4778e+00 +4.3298e-01 +1.9776e+00 -1.3385e+00
17 +4.454397064e+02 +4.454397064e+02 +1.445439706e+03 +1.445439706e+03 -1.3152e+00 -2.6445e+00 -8.3313e-01 +3.1311e+00 +1.9215e+00
22 +3.136828220e+02 +3.136828220e+02 +1.313682822e+03 +1.313682822e+03 -1.4163e+00 -2.1029e+00 -7.6995e-01 +4.3223e+00 +1.2344e+00
60 +1.973914259e+02 +1.973914259e+02 +1.197391426e+03 +1.197391426e+03 +1.5814e-01 -3.4641e+00 -3.9589e-01 +5.0003e+00 +1.0987e+00
67 +5.076807698e+01 +5.076807698e+01 +1.050768077e+03 +1.050768077e+03 -4.3303e-01 -3.0937e+00 -2.7082e-01 +4.0438e+00 +5.3258e-01
116 +2.701271903e+01 +2.701271903e+01 +1.027012719e+03 +1.027012719e+03 -4.3957e-01 -3.1938e+00 -5.2176e-01 +4.1987e+00 +4.1326e-01
140 +2.268521785e+01 +2.268521785e+01 +1.022685218e+03 +1.022685218e+03 -3.1520e-01 -3.1894e+00 -5.7921e-01 +3.9679e+00 +3.3765e-01
218 +1.591297079e+01 +1.591297079e+01 +1.015912971e+03 +1.015912971e+03 -1.5857e-01 -3.1326e+00 -5.4748e-01 +4.0085e+00 +3.8441e-01
223 +1.414134279e+01 +1.414134279e+01 +1.014141343e+03 +1.014141343e+03 -1.3912e-01 -3.1583e+00 -4.8026e-01 +4.0490e+00 +5.1978e-01
248 +1.359669744e+01 +1.359669744e+01 +1.013596697e+03 +1.013596697e+03 +5.6051e-02 -3.2252e+00 -5.4952e-01 +3.8935e+00 +4.6711e-01
285 +6.378709456e+00 +6.378709456e+00 +1.006378709e+03 +1.006378709e+03 -8.2453e-03 -3.2090e+00 -4.8978e-01 +3.9825e+00 +4.6711e-01
378 +5.953365396e+00 +5.953365396e+00 +1.005953365e+03 +1.005953365e+03 -6.4424e-02 -3.2078e+00 -5.1791e-01 +3.9549e+00 +4.4252e-01
387 +3.044730138e+00 +3.044730138e+00 +1.003044730e+03 +1.003044730e+03 -4.6973e-02 -3.2267e+00 -5.0868e-01 +3.9512e+00 +4.6328e-01
392 +2.326163811e+00 +2.326163811e+00 +1.002326164e+03 +1.002326164e+03 -3.5996e-02 -3.2282e+00 -5.0520e-01 +3.9504e+00 +4.6951e-01
400 +1.651507777e+00 +1.651507777e+00 +1.001651508e+03 +1.001651508e+03 -2.7269e-02 -3.2328e+00 -5.0108e-01 +3.9460e+00 +4.7201e-01
415 +1.179722451e+00 +1.179722451e+00 +1.001179722e+03 +1.001179722e+03 +2.2488e-03 -3.2405e+00 -4.8735e-01 +3.9310e+00 +4.8492e-01
493 +1.155594288e+00 +1.155594288e+00 +1.001155594e+03 +1.001155594e+03 -3.6981e-02 -3.2289e+00 -4.9781e-01 +3.9550e+00 +4.6884e-01
504 +7.107387514e-01 +7.107387514e-01 +1.000710739e+03 +1.000710739e+03 -3.7967e-02 -3.2251e+00 -4.9255e-01 +3.9552e+00 +4.7301e-01
554 +6.961486233e-01 +6.961486233e-01 +1.000696149e+03 +1.000696149e+03 -2.6251e-02 -3.2286e+00 -4.9418e-01 +3.9494e+00 +4.7623e-01
567 +6.725300550e-01 +6.725300550e-01 +1.000672530e+03 +1.000672530e+03 -3.0424e-02 -3.2286e+00 -4.9486e-01 +3.9492e+00 +4.7304e-01
589 +5.758783698e-01 +5.758783698e-01 +1.000575878e+03 +1.000575878e+03 -2.8643e-02 -3.2290e+00 -4.9199e-01 +3.9514e+00 +4.7491e-01
592 +5.024850191e-01 +5.024850191e-01 +1.000502485e+03 +1.000502485e+03 -2.8157e-02 -3.2294e+00 -4.9235e-01 +3.9510e+00 +4.7589e-01
625 +4.140866971e-01 +4.140866971e-01 +1.000414087e+03 +1.000414087e+03 -2.6807e-02 -3.2307e+00 -4.9336e-01 +3.9484e+00 +4.7531e-01
632 +3.975543244e-01 +3.975543244e-01 +1.000397554e+03 +1.000397554e+03 -2.6863e-02 -3.2308e+00 -4.9443e-01 +3.9494e+00 +4.7524e-01
656 +3.029844371e-01 +3.029844371e-01 +1.000302984e+03 +1.000302984e+03 -2.5840e-02 -3.2308e+00 -4.9382e-01 +3.9487e+00 +4.7538e-01
682 +2.659325196e-01 +2.659325196e-01 +1.000265933e+03 +1.000265933e+03 -2.6372e-02 -3.2304e+00 -4.9365e-01 +3.9494e+00 +4.7551e-01
712 +2.611110952e-01 +2.611110952e-01 +1.000261111e+03 +1.000261111e+03 -2.6166e-02 -3.2304e+00 -4.9365e-01 +3.9493e+00 +4.7542e-01
722 +2.527462149e-01 +2.527462149e-01 +1.000252746e+03 +1.000252746e+03 -2.6277e-02 -3.2305e+00 -4.9373e-01 +3.9494e+00 +4.7531e-01
723 +2.372011594e-01 +2.372011594e-01 +1.000237201e+03 +1.000237201e+03 -2.6067e-02 -3.2304e+00 -4.9383e-01 +3.9495e+00 +4.7533e-01
769 +2.335517566e-01 +2.335517566e-01 +1.000233552e+03 +1.000233552e+03 -2.6160e-02 -3.2303e+00 -4.9379e-01 +3.9495e+00 +4.7535e-01
776 +2.268025129e-01 +2.268025129e-01 +1.000226803e+03 +1.000226803e+03 -2.6203e-02 -3.2303e+00 -4.9375e-01 +3.9496e+00 +4.7529e-01
909 +2.230980292e-01 +2.230980292e-01 +1.000223098e+03 +1.000223098e+03 -2.6418e-02 -3.2302e+00 -4.9374e-01 +3.9497e+00 +4.7526e-01
% function evaluation | noise-free fitness - Fopt (1.177400000000e+02) | best noise-free fitness - Fopt | measured fitness | best measured fitness | x1 | x2...
1 +1.017514780e+03 +1.017514780e+03 +1.135254780e+03 +1.135254780e+03 +0.0000e+00 +0.0000e+00 +0.0000e+00 +0.0000e+00 +0.0000e+00
6 +8.646400963e+02 +8.646400963e+02 +9.823800963e+02 +9.823800963e+02 -1.4157e+00 -2.0136e-01 -1.2320e+00 +1.4065e+00 -3.8707e-01
14 +7.798236173e+02 +7.798236173e+02 +8.975636173e+02 +8.975636173e+02 -1.3731e+00 -5.7050e-01 -2.0612e+00 +1.9381e+00 -1.2194e+00
19 +7.540759988e+02 +7.540759988e+02 +8.718159988e+02 +8.718159988e+02 -1.9047e+00 -1.4209e+00 -6.5902e-01 +1.9096e+00 +3.4749e-01
23 +6.792744707e+02 +6.792744707e+02 +7.970144707e+02 +7.970144707e+02 -2.0396e+00 -1.4596e+00 -1.6560e+00 +2.7259e+00 -8.3916e-01
32 +6.595317186e+02 +6.595317186e+02 +7.772717186e+02 +7.772717186e+02 -1.4006e+00 -1.6788e+00 -1.5148e+00 +2.0621e+00 -9.5504e-01
37 +5.977175489e+02 +5.977175489e+02 +7.154575489e+02 +7.154575489e+02 -1.3361e+00 -1.5791e+00 -3.2518e+00 +1.8701e+00 -5.0339e-02
39 +5.332879216e+02 +5.332879216e+02 +6.510279216e+02 +6.510279216e+02 -2.3491e+00 -2.2371e+00 -1.6905e+00 +4.4004e+00 +9.5091e-01
46 +5.200944710e+02 +5.200944710e+02 +6.378344710e+02 +6.378344710e+02 -2.2499e+00 -2.2617e+00 -1.3070e+00 +3.6800e+00 +1.0528e+00
47 +5.010963697e+02 +5.010963697e+02 +6.188363697e+02 +6.188363697e+02 -1.4519e+00 -2.8822e+00 -2.5968e+00 +5.2289e+00 +1.8883e+00
48 +3.894423289e+02 +3.894423289e+02 +5.071823289e+02 +5.071823289e+02 -3.2024e+00 -3.8175e+00 -2.5380e+00 +5.0067e+00 +1.3947e+00
52 +3.510811460e+02 +3.510811460e+02 +4.688211460e+02 +4.688211460e+02 -2.5482e+00 -4.0739e+00 -2.3736e+00 +5.2968e+00 +1.3165e+00
67 +2.122554286e+02 +2.122554286e+02 +3.299954286e+02 +3.299954286e+02 -1.8742e+00 -4.0697e+00 -3.7670e+00 +4.2034e+00 +7.9828e-01
106 +2.088021482e+02 +2.088021482e+02 +3.265421482e+02 +3.265421482e+02 +1.9314e-01 -4.4815e+00 -4.3643e+00 +4.0080e+00 +3.1163e-02
128 +1.437086682e+02 +1.437086682e+02 +2.614486682e+02 +2.614486682e+02 +3.8423e-02 -3.4567e+00 -2.4483e+00 +4.0969e+00 +3.6962e-01
138 +1.407676745e+02 +1.407676745e+02 +2.585076745e+02 +2.585076745e+02 +8.7044e-01 -2.8417e+00 -2.7307e+00 +4.0193e+00 +3.5439e-01
162 +7.897716597e+01 +7.897716597e+01 +1.967171660e+02 +1.967171660e+02 +2.8977e+00 -3.0323e+00 -2.5697e+00 +3.7240e+00 +3.4810e-01
194 +6.233133294e+01 +6.233133294e+01 +1.800713329e+02 +1.800713329e+02 +2.1927e+00 -2.9489e+00 -2.8508e+00 +3.4309e+00 +2.7596e-02
234 +5.936286332e+01 +5.936286332e+01 +1.771028633e+02 +1.771028633e+02 +2.0148e+00 -2.8801e+00 -2.7375e+00 +3.9400e+00 +1.1275e-01
242 +5.619846547e+01 +5.619846547e+01 +1.739384655e+02 +1.739384655e+02 +1.9622e+00 -2.9220e+00 -2.7382e+00 +3.8173e+00 -1.3216e-02
245 +3.949602851e+01 +3.949602851e+01 +1.572360285e+02 +1.572360285e+02 +1.8798e+00 -3.1623e+00 -2.7471e+00 +4.0027e+00 +2.4845e-01
270 +3.439546757e+01 +3.439546757e+01 +1.521354676e+02 +1.521354676e+02 +1.4752e+00 -3.2747e+00 -3.0061e+00 +3.8448e+00 +5.5175e-02
275 +2.491791752e+01 +2.491791752e+01 +1.426579175e+02 +1.426579175e+02 +1.5993e+00 -3.2630e+00 -2.9303e+00 +3.8108e+00 +2.6205e-01
316 +2.374630123e+01 +2.374630123e+01 +1.414863012e+02 +1.414863012e+02 +1.5321e+00 -3.2059e+00 -2.8054e+00 +3.8933e+00 +2.3788e-01
326 +2.058919140e+01 +2.058919140e+01 +1.383291914e+02 +1.383291914e+02 +1.5556e+00 -3.2364e+00 -2.8438e+00 +3.8581e+00 +2.7644e-01
337 +1.808198532e+01 +1.808198532e+01 +1.358219853e+02 +1.358219853e+02 +1.5464e+00 -3.2083e+00 -2.8511e+00 +3.7972e+00 +2.7438e-01
347 +1.750739531e+01 +1.750739531e+01 +1.352473953e+02 +1.352473953e+02 +1.5305e+00 -3.1375e+00 -2.8423e+00 +3.8411e+00 +2.5986e-01
349 +1.285146913e+01 +1.285146913e+01 +1.305914691e+02 +1.305914691e+02 +1.6701e+00 -3.0945e+00 -2.7974e+00 +3.7968e+00 +2.3781e-01
392 +1.203168241e+01 +1.203168241e+01 +1.297716824e+02 +1.297716824e+02 +1.8873e+00 -3.0735e+00 -2.8351e+00 +3.7829e+00 +2.5005e-01
397 +9.687996514e+00 +9.687996514e+00 +1.274279965e+02 +1.274279965e+02 +1.8643e+00 -3.0473e+00 -2.7528e+00 +3.8031e+00 +2.5548e-01
399 +8.629796428e+00 +8.629796428e+00 +1.263697964e+02 +1.263697964e+02 +1.8334e+00 -3.0982e+00 -2.8579e+00 +3.8073e+00 +2.1670e-01
411 +8.167118910e+00 +8.167118910e+00 +1.259071189e+02 +1.259071189e+02 +1.8329e+00 -3.0633e+00 -2.8279e+00 +3.7573e+00 +2.0913e-01
415 +3.866976746e+00 +3.866976746e+00 +1.216069767e+02 +1.216069767e+02 +1.8164e+00 -3.1039e+00 -2.8348e+00 +3.8025e+00 +2.1444e-01
591 +3.543862977e+00 +3.543862977e+00 +1.212838630e+02 +1.212838630e+02 +1.8677e+00 -3.0711e+00 -2.7963e+00 +3.8044e+00 +2.2933e-01
604 +3.051034308e+00 +3.051034308e+00 +1.207910343e+02 +1.207910343e+02 +1.8754e+00 -3.0705e+00 -2.8003e+00 +3.8039e+00 +2.2609e-01
612 +2.576331779e+00 +2.576331779e+00 +1.203163318e+02 +1.203163318e+02 +1.8710e+00 -3.0715e+00 -2.8009e+00 +3.8012e+00 +2.2000e-01
628 +1.521216518e+00 +1.521216518e+00 +1.192612165e+02 +1.192612165e+02 +1.8810e+00 -3.0693e+00 -2.8039e+00 +3.7946e+00 +2.1755e-01
686 +1.332274466e+00 +1.332274466e+00 +1.190722745e+02 +1.190722745e+02 +1.8768e+00 -3.0716e+00 -2.8080e+00 +3.7919e+00 +2.1528e-01
713 +1.138973107e+00 +1.138973107e+00 +1.188789731e+02 +1.188789731e+02 +1.8764e+00 -3.0710e+00 -2.8093e+00 +3.7914e+00 +2.1369e-01
736 +1.077572976e+00 +1.077572976e+00 +1.188175730e+02 +1.188175730e+02 +1.8790e+00 -3.0713e+00 -2.8089e+00 +3.7929e+00 +2.1495e-01
748 +1.058932088e+00 +1.058932088e+00 +1.187989321e+02 +1.187989321e+02 +1.8785e+00 -3.0705e+00 -2.8089e+00 +3.7931e+00 +2.1469e-01
799 +1.020441782e+00 +1.020441782e+00 +1.187604418e+02 +1.187604418e+02 +1.8820e+00 -3.0694e+00 -2.8075e+00 +3.7931e+00 +2.1492e-01
812 +9.575681893e-01 +9.575681893e-01 +1.186975682e+02 +1.186975682e+02 +1.8815e+00 -3.0703e+00 -2.8086e+00 +3.7925e+00 +2.1370e-01
843 +9.107029481e-01 +9.107029481e-01 +1.186507029e+02 +1.186507029e+02 +1.8813e+00 -3.0699e+00 -2.8083e+00 +3.7926e+00 +2.1384e-01
892 +8.896991216e-01 +8.896991216e-01 +1.186296991e+02 +1.186296991e+02 +1.8825e+00 -3.0698e+00 -2.8084e+00 +3.7925e+00 +2.1382e-01
919 +8.690115730e-01 +8.690115730e-01 +1.186090116e+02 +1.186090116e+02 +1.8824e+00 -3.0697e+00 -2.8086e+00 +3.7925e+00 +2.1375e-01
1035 +8.510074801e-01 +8.510074801e-01 +1.185910075e+02 +1.185910075e+02 +1.8823e+00 -3.0697e+00 -2.8084e+00 +3.7925e+00 +2.1382e-01
% function evaluation | noise-free fitness - Fopt (-4.670000000000e+01) | best noise-free fitness - Fopt | measured fitness | best measured fitness | x1 | x2...
1 +1.035398190e+03 +1.035398190e+03 +9.886981904e+02 +9.886981904e+02 +0.0000e+00 +0.0000e+00 +0.0000e+00 +0.0000e+00 +0.0000e+00
2 +7.893567197e+02 +7.893567197e+02 +7.426567197e+02 +7.426567197e+02 -8.2690e-01 -5.9074e-02 +1.9738e+00 -1.1337e+00 +1.8496e-01
7 +6.415484993e+02 +6.415484993e+02 +5.948484993e+02 +5.948484993e+02 -5.2459e-01 -9.7824e-02 +1.8659e+00 -1.8424e+00 -7.3609e-02
14 +5.281728284e+02 +5.281728284e+02 +4.814728284e+02 +4.814728284e+02 -1.2801e-01 -5.8929e-01 +1.2875e-01 -3.5368e+00 +4.1904e-01
20 +4.960219231e+02 +4.960219231e+02 +4.493219231e+02 +4.493219231e+02 -1.6516e-02 +7.9566e-01 +1.6815e+00 -2.2032e+00 +2.0883e-01
31 +3.913626412e+02 +3.913626412e+02 +3.446626412e+02 +3.446626412e+02 +1.1584e+00 +3.9359e-01 +1.8584e+00 -4.7535e+00 +1.7830e+00
32 +3.440899548e+02 +3.440899548e+02 +2.973899548e+02 +2.973899548e+02 +1.9502e+00 +3.5087e-01 +1.0680e+00 -3.7603e+00 +1.0662e+00
39 +1.836527595e+02 +1.836527595e+02 +1.369527595e+02 +1.369527595e+02 +4.0408e-01 +1.9753e+00 +1.2531e+00 -3.5310e+00 +2.4308e+00
62 +1.395142295e+02 +1.395142295e+02 +9.281422950e+01 +9.281422950e+01 -5.7319e-01 +2.5286e+00 -1.9091e+00 -3.6112e+00 +2.6882e+00
80 +1.059015426e+02 +1.059015426e+02 +5.920154258e+01 +5.920154258e+01 -7.9433e-01 +2.7919e+00 -1.8480e+00 -3.6529e+00 +2.9384e+00
99 +1.001465466e+02 +1.001465466e+02 +5.344654658e+01 +5.344654658e+01 -6.7352e-01 +2.3129e+00 -1.7286e+00 -4.1813e+00 +3.0702e+00
107 +7.758881205e+01 +7.758881205e+01 +3.088881205e+01 +3.088881205e+01 -5.2381e-01 +2.2644e+00 -1.2652e+00 -4.0592e+00 +3.0973e+00
114 +7.328914965e+01 +7.328914965e+01 +2.658914965e+01 +2.658914965e+01 -6.5693e-01 +2.5604e+00 -1.4783e+00 -3.8510e+00 +3.2288e+00
121 +3.943889181e+01 +3.943889181e+01 -7.261108192e+00 -7.261108192e+00 -4.8938e-01 +2.4901e+00 -1.1489e+00 -4.0773e+00 +2.8716e+00
183 +3.171685078e+01 +3.171685078e+01 -1.498314922e+01 -1.498314922e+01 -5.5832e-01 +2.5840e+00 -1.2811e+00 -3.9453e+00 +2.9014e+00
188 +3.108805097e+01 +3.108805097e+01 -1.561194903e+01 -1.561194903e+01 -6.4557e-01 +2.7198e+00 -1.4031e+00 -3.9938e+00 +3.1896e+00
204 +2.769348877e+01 +2.769348877e+01 -1.900651123e+01 -1.900651123e+01 -5.9944e-01 +2.5389e+00 -1.2610e+00 -3.8954e+00 +2.9223e+00
215 +2.263573410e+01 +2.263573410e+01 -2.406426590e+01 -2.406426590e+01 -5.8132e-01 +2.5526e+00 -1.3063e+00 -4.0389e+00 +3.0718e+00
241 +2.139181088e+01 +2.139181088e+01 -2.530818912e+01 -2.530818912e+01 -7.2688e-01 +2.6439e+00 -1.2254e+00 -3.9971e+00 +3.0362e+00
243 +1.891561725e+01 +1.891561725e+01 -2.778438275e+01 -2.778438275e+01 -6.7061e-01 +2.6323e+00 -1.3199e+00 -3.9703e+00 +3.1313e+00
246 +1.742773343e+01 +1.742773343e+01 -2.927226657e+01 -2.927226657e+01 -6.8704e-01 +2.5663e+00 -1.2389e+00 -3.9283e+00 +2.9447e+00
250 +1.729609974e+01 +1.729609974e+01 -2.940390026e+01 -2.940390026e+01 -5.9550e-01 +2.6073e+00 -1.2014e+00 -4.0150e+00 +3.0108e+00
252 +1.159881666e+01 +1.159881666e+01 -3.510118334e+01 -3.510118334e+01 -6.4398e-01 +2.5194e+00 -1.2383e+00 -3.9642e+00 +3.0131e+00
276 +8.580743574e+00 +8.580743574e+00 -3.811925643e+01 -3.811925643e+01 -6.0795e-01 +2.5207e+00 -1.1993e+00 -3.9792e+00 +2.9682e+00
312 +7.652991380e+00 +7.652991380e+00 -3.904700862e+01 -3.904700862e+01 -5.7308e-01 +2.5105e+00 -1.1423e+00 -3.9716e+00 +2.9547e+00
326 +7.188727651e+00 +7.188727651e+00 -3.951127235e+01 -3.951127235e+01 -6.0251e-01 +2.5163e+00 -1.1902e+00 -3.9900e+00 +2.9916e+00
346 +4.617980924e+00 +4.617980924e+00 -4.208201908e+01 -4.208201908e+01 -5.8035e-01 +2.5241e+00 -1.1467e+00 -3.9819e+00 +3.0069e+00
427 +3.899729862e+00 +3.899729862e+00 -4.280027014e+01 -4.280027014e+01 -5.9633e-01 +2.5399e+00 -1.1746e+00 -3.9981e+00 +3.0156e+00
432 +3.638469678e+00 +3.638469678e+00 -4.306153032e+01 -4.306153032e+01 -5.9305e-01 +2.5477e+00 -1.1714e+00 -3.9842e+00 +3.0124e+00
433 +3.314953181e+00 +3.314953181e+00 -4.338504682e+01 -4.338504682e+01 -5.9292e-01 +2.5422e+00 -1.1630e+00 -3.9962e+00 +3.0231e+00
440 +2.826206822e+00 +2.826206822e+00 -4.387379318e+01 -4.387379318e+01 -6.0362e-01 +2.5470e+00 -1.1628e+00 -3.9978e+00 +3.0224e+00
472 +2.052094921e+00 +2.052094921e+00 -4.464790508e+01 -4.464790508e+01 -6.0799e-01 +2.5374e+00 -1.1737e+00 -3.9860e+00 +3.0058e+00
479 +1.863767030e+00 +1.863767030e+00 -4.483623297e+01 -4.483623297e+01 -5.9729e-01 +2.5373e+00 -1.1485e+00 -3.9833e+00 +2.9970e+00
538 +1.377580380e+00 +1.377580380e+00 -4.532241962e+01 -4.532241962e+01 -5.7609e-01 +2.5311e+00 -1.1263e+00 -3.9874e+00 +2.9941e+00
596 +1.144488440e+00 +1.144488440e+00 -4.555551156e+01 -4.555551156e+01 -5.8098e-01 +2.5291e+00 -1.1340e+00 -3.9864e+00 +2.9996e+00
612 +1.005156038e+00 +1.005156038e+00 -4.569484396e+01 -4.569484396e+01 -5.7993e-01 +2.5332e+00 -1.1311e+00 -3.9852e+00 +2.9998e+00
613 +8.989063643e-01 +8.989063643e-01 -4.580109364e+01 -4.580109364e+01 -5.8324e-01 +2.5289e+00 -1.1325e+00 -3.9871e+00 +2.9983e+00
642 +4.048935586e-01 +4.048935586e-01 -4.629510644e+01 -4.629510644e+01 -5.8059e-01 +2.5317e+00 -1.1293e+00 -3.9874e+00 +3.0007e+00
692 +3.145251170e-01 +3.145251170e-01 -4.638547488e+01 -4.638547488e+01 -5.8267e-01 +2.5325e+00 -1.1326e+00 -3.9876e+00 +3.0014e+00
814 +3.074953371e-01 +3.074953371e-01 -4.639250466e+01 -4.639250466e+01 -5.8329e-01 +2.5324e+00 -1.1331e+00 -3.9878e+00 +3.0015e+00
864 +2.978396397e-01 +2.978396397e-01 -4.640216036e+01 -4.640216036e+01 -5.8304e-01 +2.5326e+00 -1.1329e+00 -3.9878e+00 +3.0017e+00
898 +2.937715950e-01 +2.937715950e-01 -4.640622841e+01 -4.640622841e+01 -5.8322e-01 +2.5326e+00 -1.1332e+00 -3.9878e+00 +3.0017e+00
905 +2.877145903e-01 +2.877145903e-01 -4.641228541e+01 -4.641228541e+01 -5.8332e-01 +2.5326e+00 -1.1333e+00 -3.9877e+00 +3.0015e+00
934 +2.772208590e-01 +2.772208590e-01 -4.642277914e+01 -4.642277914e+01 -5.8338e-01 +2.5326e+00 -1.1333e+00 -3.9877e+00 +3.0016e+00
963 +2.753808647e-01 +2.753808647e-01 -4.642461914e+01 -4.642461914e+01 -5.8341e-01 +2.5326e+00 -1.1333e+00 -3.9877e+00 +3.0016e+00
% function evaluation | noise-free fitness - Fopt (8.287000000000e+01) | best noise-free fitness - Fopt | measured fitness | best measured fitness | x1 | x2...
1 +7.613762378e+02 +7.613762378e+02 +8.442462378e+02 +8.442462378e+02 +0.0000e+00 +0.0000e+00 +0.0000e+00 +0.0000e+00 +0.0000e+00
3 +5.496692479e+02 +5.496692479e+02 +6.325392479e+02 +6.325392479e+02 -3.2533e-01 -1.3392e+00 -1.4015e+00 +1.2949e+00 +9.4970e-01
12 +4.617004681e+02 +4.617004681e+02 +5.445704681e+02 +5.445704681e+02 -6.5307e-01 -1.8043e+00 -1.1457e+00 +8.6799e-01 -1.1762e-01
24 +4.557656500e+02 +4.557656500e+02 +5.386356500e+02 +5.386356500e+02 -6.0615e-01 -2.1220e+00 -1.6070e+00 +2.3005e+00 -3.0491e-01
33 +3.981846934e+02 +3.981846934e+02 +4.810546934e+02 +4.810546934e+02 +9.9875e-01 -8.6085e-01 +6.3314e-01 +1.8249e+00 -3.8404e-01
35 +2.354281726e+02 +2.354281726e+02 +3.182981726e+02 +3.182981726e+02 +5.6554e-01 -2.1754e+00 -9.5305e-01 +1.8499e+00 -1.0938e+00
64 +1.912902577e+02 +1.912902577e+02 +2.741602577e+02 +2.741602577e+02 +3.6108e-01 -1.2371e+00 -2.6831e-01 +1.0780e+00 -1.9747e+00
65 +1.522868573e+02 +1.522868573e+02 +2.351568573e+02 +2.351568573e+02 +1.3127e-01 -2.0967e+00 +2.1279e-01 +2.3670e+00 -9.6402e-01
71 +1.309223026e+02 +1.309223026e+02 +2.137923026e+02 +2.137923026e+02 +8.5506e-01 -1.1368e+00 -4.7608e-01 +9.5435e-01 -1.9610e+00
90 +1.137554743e+02 +1.137554743e+02 +1.966254743e+02 +1.966254743e+02 +1.4301e+00 -9.1614e-01 -5.0380e-01 +1.0730e+00 -1.7405e+00
100 +1.102522035e+02 +1.102522035e+02 +1.931222035e+02 +1.931222035e+02 +1.0362e+00 -8.8358e-01 -7.4245e-01 +8.2908e-01 -2.4622e+00
105 +9.337012329e+01 +9.337012329e+01 +1.762401233e+02 +1.762401233e+02 +1.0810e+00 -9.6290e-01 -8.0365e-01 +6.7304e-01 -2.4863e+00
174 +8.849510973e+01 +8.849510973e+01 +1.713651097e+02 +1.713651097e+02 +1.7177e+00 -1.1540e+00 -6.6826e-01 +9.3002e-01 -1.7419e+00
184 +8.667101030e+01 +8.667101030e+01 +1.695410103e+02 +1.695410103e+02 +1.6877e+00 -1.2300e+00 -5.8596e-01 +1.0314e+00 -2.3219e+00
203 +5.931296575e+01 +5.931296575e+01 +1.421829657e+02 +1.421829657e+02 +1.4405e+00 -1.1464e+00 -6.8724e-01 +7.9270e-01 -2.3124e+00
257 +5.559856117e+01 +5.559856117e+01 +1.384685612e+02 +1.384685612e+02 +1.7266e+00 -7.3513e-01 -1.0911e+00 +2.6770e-01 -2.5780e+00
311 +4.687491015e+01 +4.687491015e+01 +1.297449101e+02 +1.297449101e+02 +1.5236e+00 -8.4489e-01 -9.3788e-01 +4.8175e-01 -2.4740e+00
356 +4.540445241e+01 +4.540445241e+01 +1.282744524e+02 +1.282744524e+02 +1.6110e+00 -8.1868e-01 -9.9777e-01 +3.9969e-01 -2.5059e+00
401 +4.358822207e+01 +4.358822207e+01 +1.264582221e+02 +1.264582221e+02 +1.6551e+00 -7.7286e-01 -1.0022e+00 +3.8595e-01 -2.4534e+00
429 +4.109530322e+01 +4.109530322e+01 +1.239653032e+02 +1.239653032e+02 +1.6554e+00 -7.8407e-01 -9.8616e-01 +3.8692e-01 -2.4669e+00
434 +4.070150337e+01 +4.070150337e+01 +1.235715034e+02 +1.235715034e+02 +1.6469e+00 -7.8195e-01 -9.8637e-01 +3.8642e-01 -2.4661e+00
472 +3.857906694e+01 +3.857906694e+01 +1.214490669e+02 +1.214490669e+02 +1.6294e+00 -7.8777e-01 -9.9581e-01 +3.6835e-01 -2.4950e+00
570 +3.797534742e+01 +3.797534742e+01 +1.208453474e+02 +1.208453474e+02 +1.6324e+00 -7.8072e-01 -1.0002e+00 +3.6603e-01 -2.4997e+00
764 +3.711930901e+01 +3.711930901e+01 +1.199893090e+02 +1.199893090e+02 +1.6295e+00 -7.8108e-01 -9.9499e-01 +3.7082e-01 -2.4955e+00
3140 +3.623101119e+01 +3.623101119e+01 +1.191010112e+02 +1.191010112e+02 +1.6207e+00 -8.1070e-01 -9.6446e-01 +4.2642e-01 -2.4577e+00
3167 +3.531625793e+01 +3.531625793e+01 +1.181862579e+02 +1.181862579e+02 +1.6089e+00 -8.4754e-01 -9.2644e-01 +4.9533e-01 -2.4103e+00
3173 +3.347463489e+01 +3.347463489e+01 +1.163446349e+02 +1.163446349e+02 +1.5838e+00 -9.2582e-01 -8.4565e-01 +6.4179e-01 -2.3097e+00
3183 +3.248821659e+01 +3.248821659e+01 +1.153582166e+02 +1.153582166e+02 +1.5696e+00 -9.7040e-01 -7.9964e-01 +7.2518e-01 -2.2524e+00
3184 +3.202003386e+01 +3.202003386e+01 +1.148900339e+02 +1.148900339e+02 +1.5625e+00 -9.9231e-01 -7.7703e-01 +7.6617e-01 -2.2242e+00
3185 +3.094333686e+01 +3.094333686e+01 +1.138133369e+02 +1.138133369e+02 +1.5458e+00 -1.0448e+00 -7.2290e-01 +8.6429e-01 -2.1568e+00
3193 +3.009811526e+01 +3.009811526e+01 +1.129681153e+02 +1.129681153e+02 +1.5318e+00 -1.0883e+00 -6.7802e-01 +9.4564e-01 -2.1009e+00
3200 +2.907532809e+01 +2.907532809e+01 +1.119453281e+02 +1.119453281e+02 +1.5140e+00 -1.1441e+00 -6.2036e-01 +1.0501e+00 -2.0291e+00
3202 +2.842038299e+01 +2.842038299e+01 +1.112903830e+02 +1.112903830e+02 +1.5018e+00 -1.1821e+00 -5.8116e-01 +1.1212e+00 -1.9802e+00
3204 +2.685105051e+01 +2.685105051e+01 +1.097210505e+02 +1.097210505e+02 +1.4698e+00 -1.2822e+00 -4.7781e-01 +1.3085e+00 -1.8515e+00
3210 +2.599047814e+01 +2.599047814e+01 +1.088604781e+02 +1.088604781e+02 +1.4498e+00 -1.3445e+00 -4.1358e-01 +1.4250e+00 -1.7715e+00
3213 +2.382917552e+01 +2.382917552e+01 +1.066991755e+02 +1.066991755e+02 +1.3861e+00 -1.5435e+00 -2.0815e-01 +1.7973e+00 -1.5156e+00
3216 +2.331085540e+01 +2.331085540e+01 +1.061808554e+02 +1.061808554e+02 +1.3650e+00 -1.6096e+00 -1.3996e-01 +1.9209e+00 -1.4306e+00
3223 +2.234344009e+01 +2.234344009e+01 +1.052134401e+02 +1.052134401e+02 +1.3006e+00 -1.8108e+00 +6.7663e-02 +2.2973e+00 -1.1720e+00
4413 +2.187743684e+01 +2.187743684e+01 +1.047474368e+02 +1.047474368e+02 +1.1831e+00 -2.1348e+00 +4.0215e-01 +2.9031e+00 -7.5542e-01
4504 +2.131692247e+01 +2.131692247e+01 +1.041869225e+02 +1.041869225e+02 +1.1244e+00 -2.2383e+00 +5.0910e-01 +3.0961e+00 -6.2228e-01
4530 +2.087869912e+01 +2.087869912e+01 +1.037486991e+02 +1.037486991e+02 +1.1218e+00 -2.2147e+00 +4.8466e-01 +3.0520e+00 -6.5266e-01
4600 +2.035230354e+01 +2.035230354e+01 +1.032223035e+02 +1.032223035e+02 +1.1047e+00 -2.1717e+00 +4.4040e-01 +2.9717e+00 -7.0801e-01
4722 +1.983802358e+01 +1.983802358e+01 +1.027080236e+02 +1.027080236e+02 +1.1169e+00 -2.1504e+00 +4.1795e-01 +2.9274e+00 -7.3750e-01
4785 +1.939527152e+01 +1.939527152e+01 +1.022652715e+02 +1.022652715e+02 +1.1180e+00 -2.1386e+00 +4.0588e-01 +2.9027e+00 -7.5560e-01
4793 +1.889582118e+01 +1.889582118e+01 +1.017658212e+02 +1.017658212e+02 +1.1297e+00 -2.1248e+00 +3.9171e-01 +2.8723e+00 -7.7550e-01
4802 +1.847753288e+01 +1.847753288e+01 +1.013475329e+02 +1.013475329e+02 +1.1355e+00 -2.1116e+00 +3.7843e-01 +2.8429e+00 -7.9397e-01
4815 +1.781040549e+01 +1.781040549e+01 +1.006804055e+02 +1.006804055e+02 +1.1478e+00 -2.0911e+00 +3.5711e-01 +2.8013e+00 -8.2555e-01
4823 +1.738246908e+01 +1.738246908e+01 +1.002524691e+02 +1.002524691e+02 +1.1699e+00 -2.0709e+00 +3.3649e-01 +2.7576e+00 -8.5561e-01
4826 +1.730792364e+01 +1.730792364e+01 +1.001779236e+02 +1.001779236e+02 +1.1552e+00 -2.0768e+00 +3.4277e-01 +2.7697e+00 -8.4696e-01
4832 +1.659234220e+01 +1.659234220e+01 +9.946234220e+01 +9.946234220e+01 +1.1795e+00 -2.0446e+00 +3.0936e-01 +2.6987e+00 -8.9495e-01
4842 +1.576780412e+01 +1.576780412e+01 +9.863780412e+01 +9.863780412e+01 +1.1751e+00 -2.0179e+00 +2.8232e-01 +2.6398e+00 -9.3460e-01
4863 +1.540391476e+01 +1.540391476e+01 +9.827391476e+01 +9.827391476e+01 +1.1967e+00 -1.9455e+00 +2.0788e-01 +2.4836e+00 -1.0404e+00
4932 +1.492758230e+01 +1.492758230e+01 +9.779758230e+01 +9.779758230e+01 +1.1851e+00 -1.9463e+00 +2.0788e-01 +2.4892e+00 -1.0407e+00
4942 +1.474965155e+01 +1.474965155e+01 +9.761965155e+01 +9.761965155e+01 +1.1971e+00 -1.9263e+00 +1.8728e-01 +2.4462e+00 -1.0711e+00
4958 +1.432759604e+01 +1.432759604e+01 +9.719759604e+01 +9.719759604e+01 +1.2091e+00 -1.9125e+00 +1.7271e-01 +2.4209e+00 -1.0913e+00
4972 +1.404052695e+01 +1.404052695e+01 +9.691052695e+01 +9.691052695e+01 +1.2140e+00 -1.9005e+00 +1.6057e-01 +2.3976e+00 -1.1097e+00
4982 +1.365412410e+01 +1.365412410e+01 +9.652412410e+01 +9.652412410e+01 +1.2254e+00 -1.8590e+00 +1.1736e-01 +2.3137e+00 -1.1723e+00
5016 +1.327677784e+01 +1.327677784e+01 +9.614677784e+01 +9.614677784e+01 +1.2333e+00 -1.8252e+00 +8.2231e-02 +2.2477e+00 -1.2231e+00
5026 +1.312748397e+01 +1.312748397e+01 +9.599748397e+01 +9.599748397e+01 +1.2417e+00 -1.8334e+00 +9.0545e-02 +2.2644e+00 -1.2116e+00
5033 +1.287802375e+01 +1.287802375e+01 +9.574802375e+01 +9.574802375e+01 +1.2462e+00 -1.8039e+00 +6.0067e-02 +2.2075e+00 -1.2548e+00
5056 +1.257103912e+01 +1.257103912e+01 +9.544103912e+01 +9.544103912e+01 +1.2376e+00 -1.8101e+00 +6.6418e-02 +2.2233e+00 -1.2446e+00
5088 +1.166991631e+01 +1.166991631e+01 +9.453991631e+01 +9.453991631e+01 +1.2592e+00 -1.7666e+00 +2.0818e-02 +2.1451e+00 -1.3063e+00
5090 +1.132470992e+01 +1.132470992e+01 +9.419470992e+01 +9.419470992e+01 +1.2466e+00 -1.7696e+00 +2.4577e-02 +2.1561e+00 -1.3024e+00
5093 +1.119849183e+01 +1.119849183e+01 +9.406849183e+01 +9.406849183e+01 +1.2469e+00 -1.7488e+00 +2.6530e-03 +2.1228e+00 -1.3339e+00
5102 +1.072290125e+01 +1.072290125e+01 +9.359290125e+01 +9.359290125e+01 +1.2558e+00 -1.7459e+00 -1.1930e-04 +2.1131e+00 -1.3384e+00
5108 +1.054408792e+01 +1.054408792e+01 +9.341408792e+01 +9.341408792e+01 +1.2600e+00 -1.7397e+00 -6.2227e-03 +2.1028e+00 -1.3477e+00
5173 +1.041305396e+01 +1.041305396e+01 +9.328305396e+01 +9.328305396e+01 +1.2633e+00 -1.7414e+00 -4.2758e-03 +2.1006e+00 -1.3490e+00
5264 +1.018969492e+01 +1.018969492e+01 +9.305969492e+01 +9.305969492e+01 +1.2609e+00 -1.7505e+00 +4.8683e-03 +2.1218e+00 -1.3360e+00
5326 +9.998347392e+00 +9.998347392e+00 +9.286834739e+01 +9.286834739e+01 +1.2615e+00 -1.7378e+00 -8.2627e-03 +2.0962e+00 -1.3584e+00
5614 +9.769115733e+00 +9.769115733e+00 +9.263911573e+01 +9.263911573e+01 +1.2614e+00 -1.7408e+00 -6.0535e-03 +2.0984e+00 -1.3581e+00
5698 +9.546452696e+00 +9.546452696e+00 +9.241645270e+01 +9.241645270e+01 +1.2621e+00 -1.7382e+00 -1.0895e-02 +2.0912e+00 -1.3638e+00
5734 +9.331533232e+00 +9.331533232e+00 +9.220153323e+01 +9.220153323e+01 +1.2618e+00 -1.7348e+00 -1.7411e-02 +2.0817e+00 -1.3701e+00
5776 +9.112861564e+00 +9.112861564e+00 +9.198286156e+01 +9.198286156e+01 +1.2634e+00 -1.7329e+00 -2.1152e-02 +2.0765e+00 -1.3723e+00
5834 +8.909377118e+00 +8.909377118e+00 +9.177937712e+01 +9.177937712e+01 +1.2650e+00 -1.7327e+00 -2.1348e-02 +2.0765e+00 -1.3701e+00
% function evaluation | noise-free fitness - Fopt (-1.839000000000e+01) | best noise-free fitness - Fopt | measured fitness | best measured fitness | x1 | x2...
1 +1.383611484e+03 +1.383611484e+03 +1.365221484e+03 +1.365221484e+03 +0.0000e+00 +0.0000e+00 +0.0000e+00 +0.0000e+00 +0.0000e+00
3 +9.722879868e+02 +9.722879868e+02 +9.538979868e+02 +9.538979868e+02 -1.2435e-01 +7.2633e-01 -6.5819e-01 -1.6799e+00 +1.5149e+00
8 +8.114384467e+02 +8.114384467e+02 +7.930484467e+02 +7.930484467e+02 -1.6809e+00 +1.0214e+00 +6.3623e-01 -1.9676e+00 +2.1698e+00
9 +7.548670662e+02 +7.548670662e+02 +7.364770662e+02 +7.364770662e+02 -6.9240e-01 -7.3032e-02 +7.2962e-01 -2.4623e+00 +4.8348e-01
14 +6.994323723e+02 +6.994323723e+02 +6.810423723e+02 +6.810423723e+02 -8.8817e-01 -4.8568e-01 -1.0154e+00 -4.6390e+00 -1.3156e-01
17 +2.478383524e+02 +2.478383524e+02 +2.294483524e+02 +2.294483524e+02 -6.8701e-01 +1.4702e+00 +2.3626e+00 -4.3715e+00 -5.8412e-01
80 +2.320666368e+02 +2.320666368e+02 +2.136766368e+02 +2.136766368e+02 -3.4853e-01 +2.6955e+00 +1.5954e+00 -4.8322e+00 +1.9963e-01
82 +1.509761166e+02 +1.509761166e+02 +1.325861166e+02 +1.325861166e+02 -1.9490e-01 +2.5635e+00 +1.2835e+00 -4.8985e+00 +1.6747e+00
100 +1.301852630e+02 +1.301852630e+02 +1.117952630e+02 +1.117952630e+02 -8.0253e-01 +2.6915e+00 +2.0484e+00 -3.6721e+00 +1.2487e+00
101 +1.114602179e+02 +1.114602179e+02 +9.307021790e+01 +9.307021790e+01 -2.1751e-02 +3.3245e+00 +5.6054e-01 -4.7070e+00 +2.3124e+00
136 +1.076606959e+02 +1.076606959e+02 +8.927069590e+01 +8.927069590e+01 -2.4976e-01 +3.1627e+00 +1.2556e+00 -4.2008e+00 +1.4907e+00
145 +7.268957923e+01 +7.268957923e+01 +5.429957923e+01 +5.429957923e+01 -1.9356e-01 +3.0889e+00 +9.3071e-01 -4.4135e+00 +1.9219e+00
153 +6.558154846e+01 +6.558154846e+01 +4.719154846e+01 +4.719154846e+01 -1.5932e-01 +3.0855e+00 +1.1259e+00 -4.3523e+00 +2.4653e+00
157 +6.373466481e+01 +6.373466481e+01 +4.534466481e+01 +4.534466481e+01 -1.7577e-01 +3.1148e+00 +7.3016e-01 -4.3489e+00 +2.3398e+00
164 +5.166756278e+01 +5.166756278e+01 +3.327756278e+01 +3.327756278e+01 -2.3725e-01 +2.8328e+00 +5.7810e-01 -4.4453e+00 +2.3104e+00
182 +4.149841391e+01 +4.149841391e+01 +2.310841391e+01 +2.310841391e+01 -3.0532e-01 +2.8501e+00 +9.2894e-01 -4.3559e+00 +2.2315e+00
186 +3.601279458e+01 +3.601279458e+01 +1.762279458e+01 +1.762279458e+01 -1.2582e-01 +2.8175e+00 +8.0829e-01 -4.4793e+00 +2.0095e+00
205 +2.440557345e+01 +2.440557345e+01 +6.015573447e+00 +6.015573447e+00 -1.4521e-01 +2.7809e+00 +9.0528e-01 -4.5172e+00 +2.1718e+00
218 +2.179934149e+01 +2.179934149e+01 +3.409341491e+00 +3.409341491e+00 -1.4067e-01 +2.7258e+00 +1.0940e+00 -4.4133e+00 +2.0974e+00
224 +1.835251007e+01 +1.835251007e+01 -3.748993206e-02 -3.748993206e-02 -1.9408e-01 +2.8361e+00 +8.7540e-01 -4.4722e+00 +2.2595e+00
256 +1.811608973e+01 +1.811608973e+01 -2.739102652e-01 -2.739102652e-01 -1.2673e-01 +2.8120e+00 +9.5632e-01 -4.4485e+00 +2.1349e+00
274 +1.748841357e+01 +1.748841357e+01 -9.015864304e-01 -9.015864304e-01 -1.2666e-01 +2.7949e+00 +9.8451e-01 -4.3591e+00 +2.1465e+00
277 +1.153887572e+01 +1.153887572e+01 -6.851124278e+00 -6.851124278e+00 -1.5735e-01 +2.8132e+00 +9.3326e-01 -4.4437e+00 +2.1711e+00
300 +9.231190878e+00 +9.231190878e+00 -9.158809122e+00 -9.158809122e+00 -1.6303e-01 +2.8013e+00 +9.7493e-01 -4.3941e+00 +2.1782e+00
342 +7.915162981e+00 +7.915162981e+00 -1.047483702e+01 -1.047483702e+01 -1.5405e-01 +2.8055e+00 +9.5243e-01 -4.4170e+00 +2.1806e+00
372 +7.511918594e+00 +7.511918594e+00 -1.087808141e+01 -1.087808141e+01 -1.5308e-01 +2.7888e+00 +9.4327e-01 -4.4179e+00 +2.1598e+00
382 +7.172752256e+00 +7.172752256e+00 -1.121724774e+01 -1.121724774e+01 -1.6015e-01 +2.7894e+00 +9.6558e-01 -4.4145e+00 +2.1637e+00
398 +6.071787444e+00 +6.071787444e+00 -1.231821256e+01 -1.231821256e+01 -1.5811e-01 +2.7902e+00 +9.6214e-01 -4.4133e+00 +2.1584e+00
442 +5.991059088e+00 +5.991059088e+00 -1.239894091e+01 -1.239894091e+01 -1.5699e-01 +2.7880e+00 +9.7807e-01 -4.4044e+00 +2.1459e+00
483 +5.824516394e+00 +5.824516394e+00 -1.256548361e+01 -1.256548361e+01 -1.5810e-01 +2.7899e+00 +9.7421e-01 -4.4047e+00 +2.1511e+00
515 +5.693708782e+00 +5.693708782e+00 -1.269629122e+01 -1.269629122e+01 -1.6006e-01 +2.7903e+00 +9.7423e-01 -4.4049e+00 +2.1472e+00
573 +5.609307951e+00 +5.609307951e+00 -1.278069205e+01 -1.278069205e+01 -1.5871e-01 +2.7897e+00 +9.7163e-01 -4.4070e+00 +2.1504e+00
693 +5.485762521e+00 +5.485762521e+00 -1.290423748e+01 -1.290423748e+01 -1.5941e-01 +2.7902e+00 +9.7148e-01 -4.4067e+00 +2.1508e+00
% function evaluation | noise-free fitness - Fopt (1.426600000000e+02) | best noise-free fitness - Fopt | measured fitness | best measured fitness | x1 | x2...
1 +1.262109310e+03 +1.262109310e+03 +1.404769310e+03 +1.404769310e+03 +0.0000e+00 +0.0000e+00 +0.0000e+00 +0.0000e+00 +0.0000e+00
3 +1.064135755e+03 +1.064135755e+03 +1.206795755e+03 +1.206795755e+03 +2.8288e-01 +1.3039e+00 +3.3387e-01 +7.2913e-01 +1.2814e+00
4 +8.515230719e+02 +8.515230719e+02 +9.941830719e+02 +9.941830719e+02 -9.6338e-01 +2.0915e+00 -5.5751e-01 +1.8961e+00 +1.1420e+00
12 +6.077583546e+02 +6.077583546e+02 +7.504183546e+02 +7.504183546e+02 -2.7525e+00 +2.1613e+00 -1.6300e+00 +1.8681e+00 +2.0656e+00
20 +5.775234041e+02 +5.775234041e+02 +7.201834041e+02 +7.201834041e+02 -1.3302e+00 +3.4137e+00 -6.8797e-02 +1.0170e+00 +1.2040e+00
28 +3.753912517e+02 +3.753912517e+02 +5.180512517e+02 +5.180512517e+02 -3.7122e-01 +4.6124e+00 +3.1555e-01 +8.1051e-01 +3.7684e+00
29 +3.697352966e+02 +3.697352966e+02 +5.123952966e+02 +5.123952966e+02 -3.0451e+00 +3.7721e+00 +1.5758e-01 +4.8603e-01 +1.4536e+00
37 +2.797997621e+02 +2.797997621e+02 +4.224597621e+02 +4.224597621e+02 -3.3669e+00 +3.7983e+00 -1.2712e+00 -8.3854e-01 +1.1102e+00
60 +1.794130848e+02 +1.794130848e+02 +3.220730848e+02 +3.220730848e+02 -1.6970e+00 +4.1013e+00 -1.4733e+00 -1.2091e+00 +3.7475e-01
74 +1.417511095e+02 +1.417511095e+02 +2.844111095e+02 +2.844111095e+02 -1.3346e+00 +3.1003e+00 -1.5326e+00 -1.6043e+00 +1.4353e+00
86 +1.056202085e+02 +1.056202085e+02 +2.482802085e+02 +2.482802085e+02 -5.9048e-01 +3.5787e+00 -1.6101e+00 -1.7611e+00 +1.6259e+00
144 +7.352005154e+01 +7.352005154e+01 +2.161800515e+02 +2.161800515e+02 -1.1645e+00 +4.0409e+00 -1.4446e+00 -1.8120e+00 +4.9172e-01
157 +7.113381804e+01 +7.113381804e+01 +2.137938180e+02 +2.137938180e+02 -1.0117e+00 +4.1000e+00 -1.2793e+00 -2.1908e+00 +4.3151e-01
186 +6.912904599e+01 +6.912904599e+01 +2.117890460e+02 +2.117890460e+02 -5.9964e-01 +3.7275e+00 -1.5027e+00 -2.3179e+00 +5.8931e-01
191 +6.308871512e+01 +6.308871512e+01 +2.057487151e+02 +2.057487151e+02 -6.9153e-01 +3.8968e+00 -1.4250e+00 -2.2669e+00 +6.5951e-01
200 +5.717252095e+01 +5.717252095e+01 +1.998325209e+02 +1.998325209e+02 -7.3871e-01 +3.8703e+00 -1.3045e+00 -2.0459e+00 +7.8952e-01
207 +5.357204585e+01 +5.357204585e+01 +1.962320459e+02 +1.962320459e+02 -7.5939e-01 +3.7789e+00 -1.4155e+00 -2.0474e+00 +5.4517e-01
214 +4.526804855e+01 +4.526804855e+01 +1.879280486e+02 +1.879280486e+02 -7.8023e-01 +3.9795e+00 -1.3339e+00 -1.9954e+00 +5.0690e-01
220 +3.079791891e+01 +3.079791891e+01 +1.734579189e+02 +1.734579189e+02 -6.9002e-01 +3.9788e+00 -1.4267e+00 -2.1099e+00 +6.0530e-01
224 +2.335730915e+01 +2.335730915e+01 +1.660173091e+02 +1.660173091e+02 -7.3436e-01 +4.0023e+00 -1.4097e+00 -2.0134e+00 +6.2932e-01
290 +2.141793890e+01 +2.141793890e+01 +1.640779389e+02 +1.640779389e+02 -7.4964e-01 +3.9731e+00 -1.4164e+00 -2.0365e+00 +5.9678e-01
295 +1.868969213e+01 +1.868969213e+01 +1.613496921e+02 +1.613496921e+02 -7.0305e-01 +3.9540e+00 -1.4544e+00 -2.0026e+00 +6.3401e-01
315 +1.431391746e+01 +1.431391746e+01 +1.569739175e+02 +1.569739175e+02 -7.6094e-01 +3.9341e+00 -1.4403e+00 -1.9849e+00 +6.6192e-01
377 +1.332778458e+01 +1.332778458e+01 +1.559877846e+02 +1.559877846e+02 -7.8133e-01 +3.9398e+00 -1.4219e+00 -1.9611e+00 +6.9061e-01
416 +1.306581260e+01 +1.306581260e+01 +1.557258126e+02 +1.557258126e+02 -7.5577e-01 +3.9415e+00 -1.4313e+00 -1.9746e+00 +6.7059e-01
449 +1.286584845e+01 +1.286584845e+01 +1.555258484e+02 +1.555258484e+02 -7.5949e-01 +3.9369e+00 -1.4249e+00 -1.9685e+00 +6.8469e-01
504 +1.244797296e+01 +1.244797296e+01 +1.551079730e+02 +1.551079730e+02 -7.5790e-01 +3.9370e+00 -1.4303e+00 -1.9779e+00 +6.7570e-01
576 +1.225157966e+01 +1.225157966e+01 +1.549115797e+02 +1.549115797e+02 -7.5643e-01 +3.9370e+00 -1.4312e+00 -1.9779e+00 +6.7424e-01
% function evaluation | noise-free fitness - Fopt (2.190000000000e+01) | best noise-free fitness - Fopt | measured fitness | best measured fitness | x1 | x2...
1 +9.160500102e+02 +9.160500102e+02 +9.379500102e+02 +9.379500102e+02 +0.0000e+00 +0.0000e+00 +0.0000e+00 +0.0000e+00 +0.0000e+00
4 +6.426315014e+02 +6.426315014e+02 +6.645315014e+02 +6.645315014e+02 -1.1471e+00 -1.2141e+00 +8.0843e-01 -3.9775e-01 +5.1530e-01
12 +5.966436878e+02 +5.966436878e+02 +6.185436878e+02 +6.185436878e+02 -1.6751e-01 -1.0356e+00 +1.9589e+00 -1.3219e+00 +5.3202e-01
25 +5.497618315e+02 +5.497618315e+02 +5.716618315e+02 +5.716618315e+02 -1.5494e-01 -8.5152e-01 +2.4663e+00 -1.2673e+00 +9.9859e-01
35 +5.244788238e+02 +5.244788238e+02 +5.463788238e+02 +5.463788238e+02 -4.0806e-01 -1.2553e+00 +2.4176e+00 -1.6873e+00 +1.3275e+00
38 +4.342237904e+02 +4.342237904e+02 +4.561237904e+02 +4.561237904e+02 -1.2605e-01 -1.7203e+00 +3.3383e+00 -1.1754e+00 +1.6936e+00
51 +4.192595158e+02 +4.192595158e+02 +4.411595158e+02 +4.411595158e+02 -7.9925e-01 -2.8554e+00 +2.7455e+00 -1.5721e+00 +2.9175e+00
63 +2.609842314e+02 +2.609842314e+02 +2.828842314e+02 +2.828842314e+02 +5.1755e-01 -1.9419e+00 +2.6489e+00 -1.7112e+00 +2.7587e+00
76 +2.419501669e+02 +2.419501669e+02 +2.638501669e+02 +2.638501669e+02 +1.4215e+00 -1.5611e+00 +2.6752e+00 -2.4123e+00 +3.6780e+00
91 +2.067297745e+02 +2.067297745e+02 +2.286297745e+02 +2.286297745e+02 +1.1927e+00 -1.2603e+00 +3.1274e+00 -1.6022e+00 +3.2581e+00
92 +2.000341601e+02 +2.000341601e+02 +2.219341601e+02 +2.219341601e+02 +1.9630e+00 -9.9334e-01 +3.5538e+00 -1.6244e+00 +3.1170e+00
106 +1.957825365e+02 +1.957825365e+02 +2.176825365e+02 +2.176825365e+02 +1.6128e+00 -1.1615e+00 +3.2411e+00 -1.9120e+00 +3.7134e+00
108 +1.904919233e+02 +1.904919233e+02 +2.123919233e+02 +2.123919233e+02 +1.6138e+00 -1.3189e+00 +3.1797e+00 -2.0018e+00 +3.4741e+00
110 +1.759071170e+02 +1.759071170e+02 +1.978071170e+02 +1.978071170e+02 +1.5747e+00 -1.7230e+00 +3.5534e+00 -1.4195e+00 +3.5626e+00
119 +7.164513399e+01 +7.164513399e+01 +9.354513399e+01 +9.354513399e+01 +2.5999e+00 -1.6809e+00 +3.5156e+00 -1.5272e+00 +3.1342e+00
162 +4.458575674e+01 +4.458575674e+01 +6.648575674e+01 +6.648575674e+01 +3.1298e+00 -1.3965e+00 +3.7928e+00 -1.4765e+00 +3.4213e+00
248 +2.386599324e+01 +2.386599324e+01 +4.576599324e+01 +4.576599324e+01 +3.2180e+00 -1.4542e+00 +3.5486e+00 -1.5816e+00 +3.3677e+00
294 +2.213805626e+01 +2.213805626e+01 +4.403805626e+01 +4.403805626e+01 +3.2957e+00 -1.3177e+00 +3.7271e+00 -1.5316e+00 +3.5509e+00
305 +1.578771748e+01 +1.578771748e+01 +3.768771748e+01 +3.768771748e+01 +3.4058e+00 -1.2952e+00 +3.6897e+00 -1.5597e+00 +3.5207e+00
313 +1.430165267e+01 +1.430165267e+01 +3.620165267e+01 +3.620165267e+01 +3.3608e+00 -1.3133e+00 +3.6536e+00 -1.5761e+00 +3.5278e+00
319 +1.162691375e+01 +1.162691375e+01 +3.352691375e+01 +3.352691375e+01 +3.3713e+00 -1.3252e+00 +3.6820e+00 -1.6745e+00 +3.5152e+00
371 +1.035051457e+01 +1.035051457e+01 +3.225051457e+01 +3.225051457e+01 +3.3459e+00 -1.3638e+00 +3.6382e+00 -1.6027e+00 +3.4553e+00
401 +9.689887547e+00 +9.689887547e+00 +3.158988755e+01 +3.158988755e+01 +3.2973e+00 -1.3446e+00 +3.6745e+00 -1.6085e+00 +3.5258e+00
407 +8.928910607e+00 +8.928910607e+00 +3.082891061e+01 +3.082891061e+01 +3.3109e+00 -1.3473e+00 +3.6496e+00 -1.6069e+00 +3.5266e+00
410 +7.998374330e+00 +7.998374330e+00 +2.989837433e+01 +2.989837433e+01 +3.3038e+00 -1.3349e+00 +3.6570e+00 -1.6335e+00 +3.4884e+00
416 +5.841102514e+00 +5.841102514e+00 +2.774110251e+01 +2.774110251e+01 +3.2957e+00 -1.3225e+00 +3.6322e+00 -1.6211e+00 +3.4885e+00
426 +5.545893115e+00 +5.545893115e+00 +2.744589311e+01 +2.744589311e+01 +3.3115e+00 -1.3204e+00 +3.6409e+00 -1.6387e+00 +3.4990e+00
439 +4.534754060e+00 +4.534754060e+00 +2.643475406e+01 +2.643475406e+01 +3.2927e+00 -1.3372e+00 +3.6430e+00 -1.6209e+00 +3.4851e+00
444 +4.003754974e+00 +4.003754974e+00 +2.590375497e+01 +2.590375497e+01 +3.3029e+00 -1.3421e+00 +3.6480e+00 -1.6057e+00 +3.4784e+00
453 +2.658581401e+00 +2.658581401e+00 +2.455858140e+01 +2.455858140e+01 +3.2897e+00 -1.3438e+00 +3.6442e+00 -1.5950e+00 +3.4829e+00
460 +1.946772660e+00 +1.946772660e+00 +2.384677266e+01 +2.384677266e+01 +3.2877e+00 -1.3451e+00 +3.6424e+00 -1.6023e+00 +3.4855e+00
584 +1.877762012e+00 +1.877762012e+00 +2.377776201e+01 +2.377776201e+01 +3.2916e+00 -1.3453e+00 +3.6403e+00 -1.6063e+00 +3.4872e+00
594 +1.658430482e+00 +1.658430482e+00 +2.355843048e+01 +2.355843048e+01 +3.2942e+00 -1.3433e+00 +3.6414e+00 -1.6080e+00 +3.4881e+00
604 +1.583502358e+00 +1.583502358e+00 +2.348350236e+01 +2.348350236e+01 +3.2939e+00 -1.3443e+00 +3.6414e+00 -1.6093e+00 +3.4884e+00
637 +1.517948388e+00 +1.517948388e+00 +2.341794839e+01 +2.341794839e+01 +3.2934e+00 -1.3438e+00 +3.6406e+00 -1.6098e+00 +3.4884e+00
707 +1.504469674e+00 +1.504469674e+00 +2.340446967e+01 +2.340446967e+01 +3.2918e+00 -1.3437e+00 +3.6410e+00 -1.6085e+00 +3.4873e+00
735 +1.452858644e+00 +1.452858644e+00 +2.335285864e+01 +2.335285864e+01 +3.2922e+00 -1.3437e+00 +3.6408e+00 -1.6086e+00 +3.4875e+00
757 +1.443464576e+00 +1.443464576e+00 +2.334346458e+01 +2.334346458e+01 +3.2921e+00 -1.3438e+00 +3.6410e+00 -1.6084e+00 +3.4876e+00
791 +1.407421634e+00 +1.407421634e+00 +2.330742163e+01 +2.330742163e+01 +3.2918e+00 -1.3439e+00 +3.6408e+00 -1.6087e+00 +3.4877e+00
% function evaluation | noise-free fitness - Fopt (-3.787000000000e+01) | best noise-free fitness - Fopt | measured fitness | best measured fitness | x1 | x2...
1 +1.414295802e+03 +1.414295802e+03 +1.376425802e+03 +1.376425802e+03 +0.0000e+00 +0.0000e+00 +0.0000e+00 +0.0000e+00 +0.0000e+00
4 +1.285964488e+03 +1.285964488e+03 +1.248094488e+03 +1.248094488e+03 -5.2327e-01 -3.4401e-02 +8.1268e-01 -6.9345e-01 -1.6148e-01
5 +1.111188012e+03 +1.111188012e+03 +1.073318012e+03 +1.073318012e+03 +1.1722e+00 -1.4354e+00 -2.5808e-01 -3.6330e-01 -2.8321e-01
13 +1.048825183e+03 +1.048825183e+03 +1.010955183e+03 +1.010955183e+03 +1.5117e-01 -1.1447e+00 +1.3792e+00 -2.7071e-01 -7.8409e-01
16 +9.438542085e+02 +9.438542085e+02 +9.059842085e+02 +9.059842085e+02 +2.4193e+00 -1.8709e+00 -3.2916e-01 -2.3358e-01 -6.8507e-01
24 +5.992658510e+02 +5.992658510e+02 +5.613958510e+02 +5.613958510e+02 +3.0400e+00 -2.3992e+00 +1.0200e+00 -1.9105e-01 +3.3435e-01
32 +5.525186399e+02 +5.525186399e+02 +5.146486399e+02 +5.146486399e+02 +4.3622e+00 -3.8306e+00 +3.4946e+00 -1.2153e+00 -9.4296e-01
33 +5.201781286e+02 +5.201781286e+02 +4.823081286e+02 +4.823081286e+02 +4.5942e+00 -2.7286e+00 +4.1830e-01 -5.0230e-02 -7.9169e-02
36 +4.123577601e+02 +4.123577601e+02 +3.744877601e+02 +3.744877601e+02 +3.0795e+00 -1.4993e+00 +1.6890e+00 -1.6671e+00 -5.4357e-01
46 +4.039854617e+02 +4.039854617e+02 +3.661154617e+02 +3.661154617e+02 +3.9622e+00 -1.9433e+00 +1.4938e+00 -1.4273e+00 -1.6968e+00
51 +2.771666792e+02 +2.771666792e+02 +2.392966792e+02 +2.392966792e+02 +4.2066e+00 -1.1578e+00 +2.1528e+00 -1.8159e+00 -1.0897e+00
56 +2.217469223e+02 +2.217469223e+02 +1.838769223e+02 +1.838769223e+02 +4.0472e+00 -1.8224e+00 +2.5176e+00 -1.4892e+00 -1.2458e+00
58 +1.863609679e+02 +1.863609679e+02 +1.484909679e+02 +1.484909679e+02 +4.2974e+00 -4.6310e-01 +3.2063e+00 -2.1525e+00 +3.7559e-01
86 +1.574184619e+02 +1.574184619e+02 +1.195484619e+02 +1.195484619e+02 +4.5862e+00 -3.5234e-01 +3.8568e+00 -5.1097e-01 +2.6107e-01
105 +1.257001161e+02 +1.257001161e+02 +8.783011610e+01 +8.783011610e+01 +5.4626e+00 -1.8161e+00 +2.7066e+00 -3.5678e-01 -2.8494e-01
120 +8.518653510e+01 +8.518653510e+01 +4.731653510e+01 +4.731653510e+01 +5.2997e+00 -8.8315e-01 +2.6877e+00 -7.2876e-01 +2.5180e-01
148 +6.789864694e+01 +6.789864694e+01 +3.002864694e+01 +3.002864694e+01 +4.0520e+00 -1.2429e+00 +3.2634e+00 -1.0614e+00 -1.9157e-01
176 +4.003687905e+01 +4.003687905e+01 +2.166879047e+00 +2.166879047e+00 +4.4824e+00 -8.9557e-01 +3.1665e+00 -1.1489e+00 +6.3661e-02
235 +3.575397794e+01 +3.575397794e+01 -2.116022057e+00 -2.116022057e+00 +4.0019e+00 -7.5386e-01 +3.6247e+00 -1.2731e+00 -9.6593e-02
242 +2.076913308e+01 +2.076913308e+01 -1.710086692e+01 -1.710086692e+01 +3.7344e+00 -5.5899e-01 +3.8641e+00 -1.3246e+00 +1.7259e-01
298 +1.684569946e+01 +1.684569946e+01 -2.102430054e+01 -2.102430054e+01 +4.1691e+00 -6.9505e-01 +3.5190e+00 -1.1744e+00 +9.4002e-02
368 +1.246686919e+01 +1.246686919e+01 -2.540313081e+01 -2.540313081e+01 +4.1735e+00 -7.7376e-01 +3.5051e+00 -1.1136e+00 +6.4325e-02
433 +9.015746290e+00 +9.015746290e+00 -2.885425371e+01 -2.885425371e+01 +4.1908e+00 -7.9355e-01 +3.4301e+00 -1.1208e+00 +8.4912e-02
434 +7.632015750e+00 +7.632015750e+00 -3.023798425e+01 -3.023798425e+01 +4.2044e+00 -7.7929e-01 +3.4387e+00 -1.1413e+00 +7.2715e-02
479 +7.402156941e+00 +7.402156941e+00 -3.046784306e+01 -3.046784306e+01 +4.1591e+00 -7.9261e-01 +3.4502e+00 -1.1533e+00 +7.0679e-02
509 +6.701495545e+00 +6.701495545e+00 -3.116850445e+01 -3.116850445e+01 +4.0856e+00 -7.5827e-01 +3.4956e+00 -1.1805e+00 +7.4221e-02
526 +5.385620652e+00 +5.385620652e+00 -3.248437935e+01 -3.248437935e+01 +4.0926e+00 -7.7198e-01 +3.5009e+00 -1.1631e+00 +7.9997e-02
579 +4.973763363e+00 +4.973763363e+00 -3.289623664e+01 -3.289623664e+01 +4.0627e+00 -7.6240e-01 +3.5275e+00 -1.1846e+00 +7.6976e-02
593 +4.812347486e+00 +4.812347486e+00 -3.305765251e+01 -3.305765251e+01 +4.0536e+00 -7.3742e-01 +3.5308e+00 -1.2024e+00 +8.8052e-02
596 +4.757758943e+00 +4.757758943e+00 -3.311224106e+01 -3.311224106e+01 +4.0746e+00 -7.6101e-01 +3.5222e+00 -1.1808e+00 +8.5212e-02
597 +4.638817162e+00 +4.638817162e+00 -3.323118284e+01 -3.323118284e+01 +4.0799e+00 -7.5841e-01 +3.5168e+00 -1.1859e+00 +8.0984e-02
599 +3.846840506e+00 +3.846840506e+00 -3.402315949e+01 -3.402315949e+01 +4.0563e+00 -7.5049e-01 +3.5282e+00 -1.1895e+00 +8.6543e-02
603 +3.745211212e+00 +3.745211212e+00 -3.412478879e+01 -3.412478879e+01 +4.0537e+00 -7.4098e-01 +3.5306e+00 -1.1940e+00 +9.1545e-02
605 +3.616489252e+00 +3.616489252e+00 -3.425351075e+01 -3.425351075e+01 +4.0461e+00 -7.4436e-01 +3.5399e+00 -1.1891e+00 +8.9824e-02
640 +3.433153446e+00 +3.433153446e+00 -3.443684655e+01 -3.443684655e+01 +4.0599e+00 -7.4837e-01 +3.5289e+00 -1.1889e+00 +8.7052e-02
730 +3.275964462e+00 +3.275964462e+00 -3.459403554e+01 -3.459403554e+01 +4.0686e+00 -7.5167e-01 +3.5249e+00 -1.1818e+00 +8.7051e-02
807 +3.223610405e+00 +3.223610405e+00 -3.464638960e+01 -3.464638960e+01 +4.0711e+00 -7.4998e-01 +3.5255e+00 -1.1804e+00 +8.7893e-02
833 +3.079973593e+00 +3.079973593e+00 -3.479002641e+01 -3.479002641e+01 +4.0697e+00 -7.4835e-01 +3.5249e+00 -1.1827e+00 +8.8097e-02
849 +2.956132745e+00 +2.956132745e+00 -3.491386726e+01 -3.491386726e+01 +4.0712e+00 -7.4878e-01 +3.5237e+00 -1.1828e+00 +8.8653e-02
861 +2.948587410e+00 +2.948587410e+00 -3.492141259e+01 -3.492141259e+01 +4.0706e+00 -7.4822e-01 +3.5248e+00 -1.1831e+00 +8.9880e-02
893 +2.863788698e+00 +2.863788698e+00 -3.500621130e+01 -3.500621130e+01 +4.0703e+00 -7.4855e-01 +3.5249e+00 -1.1828e+00 +8.9375e-02
1098 +2.814116085e+00 +2.814116085e+00 -3.505588391e+01 -3.505588391e+01 +4.0705e+00 -7.4871e-01 +3.5248e+00 -1.1828e+00 +8.8965e-02
