% function evaluation | noise-free fitness - Fopt (-1.694000000000e+01) | best noise-free fitness - Fopt | measured fitness | best measured fitness | x1 | x2...
1 +6.848493586e+01 +6.848493586e+01 +5.154493586e+01 +5.154493586e+01
2 +4.806710906e+01 +4.806710906e+01 +3.112710906e+01 +3.112710906e+01
4 +4.481034850e+01 +4.481034850e+01 +2.787034850e+01 +2.787034850e+01
29 +4.224563575e+01 +4.224563575e+01 +2.530563575e+01 +2.530563575e+01
35 +3.616870740e+01 +3.616870740e+01 +1.922870740e+01 +1.922870740e+01
520 +3.433765253e+01 +3.433765253e+01 +1.739765253e+01 +1.739765253e+01
528 +3.307730175e+01 +3.307730175e+01 +1.613730175e+01 +1.613730175e+01
554 +3.032032569e+01 +3.032032569e+01 +1.338032569e+01 +1.338032569e+01
1330 +3.015669585e+01 +3.015669585e+01 +1.321669585e+01 +1.321669585e+01
1332 +2.873611059e+01 +2.873611059e+01 +1.179611059e+01 +1.179611059e+01
1380 +2.767731540e+01 +2.767731540e+01 +1.073731540e+01 +1.073731540e+01
1437 +2.612489791e+01 +2.612489791e+01 +9.184897914e+00 +9.184897914e+00
1494 +2.544847330e+01 +2.544847330e+01 +8.508473304e+00 +8.508473304e+00
1542 +2.440810697e+01 +2.440810697e+01 +7.468106972e+00 +7.468106972e+00
2464 +2.347858417e+01 +2.347858417e+01 +6.538584168e+00 +6.538584168e+00
2477 +2.329739303e+01 +2.329739303e+01 +6.357393031e+00 +6.357393031e+00
2480 +2.252516451e+01 +2.252516451e+01 +5.585164510e+00 +5.585164510e+00
2494 +2.194693924e+01 +2.194693924e+01 +5.006939240e+00 +5.006939240e+00
2520 +2.076934820e+01 +2.076934820e+01 +3.829348201e+00 +3.829348201e+00
2609 +1.949276183e+01 +1.949276183e+01 +2.552761829e+00 +2.552761829e+00
3000 +1.863899563e+01 +1.863899563e+01 +1.698995627e+00 +1.698995627e+00
3073 +1.830210745e+01 +1.830210745e+01 +1.362107448e+00 +1.362107448e+00
3192 +1.812669294e+01 +1.812669294e+01 +1.186692939e+00 +1.186692939e+00
3210 +1.774330886e+01 +1.774330886e+01 +8.033088630e-01 +8.033088630e-01
3531 +1.736739850e+01 +1.736739850e+01 +4.273985008e-01 +4.273985008e-01
3635 +1.650886410e+01 +1.650886410e+01 -4.311358976e-01 -4.311358976e-01
3731 +1.617534799e+01 +1.617534799e+01 -7.646520127e-01 -7.646520127e-01
3747 +1.584832236e+01 +1.584832236e+01 -1.091677640e+00 -1.091677640e+00
3859 +1.516006365e+01 +1.516006365e+01 -1.779936345e+00 -1.779936345e+00
4138 +1.498129048e+01 +1.498129048e+01 -1.958709517e+00 -1.958709517e+00
4174 +1.461591819e+01 +1.461591819e+01 -2.324081808e+00 -2.324081808e+00
4183 +1.443104017e+01 +1.443104017e+01 -2.508959831e+00 -2.508959831e+00
4380 +1.391634882e+01 +1.391634882e+01 -3.023651183e+00 -3.023651183e+00
4414 +1.376133463e+01 +1.376133463e+01 -3.178665369e+00 -3.178665369e+00
4453 +1.336716962e+01 +1.336716962e+01 -3.572830380e+00 -3.572830380e+00
4811 +1.316554157e+01 +1.316554157e+01 -3.774458427e+00 -3.774458427e+00
6609 +1.286735536e+01 +1.286735536e+01 -4.072644636e+00 -4.072644636e+00
7863 +1.258256115e+01 +1.258256115e+01 -4.357438852e+00 -4.357438852e+00
% function evaluation | noise-free fitness - Fopt (1.881000000000e+01) | best noise-free fitness - Fopt | measured fitness | best measured fitness | x1 | x2...
1 +1.193479292e+02 +1.193479292e+02 +1.381579292e+02 +1.381579292e+02
2 +8.804288989e+01 +8.804288989e+01 +1.068528899e+02 +1.068528899e+02
15 +8.672656849e+01 +8.672656849e+01 +1.055365685e+02 +1.055365685e+02
23 +7.878233749e+01 +7.878233749e+01 +9.759233749e+01 +9.759233749e+01
27 +7.232160394e+01 +7.232160394e+01 +9.113160394e+01 +9.113160394e+01
71 +6.956697039e+01 +6.956697039e+01 +8.837697039e+01 +8.837697039e+01
87 +6.867696202e+01 +6.867696202e+01 +8.748696202e+01 +8.748696202e+01
96 +6.575939459e+01 +6.575939459e+01 +8.456939459e+01 +8.456939459e+01
113 +6.405071678e+01 +6.405071678e+01 +8.286071678e+01 +8.286071678e+01
121 +6.228871678e+01 +6.228871678e+01 +8.109871678e+01 +8.109871678e+01
124 +5.570325081e+01 +5.570325081e+01 +7.451325081e+01 +7.451325081e+01
185 +5.129254220e+01 +5.129254220e+01 +7.010254220e+01 +7.010254220e+01
208 +4.330920140e+01 +4.330920140e+01 +6.211920140e+01 +6.211920140e+01
224 +4.132311780e+01 +4.132311780e+01 +6.013311780e+01 +6.013311780e+01
320 +4.066801984e+01 +4.066801984e+01 +5.947801984e+01 +5.947801984e+01
354 +3.734758490e+01 +3.734758490e+01 +5.615758490e+01 +5.615758490e+01
384 +3.625132210e+01 +3.625132210e+01 +5.506132210e+01 +5.506132210e+01
387 +3.376090295e+01 +3.376090295e+01 +5.257090295e+01 +5.257090295e+01
507 +3.187629645e+01 +3.187629645e+01 +5.068629645e+01 +5.068629645e+01
719 +3.103212462e+01 +3.103212462e+01 +4.984212462e+01 +4.984212462e+01
1133 +3.041807882e+01 +3.041807882e+01 +4.922807882e+01 +4.922807882e+01
1181 +2.839616266e+01 +2.839616266e+01 +4.720616266e+01 +4.720616266e+01
1245 +2.656164820e+01 +2.656164820e+01 +4.537164820e+01 +4.537164820e+01
1263 +2.530462580e+01 +2.530462580e+01 +4.411462580e+01 +4.411462580e+01
1272 +2.478058366e+01 +2.478058366e+01 +4.359058366e+01 +4.359058366e+01
1279 +2.373801786e+01 +2.373801786e+01 +4.254801786e+01 +4.254801786e+01
1405 +2.323530098e+01 +2.323530098e+01 +4.204530098e+01 +4.204530098e+01
1476 +2.287584799e+01 +2.287584799e+01 +4.168584799e+01 +4.168584799e+01
1489 +2.109086737e+01 +2.109086737e+01 +3.990086737e+01 +3.990086737e+01
2143 +2.027096634e+01 +2.027096634e+01 +3.908096634e+01 +3.908096634e+01
2162 +1.860905934e+01 +1.860905934e+01 +3.741905934e+01 +3.741905934e+01
2267 +1.813233088e+01 +1.813233088e+01 +3.694233088e+01 +3.694233088e+01
3038 +1.744617821e+01 +1.744617821e+01 +3.625617821e+01 +3.625617821e+01
3839 +1.547603674e+01 +1.547603674e+01 +3.428603674e+01 +3.428603674e+01
3886 +1.506311186e+01 +1.506311186e+01 +3.387311186e+01 +3.387311186e+01
3900 +1.457908815e+01 +1.457908815e+01 +3.338908815e+01 +3.338908815e+01
3906 +1.423987706e+01 +1.423987706e+01 +3.304987706e+01 +3.304987706e+01
5748 +1.390233812e+01 +1.390233812e+01 +3.271233812e+01 +3.271233812e+01
5754 +1.296035003e+01 +1.296035003e+01 +3.177035003e+01 +3.177035003e+01
5811 +1.245386841e+01 +1.245386841e+01 +3.126386841e+01 +3.126386841e+01
5980 +1.215018693e+01 +1.215018693e+01 +3.096018693e+01 +3.096018693e+01
5997 +1.159236072e+01 +1.159236072e+01 +3.040236072e+01 +3.040236072e+01
6024 +1.126380516e+01 +1.126380516e+01 +3.007380516e+01 +3.007380516e+01
6059 +1.080558840e+01 +1.080558840e+01 +2.961558840e+01 +2.961558840e+01
6301 +1.066491162e+01 +1.066491162e+01 +2.947491162e+01 +2.947491162e+01
6512 +1.033800032e+01 +1.033800032e+01 +2.914800032e+01 +2.914800032e+01
6612 +1.019450229e+01 +1.019450229e+01 +2.900450229e+01 +2.900450229e+01
6697 +9.936078666e+00 +9.936078666e+00 +2.874607867e+01 +2.874607867e+01
7050 +9.691084924e+00 +9.691084924e+00 +2.850108492e+01 +2.850108492e+01
7059 +9.293800473e+00 +9.293800473e+00 +2.810380047e+01 +2.810380047e+01
7224 +9.064874616e+00 +9.064874616e+00 +2.787487462e+01 +2.787487462e+01
7615 +8.803584334e+00 +8.803584334e+00 +2.761358433e+01 +2.761358433e+01
7825 +8.690009701e+00 +8.690009701e+00 +2.750000970e+01 +2.750000970e+01
8240 +8.509693573e+00 +8.509693573e+00 +2.731969357e+01 +2.731969357e+01
8586 +8.300511496e+00 +8.300511496e+00 +2.711051150e+01 +2.711051150e+01
9220 +8.124647331e+00 +8.124647331e+00 +2.693464733e+01 +2.693464733e+01
10026 +7.942567565e+00 +7.942567565e+00 +2.675256757e+01 +2.675256757e+01
11194 +7.760491127e+00 +7.760491127e+00 +2.657049113e+01 +2.657049113e+01
13478 +7.585022645e+00 +7.585022645e+00 +2.639502264e+01 +2.639502264e+01
19598 +7.412907327e+00 +7.412907327e+00 +2.622290733e+01 +2.622290733e+01
47306 +7.244290600e+00 +7.244290600e+00 +2.605429060e+01 +2.605429060e+01
% function evaluation | noise-free fitness - Fopt (2.731500000000e+02) | best noise-free fitness - Fopt | measured fitness | best measured fitness | x1 | x2...
1 +7.718376282e+01 +7.718376282e+01 +3.503337628e+02 +3.503337628e+02
3 +7.560799598e+01 +7.560799598e+01 +3.487579960e+02 +3.487579960e+02
9 +7.369364500e+01 +7.369364500e+01 +3.468436450e+02 +3.468436450e+02
14 +6.781062541e+01 +6.781062541e+01 +3.409606254e+02 +3.409606254e+02
16 +6.213730327e+01 +6.213730327e+01 +3.352873033e+02 +3.352873033e+02
21 +5.753324888e+01 +5.753324888e+01 +3.306832489e+02 +3.306832489e+02
36 +5.371640941e+01 +5.371640941e+01 +3.268664094e+02 +3.268664094e+02
44 +5.133598591e+01 +5.133598591e+01 +3.244859859e+02 +3.244859859e+02
297 +4.785030988e+01 +4.785030988e+01 +3.210003099e+02 +3.210003099e+02
1372 +4.573240714e+01 +4.573240714e+01 +3.188824071e+02 +3.188824071e+02
2009 +4.394442596e+01 +4.394442596e+01 +3.170944260e+02 +3.170944260e+02
2011 +4.304831661e+01 +4.304831661e+01 +3.161983166e+02 +3.161983166e+02
2036 +4.093602498e+01 +4.093602498e+01 +3.140860250e+02 +3.140860250e+02
2398 +3.929146371e+01 +3.929146371e+01 +3.124414637e+02 +3.124414637e+02
2641 +3.716541482e+01 +3.716541482e+01 +3.103154148e+02 +3.103154148e+02
3003 +3.695458375e+01 +3.695458375e+01 +3.101045837e+02 +3.101045837e+02
3005 +3.519562099e+01 +3.519562099e+01 +3.083456210e+02 +3.083456210e+02
3107 +3.442311933e+01 +3.442311933e+01 +3.075731193e+02 +3.075731193e+02
3362 +3.375376951e+01 +3.375376951e+01 +3.069037695e+02 +3.069037695e+02
3373 +3.306674183e+01 +3.306674183e+01 +3.062167418e+02 +3.062167418e+02
3657 +3.231706768e+01 +3.231706768e+01 +3.054670677e+02 +3.054670677e+02
3827 +3.160471886e+01 +3.160471886e+01 +3.047547189e+02 +3.047547189e+02
4208 +3.090014394e+01 +3.090014394e+01 +3.040501439e+02 +3.040501439e+02
4660 +3.019530947e+01 +3.019530947e+01 +3.033453095e+02 +3.033453095e+02
5401 +2.951077852e+01 +2.951077852e+01 +3.026607785e+02 +3.026607785e+02
6246 +2.882841933e+01 +2.882841933e+01 +3.019784193e+02 +3.019784193e+02
7783 +2.817790829e+01 +2.817790829e+01 +3.013279083e+02 +3.013279083e+02
9252 +2.754186407e+01 +2.754186407e+01 +3.006918641e+02 +3.006918641e+02
16411 +2.691533277e+01 +2.691533277e+01 +3.000653328e+02 +3.000653328e+02
% function evaluation | noise-free fitness - Fopt (3.718000000000e+01) | best noise-free fitness - Fopt | measured fitness | best measured fitness | x1 | x2...
1 +7.400353513e+01 +7.400353513e+01 +1.111835351e+02 +1.111835351e+02
3 +7.048290008e+01 +7.048290008e+01 +1.076629001e+02 +1.076629001e+02
4 +6.327161927e+01 +6.327161927e+01 +1.004516193e+02 +1.004516193e+02
6 +4.954612808e+01 +4.954612808e+01 +8.672612808e+01 +8.672612808e+01
12 +4.746022583e+01 +4.746022583e+01 +8.464022583e+01 +8.464022583e+01
22 +4.275942817e+01 +4.275942817e+01 +7.993942817e+01 +7.993942817e+01
34 +3.821768506e+01 +3.821768506e+01 +7.539768506e+01 +7.539768506e+01
307 +3.794235554e+01 +3.794235554e+01 +7.512235554e+01 +7.512235554e+01
329 +3.407341644e+01 +3.407341644e+01 +7.125341644e+01 +7.125341644e+01
376 +3.315066352e+01 +3.315066352e+01 +7.033066352e+01 +7.033066352e+01
422 +3.276802909e+01 +3.276802909e+01 +6.994802909e+01 +6.994802909e+01
440 +2.897208607e+01 +2.897208607e+01 +6.615208607e+01 +6.615208607e+01
445 +2.686582984e+01 +2.686582984e+01 +6.404582984e+01 +6.404582984e+01
480 +2.224324836e+01 +2.224324836e+01 +5.942324836e+01 +5.942324836e+01
1271 +2.179481917e+01 +2.179481917e+01 +5.897481917e+01 +5.897481917e+01
1295 +2.137068595e+01 +2.137068595e+01 +5.855068595e+01 +5.855068595e+01
1304 +2.019831975e+01 +2.019831975e+01 +5.737831975e+01 +5.737831975e+01
1498 +1.995007625e+01 +1.995007625e+01 +5.713007625e+01 +5.713007625e+01
1515 +1.882609981e+01 +1.882609981e+01 +5.600609981e+01 +5.600609981e+01
1537 +1.853297884e+01 +1.853297884e+01 +5.571297884e+01 +5.571297884e+01
1555 +1.772218271e+01 +1.772218271e+01 +5.490218271e+01 +5.490218271e+01
1572 +1.653819392e+01 +1.653819392e+01 +5.371819392e+01 +5.371819392e+01
1601 +1.546816865e+01 +1.546816865e+01 +5.264816865e+01 +5.264816865e+01
2097 +1.512289350e+01 +1.512289350e+01 +5.230289350e+01 +5.230289350e+01
2208 +1.436005244e+01 +1.436005244e+01 +5.154005244e+01 +5.154005244e+01
2265 +1.383901935e+01 +1.383901935e+01 +5.101901935e+01 +5.101901935e+01
2276 +1.336895254e+01 +1.336895254e+01 +5.054895254e+01 +5.054895254e+01
2301 +1.278530151e+01 +1.278530151e+01 +4.996530151e+01 +4.996530151e+01
2317 +1.110989660e+01 +1.110989660e+01 +4.828989660e+01 +4.828989660e+01
4052 +1.092741172e+01 +1.092741172e+01 +4.810741172e+01 +4.810741172e+01
4204 +1.071329991e+01 +1.071329991e+01 +4.789329991e+01 +4.789329991e+01
4259 +1.028231927e+01 +1.028231927e+01 +4.746231927e+01 +4.746231927e+01
4263 +1.021177355e+01 +1.021177355e+01 +4.739177355e+01 +4.739177355e+01
4455 +9.944261175e+00 +9.944261175e+00 +4.712426118e+01 +4.712426118e+01
4476 +9.754515033e+00 +9.754515033e+00 +4.693451503e+01 +4.693451503e+01
4806 +9.546511017e+00 +9.546511017e+00 +4.672651102e+01 +4.672651102e+01
5475 +9.332489103e+00 +9.332489103e+00 +4.651248910e+01 +4.651248910e+01
7300 +9.119108104e+00 +9.119108104e+00 +4.629910810e+01 +4.629910810e+01
9755 +8.909370707e+00 +8.909370707e+00 +4.608937071e+01 +4.608937071e+01
13296 +8.708840920e+00 +8.708840920e+00 +4.588884092e+01 +4.588884092e+01
20623 +8.511308637e+00 +8.511308637e+00 +4.569130864e+01 +4.569130864e+01
% function evaluation | noise-free fitness - Fopt (-1.479000000000e+02) | best noise-free fitness - Fopt | measured fitness | best measured fitness | x1 | x2...
1 +6.771889539e+01 +6.771889539e+01 -8.018110461e+01 -8.018110461e+01
2 +5.438398870e+01 +5.438398870e+01 -9.351601130e+01 -9.351601130e+01
153 +5.334898709e+01 +5.334898709e+01 -9.455101291e+01 -9.455101291e+01
167 +5.176110279e+01 +5.176110279e+01 -9.613889721e+01 -9.613889721e+01
388 +4.869262091e+01 +4.869262091e+01 -9.920737909e+01 -9.920737909e+01
501 +4.367208567e+01 +4.367208567e+01 -1.042279143e+02 -1.042279143e+02
547 +4.064324180e+01 +4.064324180e+01 -1.072567582e+02 -1.072567582e+02
559 +3.539556025e+01 +3.539556025e+01 -1.125044397e+02 -1.125044397e+02
1909 +3.161844782e+01 +3.161844782e+01 -1.162815522e+02 -1.162815522e+02
3115 +3.047960290e+01 +3.047960290e+01 -1.174203971e+02 -1.174203971e+02
4404 +3.001504160e+01 +3.001504160e+01 -1.178849584e+02 -1.178849584e+02
4606 +2.923779473e+01 +2.923779473e+01 -1.186622053e+02 -1.186622053e+02
4621 +2.878678363e+01 +2.878678363e+01 -1.191132164e+02 -1.191132164e+02
4786 +2.818368438e+01 +2.818368438e+01 -1.197163156e+02 -1.197163156e+02
5075 +2.743800007e+01 +2.743800007e+01 -1.204619999e+02 -1.204619999e+02
5358 +2.690847785e+01 +2.690847785e+01 -1.209915221e+02 -1.209915221e+02
6596 +2.630080456e+01 +2.630080456e+01 -1.215991954e+02 -1.215991954e+02
9830 +2.570179147e+01 +2.570179147e+01 -1.221982085e+02 -1.221982085e+02
16421 +2.511862132e+01 +2.511862132e+01 -1.227813787e+02 -1.227813787e+02
% function evaluation | noise-free fitness - Fopt (2.173800000000e+02) | best noise-free fitness - Fopt | measured fitness | best measured fitness | x1 | x2...
1 +5.635075983e+01 +5.635075983e+01 +2.737307598e+02 +2.737307598e+02
4 +5.076662966e+01 +5.076662966e+01 +2.681466297e+02 +2.681466297e+02
21 +4.896376191e+01 +4.896376191e+01 +2.663437619e+02 +2.663437619e+02
74 +4.600023908e+01 +4.600023908e+01 +2.633802391e+02 +2.633802391e+02
94 +4.118096427e+01 +4.118096427e+01 +2.585609643e+02 +2.585609643e+02
105 +4.024596577e+01 +4.024596577e+01 +2.576259658e+02 +2.576259658e+02
106 +3.964801471e+01 +3.964801471e+01 +2.570280147e+02 +2.570280147e+02
1863 +3.686892544e+01 +3.686892544e+01 +2.542489254e+02 +2.542489254e+02
2569 +3.523479801e+01 +3.523479801e+01 +2.526147980e+02 +2.526147980e+02
3583 +3.383910000e+01 +3.383910000e+01 +2.512191000e+02 +2.512191000e+02
3788 +3.292190937e+01 +3.292190937e+01 +2.503019094e+02 +2.503019094e+02
3865 +3.206848250e+01 +3.206848250e+01 +2.494484825e+02 +2.494484825e+02
3906 +3.109260311e+01 +3.109260311e+01 +2.484726031e+02 +2.484726031e+02
3997 +3.061639255e+01 +3.061639255e+01 +2.479963925e+02 +2.479963925e+02
4038 +2.945701099e+01 +2.945701099e+01 +2.468370110e+02 +2.468370110e+02
4312 +2.851558583e+01 +2.851558583e+01 +2.458955858e+02 +2.458955858e+02
4356 +2.787077419e+01 +2.787077419e+01 +2.452507742e+02 +2.452507742e+02
5055 +2.753717063e+01 +2.753717063e+01 +2.449171706e+02 +2.449171706e+02
5623 +2.690652539e+01 +2.690652539e+01 +2.442865254e+02 +2.442865254e+02
6242 +2.628387211e+01 +2.628387211e+01 +2.436638721e+02 +2.436638721e+02
6676 +2.570332928e+01 +2.570332928e+01 +2.430833293e+02 +2.430833293e+02
8198 +2.511370901e+01 +2.511370901e+01 +2.424937090e+02 +2.424937090e+02
11573 +2.454560228e+01 +2.454560228e+01 +2.419256023e+02 +2.419256023e+02
% function evaluation | noise-free fitness - Fopt (1.946900000000e+02) | best noise-free fitness - Fopt | measured fitness | best measured fitness | x1 | x2...
1 +9.537178946e+01 +9.537178946e+01 +2.900617895e+02 +2.900617895e+02
2 +8.727363127e+01 +8.727363127e+01 +2.819636313e+02 +2.819636313e+02
4 +7.849504441e+01 +7.849504441e+01 +2.731850444e+02 +2.731850444e+02
12 +7.212911271e+01 +7.212911271e+01 +2.668191127e+02 +2.668191127e+02
33 +6.833653361e+01 +6.833653361e+01 +2.630265336e+02 +2.630265336e+02
45 +5.522772394e+01 +5.522772394e+01 +2.499177239e+02 +2.499177239e+02
68 +5.105733432e+01 +5.105733432e+01 +2.457473343e+02 +2.457473343e+02
72 +4.819486539e+01 +4.819486539e+01 +2.428848654e+02 +2.428848654e+02
73 +4.639413186e+01 +4.639413186e+01 +2.410841319e+02 +2.410841319e+02
89 +3.898896413e+01 +3.898896413e+01 +2.336789641e+02 +2.336789641e+02
743 +3.616543434e+01 +3.616543434e+01 +2.308554343e+02 +2.308554343e+02
757 +3.479634899e+01 +3.479634899e+01 +2.294863490e+02 +2.294863490e+02
777 +3.421467453e+01 +3.421467453e+01 +2.289046745e+02 +2.289046745e+02
784 +3.242823780e+01 +3.242823780e+01 +2.271182378e+02 +2.271182378e+02
842 +3.187695982e+01 +3.187695982e+01 +2.265669598e+02 +2.265669598e+02
1054 +3.107780355e+01 +3.107780355e+01 +2.257678035e+02 +2.257678035e+02
1409 +3.039992402e+01 +3.039992402e+01 +2.250899240e+02 +2.250899240e+02
1575 +3.016008220e+01 +3.016008220e+01 +2.248500822e+02 +2.248500822e+02
1654 +2.634544101e+01 +2.634544101e+01 +2.210354410e+02 +2.210354410e+02
1839 +2.570225946e+01 +2.570225946e+01 +2.203922595e+02 +2.203922595e+02
1865 +2.498724804e+01 +2.498724804e+01 +2.196772480e+02 +2.196772480e+02
2155 +2.452808144e+01 +2.452808144e+01 +2.192180814e+02 +2.192180814e+02
2176 +2.363559836e+01 +2.363559836e+01 +2.183255984e+02 +2.183255984e+02
2259 +2.306683972e+01 +2.306683972e+01 +2.177568397e+02 +2.177568397e+02
2282 +2.182323647e+01 +2.182323647e+01 +2.165132365e+02 +2.165132365e+02
2523 +2.085403193e+01 +2.085403193e+01 +2.155440319e+02 +2.155440319e+02
2736 +1.997757272e+01 +1.997757272e+01 +2.146675727e+02 +2.146675727e+02
2964 +1.994013572e+01 +1.994013572e+01 +2.146301357e+02 +2.146301357e+02
3103 +1.942712795e+01 +1.942712795e+01 +2.141171280e+02 +2.141171280e+02
3116 +1.865009360e+01 +1.865009360e+01 +2.133400936e+02 +2.133400936e+02
3509 +1.854010570e+01 +1.854010570e+01 +2.132301057e+02 +2.132301057e+02
3667 +1.804001389e+01 +1.804001389e+01 +2.127300139e+02 +2.127300139e+02
3850 +1.774512586e+01 +1.774512586e+01 +2.124351259e+02 +2.124351259e+02
4066 +1.736396737e+01 +1.736396737e+01 +2.120539674e+02 +2.120539674e+02
4777 +1.696289754e+01 +1.696289754e+01 +2.116528975e+02 +2.116528975e+02
5248 +1.658764287e+01 +1.658764287e+01 +2.112776429e+02 +2.112776429e+02
% function evaluation | noise-free fitness - Fopt (-9.443000000000e+01) | best noise-free fitness - Fopt | measured fitness | best measured fitness | x1 | x2...
1 +1.152108077e+02 +1.152108077e+02 +2.078080770e+01 +2.078080770e+01
6 +1.045653959e+02 +1.045653959e+02 +1.013539594e+01 +1.013539594e+01
9 +7.475721095e+01 +7.475721095e+01 -1.967278905e+01 -1.967278905e+01
14 +6.281225281e+01 +6.281225281e+01 -3.161774719e+01 -3.161774719e+01
27 +6.126648255e+01 +6.126648255e+01 -3.316351745e+01 -3.316351745e+01
85 +5.739840162e+01 +5.739840162e+01 -3.703159838e+01 -3.703159838e+01
120 +5.104961532e+01 +5.104961532e+01 -4.338038468e+01 -4.338038468e+01
161 +4.677345754e+01 +4.677345754e+01 -4.765654246e+01 -4.765654246e+01
210 +3.667052986e+01 +3.667052986e+01 -5.775947014e+01 -5.775947014e+01
482 +3.468880172e+01 +3.468880172e+01 -5.974119828e+01 -5.974119828e+01
500 +3.448359418e+01 +3.448359418e+01 -5.994640582e+01 -5.994640582e+01
508 +3.252641343e+01 +3.252641343e+01 -6.190358657e+01 -6.190358657e+01
522 +2.879984932e+01 +2.879984932e+01 -6.563015068e+01 -6.563015068e+01
536 +2.264993880e+01 +2.264993880e+01 -7.178006120e+01 -7.178006120e+01
678 +2.178381816e+01 +2.178381816e+01 -7.264618184e+01 -7.264618184e+01
704 +1.927270876e+01 +1.927270876e+01 -7.515729124e+01 -7.515729124e+01
2572 +1.690655498e+01 +1.690655498e+01 -7.752344502e+01 -7.752344502e+01
2756 +1.630399824e+01 +1.630399824e+01 -7.812600176e+01 -7.812600176e+01
2902 +1.588471997e+01 +1.588471997e+01 -7.854528003e+01 -7.854528003e+01
2912 +1.575899205e+01 +1.575899205e+01 -7.867100795e+01 -7.867100795e+01
3039 +1.539107700e+01 +1.539107700e+01 -7.903892300e+01 -7.903892300e+01
3046 +1.348890744e+01 +1.348890744e+01 -8.094109256e+01 -8.094109256e+01
4170 +1.177577938e+01 +1.177577938e+01 -8.265422062e+01 -8.265422062e+01
6306 +1.174883311e+01 +1.174883311e+01 -8.268116689e+01 -8.268116689e+01
6831 +1.145755203e+01 +1.145755203e+01 -8.297244797e+01 -8.297244797e+01
7152 +1.121667063e+01 +1.121667063e+01 -8.321332937e+01 -8.321332937e+01
8323 +1.096416718e+01 +1.096416718e+01 -8.346583282e+01 -8.346583282e+01
13028 +1.071246145e+01 +1.071246145e+01 -8.371753855e+01 -8.371753855e+01
16408 +1.046666552e+01 +1.046666552e+01 -8.396333448e+01 -8.396333448e+01
17652 +1.023195541e+01 +1.023195541e+01 -8.419804459e+01 -8.419804459e+01
18643 +9.999791453e+00 +9.999791453e+00 -8.443020855e+01 -8.443020855e+01
36977 +9.772308096e+00 +9.772308096e+00 -8.465769190e+01 -8.465769190e+01
% function evaluation | noise-free fitness - Fopt (-1.213000000000e+02) | best noise-free fitness - Fopt | measured fitness | best measured fitness | x1 | x2...
1 +7.315734515e+01 +7.315734515e+01 -4.814265485e+01 -4.814265485e+01
3 +6.693798919e+01 +6.693798919e+01 -5.436201081e+01 -5.436201081e+01
5 +5.467236948e+01 +5.467236948e+01 -6.662763052e+01 -6.662763052e+01
14 +5.361177500e+01 +5.361177500e+01 -6.768822500e+01 -6.768822500e+01
15 +5.160366977e+01 +5.160366977e+01 -6.969633023e+01 -6.969633023e+01
26 +4.258784559e+01 +4.258784559e+01 -7.871215441e+01 -7.871215441e+01
36 +3.800557360e+01 +3.800557360e+01 -8.329442640e+01 -8.329442640e+01
46 +3.558716124e+01 +3.558716124e+01 -8.571283876e+01 -8.571283876e+01
632 +3.416024093e+01 +3.416024093e+01 -8.713975907e+01 -8.713975907e+01
733 +3.293301819e+01 +3.293301819e+01 -8.836698181e+01 -8.836698181e+01
1199 +2.914633278e+01 +2.914633278e+01 -9.215366722e+01 -9.215366722e+01
3743 +2.874298368e+01 +2.874298368e+01 -9.255701632e+01 -9.255701632e+01
3752 +2.812893235e+01 +2.812893235e+01 -9.317106765e+01 -9.317106765e+01
3754 +2.712751833e+01 +2.712751833e+01 -9.417248167e+01 -9.417248167e+01
3844 +2.643539519e+01 +2.643539519e+01 -9.486460481e+01 -9.486460481e+01
3867 +2.538745343e+01 +2.538745343e+01 -9.591254657e+01 -9.591254657e+01
4231 +2.457450396e+01 +2.457450396e+01 -9.672549604e+01 -9.672549604e+01
4259 +2.440075208e+01 +2.440075208e+01 -9.689924792e+01 -9.689924792e+01
4319 +2.395187714e+01 +2.395187714e+01 -9.734812286e+01 -9.734812286e+01
4515 +2.332648838e+01 +2.332648838e+01 -9.797351162e+01 -9.797351162e+01
5008 +2.289290964e+01 +2.289290964e+01 -9.840709036e+01 -9.840709036e+01
5793 +2.238089516e+01 +2.238089516e+01 -9.891910484e+01 -9.891910484e+01
% function evaluation | noise-free fitness - Fopt (-1.000000000000e+03) | best noise-free fitness - Fopt | measured fitness | best measured fitness | x1 | x2...
1 +1.086083457e+02 +1.086083457e+02 -8.913916543e+02 -8.913916543e+02
5 +8.832641813e+01 +8.832641813e+01 -9.116735819e+02 -9.116735819e+02
8 +8.495721041e+01 +8.495721041e+01 -9.150427896e+02 -9.150427896e+02
17 +7.894615208e+01 +7.894615208e+01 -9.210538479e+02 -9.210538479e+02
71 +7.752505440e+01 +7.752505440e+01 -9.224749456e+02 -9.224749456e+02
74 +7.536246798e+01 +7.536246798e+01 -9.246375320e+02 -9.246375320e+02
75 +7.361853524e+01 +7.361853524e+01 -9.263814648e+02 -9.263814648e+02
79 +6.348417156e+01 +6.348417156e+01 -9.365158284e+02 -9.365158284e+02
102 +5.103195609e+01 +5.103195609e+01 -9.489680439e+02 -9.489680439e+02
107 +4.776919260e+01 +4.776919260e+01 -9.522308074e+02 -9.522308074e+02
224 +4.180687094e+01 +4.180687094e+01 -9.581931291e+02 -9.581931291e+02
238 +4.029793827e+01 +4.029793827e+01 -9.597020617e+02 -9.597020617e+02
243 +3.575690409e+01 +3.575690409e+01 -9.642430959e+02 -9.642430959e+02
295 +3.546705545e+01 +3.546705545e+01 -9.645329446e+02 -9.645329446e+02
303 +3.291738166e+01 +3.291738166e+01 -9.670826183e+02 -9.670826183e+02
314 +3.208332921e+01 +3.208332921e+01 -9.679166708e+02 -9.679166708e+02
318 +3.095244486e+01 +3.095244486e+01 -9.690475551e+02 -9.690475551e+02
343 +2.743536542e+01 +2.743536542e+01 -9.725646346e+02 -9.725646346e+02
694 +2.658146731e+01 +2.658146731e+01 -9.734185327e+02 -9.734185327e+02
781 +2.613665222e+01 +2.613665222e+01 -9.738633478e+02 -9.738633478e+02
828 +2.489695484e+01 +2.489695484e+01 -9.751030452e+02 -9.751030452e+02
875 +2.318833146e+01 +2.318833146e+01 -9.768116685e+02 -9.768116685e+02
1105 +2.266799906e+01 +2.266799906e+01 -9.773320009e+02 -9.773320009e+02
1116 +2.065345897e+01 +2.065345897e+01 -9.793465410e+02 -9.793465410e+02
1213 +1.981043526e+01 +1.981043526e+01 -9.801895647e+02 -9.801895647e+02
1617 +1.914908280e+01 +1.914908280e+01 -9.808509172e+02 -9.808509172e+02
1702 +1.852221684e+01 +1.852221684e+01 -9.814777832e+02 -9.814777832e+02
1767 +1.691583136e+01 +1.691583136e+01 -9.830841686e+02 -9.830841686e+02
1916 +1.645276902e+01 +1.645276902e+01 -9.835472310e+02 -9.835472310e+02
1972 +1.600721917e+01 +1.600721917e+01 -9.839927808e+02 -9.839927808e+02
1994 +1.578835164e+01 +1.578835164e+01 -9.842116484e+02 -9.842116484e+02
2075 +1.505986045e+01 +1.505986045e+01 -9.849401395e+02 -9.849401395e+02
2213 +1.429586786e+01 +1.429586786e+01 -9.857041321e+02 -9.857041321e+02
2233 +1.357036558e+01 +1.357036558e+01 -9.864296344e+02 -9.864296344e+02
2243 +1.191298827e+01 +1.191298827e+01 -9.880870117e+02 -9.880870117e+02
3543 +1.165467086e+01 +1.165467086e+01 -9.883453291e+02 -9.883453291e+02
3684 +1.075335460e+01 +1.075335460e+01 -9.892466454e+02 -9.892466454e+02
3717 +1.051917985e+01 +1.051917985e+01 -9.894808202e+02 -9.894808202e+02
3725 +1.030424221e+01 +1.030424221e+01 -9.896957578e+02 -9.896957578e+02
3732 +9.812643376e+00 +9.812643376e+00 -9.901873566e+02 -9.901873566e+02
4012 +9.699195950e+00 +9.699195950e+00 -9.903008041e+02 -9.903008041e+02
4018 +9.101761077e+00 +9.101761077e+00 -9.908982389e+02 -9.908982389e+02
4370 +8.663445720e+00 +8.663445720e+00 -9.913365543e+02 -9.913365543e+02
4452 +8.311693903e+00 +8.311693903e+00 -9.916883061e+02 -9.916883061e+02
4494 +7.986298406e+00 +7.986298406e+00 -9.920137016e+02 -9.920137016e+02
4552 +7.413227683e+00 +7.413227683e+00 -9.925867723e+02 -9.925867723e+02
4571 +7.273141993e+00 +7.273141993e+00 -9.927268580e+02 -9.927268580e+02
5212 +7.130304198e+00 +7.130304198e+00 -9.928696958e+02 -9.928696958e+02
5419 +6.978173276e+00 +6.978173276e+00 -9.930218267e+02 -9.930218267e+02
5441 +6.896920357e+00 +6.896920357e+00 -9.931030796e+02 -9.931030796e+02
5833 +6.749004429e+00 +6.749004429e+00 -9.932509956e+02 -9.932509956e+02
5858 +6.548555050e+00 +6.548555050e+00 -9.934514449e+02 -9.934514449e+02
6355 +6.221172811e+00 +6.221172811e+00 -9.937788272e+02 -9.937788272e+02
6572 +6.116751707e+00 +6.116751707e+00 -9.938832483e+02 -9.938832483e+02
6704 +6.002370442e+00 +6.002370442e+00 -9.939976296e+02 -9.939976296e+02
7165 +5.839534472e+00 +5.839534472e+00 -9.941604655e+02 -9.941604655e+02
7595 +5.748899597e+00 +5.748899597e+00 -9.942511004e+02 -9.942511004e+02
8583 +5.612001286e+00 +5.612001286e+00 -9.943879987e+02 -9.943879987e+02
% function evaluation | noise-free fitness - Fopt (-2.787500000000e+02) | best noise-free fitness - Fopt | measured fitness | best measured fitness | x1 | x2...
1 +9.991059495e+01 +9.991059495e+01 -1.788394050e+02 -1.788394050e+02
10 +8.359427832e+01 +8.359427832e+01 -1.951557217e+02 -1.951557217e+02
15 +7.489425704e+01 +7.489425704e+01 -2.038557430e+02 -2.038557430e+02
25 +7.045417784e+01 +7.045417784e+01 -2.082958222e+02 -2.082958222e+02
33 +6.761428921e+01 +6.761428921e+01 -2.111357108e+02 -2.111357108e+02
35 +6.420294273e+01 +6.420294273e+01 -2.145470573e+02 -2.145470573e+02
39 +6.233786451e+01 +6.233786451e+01 -2.164121355e+02 -2.164121355e+02
42 +6.130426652e+01 +6.130426652e+01 -2.174457335e+02 -2.174457335e+02
44 +6.005329279e+01 +6.005329279e+01 -2.186967072e+02 -2.186967072e+02
50 +5.207390044e+01 +5.207390044e+01 -2.266760996e+02 -2.266760996e+02
79 +4.722490271e+01 +4.722490271e+01 -2.315250973e+02 -2.315250973e+02
107 +4.299496883e+01 +4.299496883e+01 -2.357550312e+02 -2.357550312e+02
170 +4.110240324e+01 +4.110240324e+01 -2.376475968e+02 -2.376475968e+02
667 +4.054974834e+01 +4.054974834e+01 -2.382002517e+02 -2.382002517e+02
766 +3.405486209e+01 +3.405486209e+01 -2.446951379e+02 -2.446951379e+02
772 +2.919098691e+01 +2.919098691e+01 -2.495590131e+02 -2.495590131e+02
780 +2.813297344e+01 +2.813297344e+01 -2.506170266e+02 -2.506170266e+02
1030 +2.745688336e+01 +2.745688336e+01 -2.512931166e+02 -2.512931166e+02
1039 +2.555297935e+01 +2.555297935e+01 -2.531970206e+02 -2.531970206e+02
1110 +2.503347301e+01 +2.503347301e+01 -2.537165270e+02 -2.537165270e+02
1178 +2.240919679e+01 +2.240919679e+01 -2.563408032e+02 -2.563408032e+02
1193 +2.194166677e+01 +2.194166677e+01 -2.568083332e+02 -2.568083332e+02
1197 +2.156996153e+01 +2.156996153e+01 -2.571800385e+02 -2.571800385e+02
1337 +1.935245746e+01 +1.935245746e+01 -2.593975425e+02 -2.593975425e+02
1346 +1.894974714e+01 +1.894974714e+01 -2.598002529e+02 -2.598002529e+02
1442 +1.855119417e+01 +1.855119417e+01 -2.601988058e+02 -2.601988058e+02
1450 +1.666942043e+01 +1.666942043e+01 -2.620805796e+02 -2.620805796e+02
1507 +1.555915531e+01 +1.555915531e+01 -2.631908447e+02 -2.631908447e+02
1612 +1.427445368e+01 +1.427445368e+01 -2.644755463e+02 -2.644755463e+02
1742 +1.383244150e+01 +1.383244150e+01 -2.649175585e+02 -2.649175585e+02
1903 +1.344639290e+01 +1.344639290e+01 -2.653036071e+02 -2.653036071e+02
1933 +1.257362267e+01 +1.257362267e+01 -2.661763773e+02 -2.661763773e+02
3624 +1.230143749e+01 +1.230143749e+01 -2.664485625e+02 -2.664485625e+02
3648 +1.178783410e+01 +1.178783410e+01 -2.669621659e+02 -2.669621659e+02
3772 +1.172432356e+01 +1.172432356e+01 -2.670256764e+02 -2.670256764e+02
3870 +1.137854035e+01 +1.137854035e+01 -2.673714597e+02 -2.673714597e+02
3923 +1.115408495e+01 +1.115408495e+01 -2.675959150e+02 -2.675959150e+02
3988 +1.085511048e+01 +1.085511048e+01 -2.678948895e+02 -2.678948895e+02
4072 +1.045063721e+01 +1.045063721e+01 -2.682993628e+02 -2.682993628e+02
4167 +1.022957012e+01 +1.022957012e+01 -2.685204299e+02 -2.685204299e+02
4379 +9.961595088e+00 +9.961595088e+00 -2.687884049e+02 -2.687884049e+02
4548 +9.661076830e+00 +9.661076830e+00 -2.690889232e+02 -2.690889232e+02
5292 +9.519097137e+00 +9.519097137e+00 -2.692309029e+02 -2.692309029e+02
9683 +9.331877345e+00 +9.331877345e+00 -2.694181227e+02 -2.694181227e+02
% function evaluation | noise-free fitness - Fopt (-1.677000000000e+01) | best noise-free fitness - Fopt | measured fitness | best measured fitness | x1 | x2...
1 +1.005109008e+02 +1.005109008e+02 +8.374090075e+01 +8.374090075e+01
2 +9.948297273e+01 +9.948297273e+01 +8.271297273e+01 +8.271297273e+01
3 +8.723444167e+01 +8.723444167e+01 +7.046444167e+01 +7.046444167e+01
4 +7.250955839e+01 +7.250955839e+01 +5.573955839e+01 +5.573955839e+01
21 +6.274925725e+01 +6.274925725e+01 +4.597925725e+01 +4.597925725e+01
34 +6.131750557e+01 +6.131750557e+01 +4.454750557e+01 +4.454750557e+01
62 +5.798381153e+01 +5.798381153e+01 +4.121381153e+01 +4.121381153e+01
68 +4.733125669e+01 +4.733125669e+01 +3.056125669e+01 +3.056125669e+01
123 +4.655975389e+01 +4.655975389e+01 +2.978975389e+01 +2.978975389e+01
623 +4.413400352e+01 +4.413400352e+01 +2.736400352e+01 +2.736400352e+01
726 +4.082240682e+01 +4.082240682e+01 +2.405240682e+01 +2.405240682e+01
735 +3.646597983e+01 +3.646597983e+01 +1.969597983e+01 +1.969597983e+01
754 +3.448280464e+01 +3.448280464e+01 +1.771280464e+01 +1.771280464e+01
2214 +3.141339889e+01 +3.141339889e+01 +1.464339889e+01 +1.464339889e+01
2418 +2.931989944e+01 +2.931989944e+01 +1.254989944e+01 +1.254989944e+01
2456 +2.616122525e+01 +2.616122525e+01 +9.391225249e+00 +9.391225249e+00
3045 +2.531278438e+01 +2.531278438e+01 +8.542784381e+00 +8.542784381e+00
3576 +2.451676997e+01 +2.451676997e+01 +7.746769967e+00 +7.746769967e+00
3974 +2.372649710e+01 +2.372649710e+01 +6.956497104e+00 +6.956497104e+00
3978 +2.268690772e+01 +2.268690772e+01 +5.916907717e+00 +5.916907717e+00
4054 +2.226522720e+01 +2.226522720e+01 +5.495227205e+00 +5.495227205e+00
4228 +2.186723468e+01 +2.186723468e+01 +5.097234684e+00 +5.097234684e+00
4380 +2.131735730e+01 +2.131735730e+01 +4.547357300e+00 +4.547357300e+00
4500 +2.080436012e+01 +2.080436012e+01 +4.034360122e+00 +4.034360122e+00
4689 +2.030825521e+01 +2.030825521e+01 +3.538255214e+00 +3.538255214e+00
5012 +1.993324726e+01 +1.993324726e+01 +3.163247260e+00 +3.163247260e+00
5572 +1.948913457e+01 +1.948913457e+01 +2.719134569e+00 +2.719134569e+00
6353 +1.904667843e+01 +1.904667843e+01 +2.276678432e+00 +2.276678432e+00
7719 +1.861491432e+01 +1.861491432e+01 +1.844914319e+00 +1.844914319e+00
11316 +1.819680233e+01 +1.819680233e+01 +1.426802333e+00 +1.426802333e+00
% function evaluation | noise-free fitness - Fopt (-8.593000000000e+01) | best noise-free fitness - Fopt | measured fitness | best measured fitness | x1 | x2...
1 +1.428930894e+02 +1.428930894e+02 +5.696308941e+01 +5.696308941e+01
7 +1.254630092e+02 +1.254630092e+02 +3.953300921e+01 +3.953300921e+01
16 +1.171017361e+02 +1.171017361e+02 +3.117173609e+01 +3.117173609e+01
17 +8.829301718e+01 +8.829301718e+01 +2.363017176e+00 +2.363017176e+00
30 +7.218192986e+01 +7.218192986e+01 -1.374807014e+01 -1.374807014e+01
36 +6.792560001e+01 +6.792560001e+01 -1.800439999e+01 -1.800439999e+01
37 +6.203639238e+01 +6.203639238e+01 -2.389360762e+01 -2.389360762e+01
40 +6.094789130e+01 +6.094789130e+01 -2.498210870e+01 -2.498210870e+01
76 +5.943795195e+01 +5.943795195e+01 -2.649204805e+01 -2.649204805e+01
158 +5.390856598e+01 +5.390856598e+01 -3.202143402e+01 -3.202143402e+01
167 +5.093798422e+01 +5.093798422e+01 -3.499201578e+01 -3.499201578e+01
241 +4.505130318e+01 +4.505130318e+01 -4.087869682e+01 -4.087869682e+01
266 +4.333136107e+01 +4.333136107e+01 -4.259863893e+01 -4.259863893e+01
356 +4.216813691e+01 +4.216813691e+01 -4.376186309e+01 -4.376186309e+01
358 +4.143063889e+01 +4.143063889e+01 -4.449936111e+01 -4.449936111e+01
373 +3.874448492e+01 +3.874448492e+01 -4.718551508e+01 -4.718551508e+01
387 +3.457244457e+01 +3.457244457e+01 -5.135755543e+01 -5.135755543e+01
401 +3.275454502e+01 +3.275454502e+01 -5.317545498e+01 -5.317545498e+01
421 +3.091835135e+01 +3.091835135e+01 -5.501164865e+01 -5.501164865e+01
499 +3.051134185e+01 +3.051134185e+01 -5.541865815e+01 -5.541865815e+01
572 +2.728278448e+01 +2.728278448e+01 -5.864721552e+01 -5.864721552e+01
680 +2.673638974e+01 +2.673638974e+01 -5.919361026e+01 -5.919361026e+01
861 +2.474760775e+01 +2.474760775e+01 -6.118239225e+01 -6.118239225e+01
868 +2.452440082e+01 +2.452440082e+01 -6.140559918e+01 -6.140559918e+01
917 +2.228083067e+01 +2.228083067e+01 -6.364916933e+01 -6.364916933e+01
1424 +2.149787198e+01 +2.149787198e+01 -6.443212802e+01 -6.443212802e+01
1437 +2.026787951e+01 +2.026787951e+01 -6.566212049e+01 -6.566212049e+01
1450 +1.720540711e+01 +1.720540711e+01 -6.872459289e+01 -6.872459289e+01
4249 +1.635181112e+01 +1.635181112e+01 -6.957818888e+01 -6.957818888e+01
4271 +1.606474989e+01 +1.606474989e+01 -6.986525011e+01 -6.986525011e+01
4382 +1.475624594e+01 +1.475624594e+01 -7.117375406e+01 -7.117375406e+01
4933 +1.443108061e+01 +1.443108061e+01 -7.149891939e+01 -7.149891939e+01
5086 +1.407702645e+01 +1.407702645e+01 -7.185297355e+01 -7.185297355e+01
5388 +1.377916763e+01 +1.377916763e+01 -7.215083237e+01 -7.215083237e+01
5497 +1.347843234e+01 +1.347843234e+01 -7.245156766e+01 -7.245156766e+01
5614 +1.318037709e+01 +1.318037709e+01 -7.274962291e+01 -7.274962291e+01
5933 +1.287996334e+01 +1.287996334e+01 -7.305003666e+01 -7.305003666e+01
6423 +1.258867226e+01 +1.258867226e+01 -7.334132774e+01 -7.334132774e+01
7074 +1.229914864e+01 +1.229914864e+01 -7.363085136e+01 -7.363085136e+01
14327 +1.202254012e+01 +1.202254012e+01 -7.390745988e+01 -7.390745988e+01
% function evaluation | noise-free fitness - Fopt (4.966000000000e+01) | best noise-free fitness - Fopt | measured fitness | best measured fitness | x1 | x2...
1 +8.026841586e+01 +8.026841586e+01 +1.299284159e+02 +1.299284159e+02
2 +7.688379892e+01 +7.688379892e+01 +1.265437989e+02 +1.265437989e+02
4 +7.463671390e+01 +7.463671390e+01 +1.242967139e+02 +1.242967139e+02
52 +7.078692388e+01 +7.078692388e+01 +1.204469239e+02 +1.204469239e+02
53 +6.719391094e+01 +6.719391094e+01 +1.168539109e+02 +1.168539109e+02
113 +6.246905931e+01 +6.246905931e+01 +1.121290593e+02 +1.121290593e+02
128 +5.653292848e+01 +5.653292848e+01 +1.061929285e+02 +1.061929285e+02
147 +5.331006054e+01 +5.331006054e+01 +1.029700605e+02 +1.029700605e+02
152 +5.167391180e+01 +5.167391180e+01 +1.013339118e+02 +1.013339118e+02
192 +5.114928755e+01 +5.114928755e+01 +1.008092875e+02 +1.008092875e+02
238 +4.668812977e+01 +4.668812977e+01 +9.634812977e+01 +9.634812977e+01
546 +4.410354997e+01 +4.410354997e+01 +9.376354997e+01 +9.376354997e+01
806 +4.361789456e+01 +4.361789456e+01 +9.327789456e+01 +9.327789456e+01
817 +4.119030390e+01 +4.119030390e+01 +9.085030390e+01 +9.085030390e+01
836 +3.893677569e+01 +3.893677569e+01 +8.859677569e+01 +8.859677569e+01
923 +3.859221853e+01 +3.859221853e+01 +8.825221853e+01 +8.825221853e+01
956 +3.471852822e+01 +3.471852822e+01 +8.437852822e+01 +8.437852822e+01
1257 +3.453427161e+01 +3.453427161e+01 +8.419427161e+01 +8.419427161e+01
1551 +3.275972971e+01 +3.275972971e+01 +8.241972971e+01 +8.241972971e+01
1555 +3.178029954e+01 +3.178029954e+01 +8.144029954e+01 +8.144029954e+01
1571 +3.082318274e+01 +3.082318274e+01 +8.048318274e+01 +8.048318274e+01
2552 +2.781086804e+01 +2.781086804e+01 +7.747086804e+01 +7.747086804e+01
3236 +2.712229532e+01 +2.712229532e+01 +7.678229532e+01 +7.678229532e+01
3436 +2.612615744e+01 +2.612615744e+01 +7.578615744e+01 +7.578615744e+01
3443 +2.504487269e+01 +2.504487269e+01 +7.470487269e+01 +7.470487269e+01
4194 +2.443004485e+01 +2.443004485e+01 +7.409004485e+01 +7.409004485e+01
4525 +2.352362250e+01 +2.352362250e+01 +7.318362250e+01 +7.318362250e+01
4558 +2.272812088e+01 +2.272812088e+01 +7.238812088e+01 +7.238812088e+01
5078 +2.237275468e+01 +2.237275468e+01 +7.203275468e+01 +7.203275468e+01
5216 +2.121220327e+01 +2.121220327e+01 +7.087220327e+01 +7.087220327e+01
5626 +2.072599100e+01 +2.072599100e+01 +7.038599100e+01 +7.038599100e+01
5787 +2.014724479e+01 +2.014724479e+01 +6.980724479e+01 +6.980724479e+01
5998 +1.959691467e+01 +1.959691467e+01 +6.925691467e+01 +6.925691467e+01
6025 +1.933505254e+01 +1.933505254e+01 +6.899505254e+01 +6.899505254e+01
6102 +1.901997741e+01 +1.901997741e+01 +6.867997741e+01 +6.867997741e+01
6369 +1.835482115e+01 +1.835482115e+01 +6.801482115e+01 +6.801482115e+01
6522 +1.811747740e+01 +1.811747740e+01 +6.777747740e+01 +6.777747740e+01
6781 +1.776664053e+01 +1.776664053e+01 +6.742664053e+01 +6.742664053e+01
6835 +1.736372003e+01 +1.736372003e+01 +6.702372003e+01 +6.702372003e+01
7703 +1.681888563e+01 +1.681888563e+01 +6.647888563e+01 +6.647888563e+01
8180 +1.656735249e+01 +1.656735249e+01 +6.622735249e+01 +6.622735249e+01
8987 +1.619527461e+01 +1.619527461e+01 +6.585527461e+01 +6.585527461e+01
% function evaluation | noise-free fitness - Fopt (2.652800000000e+02) | best noise-free fitness - Fopt | measured fitness | best measured fitness | x1 | x2...
1 +9.517549129e+01 +9.517549129e+01 +3.604554913e+02 +3.604554913e+02
3 +6.253956778e+01 +6.253956778e+01 +3.278195678e+02 +3.278195678e+02
17 +5.652029179e+01 +5.652029179e+01 +3.218002918e+02 +3.218002918e+02
30 +5.101630611e+01 +5.101630611e+01 +3.162963061e+02 +3.162963061e+02
51 +4.935935451e+01 +4.935935451e+01 +3.146393545e+02 +3.146393545e+02
323 +4.822329745e+01 +4.822329745e+01 +3.135032974e+02 +3.135032974e+02
327 +4.586660691e+01 +4.586660691e+01 +3.111466069e+02 +3.111466069e+02
339 +4.547710555e+01 +4.547710555e+01 +3.107571055e+02 +3.107571055e+02
353 +4.455060107e+01 +4.455060107e+01 +3.098306011e+02 +3.098306011e+02
513 +4.359269077e+01 +4.359269077e+01 +3.088726908e+02 +3.088726908e+02
541 +4.242097293e+01 +4.242097293e+01 +3.077009729e+02 +3.077009729e+02
550 +4.057761736e+01 +4.057761736e+01 +3.058576174e+02 +3.058576174e+02
580 +3.904677601e+01 +3.904677601e+01 +3.043267760e+02 +3.043267760e+02
600 +3.868363746e+01 +3.868363746e+01 +3.039636375e+02 +3.039636375e+02
665 +3.612653949e+01 +3.612653949e+01 +3.014065395e+02 +3.014065395e+02
672 +3.499643777e+01 +3.499643777e+01 +3.002764378e+02 +3.002764378e+02
688 +3.449186226e+01 +3.449186226e+01 +2.997718623e+02 +2.997718623e+02
733 +3.161872577e+01 +3.161872577e+01 +2.968987258e+02 +2.968987258e+02
738 +2.972254870e+01 +2.972254870e+01 +2.950025487e+02 +2.950025487e+02
744 +2.921555589e+01 +2.921555589e+01 +2.944955559e+02 +2.944955559e+02
758 +2.622482698e+01 +2.622482698e+01 +2.915048270e+02 +2.915048270e+02
836 +2.503974740e+01 +2.503974740e+01 +2.903197474e+02 +2.903197474e+02
868 +2.369474247e+01 +2.369474247e+01 +2.889747425e+02 +2.889747425e+02
1002 +2.298944182e+01 +2.298944182e+01 +2.882694418e+02 +2.882694418e+02
1050 +2.074693564e+01 +2.074693564e+01 +2.860269356e+02 +2.860269356e+02
1265 +1.752674447e+01 +1.752674447e+01 +2.828067445e+02 +2.828067445e+02
2937 +1.693903720e+01 +1.693903720e+01 +2.822190372e+02 +2.822190372e+02
3099 +1.607823620e+01 +1.607823620e+01 +2.813582362e+02 +2.813582362e+02
3449 +1.575579912e+01 +1.575579912e+01 +2.810357991e+02 +2.810357991e+02
3730 +1.523093211e+01 +1.523093211e+01 +2.805109321e+02 +2.805109321e+02
3771 +1.506775125e+01 +1.506775125e+01 +2.803477513e+02 +2.803477513e+02
3814 +1.473939061e+01 +1.473939061e+01 +2.800193906e+02 +2.800193906e+02
3928 +1.440338696e+01 +1.440338696e+01 +2.796833870e+02 +2.796833870e+02
3943 +1.409669902e+01 +1.409669902e+01 +2.793766990e+02 +2.793766990e+02
4326 +1.377252013e+01 +1.377252013e+01 +2.790525201e+02 +2.790525201e+02
4656 +1.348394748e+01 +1.348394748e+01 +2.787639475e+02 +2.787639475e+02
4839 +1.314756279e+01 +1.314756279e+01 +2.784275628e+02 +2.784275628e+02
6346 +1.288099922e+01 +1.288099922e+01 +2.781609992e+02 +2.781609992e+02
8691 +1.258756820e+01 +1.258756820e+01 +2.778675682e+02 +2.778675682e+02
