% function evaluation | noise-free fitness - Fopt (-1.694000000000e+01) | best noise-free fitness - Fopt | measured fitness | best measured fitness | x1 | x2...
1 +3.696355518e+01 +3.696355518e+01 +2.002355518e+01 +2.002355518e+01 +0.0000e+00 +0.0000e+00 +0.0000e+00
6 +3.346183888e+01 +3.346183888e+01 +1.652183888e+01 +1.652183888e+01 +2.9650e-01 +4.3642e-01 -8.5713e-01
17 +2.450078034e+01 +2.450078034e+01 +7.560780344e+00 +7.560780344e+00 +1.9582e+00 +1.6871e+00 -1.8206e+00
22 +1.029969549e+01 +1.029969549e+01 -6.640304506e+00 -6.640304506e+00 +4.1773e+00 +3.6478e+00 -2.8941e+00
65 +9.164247008e+00 +9.164247008e+00 -7.775752992e+00 -7.775752992e+00 +4.5205e+00 +2.9014e+00 -1.8467e+00
72 +8.867375471e+00 +8.867375471e+00 -8.072624529e+00 -8.072624529e+00 +4.0281e+00 +3.3976e+00 -2.2375e+00
77 +8.005175643e+00 +8.005175643e+00 -8.934824357e+00 -8.934824357e+00 +4.3030e+00 +2.7556e+00 -1.2543e+00
83 +4.581120647e+00 +4.581120647e+00 -1.235887935e+01 -1.235887935e+01 +4.1241e+00 +2.8908e+00 -1.6248e+00
92 +9.733339764e-01 +9.733339764e-01 -1.596666602e+01 -1.596666602e+01 +3.6978e+00 +2.5478e+00 -1.5127e+00
128 +9.473504769e-01 +9.473504769e-01 -1.599264952e+01 -1.599264952e+01 +3.7614e+00 +2.7851e+00 -1.6013e+00
159 +7.715983650e-01 +7.715983650e-01 -1.616840163e+01 -1.616840163e+01 +3.7706e+00 +2.7430e+00 -1.6408e+00
162 +5.166623188e-01 +5.166623188e-01 -1.642333768e+01 -1.642333768e+01 +3.6439e+00 +2.5765e+00 -1.5528e+00
249 +3.425322575e-01 +3.425322575e-01 -1.659746774e+01 -1.659746774e+01 +3.5218e+00 +2.4550e+00 -1.3979e+00
344 +3.265141974e-01 +3.265141974e-01 -1.661348580e+01 -1.661348580e+01 +3.5730e+00 +2.4596e+00 -1.4494e+00
347 +1.411964413e-01 +1.411964413e-01 -1.679880356e+01 -1.679880356e+01 +3.5532e+00 +2.4661e+00 -1.4400e+00
409 +1.006138866e-01 +1.006138866e-01 -1.683938611e+01 -1.683938611e+01 +3.5869e+00 +2.4677e+00 -1.4635e+00
436 +4.511152976e-02 +4.511152976e-02 -1.689488847e+01 -1.689488847e+01 +3.5872e+00 +2.4694e+00 -1.4665e+00
600 +4.165920859e-02 +4.165920859e-02 -1.689834079e+01 -1.689834079e+01 +3.5893e+00 +2.4722e+00 -1.4685e+00
617 +3.735887747e-02 +3.735887747e-02 -1.690264112e+01 -1.690264112e+01 +3.5895e+00 +2.4732e+00 -1.4685e+00
620 +3.490338356e-02 +3.490338356e-02 -1.690509662e+01 -1.690509662e+01 +3.5879e+00 +2.4714e+00 -1.4672e+00
696 +3.184672888e-02 +3.184672888e-02 -1.690815327e+01 -1.690815327e+01 +3.5869e+00 +2.4715e+00 -1.4663e+00
768 +3.117855815e-02 +3.117855815e-02 -1.690882144e+01 -1.690882144e+01 +3.5875e+00 +2.4721e+00 -1.4668e+00
787 +3.055269861e-02 +3.055269861e-02 -1.690944730e+01 -1.690944730e+01 +3.5876e+00 +2.4716e+00 -1.4669e+00
798 +2.994366427e-02 +2.994366427e-02 -1.691005634e+01 -1.691005634e+01 +3.5877e+00 +2.4719e+00 -1.4670e+00
826 +2.950210433e-02 +2.950210433e-02 -1.691049790e+01 -1.691049790e+01 +3.5877e+00 +2.4721e+00 -1.4670e+00
860 +2.762890411e-02 +2.762890411e-02 -1.691237110e+01 -1.691237110e+01 +3.5877e+00 +2.4720e+00 -1.4670e+00
915 +2.597219159e-02 +2.597219159e-02 -1.691402781e+01 -1.691402781e+01 +3.5876e+00 +2.4720e+00 -1.4669e+00
2095 +2.568318725e-02 +2.568318725e-02 -1.691431681e+01 -1.691431681e+01 +3.5879e+00 +2.4723e+00 -1.4672e+00
% function evaluation | noise-free fitness - Fopt (1.881000000000e+01) | best noise-free fitness - Fopt | measured fitness | best measured fitness | x1 | x2...
1 +4.772316610e+01 +4.772316610e+01 +6.653316610e+01 +6.653316610e+01 +0.0000e+00 +0.0000e+00 +0.0000e+00
2 +3.323011995e+01 +3.323011995e+01 +5.204011995e+01 +5.204011995e+01 +2.2768e+00 -9.4198e-02 -2.0843e+00
3 +1.679855151e+01 +1.679855151e+01 +3.560855151e+01 +3.560855151e+01 -8.2106e-01 +3.4215e-01 -4.0755e-01
12 +6.163344477e+00 +6.163344477e+00 +2.497334448e+01 +2.497334448e+01 -1.3983e+00 +5.6430e-01 -1.2081e-01
43 +5.948694857e+00 +5.948694857e+00 +2.475869486e+01 +2.475869486e+01 -2.2431e-01 +1.0513e+00 -1.0909e+00
44 +4.677702453e+00 +4.677702453e+00 +2.348770245e+01 +2.348770245e+01 -3.6961e-01 +1.2812e+00 -9.9311e-01
83 +3.656628796e+00 +3.656628796e+00 +2.246662880e+01 +2.246662880e+01 -9.6739e-01 +1.4194e+00 -2.3992e-01
94 +3.157182887e+00 +3.157182887e+00 +2.196718289e+01 +2.196718289e+01 -8.3799e-01 +1.8978e+00 -3.6370e-01
95 +2.006616702e+00 +2.006616702e+00 +2.081661670e+01 +2.081661670e+01 -7.7832e-01 +1.4862e+00 -4.2126e-01
123 +1.523298545e+00 +1.523298545e+00 +2.033329854e+01 +2.033329854e+01 -4.9518e-01 +1.3478e+00 -5.9336e-01
132 +5.699428404e-01 +5.699428404e-01 +1.937994284e+01 +1.937994284e+01 -5.7673e-01 +1.5136e+00 -5.1867e-01
239 +3.890099887e-01 +3.890099887e-01 +1.919900999e+01 +1.919900999e+01 -6.2501e-01 +1.5658e+00 -4.7246e-01
298 +3.714407161e-01 +3.714407161e-01 +1.918144072e+01 +1.918144072e+01 -6.2456e-01 +1.5302e+00 -4.8881e-01
306 +3.036125852e-01 +3.036125852e-01 +1.911361259e+01 +1.911361259e+01 -6.2540e-01 +1.5338e+00 -4.8068e-01
332 +2.908887764e-01 +2.908887764e-01 +1.910088878e+01 +1.910088878e+01 -6.3271e-01 +1.5250e+00 -4.7743e-01
334 +2.764926850e-01 +2.764926850e-01 +1.908649269e+01 +1.908649269e+01 -6.2693e-01 +1.5461e+00 -4.7237e-01
341 +2.723019430e-01 +2.723019430e-01 +1.908230194e+01 +1.908230194e+01 -6.2300e-01 +1.5288e+00 -4.8075e-01
354 +2.535367987e-01 +2.535367987e-01 +1.906353680e+01 +1.906353680e+01 -6.2043e-01 +1.5367e+00 -4.8375e-01
364 +2.447812062e-01 +2.447812062e-01 +1.905478121e+01 +1.905478121e+01 -6.1801e-01 +1.5443e+00 -4.8214e-01
389 +2.008037970e-01 +2.008037970e-01 +1.901080380e+01 +1.901080380e+01 -6.2121e-01 +1.5335e+00 -4.8117e-01
407 +1.959596359e-01 +1.959596359e-01 +1.900595964e+01 +1.900595964e+01 -6.2782e-01 +1.5336e+00 -4.7703e-01
430 +1.834492807e-01 +1.834492807e-01 +1.899344928e+01 +1.899344928e+01 -6.2234e-01 +1.5367e+00 -4.7926e-01
446 +1.811735759e-01 +1.811735759e-01 +1.899117358e+01 +1.899117358e+01 -6.2326e-01 +1.5365e+00 -4.7908e-01
451 +1.476942706e-01 +1.476942706e-01 +1.895769427e+01 +1.895769427e+01 -6.2212e-01 +1.5364e+00 -4.8008e-01
678 +1.439797899e-01 +1.439797899e-01 +1.895397979e+01 +1.895397979e+01 -6.2314e-01 +1.5360e+00 -4.7940e-01
682 +1.387639688e-01 +1.387639688e-01 +1.894876397e+01 +1.894876397e+01 -6.2309e-01 +1.5359e+00 -4.7946e-01
715 +1.380356659e-01 +1.380356659e-01 +1.894803567e+01 +1.894803567e+01 -6.2311e-01 +1.5359e+00 -4.7947e-01
827 +1.348596101e-01 +1.348596101e-01 +1.894485961e+01 +1.894485961e+01 -6.2311e-01 +1.5359e+00 -4.7945e-01
% function evaluation | noise-free fitness - Fopt (2.731500000000e+02) | best noise-free fitness - Fopt | measured fitness | best measured fitness | x1 | x2...
1 +4.208329392e+02 +4.208329392e+02 +6.939829392e+02 +6.939829392e+02 +0.0000e+00 +0.0000e+00 +0.0000e+00
2 +1.077214809e+02 +1.077214809e+02 +3.808714809e+02 +3.808714809e+02 -3.6415e-01 +1.0144e+00 +1.8623e-01
14 +1.055306361e+02 +1.055306361e+02 +3.786806361e+02 +3.786806361e+02 -1.9353e-01 +1.2335e+00 -1.3247e-01
23 +8.033279881e+01 +8.033279881e+01 +3.534827988e+02 +3.534827988e+02 -2.1655e-01 +2.7118e+00 -9.7716e-02
37 +6.822815271e+01 +6.822815271e+01 +3.413781527e+02 +3.413781527e+02 -1.7708e+00 +1.9059e+00 -2.0640e-01
40 +5.605636342e+01 +5.605636342e+01 +3.292063634e+02 +3.292063634e+02 -7.1561e-01 +3.1822e+00 +3.1041e-01
43 +5.151732135e+01 +5.151732135e+01 +3.246673214e+02 +3.246673214e+02 -7.0594e-01 +3.6961e+00 +9.5584e-01
46 +3.981361932e+01 +3.981361932e+01 +3.129636193e+02 +3.129636193e+02 -1.6169e+00 +3.2778e+00 +1.0096e+00
58 +2.264757157e+01 +2.264757157e+01 +2.957975716e+02 +2.957975716e+02 -1.7095e+00 +3.7234e+00 +1.0294e-01
67 +1.953167819e+01 +1.953167819e+01 +2.926816782e+02 +2.926816782e+02 -2.9386e+00 +4.0581e+00 +7.7189e-01
72 +1.199685260e+01 +1.199685260e+01 +2.851468526e+02 +2.851468526e+02 -2.3902e+00 +5.0559e+00 -3.7873e-02
80 +6.163318393e+00 +6.163318393e+00 +2.793133184e+02 +2.793133184e+02 -3.9821e+00 +3.8916e+00 +2.8865e-01
97 +2.732222614e+00 +2.732222614e+00 +2.758822226e+02 +2.758822226e+02 -4.4759e+00 +1.9610e+00 -9.9977e-01
242 +2.551108938e+00 +2.551108938e+00 +2.757011089e+02 +2.757011089e+02 -5.1090e+00 +1.2188e+00 -8.4154e-01
259 +1.830572541e+00 +1.830572541e+00 +2.749805725e+02 +2.749805725e+02 -5.1629e+00 +1.1495e+00 -8.3175e-01
304 +1.684341193e+00 +1.684341193e+00 +2.748343412e+02 +2.748343412e+02 -5.0720e+00 +1.2064e+00 -8.9423e-01
386 +1.559413172e+00 +1.559413172e+00 +2.747094132e+02 +2.747094132e+02 -5.1033e+00 +1.1622e+00 -9.0063e-01
396 +1.457411194e+00 +1.457411194e+00 +2.746074112e+02 +2.746074112e+02 -5.1125e+00 +1.1544e+00 -9.0123e-01
409 +1.429975458e+00 +1.429975458e+00 +2.745799755e+02 +2.745799755e+02 -5.1234e+00 +1.1377e+00 -8.9890e-01
412 +1.327235416e+00 +1.327235416e+00 +2.744772354e+02 +2.744772354e+02 -5.1312e+00 +1.1276e+00 -9.0528e-01
453 +1.240967854e+00 +1.240967854e+00 +2.743909679e+02 +2.743909679e+02 -5.1257e+00 +1.1277e+00 -9.1396e-01
484 +1.124741086e+00 +1.124741086e+00 +2.742747411e+02 +2.742747411e+02 -5.1245e+00 +1.1227e+00 -9.1909e-01
521 +1.106209260e+00 +1.106209260e+00 +2.742562093e+02 +2.742562093e+02 -5.1260e+00 +1.1203e+00 -9.1960e-01
573 +1.016473388e+00 +1.016473388e+00 +2.741664734e+02 +2.741664734e+02 -5.1239e+00 +1.1212e+00 -9.2172e-01
969 +9.955381280e-01 +9.955381280e-01 +2.741455381e+02 +2.741455381e+02 -5.1196e+00 +1.1274e+00 -9.2040e-01
% function evaluation | noise-free fitness - Fopt (3.718000000000e+01) | best noise-free fitness - Fopt | measured fitness | best measured fitness | x1 | x2...
1 +4.216787575e+01 +4.216787575e+01 +7.934787575e+01 +7.934787575e+01 +0.0000e+00 +0.0000e+00 +0.0000e+00
5 +1.549593212e+01 +1.549593212e+01 +5.267593212e+01 +5.267593212e+01 -1.0386e+00 +2.3756e+00 +5.7721e-01
15 +1.532128061e+01 +1.532128061e+01 +5.250128061e+01 +5.250128061e+01 -1.7958e+00 +2.3463e+00 +1.0530e+00
17 +3.581594685e+00 +3.581594685e+00 +4.076159469e+01 +4.076159469e+01 -8.1226e-01 +2.6294e+00 +1.9030e+00
111 +1.944558879e+00 +1.944558879e+00 +3.912455888e+01 +3.912455888e+01 -2.2296e+00 +2.4307e+00 +1.9746e+00
135 +1.308294636e+00 +1.308294636e+00 +3.848829464e+01 +3.848829464e+01 -3.3867e+00 +2.3330e+00 +2.0626e+00
180 +6.448946908e-01 +6.448946908e-01 +3.782489469e+01 +3.782489469e+01 -3.7280e+00 +2.0674e+00 +1.9860e+00
233 +3.390669015e-01 +3.390669015e-01 +3.751906690e+01 +3.751906690e+01 -3.8139e+00 +2.0873e+00 +2.0754e+00
291 +3.362120279e-01 +3.362120279e-01 +3.751621203e+01 +3.751621203e+01 -3.8493e+00 +2.0676e+00 +2.0086e+00
294 +2.175264034e-01 +2.175264034e-01 +3.739752640e+01 +3.739752640e+01 -3.9048e+00 +2.0750e+00 +2.0408e+00
418 +1.972964038e-01 +1.972964038e-01 +3.737729640e+01 +3.737729640e+01 -4.0100e+00 +2.0347e+00 +2.0383e+00
426 +1.903644568e-01 +1.903644568e-01 +3.737036446e+01 +3.737036446e+01 -3.9283e+00 +2.0548e+00 +2.0471e+00
488 +1.308623629e-01 +1.308623629e-01 +3.731086236e+01 +3.731086236e+01 -3.8715e+00 +2.0626e+00 +2.0373e+00
495 +1.247020813e-01 +1.247020813e-01 +3.730470208e+01 +3.730470208e+01 -3.8576e+00 +2.0734e+00 +2.0358e+00
517 +9.758276683e-02 +9.758276683e-02 +3.727758277e+01 +3.727758277e+01 -3.8757e+00 +2.0757e+00 +2.0495e+00
522 +8.554147952e-02 +8.554147952e-02 +3.726554148e+01 +3.726554148e+01 -3.8618e+00 +2.0718e+00 +2.0456e+00
555 +6.898377022e-02 +6.898377022e-02 +3.724898377e+01 +3.724898377e+01 -3.8592e+00 +2.0796e+00 +2.0496e+00
558 +5.813771555e-02 +5.813771555e-02 +3.723813772e+01 +3.723813772e+01 -3.8507e+00 +2.0785e+00 +2.0501e+00
600 +4.590358728e-02 +4.590358728e-02 +3.722590359e+01 +3.722590359e+01 -3.8412e+00 +2.0806e+00 +2.0467e+00
606 +3.773135766e-02 +3.773135766e-02 +3.721773136e+01 +3.721773136e+01 -3.8439e+00 +2.0806e+00 +2.0469e+00
630 +3.437033526e-02 +3.437033526e-02 +3.721437034e+01 +3.721437034e+01 -3.8420e+00 +2.0815e+00 +2.0471e+00
676 +2.621833773e-02 +2.621833773e-02 +3.720621834e+01 +3.720621834e+01 -3.8404e+00 +2.0802e+00 +2.0447e+00
715 +2.556727392e-02 +2.556727392e-02 +3.720556727e+01 +3.720556727e+01 -3.8392e+00 +2.0804e+00 +2.0445e+00
724 +2.411685505e-02 +2.411685505e-02 +3.720411686e+01 +3.720411686e+01 -3.8383e+00 +2.0810e+00 +2.0448e+00
730 +2.309383032e-02 +2.309383032e-02 +3.720309383e+01 +3.720309383e+01 -3.8404e+00 +2.0800e+00 +2.0441e+00
731 +2.243190110e-02 +2.243190110e-02 +3.720243190e+01 +3.720243190e+01 -3.8385e+00 +2.0807e+00 +2.0444e+00
736 +2.091092245e-02 +2.091092245e-02 +3.720091092e+01 +3.720091092e+01 -3.8380e+00 +2.0809e+00 +2.0444e+00
792 +2.019611447e-02 +2.019611447e-02 +3.720019611e+01 +3.720019611e+01 -3.8387e+00 +2.0808e+00 +2.0447e+00
812 +1.828561647e-02 +1.828561647e-02 +3.719828562e+01 +3.719828562e+01 -3.8390e+00 +2.0806e+00 +2.0445e+00
% function evaluation | noise-free fitness - Fopt (-1.479000000000e+02) | best noise-free fitness - Fopt | measured fitness | best measured fitness | x1 | x2...
1 +2.344305408e+01 +2.344305408e+01 -1.244569459e+02 -1.244569459e+02 +0.0000e+00 +0.0000e+00 +0.0000e+00
2 +1.675952396e+01 +1.675952396e+01 -1.311404760e+02 -1.311404760e+02 +4.2007e-01 +3.3024e-01 +8.8309e-01
6 +1.652618257e+01 +1.652618257e+01 -1.313738174e+02 -1.313738174e+02 +3.2957e-01 -6.2861e-01 -4.6283e-01
11 +1.046397396e+01 +1.046397396e+01 -1.374360260e+02 -1.374360260e+02 -1.1586e+00 +3.5859e-01 +8.5926e-01
37 +9.890656363e+00 +9.890656363e+00 -1.380093436e+02 -1.380093436e+02 -1.1757e+00 +3.6610e-03 +4.9451e-01
44 +7.567335269e+00 +7.567335269e+00 -1.403326647e+02 -1.403326647e+02 -1.2583e+00 -1.9040e-01 +5.8861e-01
52 +5.899651770e+00 +5.899651770e+00 -1.420003482e+02 -1.420003482e+02 -1.2809e+00 -3.4900e-01 -1.5356e-01
67 +4.680270679e+00 +4.680270679e+00 -1.432197293e+02 -1.432197293e+02 -2.0610e+00 -9.4140e-01 -6.8210e-01
86 +3.154618796e+00 +3.154618796e+00 -1.447453812e+02 -1.447453812e+02 -1.9838e+00 -8.8551e-01 -6.3843e-01
143 +2.969164512e+00 +2.969164512e+00 -1.449308355e+02 -1.449308355e+02 -1.9818e+00 -7.0448e-01 -1.8488e-01
150 +2.039839082e+00 +2.039839082e+00 -1.458601609e+02 -1.458601609e+02 -1.7363e+00 -7.0169e-01 -4.5713e-01
202 +1.325585356e+00 +1.325585356e+00 -1.465744146e+02 -1.465744146e+02 -1.8024e+00 -4.8523e-01 -3.9400e-02
264 +1.116808918e+00 +1.116808918e+00 -1.467831911e+02 -1.467831911e+02 -1.8664e+00 -4.6999e-01 -5.0028e-03
314 +9.095204606e-01 +9.095204606e-01 -1.469904795e+02 -1.469904795e+02 -1.8633e+00 -4.9125e-01 -2.2450e-02
325 +8.845636557e-01 +8.845636557e-01 -1.470154363e+02 -1.470154363e+02 -1.8438e+00 -4.9810e-01 -2.0707e-02
362 +7.142672840e-01 +7.142672840e-01 -1.471857327e+02 -1.471857327e+02 -1.7793e+00 -5.4237e-01 -1.3436e-01
424 +6.265739032e-01 +6.265739032e-01 -1.472734261e+02 -1.472734261e+02 -1.7973e+00 -5.1574e-01 -7.8878e-02
499 +5.781481832e-01 +5.781481832e-01 -1.473218518e+02 -1.473218518e+02 -1.7712e+00 -5.2803e-01 -1.0668e-01
506 +5.279811939e-01 +5.279811939e-01 -1.473720188e+02 -1.473720188e+02 -1.7812e+00 -5.3372e-01 -1.1275e-01
538 +5.110589073e-01 +5.110589073e-01 -1.473889411e+02 -1.473889411e+02 -1.7855e+00 -5.2628e-01 -9.2941e-02
544 +4.653800496e-01 +4.653800496e-01 -1.474346200e+02 -1.474346200e+02 -1.7898e+00 -5.2468e-01 -9.2595e-02
611 +4.497264779e-01 +4.497264779e-01 -1.474502735e+02 -1.474502735e+02 -1.7888e+00 -5.2917e-01 -9.9546e-02
636 +4.340394670e-01 +4.340394670e-01 -1.474659605e+02 -1.474659605e+02 -1.7871e+00 -5.2874e-01 -1.0010e-01
642 +4.022665655e-01 +4.022665655e-01 -1.474977334e+02 -1.474977334e+02 -1.7867e+00 -5.2848e-01 -9.9260e-02
678 +3.903961104e-01 +3.903961104e-01 -1.475096039e+02 -1.475096039e+02 -1.7881e+00 -5.2971e-01 -1.0129e-01
715 +3.807149438e-01 +3.807149438e-01 -1.475192851e+02 -1.475192851e+02 -1.7881e+00 -5.2971e-01 -1.0115e-01
761 +3.660899524e-01 +3.660899524e-01 -1.475339100e+02 -1.475339100e+02 -1.7875e+00 -5.2974e-01 -1.0140e-01
861 +3.565967568e-01 +3.565967568e-01 -1.475434032e+02 -1.475434032e+02 -1.7877e+00 -5.2954e-01 -1.0101e-01
991 +3.505815623e-01 +3.505815623e-01 -1.475494184e+02 -1.475494184e+02 -1.7876e+00 -5.2960e-01 -1.0113e-01
% function evaluation | noise-free fitness - Fopt (2.173800000000e+02) | best noise-free fitness - Fopt | measured fitness | best measured fitness | x1 | x2...
1 +6.195963375e+01 +6.195963375e+01 +2.793396337e+02 +2.793396337e+02 +0.0000e+00 +0.0000e+00 +0.0000e+00
2 +5.439696397e+01 +5.439696397e+01 +2.717769640e+02 +2.717769640e+02 -3.1957e-01 -4.4955e-01 +6.4976e-02
3 +2.550598677e+01 +2.550598677e+01 +2.428859868e+02 +2.428859868e+02 +6.5132e-01 -1.1886e+00 -5.0723e-01
7 +2.328584393e+01 +2.328584393e+01 +2.406658439e+02 +2.406658439e+02 +4.4800e-01 -1.0767e+00 -4.5053e-02
13 +2.120672946e+01 +2.120672946e+01 +2.385867295e+02 +2.385867295e+02 -3.2835e-01 -1.3201e+00 -8.7615e-01
16 +6.652861517e+00 +6.652861517e+00 +2.240328615e+02 +2.240328615e+02 +1.0576e+00 -2.4697e+00 +2.7633e-03
123 +6.540488709e+00 +6.540488709e+00 +2.239204887e+02 +2.239204887e+02 +1.7846e+00 -1.7144e+00 +3.9118e-01
124 +4.850380148e+00 +4.850380148e+00 +2.222303801e+02 +2.222303801e+02 +1.5560e+00 -1.7250e+00 +3.0765e-01
130 +2.357477233e+00 +2.357477233e+00 +2.197374772e+02 +2.197374772e+02 +1.4687e+00 -1.7677e+00 +2.6472e-01
228 +2.132924281e+00 +2.132924281e+00 +2.195129243e+02 +2.195129243e+02 +1.5412e+00 -1.8864e+00 +1.3711e-01
272 +2.069192324e+00 +2.069192324e+00 +2.194491923e+02 +2.194491923e+02 +1.4990e+00 -1.8635e+00 +2.1794e-01
322 +1.974047575e+00 +1.974047575e+00 +2.193540476e+02 +2.193540476e+02 +1.5246e+00 -1.8367e+00 +1.8258e-01
343 +1.892597478e+00 +1.892597478e+00 +2.192725975e+02 +2.192725975e+02 +1.5164e+00 -1.8716e+00 +1.7875e-01
511 +1.856661276e+00 +1.856661276e+00 +2.192366613e+02 +2.192366613e+02 +1.5117e+00 -1.8696e+00 +1.6950e-01
551 +1.816831353e+00 +1.816831353e+00 +2.191968314e+02 +2.191968314e+02 +1.5153e+00 -1.8609e+00 +1.7881e-01
562 +1.774358848e+00 +1.774358848e+00 +2.191543588e+02 +2.191543588e+02 +1.5231e+00 -1.8593e+00 +1.9366e-01
775 +1.736197843e+00 +1.736197843e+00 +2.191161978e+02 +2.191161978e+02 +1.5352e+00 -1.8413e+00 +2.0838e-01
% function evaluation | noise-free fitness - Fopt (1.946900000000e+02) | best noise-free fitness - Fopt | measured fitness | best measured fitness | x1 | x2...
1 +4.452051091e+01 +4.452051091e+01 +2.392105109e+02 +2.392105109e+02 +0.0000e+00 +0.0000e+00 +0.0000e+00
17 +2.453445917e+01 +2.453445917e+01 +2.192244592e+02 +2.192244592e+02 -2.4038e+00 +2.6986e-01 +1.3334e+00
21 +6.898436359e+00 +6.898436359e+00 +2.015884364e+02 +2.015884364e+02 -2.1510e+00 -4.9400e-01 +1.5759e-01
33 +5.201089333e+00 +5.201089333e+00 +1.998910893e+02 +1.998910893e+02 -2.3100e+00 +8.2837e-02 -6.1648e-01
120 +4.324062798e+00 +4.324062798e+00 +1.990140628e+02 +1.990140628e+02 -2.3009e+00 -5.3558e-01 +1.0626e-01
124 +3.929763367e+00 +3.929763367e+00 +1.986197634e+02 +1.986197634e+02 -2.3108e+00 -6.1841e-01 -1.5749e-02
136 +3.526165823e+00 +3.526165823e+00 +1.982161658e+02 +1.982161658e+02 -2.2893e+00 -4.8950e-01 +5.4718e-02
152 +2.869860859e+00 +2.869860859e+00 +1.975598609e+02 +1.975598609e+02 -2.3302e+00 -5.5044e-01 +8.7936e-02
180 +2.738674438e+00 +2.738674438e+00 +1.974286744e+02 +1.974286744e+02 -2.2953e+00 -5.7712e-01 +1.0770e-01
185 +2.212735637e+00 +2.212735637e+00 +1.969027356e+02 +1.969027356e+02 -2.3116e+00 -6.3391e-01 +8.9858e-02
256 +2.127191993e+00 +2.127191993e+00 +1.968171920e+02 +1.968171920e+02 -2.2993e+00 -5.9269e-01 +5.8312e-02
295 +1.672363311e+00 +1.672363311e+00 +1.963623633e+02 +1.963623633e+02 -2.3029e+00 -6.6739e-01 +3.8302e-02
376 +1.599523938e+00 +1.599523938e+00 +1.962895239e+02 +1.962895239e+02 -2.2989e+00 -6.7486e-01 +8.0768e-02
380 +1.552143502e+00 +1.552143502e+00 +1.962421435e+02 +1.962421435e+02 -2.3009e+00 -7.2166e-01 +1.1623e-01
401 +1.261195229e+00 +1.261195229e+00 +1.959511952e+02 +1.959511952e+02 -2.3014e+00 -6.9459e-01 +6.8914e-02
425 +1.235030147e+00 +1.235030147e+00 +1.959250301e+02 +1.959250301e+02 -2.3008e+00 -6.9691e-01 +8.1456e-02
465 +1.150552242e+00 +1.150552242e+00 +1.958405522e+02 +1.958405522e+02 -2.3008e+00 -7.0051e-01 +8.3242e-02
546 +1.142109464e+00 +1.142109464e+00 +1.958321095e+02 +1.958321095e+02 -2.3010e+00 -6.9932e-01 +8.7196e-02
590 +1.120054934e+00 +1.120054934e+00 +1.958100549e+02 +1.958100549e+02 -2.3009e+00 -7.0063e-01 +8.8778e-02
649 +1.085496607e+00 +1.085496607e+00 +1.957754966e+02 +1.957754966e+02 -2.3010e+00 -6.9955e-01 +8.5688e-02
763 +1.057683112e+00 +1.057683112e+00 +1.957476831e+02 +1.957476831e+02 -2.3010e+00 -6.9925e-01 +8.4587e-02
818 +1.035634826e+00 +1.035634826e+00 +1.957256348e+02 +1.957256348e+02 -2.3010e+00 -6.9916e-01 +8.4477e-02
1219 +1.022574266e+00 +1.022574266e+00 +1.957125743e+02 +1.957125743e+02 -2.3010e+00 -6.9921e-01 +8.4718e-02
% function evaluation | noise-free fitness - Fopt (-9.443000000000e+01) | best noise-free fitness - Fopt | measured fitness | best measured fitness | x1 | x2...
1 +2.801990873e+01 +2.801990873e+01 -6.641009127e+01 -6.641009127e+01 +0.0000e+00 +0.0000e+00 +0.0000e+00
8 +2.452622312e+01 +2.452622312e+01 -6.990377688e+01 -6.990377688e+01 +1.1374e-01 +2.1480e+00 +1.2275e+00
10 +2.306136422e+01 +2.306136422e+01 -7.136863578e+01 -7.136863578e+01 -1.1025e+00 +2.0914e+00 -8.5307e-02
17 +2.182411130e+01 +2.182411130e+01 -7.260588870e+01 -7.260588870e+01 -2.5718e+00 +7.5790e-01 +7.8988e-02
18 +1.933275177e+01 +1.933275177e+01 -7.509724823e+01 -7.509724823e+01 -1.4983e+00 +2.0627e+00 -5.5031e-02
24 +1.896202970e+01 +1.896202970e+01 -7.546797030e+01 -7.546797030e+01 -1.4160e+00 +1.5618e-01 +1.1313e+00
33 +1.768917450e+01 +1.768917450e+01 -7.674082550e+01 -7.674082550e+01 -4.6977e-01 -1.1429e-01 +1.7278e+00
41 +1.062127166e+01 +1.062127166e+01 -8.380872834e+01 -8.380872834e+01 -1.1000e+00 -1.5273e-01 +1.5379e+00
44 +8.993058471e+00 +8.993058471e+00 -8.543694153e+01 -8.543694153e+01 -1.4067e+00 +5.2956e-01 +1.8134e+00
45 +3.247111872e+00 +3.247111872e+00 -9.118288813e+01 -9.118288813e+01 -2.4670e-01 +3.2401e-02 +2.2264e+00
80 +1.953549563e+00 +1.953549563e+00 -9.247645044e+01 -9.247645044e+01 +4.2213e-03 +3.3912e-01 +2.5949e+00
86 +1.495528731e+00 +1.495528731e+00 -9.293447127e+01 -9.293447127e+01 -6.8913e-01 +3.7813e-01 +1.8696e+00
111 +1.247227731e+00 +1.247227731e+00 -9.318277227e+01 -9.318277227e+01 -8.4463e-01 +3.0262e-01 +1.8141e+00
219 +1.195758929e+00 +1.195758929e+00 -9.323424107e+01 -9.323424107e+01 -9.8301e-01 +4.4639e-01 +1.6381e+00
256 +1.169138161e+00 +1.169138161e+00 -9.326086184e+01 -9.326086184e+01 -9.5626e-01 +4.5101e-01 +1.6417e+00
272 +1.113326617e+00 +1.113326617e+00 -9.331667338e+01 -9.331667338e+01 -9.4419e-01 +4.4624e-01 +1.6394e+00
282 +1.082019595e+00 +1.082019595e+00 -9.334798040e+01 -9.334798040e+01 -9.4586e-01 +4.4841e-01 +1.6387e+00
306 +1.059407182e+00 +1.059407182e+00 -9.337059282e+01 -9.337059282e+01 -9.4808e-01 +4.5242e-01 +1.6425e+00
522 +1.043683444e+00 +1.043683444e+00 -9.338631656e+01 -9.338631656e+01 -9.5437e-01 +4.5305e-01 +1.6317e+00
% function evaluation | noise-free fitness - Fopt (-1.213000000000e+02) | best noise-free fitness - Fopt | measured fitness | best measured fitness | x1 | x2...
1 +5.993141968e+01 +5.993141968e+01 -6.136858032e+01 -6.136858032e+01 +0.0000e+00 +0.0000e+00 +0.0000e+00
3 +3.091617767e+01 +3.091617767e+01 -9.038382233e+01 -9.038382233e+01 -5.1910e-01 -9.3218e-01 +7.4865e-01
4 +1.326492269e+01 +1.326492269e+01 -1.080350773e+02 -1.080350773e+02 -1.2133e+00 -7.4813e-01 -4.3925e-02
18 +1.131725579e+01 +1.131725579e+01 -1.099827442e+02 -1.099827442e+02 -5.8620e-01 +9.0966e-01 -5.4484e-01
36 +1.117047211e+01 +1.117047211e+01 -1.101295279e+02 -1.101295279e+02 -7.3107e-01 +2.1178e+00 -5.0546e-01
41 +1.086225714e+01 +1.086225714e+01 -1.104377429e+02 -1.104377429e+02 -7.0431e-01 -1.2493e-01 -4.2042e-02
45 +5.175922409e+00 +5.175922409e+00 -1.161240776e+02 -1.161240776e+02 -1.2612e+00 -3.2488e-01 -3.4589e-01
123 +3.544370892e+00 +3.544370892e+00 -1.177556291e+02 -1.177556291e+02 -1.2095e+00 +1.3965e+00 -1.2382e+00
142 +2.520174179e+00 +2.520174179e+00 -1.187798258e+02 -1.187798258e+02 -1.1774e+00 +2.6066e+00 -1.2801e+00
196 +2.073485377e+00 +2.073485377e+00 -1.192265146e+02 -1.192265146e+02 -1.2437e+00 +3.1692e+00 -1.4519e+00
198 +1.656064294e+00 +1.656064294e+00 -1.196439357e+02 -1.196439357e+02 -1.3779e+00 +3.4964e+00 -1.6078e+00
212 +1.117746156e+00 +1.117746156e+00 -1.201822538e+02 -1.201822538e+02 -1.1320e+00 +3.1231e+00 -1.4089e+00
262 +5.982089905e-01 +5.982089905e-01 -1.207017910e+02 -1.207017910e+02 -1.2309e+00 +3.0331e+00 -1.4931e+00
263 +4.929966794e-01 +4.929966794e-01 -1.208070033e+02 -1.208070033e+02 -1.2084e+00 +3.1683e+00 -1.5150e+00
274 +3.468476945e-01 +3.468476945e-01 -1.209531523e+02 -1.209531523e+02 -1.2666e+00 +3.1311e+00 -1.5416e+00
307 +1.762299290e-01 +1.762299290e-01 -1.211237701e+02 -1.211237701e+02 -1.2594e+00 +3.3481e+00 -1.5583e+00
318 +1.465715289e-01 +1.465715289e-01 -1.211534285e+02 -1.211534285e+02 -1.2531e+00 +3.1867e+00 -1.5238e+00
351 +1.100620981e-01 +1.100620981e-01 -1.211899379e+02 -1.211899379e+02 -1.2351e+00 +3.1499e+00 -1.5140e+00
405 +5.329600335e-02 +5.329600335e-02 -1.212467040e+02 -1.212467040e+02 -1.2261e+00 +3.0991e+00 -1.5030e+00
474 +4.680289447e-02 +4.680289447e-02 -1.212531971e+02 -1.212531971e+02 -1.2457e+00 +3.1666e+00 -1.5248e+00
507 +3.768395140e-02 +3.768395140e-02 -1.212623160e+02 -1.212623160e+02 -1.2453e+00 +3.1737e+00 -1.5224e+00
508 +2.992548916e-02 +2.992548916e-02 -1.212700745e+02 -1.212700745e+02 -1.2446e+00 +3.1663e+00 -1.5227e+00
532 +2.642299674e-02 +2.642299674e-02 -1.212735770e+02 -1.212735770e+02 -1.2461e+00 +3.1694e+00 -1.5238e+00
540 +1.751103897e-02 +1.751103897e-02 -1.212824890e+02 -1.212824890e+02 -1.2450e+00 +3.1681e+00 -1.5230e+00
812 +1.641466343e-02 +1.641466343e-02 -1.212835853e+02 -1.212835853e+02 -1.2459e+00 +3.1716e+00 -1.5239e+00
829 +1.250394510e-02 +1.250394510e-02 -1.212874961e+02 -1.212874961e+02 -1.2460e+00 +3.1704e+00 -1.5239e+00
848 +1.177774401e-02 +1.177774401e-02 -1.212882223e+02 -1.212882223e+02 -1.2458e+00 +3.1698e+00 -1.5237e+00
907 +1.165262881e-02 +1.165262881e-02 -1.212883474e+02 -1.212883474e+02 -1.2457e+00 +3.1691e+00 -1.5236e+00
912 +1.053172638e-02 +1.053172638e-02 -1.212894683e+02 -1.212894683e+02 -1.2457e+00 +3.1691e+00 -1.5236e+00
1007 +1.008982531e-02 +1.008982531e-02 -1.212899102e+02 -1.212899102e+02 -1.2458e+00 +3.1695e+00 -1.5237e+00
1033 +9.841453964e-03 +9.841453964e-03 -1.212901585e+02 -1.212901585e+02 -1.2458e+00 +3.1698e+00 -1.5238e+00
1046 +9.711740954e-03 +9.711740954e-03 -1.212902883e+02 -1.212902883e+02 -1.2458e+00 +3.1698e+00 -1.5238e+00
1103 +8.776815650e-03 +8.776815650e-03 -1.212912232e+02 -1.212912232e+02 -1.2459e+00 +3.1698e+00 -1.5238e+00
1184 +8.431137898e-03 +8.431137898e-03 -1.212915689e+02 -1.212915689e+02 -1.2459e+00 +3.1698e+00 -1.5238e+00
1775 +8.308380167e-03 +8.308380167e-03 -1.212916916e+02 -1.212916916e+02 -1.2459e+00 +3.1697e+00 -1.5238e+00
% function evaluation | noise-free fitness - Fopt (-1.000000000000e+03) | best noise-free fitness - Fopt | measured fitness | best measured fitness | x1 | x2...
1 +4.416344789e+01 +4.416344789e+01 -9.558365521e+02 -9.558365521e+02 +0.0000e+00 +0.0000e+00 +0.0000e+00
3 +3.286144922e+01 +3.286144922e+01 -9.671385508e+02 -9.671385508e+02 -1.5500e-01 -5.0861e-01 -1.1543e+00
22 +1.879461815e+01 +1.879461815e+01 -9.812053818e+02 -9.812053818e+02 -4.5288e-01 -2.0141e-01 +5.9319e-01
29 +1.034453755e+01 +1.034453755e+01 -9.896554625e+02 -9.896554625e+02 -6.9009e-01 -4.1170e-01 +1.2979e+00
58 +6.792994682e+00 +6.792994682e+00 -9.932070053e+02 -9.932070053e+02 -1.4858e-01 -1.5216e-01 +2.3051e+00
100 +6.713942662e+00 +6.713942662e+00 -9.932860573e+02 -9.932860573e+02 +7.0743e-01 +4.2459e-02 +3.7243e+00
104 +5.269033944e+00 +5.269033944e+00 -9.947309661e+02 -9.947309661e+02 +1.9912e-01 +2.2197e-01 +3.4816e+00
109 +2.461674005e+00 +2.461674005e+00 -9.975383260e+02 -9.975383260e+02 +7.4821e-01 +5.8130e-01 +3.3690e+00
156 +2.307634882e+00 +2.307634882e+00 -9.976923651e+02 -9.976923651e+02 +3.4460e-01 +1.7093e-01 +3.3836e+00
200 +1.320683132e+00 +1.320683132e+00 -9.986793169e+02 -9.986793169e+02 +1.3621e+00 +8.7374e-01 +3.5464e+00
220 +1.222746304e+00 +1.222746304e+00 -9.987772537e+02 -9.987772537e+02 +1.0423e+00 +5.8059e-01 +3.4478e+00
222 +1.068127077e+00 +1.068127077e+00 -9.989318729e+02 -9.989318729e+02 +8.3455e-01 +4.6605e-01 +3.4306e+00
230 +9.613789392e-01 +9.613789392e-01 -9.990386211e+02 -9.990386211e+02 +4.8376e-01 +2.2562e-01 +3.3959e+00
247 +7.432498162e-01 +7.432498162e-01 -9.992567502e+02 -9.992567502e+02 +1.5346e+00 +9.2309e-01 +3.6003e+00
365 +3.501267880e-01 +3.501267880e-01 -9.996498732e+02 -9.996498732e+02 +8.8396e-01 +4.8276e-01 +3.4814e+00
403 +3.305505563e-01 +3.305505563e-01 -9.996694494e+02 -9.996694494e+02 +8.8032e-01 +4.9487e-01 +3.4676e+00
457 +2.513447311e-01 +2.513447311e-01 -9.997486553e+02 -9.997486553e+02 +9.0077e-01 +5.0961e-01 +3.5007e+00
492 +2.220751383e-01 +2.220751383e-01 -9.997779249e+02 -9.997779249e+02 +9.0848e-01 +5.0966e-01 +3.4812e+00
505 +2.126871030e-01 +2.126871030e-01 -9.997873129e+02 -9.997873129e+02 +9.0335e-01 +5.0476e-01 +3.4944e+00
563 +2.058120865e-01 +2.058120865e-01 -9.997941879e+02 -9.997941879e+02 +8.9939e-01 +5.0333e-01 +3.4856e+00
582 +1.716426357e-01 +1.716426357e-01 -9.998283574e+02 -9.998283574e+02 +8.9749e-01 +5.0433e-01 +3.4761e+00
609 +1.344878761e-01 +1.344878761e-01 -9.998655121e+02 -9.998655121e+02 +8.9716e-01 +5.0267e-01 +3.4709e+00
689 +1.218479654e-01 +1.218479654e-01 -9.998781520e+02 -9.998781520e+02 +8.9470e-01 +5.0060e-01 +3.4751e+00
738 +1.089233873e-01 +1.089233873e-01 -9.998910766e+02 -9.998910766e+02 +8.9599e-01 +5.0188e-01 +3.4749e+00
751 +1.064029988e-01 +1.064029988e-01 -9.998935970e+02 -9.998935970e+02 +8.9619e-01 +5.0190e-01 +3.4741e+00
2275 +1.044489311e-01 +1.044489311e-01 -9.998955511e+02 -9.998955511e+02 +8.9461e-01 +5.0086e-01 +3.4745e+00
2299 +1.007206299e-01 +1.007206299e-01 -9.998992794e+02 -9.998992794e+02 +8.9461e-01 +5.0086e-01 +3.4744e+00
% function evaluation | noise-free fitness - Fopt (-2.787500000000e+02) | best noise-free fitness - Fopt | measured fitness | best measured fitness | x1 | x2...
1 +9.219658375e+01 +9.219658375e+01 -1.865534162e+02 -1.865534162e+02 +0.0000e+00 +0.0000e+00 +0.0000e+00
10 +6.439842548e+01 +6.439842548e+01 -2.143515745e+02 -2.143515745e+02 -8.2096e-01 +8.6924e-01 -1.9328e-01
11 +5.159574642e+01 +5.159574642e+01 -2.271542536e+02 -2.271542536e+02 -7.4459e-01 -1.3825e+00 +1.0693e-01
27 +3.677182206e+01 +3.677182206e+01 -2.419781779e+02 -2.419781779e+02 -2.7489e+00 -8.6628e-01 +8.2403e-01
42 +2.600019199e+01 +2.600019199e+01 -2.527498080e+02 -2.527498080e+02 -4.1237e+00 -1.6855e+00 -3.6373e-01
64 +2.418359156e+01 +2.418359156e+01 -2.545664084e+02 -2.545664084e+02 -4.3479e+00 +1.0136e+00 -3.9906e+00
82 +1.411113678e+01 +1.411113678e+01 -2.646388632e+02 -2.646388632e+02 -5.3459e+00 -1.1639e+00 -6.3816e-01
152 +9.199102167e+00 +9.199102167e+00 -2.695508978e+02 -2.695508978e+02 -5.2975e+00 -5.9814e-01 -1.5812e-01
178 +2.320625708e+00 +2.320625708e+00 -2.764293743e+02 -2.764293743e+02 -5.1649e+00 -4.8594e-02 -3.5930e-01
271 +1.668262454e+00 +1.668262454e+00 -2.770817375e+02 -2.770817375e+02 -4.9923e+00 +3.6218e-01 +4.3564e-01
% function evaluation | noise-free fitness - Fopt (-1.677000000000e+01) | best noise-free fitness - Fopt | measured fitness | best measured fitness | x1 | x2...
1 +5.104973728e+01 +5.104973728e+01 +3.427973728e+01 +3.427973728e+01 +0.0000e+00 +0.0000e+00 +0.0000e+00
3 +3.639913519e+01 +3.639913519e+01 +1.962913519e+01 +1.962913519e+01 +1.0494e+00 -1.1730e+00 -1.0483e+00
16 +2.432459693e+01 +2.432459693e+01 +7.554596925e+00 +7.554596925e+00 +5.1329e-01 -2.3110e+00 +1.7045e+00
25 +1.536621688e+01 +1.536621688e+01 -1.403783120e+00 -1.403783120e+00 -4.0092e-01 -1.0136e+00 +2.3795e+00
40 +1.036743924e+01 +1.036743924e+01 -6.402560762e+00 -6.402560762e+00 +3.1525e-01 -2.4357e+00 +1.4912e+00
48 +6.722617655e+00 +6.722617655e+00 -1.004738235e+01 -1.004738235e+01 +1.3939e-01 -1.8994e+00 +1.6613e+00
60 +3.419779739e+00 +3.419779739e+00 -1.335022026e+01 -1.335022026e+01 +1.6550e-01 -9.4995e-01 +2.3386e+00
64 +2.619726317e+00 +2.619726317e+00 -1.415027368e+01 -1.415027368e+01 +2.8474e-01 +3.1143e-01 +2.5835e+00
117 +2.329581959e+00 +2.329581959e+00 -1.444041804e+01 -1.444041804e+01 +3.4874e-01 +8.1558e-01 +2.7189e+00
133 +2.065164727e+00 +2.065164727e+00 -1.470483527e+01 -1.470483527e+01 +5.3566e-01 +1.0717e+00 +3.1294e+00
140 +1.261045537e+00 +1.261045537e+00 -1.550895446e+01 -1.550895446e+01 +4.4518e-01 +9.7045e-01 +2.8489e+00
249 +1.236463104e+00 +1.236463104e+00 -1.553353690e+01 -1.553353690e+01 +6.8830e-01 +1.3006e+00 +3.3965e+00
273 +9.497159596e-01 +9.497159596e-01 -1.582028404e+01 -1.582028404e+01 +7.5843e-01 +1.4865e+00 +3.3685e+00
287 +3.485349513e-01 +3.485349513e-01 -1.642146505e+01 -1.642146505e+01 +7.5982e-01 +1.5698e+00 +3.3146e+00
291 +2.190539619e-01 +2.190539619e-01 -1.655094604e+01 -1.655094604e+01 +7.5034e-01 +1.6013e+00 +3.3343e+00
303 +1.426913268e-01 +1.426913268e-01 -1.662730867e+01 -1.662730867e+01 +7.7243e-01 +1.6183e+00 +3.3555e+00
307 +1.051146515e-01 +1.051146515e-01 -1.666488535e+01 -1.666488535e+01 +7.7585e-01 +1.6424e+00 +3.3575e+00
313 +8.238230196e-02 +8.238230196e-02 -1.668761770e+01 -1.668761770e+01 +7.6998e-01 +1.6143e+00 +3.3464e+00
378 +3.299228453e-02 +3.299228453e-02 -1.673700772e+01 -1.673700772e+01 +7.6195e-01 +1.5918e+00 +3.3258e+00
579 +3.036386402e-02 +3.036386402e-02 -1.673963614e+01 -1.673963614e+01 +7.6515e-01 +1.6129e+00 +3.3283e+00
590 +1.763271366e-02 +1.763271366e-02 -1.675236729e+01 -1.675236729e+01 +7.6319e-01 +1.6067e+00 +3.3247e+00
684 +1.506068810e-02 +1.506068810e-02 -1.675493931e+01 -1.675493931e+01 +7.6180e-01 +1.6010e+00 +3.3240e+00
700 +1.435692800e-02 +1.435692800e-02 -1.675564307e+01 -1.675564307e+01 +7.6210e-01 +1.6027e+00 +3.3266e+00
701 +8.121993406e-03 +8.121993406e-03 -1.676187801e+01 -1.676187801e+01 +7.6192e-01 +1.5992e+00 +3.3239e+00
760 +6.059577381e-03 +6.059577381e-03 -1.676394042e+01 -1.676394042e+01 +7.6182e-01 +1.6004e+00 +3.3242e+00
764 +5.701648489e-03 +5.701648489e-03 -1.676429835e+01 -1.676429835e+01 +7.6219e-01 +1.6011e+00 +3.3245e+00
770 +5.054822981e-03 +5.054822981e-03 -1.676494518e+01 -1.676494518e+01 +7.6201e-01 +1.6010e+00 +3.3244e+00
773 +4.829621481e-03 +4.829621481e-03 -1.676517038e+01 -1.676517038e+01 +7.6213e-01 +1.6005e+00 +3.3248e+00
775 +4.207649833e-03 +4.207649833e-03 -1.676579235e+01 -1.676579235e+01 +7.6198e-01 +1.6005e+00 +3.3242e+00
795 +3.223492434e-03 +3.223492434e-03 -1.676677651e+01 -1.676677651e+01 +7.6225e-01 +1.6007e+00 +3.3248e+00
796 +2.788180053e-03 +2.788180053e-03 -1.676721182e+01 -1.676721182e+01 +7.6206e-01 +1.6002e+00 +3.3243e+00
804 +2.428649395e-03 +2.428649395e-03 -1.676757135e+01 -1.676757135e+01 +7.6202e-01 +1.6001e+00 +3.3244e+00
815 +1.500407038e-03 +1.500407038e-03 -1.676849959e+01 -1.676849959e+01 +7.6215e-01 +1.6000e+00 +3.3245e+00
847 +9.879630124e-04 +9.879630124e-04 -1.676901204e+01 -1.676901204e+01 +7.6208e-01 +1.6001e+00 +3.3244e+00
854 +8.882265154e-04 +8.882265154e-04 -1.676911177e+01 -1.676911177e+01 +7.6220e-01 +1.6002e+00 +3.3245e+00
981 +8.035250591e-04 +8.035250591e-04 -1.676919647e+01 -1.676919647e+01 +7.6220e-01 +1.6002e+00 +3.3245e+00
% function evaluation | noise-free fitness - Fopt (-8.593000000000e+01) | best noise-free fitness - Fopt | measured fitness | best measured fitness | x1 | x2...
1 +8.694017219e+01 +8.694017219e+01 +1.010172190e+00 +1.010172190e+00 +0.0000e+00 +0.0000e+00 +0.0000e+00
2 +3.992693879e+01 +3.992693879e+01 -4.600306121e+01 -4.600306121e+01 +1.4517e+00 +5.1302e-01 -4.0657e-01
12 +1.847222666e+01 +1.847222666e+01 -6.745777334e+01 -6.745777334e+01 +3.3864e+00 +1.0813e+00 +8.7756e-01
35 +1.817397623e+01 +1.817397623e+01 -6.775602377e+01 -6.775602377e+01 +1.2499e+00 +8.4124e-01 -1.3595e+00
39 +1.203325803e+01 +1.203325803e+01 -7.389674197e+01 -7.389674197e+01 +2.3690e+00 +1.2271e+00 -1.1088e+00
46 +1.104652752e+01 +1.104652752e+01 -7.488347248e+01 -7.488347248e+01 +2.1068e+00 +1.1600e+00 -4.9555e-01
49 +1.008547268e+01 +1.008547268e+01 -7.584452732e+01 -7.584452732e+01 +2.5791e+00 +1.5445e+00 -1.2767e-01
52 +5.181320754e+00 +5.181320754e+00 -8.074867925e+01 -8.074867925e+01 +2.3035e+00 +1.5391e+00 -6.7610e-01
66 +4.324984543e+00 +4.324984543e+00 -8.160501546e+01 -8.160501546e+01 +2.2164e+00 +1.0963e+00 -6.3224e-01
85 +3.426976438e+00 +3.426976438e+00 -8.250302356e+01 -8.250302356e+01 +2.5899e+00 +6.5516e-01 -8.3428e-01
113 +2.450136383e+00 +2.450136383e+00 -8.347986362e+01 -8.347986362e+01 +2.7920e+00 +6.7740e-01 -5.7959e-01
150 +1.880766849e+00 +1.880766849e+00 -8.404923315e+01 -8.404923315e+01 +2.7701e+00 +6.2220e-01 -8.1681e-01
175 +1.541075938e+00 +1.541075938e+00 -8.438892406e+01 -8.438892406e+01 +2.8215e+00 +5.3552e-01 -8.2704e-01
209 +1.473610493e+00 +1.473610493e+00 -8.445638951e+01 -8.445638951e+01 +2.8133e+00 +5.7321e-01 -8.0400e-01
224 +1.432841181e+00 +1.432841181e+00 -8.449715882e+01 -8.449715882e+01 +2.7786e+00 +5.8389e-01 -7.9436e-01
229 +1.317998053e+00 +1.317998053e+00 -8.461200195e+01 -8.461200195e+01 +2.8075e+00 +5.7858e-01 -7.3894e-01
237 +1.014946888e+00 +1.014946888e+00 -8.491505311e+01 -8.491505311e+01 +2.8042e+00 +5.8283e-01 -7.3957e-01
448 +8.889980453e-01 +8.889980453e-01 -8.504100195e+01 -8.504100195e+01 +2.7874e+00 +6.0122e-01 -7.4214e-01
648 +8.607615969e-01 +8.607615969e-01 -8.506923840e+01 -8.506923840e+01 +2.7868e+00 +6.0177e-01 -7.4209e-01
661 +8.319145823e-01 +8.319145823e-01 -8.509808542e+01 -8.509808542e+01 +2.7864e+00 +6.0201e-01 -7.4260e-01
684 +8.315840000e-01 +8.315840000e-01 -8.509841600e+01 -8.509841600e+01 +2.7864e+00 +6.0199e-01 -7.4261e-01
% function evaluation | noise-free fitness - Fopt (4.966000000000e+01) | best noise-free fitness - Fopt | measured fitness | best measured fitness | x1 | x2...
1 +1.268069931e+02 +1.268069931e+02 +1.764669931e+02 +1.764669931e+02 +0.0000e+00 +0.0000e+00 +0.0000e+00
11 +1.202655597e+02 +1.202655597e+02 +1.699255597e+02 +1.699255597e+02 -3.5884e-01 +1.1459e+00 +2.8037e-01
16 +8.159048272e+01 +8.159048272e+01 +1.312504827e+02 +1.312504827e+02 -1.4128e-01 +3.2460e-01 -4.4441e-01
51 +7.699038699e+01 +7.699038699e+01 +1.266503870e+02 +1.266503870e+02 -1.4137e+00 -1.0730e+00 +1.7727e+00
58 +6.561284724e+01 +6.561284724e+01 +1.152728472e+02 +1.152728472e+02 -1.0287e+00 -5.2306e-01 +9.0920e-01
86 +6.228485288e+01 +6.228485288e+01 +1.119448529e+02 +1.119448529e+02 -1.6067e+00 -4.7360e-01 +1.0704e-02
89 +4.710444960e+01 +4.710444960e+01 +9.676444960e+01 +9.676444960e+01 -1.5309e+00 -8.2474e-01 -1.1750e-01
101 +4.123162377e+01 +4.123162377e+01 +9.089162377e+01 +9.089162377e+01 -2.0988e+00 -1.0466e+00 -7.6459e-01
102 +7.798785820e+00 +7.798785820e+00 +5.745878582e+01 +5.745878582e+01 -2.6259e+00 -2.1334e+00 -2.0903e+00
116 +6.961946789e+00 +6.961946789e+00 +5.662194679e+01 +5.662194679e+01 -2.2269e+00 -3.4057e+00 -2.0305e+00
117 +5.192084004e+00 +5.192084004e+00 +5.485208400e+01 +5.485208400e+01 -2.7803e+00 -2.2953e+00 -1.6350e+00
166 +1.989206400e+00 +1.989206400e+00 +5.164920640e+01 +5.164920640e+01 -2.2856e+00 -2.8824e+00 -2.0629e+00
188 +1.866261262e+00 +1.866261262e+00 +5.152626126e+01 +5.152626126e+01 -2.7701e+00 -2.6204e+00 -1.6775e+00
201 +1.274044635e+00 +1.274044635e+00 +5.093404464e+01 +5.093404464e+01 -2.7843e+00 -2.4180e+00 -1.6994e+00
213 +9.022394184e-01 +9.022394184e-01 +5.056223942e+01 +5.056223942e+01 -2.7432e+00 -2.5861e+00 -1.6887e+00
228 +4.290834544e-01 +4.290834544e-01 +5.008908345e+01 +5.008908345e+01 -2.8142e+00 -2.5557e+00 -1.5671e+00
262 +3.346087879e-01 +3.346087879e-01 +4.999460879e+01 +4.999460879e+01 -2.7901e+00 -2.5747e+00 -1.5629e+00
344 +2.904150139e-01 +2.904150139e-01 +4.995041501e+01 +4.995041501e+01 -2.7085e+00 -2.6277e+00 -1.6267e+00
372 +2.549947093e-01 +2.549947093e-01 +4.991499471e+01 +4.991499471e+01 -2.7254e+00 -2.6101e+00 -1.6298e+00
435 +2.220855347e-01 +2.220855347e-01 +4.988208553e+01 +4.988208553e+01 -2.7171e+00 -2.6153e+00 -1.6354e+00
795 +2.176940296e-01 +2.176940296e-01 +4.987769403e+01 +4.987769403e+01 -2.7171e+00 -2.6157e+00 -1.6348e+00
864 +2.133270425e-01 +2.133270425e-01 +4.987332704e+01 +4.987332704e+01 -2.7147e+00 -2.6172e+00 -1.6370e+00
% function evaluation | noise-free fitness - Fopt (2.652800000000e+02) | best noise-free fitness - Fopt | measured fitness | best measured fitness | x1 | x2...
1 +1.118658551e+02 +1.118658551e+02 +3.771458551e+02 +3.771458551e+02 +0.0000e+00 +0.0000e+00 +0.0000e+00
2 +3.892931406e+01 +3.892931406e+01 +3.042093141e+02 +3.042093141e+02 +8.6555e-01 -1.3229e+00 -3.9513e-01
20 +2.955621934e+01 +2.955621934e+01 +2.948362193e+02 +2.948362193e+02 +5.1305e-01 +6.7512e-02 +7.1175e-01
22 +1.337091058e+01 +1.337091058e+01 +2.786509106e+02 +2.786509106e+02 +6.0150e-01 -7.6321e-01 +2.4564e+00
79 +2.052021169e+00 +2.052021169e+00 +2.673320212e+02 +2.673320212e+02 +1.8171e-01 -5.8612e-01 +3.4178e+00
159 +1.825953585e+00 +1.825953585e+00 +2.671059536e+02 +2.671059536e+02 +1.5575e-01 -6.7460e-01 +3.2834e+00
185 +1.624449820e+00 +1.624449820e+00 +2.669044498e+02 +2.669044498e+02 +1.9589e-01 -6.6457e-01 +3.2946e+00
195 +1.001860124e+00 +1.001860124e+00 +2.662818601e+02 +2.662818601e+02 +1.4950e-01 -6.8519e-01 +3.2930e+00
226 +9.043091404e-01 +9.043091404e-01 +2.661843091e+02 +2.661843091e+02 +1.5272e-01 -6.4142e-01 +3.3197e+00
244 +7.008145088e-01 +7.008145088e-01 +2.659808145e+02 +2.659808145e+02 +1.6062e-01 -7.3812e-01 +3.2748e+00
312 +6.882590597e-01 +6.882590597e-01 +2.659682591e+02 +2.659682591e+02 +1.7031e-01 -6.9758e-01 +3.2852e+00
323 +5.608440473e-01 +5.608440473e-01 +2.658408440e+02 +2.658408440e+02 +1.7232e-01 -7.0366e-01 +3.2872e+00
374 +5.370051926e-01 +5.370051926e-01 +2.658170052e+02 +2.658170052e+02 +1.6759e-01 -7.1385e-01 +3.2875e+00
385 +4.787420258e-01 +4.787420258e-01 +2.657587420e+02 +2.657587420e+02 +1.7534e-01 -7.1678e-01 +3.2816e+00
