% function evaluation | noise-free fitness - Fopt (-1.694000000000e+01) | best noise-free fitness - Fopt | measured fitness | best measured fitness | x1 | x2...
1 +9.470123986e+01 +9.470123986e+01 +7.776123986e+01 +7.776123986e+01 +0.0000e+00 +0.0000e+00 +0.0000e+00 +0.0000e+00 +0.0000e+00
2 +5.999747315e+01 +5.999747315e+01 +4.305747315e+01 +4.305747315e+01 -8.3772e-01 -2.1460e+00 +2.4880e-01 -6.6719e-01 -8.3210e-02
3 +4.640991605e+01 +4.640991605e+01 +2.946991605e+01 +2.946991605e+01 +1.2410e+00 +6.3133e-03 -4.2629e-01 +1.9841e+00 -8.5444e-01
8 +4.271925737e+01 +4.271925737e+01 +2.577925737e+01 +2.577925737e+01 +8.6277e-01 +1.2606e-01 +1.4199e+00 +5.9900e-01 -1.6003e-01
23 +2.906024487e+01 +2.906024487e+01 +1.212024487e+01 +1.212024487e+01 +1.8910e+00 +3.5456e+00 +1.6206e+00 +1.5986e-01 -4.2213e-01
36 +2.492785298e+01 +2.492785298e+01 +7.987852984e+00 +7.987852984e+00 +1.5440e+00 +4.2359e+00 +6.3183e-01 -3.4492e-02 -8.4592e-01
55 +2.246741606e+01 +2.246741606e+01 +5.527416059e+00 +5.527416059e+00 +2.3838e+00 +4.4380e+00 -9.3476e-01 +1.1460e+00 -6.6176e-01
59 +1.999034527e+01 +1.999034527e+01 +3.050345270e+00 +3.050345270e+00 +3.1069e+00 +3.5810e+00 -7.6184e-01 -7.5983e-01 +2.9394e-01
103 +1.847904151e+01 +1.847904151e+01 +1.539041509e+00 +1.539041509e+00 +3.7177e+00 +2.4140e+00 +7.5007e-01 -7.3705e-01 +1.1900e+00
137 +1.358230694e+01 +1.358230694e+01 -3.357693062e+00 -3.357693062e+00 +4.2028e+00 +2.8435e+00 +1.6084e-01 +6.1025e-03 +1.8243e+00
147 +1.247767511e+01 +1.247767511e+01 -4.462324894e+00 -4.462324894e+00 +3.4516e+00 +2.6401e+00 -6.8500e-01 +8.6530e-02 +1.7829e+00
155 +3.294758765e+00 +3.294758765e+00 -1.364524123e+01 -1.364524123e+01 +3.2336e+00 +3.6673e+00 -1.3682e+00 +7.9033e-01 +1.5545e+00
236 +3.035735053e+00 +3.035735053e+00 -1.390426495e+01 -1.390426495e+01 +3.8528e+00 +2.3788e+00 -1.5583e+00 +1.5954e+00 +1.5739e+00
247 +1.520889375e+00 +1.520889375e+00 -1.541911063e+01 -1.541911063e+01 +3.7483e+00 +2.1438e+00 -1.5284e+00 +1.7836e+00 +1.2173e+00
302 +1.230278032e+00 +1.230278032e+00 -1.570972197e+01 -1.570972197e+01 +3.8458e+00 +2.8914e+00 -1.4883e+00 +1.4521e+00 +1.6154e+00
328 +8.132077466e-01 +8.132077466e-01 -1.612679225e+01 -1.612679225e+01 +3.8250e+00 +2.7405e+00 -1.4463e+00 +1.3801e+00 +1.5163e+00
361 +6.026673384e-01 +6.026673384e-01 -1.633733266e+01 -1.633733266e+01 +3.9542e+00 +2.8041e+00 -1.3675e+00 +1.2677e+00 +1.4808e+00
393 +5.583383744e-01 +5.583383744e-01 -1.638166163e+01 -1.638166163e+01 +3.9904e+00 +2.8701e+00 -1.3226e+00 +1.2607e+00 +1.4919e+00
402 +4.520003984e-01 +4.520003984e-01 -1.648799960e+01 -1.648799960e+01 +3.9853e+00 +2.8020e+00 -1.3620e+00 +1.2434e+00 +1.5489e+00
435 +3.519537111e-01 +3.519537111e-01 -1.658804629e+01 -1.658804629e+01 +3.9948e+00 +2.8630e+00 -1.3761e+00 +1.2243e+00 +1.5349e+00
446 +1.960013847e-01 +1.960013847e-01 -1.674399862e+01 -1.674399862e+01 +3.9935e+00 +2.8385e+00 -1.3559e+00 +1.2451e+00 +1.5075e+00
513 +1.762527713e-01 +1.762527713e-01 -1.676374723e+01 -1.676374723e+01 +3.9777e+00 +2.8485e+00 -1.3606e+00 +1.2391e+00 +1.5201e+00
636 +1.578801342e-01 +1.578801342e-01 -1.678211987e+01 -1.678211987e+01 +3.9870e+00 +2.8353e+00 -1.3540e+00 +1.2442e+00 +1.5144e+00
665 +1.383350897e-01 +1.383350897e-01 -1.680166491e+01 -1.680166491e+01 +3.9822e+00 +2.8417e+00 -1.3596e+00 +1.2424e+00 +1.5163e+00
674 +1.277288111e-01 +1.277288111e-01 -1.681227119e+01 -1.681227119e+01 +3.9791e+00 +2.8428e+00 -1.3608e+00 +1.2429e+00 +1.5161e+00
702 +1.257031759e-01 +1.257031759e-01 -1.681429682e+01 -1.681429682e+01 +3.9778e+00 +2.8421e+00 -1.3620e+00 +1.2423e+00 +1.5164e+00
728 +1.171008215e-01 +1.171008215e-01 -1.682289918e+01 -1.682289918e+01 +3.9773e+00 +2.8460e+00 -1.3616e+00 +1.2405e+00 +1.5176e+00
773 +1.108186241e-01 +1.108186241e-01 -1.682918138e+01 -1.682918138e+01 +3.9754e+00 +2.8420e+00 -1.3624e+00 +1.2435e+00 +1.5149e+00
786 +9.940247794e-02 +9.940247794e-02 -1.684059752e+01 -1.684059752e+01 +3.9733e+00 +2.8417e+00 -1.3631e+00 +1.2445e+00 +1.5139e+00
837 +9.467400374e-02 +9.467400374e-02 -1.684532600e+01 -1.684532600e+01 +3.9758e+00 +2.8430e+00 -1.3613e+00 +1.2436e+00 +1.5136e+00
868 +9.132377023e-02 +9.132377023e-02 -1.684867623e+01 -1.684867623e+01 +3.9763e+00 +2.8435e+00 -1.3617e+00 +1.2428e+00 +1.5144e+00
948 +8.464382168e-02 +8.464382168e-02 -1.685535618e+01 -1.685535618e+01 +3.9767e+00 +2.8446e+00 -1.3611e+00 +1.2423e+00 +1.5145e+00
1122 +8.222329982e-02 +8.222329982e-02 -1.685777670e+01 -1.685777670e+01 +3.9780e+00 +2.8440e+00 -1.3604e+00 +1.2425e+00 +1.5146e+00
1221 +7.991815251e-02 +7.991815251e-02 -1.686008185e+01 -1.686008185e+01 +3.9781e+00 +2.8441e+00 -1.3603e+00 +1.2424e+00 +1.5146e+00
1288 +7.882033614e-02 +7.882033614e-02 -1.686117966e+01 -1.686117966e+01 +3.9781e+00 +2.8441e+00 -1.3604e+00 +1.2423e+00 +1.5147e+00
1421 +7.725753010e-02 +7.725753010e-02 -1.686274247e+01 -1.686274247e+01 +3.9778e+00 +2.8441e+00 -1.3606e+00 +1.2424e+00 +1.5146e+00
1489 +7.436975896e-02 +7.436975896e-02 -1.686563024e+01 -1.686563024e+01 +3.9778e+00 +2.8441e+00 -1.3606e+00 +1.2423e+00 +1.5147e+00
1581 +7.386109917e-02 +7.386109917e-02 -1.686613890e+01 -1.686613890e+01 +3.9778e+00 +2.8441e+00 -1.3606e+00 +1.2424e+00 +1.5147e+00
% function evaluation | noise-free fitness - Fopt (1.881000000000e+01) | best noise-free fitness - Fopt | measured fitness | best measured fitness | x1 | x2...
1 +3.169183622e+01 +3.169183622e+01 +5.050183622e+01 +5.050183622e+01 +0.0000e+00 +0.0000e+00 +0.0000e+00 +0.0000e+00 +0.0000e+00
2 +2.332290603e+01 +2.332290603e+01 +4.213290603e+01 +4.213290603e+01 -1.2521e+00 -4.5813e-02 -7.2342e-01 -2.1407e-01 +6.9301e-01
3 +1.567571938e+01 +1.567571938e+01 +3.448571938e+01 +3.448571938e+01 -9.1894e-01 +5.9497e-01 +2.3173e-01 -7.1089e-01 -7.9208e-03
4 +1.444869677e+01 +1.444869677e+01 +3.325869677e+01 +3.325869677e+01 +1.4633e-01 +1.7502e-01 -1.1218e+00 -9.6618e-02 +1.2335e+00
16 +1.203329535e+01 +1.203329535e+01 +3.084329535e+01 +3.084329535e+01 +8.6967e-01 +1.2558e+00 -2.3198e-01 +9.8981e-02 +2.1091e+00
22 +9.990650621e+00 +9.990650621e+00 +2.880065062e+01 +2.880065062e+01 +8.3014e-01 +1.2257e+00 -5.2095e-01 +3.4160e-02 +1.8950e+00
30 +5.022986693e+00 +5.022986693e+00 +2.383298669e+01 +2.383298669e+01 -8.3305e-01 +1.2993e+00 -1.3311e+00 +4.1427e-01 +1.6743e+00
104 +3.551986101e+00 +3.551986101e+00 +2.236198610e+01 +2.236198610e+01 -1.0641e-01 +1.4440e+00 -8.1018e-01 -7.8521e-01 +2.3605e+00
113 +2.902042953e+00 +2.902042953e+00 +2.171204295e+01 +2.171204295e+01 -3.2299e-01 +1.4529e+00 -7.9973e-01 -6.8938e-01 +2.2911e+00
121 +2.338680643e+00 +2.338680643e+00 +2.114868064e+01 +2.114868064e+01 +1.9548e-02 +1.5966e+00 -8.1960e-01 -5.7747e-01 +2.2378e+00
141 +1.489101618e+00 +1.489101618e+00 +2.029910162e+01 +2.029910162e+01 +4.9583e-02 +1.5509e+00 -8.6451e-01 -5.4402e-01 +2.0940e+00
189 +1.081153857e+00 +1.081153857e+00 +1.989115386e+01 +1.989115386e+01 -1.8280e-01 +1.2143e+00 -7.8732e-01 -4.9092e-01 +1.9405e+00
260 +9.992653063e-01 +9.992653063e-01 +1.980926531e+01 +1.980926531e+01 -1.0366e-01 +1.1727e+00 -8.4194e-01 -4.9251e-01 +1.9678e+00
267 +7.236022308e-01 +7.236022308e-01 +1.953360223e+01 +1.953360223e+01 -1.7029e-01 +1.1861e+00 -8.0157e-01 -5.1970e-01 +1.9582e+00
318 +6.102897231e-01 +6.102897231e-01 +1.942028972e+01 +1.942028972e+01 -1.8929e-01 +1.1795e+00 -7.9564e-01 -4.8401e-01 +1.9491e+00
341 +5.879971256e-01 +5.879971256e-01 +1.939799713e+01 +1.939799713e+01 -1.5549e-01 +1.1707e+00 -7.9317e-01 -4.9743e-01 +1.9650e+00
357 +5.411723450e-01 +5.411723450e-01 +1.935117234e+01 +1.935117234e+01 -1.5340e-01 +1.1743e+00 -7.9854e-01 -5.0002e-01 +1.9532e+00
410 +5.073612182e-01 +5.073612182e-01 +1.931736122e+01 +1.931736122e+01 -1.5116e-01 +1.1773e+00 -7.9965e-01 -4.9923e-01 +1.9564e+00
419 +4.785422922e-01 +4.785422922e-01 +1.928854229e+01 +1.928854229e+01 -1.5859e-01 +1.1780e+00 -7.9917e-01 -4.9904e-01 +1.9550e+00
421 +3.929198870e-01 +3.929198870e-01 +1.920291989e+01 +1.920291989e+01 -1.5777e-01 +1.1689e+00 -8.0555e-01 -5.0282e-01 +1.9588e+00
431 +3.667474015e-01 +3.667474015e-01 +1.917674740e+01 +1.917674740e+01 -1.6067e-01 +1.1771e+00 -8.0652e-01 -4.9881e-01 +1.9635e+00
438 +2.791885041e-01 +2.791885041e-01 +1.908918850e+01 +1.908918850e+01 -1.6639e-01 +1.1754e+00 -8.0803e-01 -4.9556e-01 +1.9694e+00
789 +2.671075573e-01 +2.671075573e-01 +1.907710756e+01 +1.907710756e+01 -1.6795e-01 +1.1721e+00 -8.0826e-01 -4.9436e-01 +1.9683e+00
828 +2.513927538e-01 +2.513927538e-01 +1.906139275e+01 +1.906139275e+01 -1.6784e-01 +1.1707e+00 -8.0841e-01 -4.9500e-01 +1.9672e+00
934 +2.490041640e-01 +2.490041640e-01 +1.905900416e+01 +1.905900416e+01 -1.6769e-01 +1.1707e+00 -8.0824e-01 -4.9541e-01 +1.9676e+00
969 +2.439762054e-01 +2.439762054e-01 +1.905397621e+01 +1.905397621e+01 -1.6774e-01 +1.1708e+00 -8.0846e-01 -4.9498e-01 +1.9678e+00
1079 +2.387093670e-01 +2.387093670e-01 +1.904870937e+01 +1.904870937e+01 -1.6767e-01 +1.1713e+00 -8.0838e-01 -4.9504e-01 +1.9680e+00
1134 +2.340954428e-01 +2.340954428e-01 +1.904409544e+01 +1.904409544e+01 -1.6763e-01 +1.1711e+00 -8.0833e-01 -4.9524e-01 +1.9681e+00
% function evaluation | noise-free fitness - Fopt (2.731500000000e+02) | best noise-free fitness - Fopt | measured fitness | best measured fitness | x1 | x2...
1 +8.700664503e+01 +8.700664503e+01 +3.601566450e+02 +3.601566450e+02 +0.0000e+00 +0.0000e+00 +0.0000e+00 +0.0000e+00 +0.0000e+00
2 +5.066426045e+01 +5.066426045e+01 +3.238142605e+02 +3.238142605e+02 -3.0893e-01 -4.1168e-01 +3.1274e-01 +1.3182e+00 +1.3253e+00
3 +4.059066224e+01 +4.059066224e+01 +3.137406622e+02 +3.137406622e+02 -8.8419e-01 +5.8101e-01 -5.9380e-01 +1.0889e+00 +2.8283e-02
11 +2.659268203e+01 +2.659268203e+01 +2.997426820e+02 +2.997426820e+02 -7.1685e-01 +1.1821e+00 -7.3874e-01 +1.2902e+00 +7.7081e-01
21 +2.230858296e+01 +2.230858296e+01 +2.954585830e+02 +2.954585830e+02 +1.1647e+00 +2.2939e+00 -1.2982e+00 +1.7305e+00 +9.9237e-01
23 +2.096974129e+01 +2.096974129e+01 +2.941197413e+02 +2.941197413e+02 -7.5481e-02 +3.7558e+00 -1.9113e+00 +2.2826e+00 +1.8150e+00
24 +2.026253999e+01 +2.026253999e+01 +2.934125400e+02 +2.934125400e+02 +1.1880e+00 +2.4164e+00 +1.2682e-01 +1.9045e+00 +1.2115e+00
28 +1.275165912e+01 +1.275165912e+01 +2.859016591e+02 +2.859016591e+02 +4.6612e-01 +3.1475e+00 -1.7700e+00 +8.8146e-01 +1.6779e+00
62 +9.268884523e+00 +9.268884523e+00 +2.824188845e+02 +2.824188845e+02 +1.9875e+00 +3.9962e+00 -1.6255e-01 +1.2949e+00 +8.6896e-01
87 +7.573064837e+00 +7.573064837e+00 +2.807230648e+02 +2.807230648e+02 +1.9293e+00 +4.9615e+00 -5.8017e-01 +1.4479e+00 +8.8031e-01
138 +6.861967704e+00 +6.861967704e+00 +2.800119677e+02 +2.800119677e+02 +2.0350e+00 +4.0464e+00 +1.5095e-01 +1.7644e+00 +1.0795e+00
149 +5.133970445e+00 +5.133970445e+00 +2.782839704e+02 +2.782839704e+02 +2.3793e+00 +3.6729e+00 +5.7947e-01 +1.7005e+00 +8.6631e-01
351 +4.879899685e+00 +4.879899685e+00 +2.780298997e+02 +2.780298997e+02 -2.4152e+00 +4.2261e+00 -1.7084e+00 +1.6346e+00 +1.9867e+00
384 +3.982695694e+00 +3.982695694e+00 +2.771326957e+02 +2.771326957e+02 -2.1240e+00 +4.3448e+00 -1.5270e+00 +1.6295e+00 +1.4510e+00
397 +3.341290447e+00 +3.341290447e+00 +2.764912904e+02 +2.764912904e+02 -1.9777e+00 +4.2593e+00 -1.6674e+00 +1.6515e+00 +1.5216e+00
573 +2.543190241e+00 +2.543190241e+00 +2.756931902e+02 +2.756931902e+02 -6.3931e-01 +4.1965e+00 -1.1941e+00 +1.5514e+00 +1.3359e+00
651 +2.489986384e+00 +2.489986384e+00 +2.756399864e+02 +2.756399864e+02 -1.0689e+00 +4.2507e+00 -1.2612e+00 +1.6257e+00 +1.3730e+00
653 +2.178280688e+00 +2.178280688e+00 +2.753282807e+02 +2.753282807e+02 -9.7668e-01 +4.1797e+00 -1.3472e+00 +1.6231e+00 +1.4395e+00
706 +1.917194709e+00 +1.917194709e+00 +2.750671947e+02 +2.750671947e+02 -8.9514e-01 +4.1757e+00 -1.2812e+00 +1.5823e+00 +1.3811e+00
758 +1.895881481e+00 +1.895881481e+00 +2.750458815e+02 +2.750458815e+02 -8.7434e-01 +4.1392e+00 -1.3159e+00 +1.5640e+00 +1.4052e+00
763 +1.679847115e+00 +1.679847115e+00 +2.748298471e+02 +2.748298471e+02 -8.7822e-01 +4.0912e+00 -1.3153e+00 +1.5814e+00 +1.4179e+00
793 +1.619086437e+00 +1.619086437e+00 +2.747690864e+02 +2.747690864e+02 -9.1612e-01 +4.1265e+00 -1.3196e+00 +1.5873e+00 +1.4293e+00
824 +1.495098650e+00 +1.495098650e+00 +2.746450986e+02 +2.746450986e+02 -9.2146e-01 +4.0980e+00 -1.3104e+00 +1.5898e+00 +1.4337e+00
866 +1.429728456e+00 +1.429728456e+00 +2.745797285e+02 +2.745797285e+02 -9.2617e-01 +4.0966e+00 -1.3054e+00 +1.5967e+00 +1.4340e+00
897 +1.391374222e+00 +1.391374222e+00 +2.745413742e+02 +2.745413742e+02 -9.4299e-01 +4.1014e+00 -1.3138e+00 +1.5958e+00 +1.4349e+00
929 +1.356902160e+00 +1.356902160e+00 +2.745069022e+02 +2.745069022e+02 -9.3435e-01 +4.1051e+00 -1.3234e+00 +1.5887e+00 +1.4320e+00
977 +1.348124876e+00 +1.348124876e+00 +2.744981249e+02 +2.744981249e+02 -9.4692e-01 +4.0977e+00 -1.3090e+00 +1.5965e+00 +1.4372e+00
1001 +1.301493648e+00 +1.301493648e+00 +2.744514936e+02 +2.744514936e+02 -9.4277e-01 +4.0978e+00 -1.3162e+00 +1.5950e+00 +1.4367e+00
1020 +1.230261857e+00 +1.230261857e+00 +2.743802619e+02 +2.743802619e+02 -9.2795e-01 +4.0994e+00 -1.3207e+00 +1.5886e+00 +1.4350e+00
1223 +1.189816744e+00 +1.189816744e+00 +2.743398167e+02 +2.743398167e+02 -9.4680e-01 +4.1065e+00 -1.3248e+00 +1.5888e+00 +1.4353e+00
1678 +1.172861728e+00 +1.172861728e+00 +2.743228617e+02 +2.743228617e+02 -9.4550e-01 +4.1066e+00 -1.3248e+00 +1.5885e+00 +1.4351e+00
% function evaluation | noise-free fitness - Fopt (3.718000000000e+01) | best noise-free fitness - Fopt | measured fitness | best measured fitness | x1 | x2...
1 +1.334312491e+02 +1.334312491e+02 +1.706112491e+02 +1.706112491e+02 +0.0000e+00 +0.0000e+00 +0.0000e+00 +0.0000e+00 +0.0000e+00
2 +1.028193990e+02 +1.028193990e+02 +1.399993990e+02 +1.399993990e+02 -4.9175e-01 -7.9011e-01 +8.9930e-01 +1.4549e+00 +3.7475e-01
5 +8.644820293e+01 +8.644820293e+01 +1.236282029e+02 +1.236282029e+02 -1.1134e+00 -1.0553e+00 -9.0407e-01 +1.1564e+00 -7.2555e-01
7 +8.137690287e+01 +8.137690287e+01 +1.185569029e+02 +1.185569029e+02 -1.2440e-01 +7.0891e-01 +1.1672e+00 +4.2272e-01 -2.3238e-01
12 +4.187320600e+01 +4.187320600e+01 +7.905320600e+01 +7.905320600e+01 +1.2200e-01 +5.4774e-01 +3.0409e+00 +1.6512e+00 -1.9288e+00
18 +4.072230509e+01 +4.072230509e+01 +7.790230509e+01 +7.790230509e+01 +1.0580e-01 +1.3011e+00 +2.2476e+00 +1.1319e+00 +8.9998e-01
62 +1.594462052e+01 +1.594462052e+01 +5.312462052e+01 +5.312462052e+01 -1.4291e+00 +1.6923e+00 +3.2066e+00 +4.7887e-01 -8.6789e-01
78 +4.484882552e+00 +4.484882552e+00 +4.166488255e+01 +4.166488255e+01 -2.1507e+00 +1.9546e+00 +4.1254e+00 +9.3027e-01 -1.9966e+00
240 +3.503792428e+00 +3.503792428e+00 +4.068379243e+01 +4.068379243e+01 -3.4078e+00 +2.0067e+00 +2.9508e+00 +1.3693e+00 -3.0451e+00
244 +1.465707474e+00 +1.465707474e+00 +3.864570747e+01 +3.864570747e+01 -3.4636e+00 +2.2194e+00 +2.9419e+00 +1.3164e+00 -3.1980e+00
321 +1.426450512e+00 +1.426450512e+00 +3.860645051e+01 +3.860645051e+01 -3.3977e+00 +2.1311e+00 +2.7899e+00 +1.3596e+00 -3.2715e+00
328 +1.224115122e+00 +1.224115122e+00 +3.840411512e+01 +3.840411512e+01 -3.4101e+00 +2.0191e+00 +2.7788e+00 +1.3081e+00 -3.1838e+00
333 +8.501480145e-01 +8.501480145e-01 +3.803014801e+01 +3.803014801e+01 -3.3824e+00 +1.9892e+00 +2.7998e+00 +1.3295e+00 -3.2513e+00
346 +6.089601536e-01 +6.089601536e-01 +3.778896015e+01 +3.778896015e+01 -3.3160e+00 +1.9692e+00 +2.8453e+00 +1.3125e+00 -3.2543e+00
389 +3.640659283e-01 +3.640659283e-01 +3.754406593e+01 +3.754406593e+01 -3.3396e+00 +1.9376e+00 +2.8046e+00 +1.3576e+00 -3.2568e+00
704 +3.555579760e-01 +3.555579760e-01 +3.753555798e+01 +3.753555798e+01 -3.3221e+00 +1.9054e+00 +2.7898e+00 +1.3594e+00 -3.2127e+00
727 +3.351373195e-01 +3.351373195e-01 +3.751513732e+01 +3.751513732e+01 -3.3232e+00 +1.9072e+00 +2.7777e+00 +1.3622e+00 -3.2147e+00
744 +2.861764584e-01 +2.861764584e-01 +3.746617646e+01 +3.746617646e+01 -3.3292e+00 +1.9188e+00 +2.7818e+00 +1.3564e+00 -3.2158e+00
908 +2.642182777e-01 +2.642182777e-01 +3.744421828e+01 +3.744421828e+01 -3.3151e+00 +1.8899e+00 +2.7773e+00 +1.3663e+00 -3.2315e+00
922 +2.603520170e-01 +2.603520170e-01 +3.744035202e+01 +3.744035202e+01 -3.3122e+00 +1.8921e+00 +2.7785e+00 +1.3654e+00 -3.2448e+00
1030 +2.452459648e-01 +2.452459648e-01 +3.742524596e+01 +3.742524596e+01 -3.3145e+00 +1.8950e+00 +2.7830e+00 +1.3661e+00 -3.2386e+00
1089 +2.348333257e-01 +2.348333257e-01 +3.741483333e+01 +3.741483333e+01 -3.3068e+00 +1.8901e+00 +2.7877e+00 +1.3663e+00 -3.2390e+00
1091 +2.303457285e-01 +2.303457285e-01 +3.741034573e+01 +3.741034573e+01 -3.3064e+00 +1.8879e+00 +2.7872e+00 +1.3644e+00 -3.2323e+00
1207 +2.191976495e-01 +2.191976495e-01 +3.739919765e+01 +3.739919765e+01 -3.3026e+00 +1.8876e+00 +2.7923e+00 +1.3640e+00 -3.2355e+00
1209 +2.101623266e-01 +2.101623266e-01 +3.739016233e+01 +3.739016233e+01 -3.3023e+00 +1.8884e+00 +2.7932e+00 +1.3641e+00 -3.2354e+00
1219 +1.965409459e-01 +1.965409459e-01 +3.737654095e+01 +3.737654095e+01 -3.3030e+00 +1.8883e+00 +2.7913e+00 +1.3646e+00 -3.2362e+00
1461 +1.946489919e-01 +1.946489919e-01 +3.737464899e+01 +3.737464899e+01 -3.3029e+00 +1.8881e+00 +2.7913e+00 +1.3647e+00 -3.2361e+00
1667 +1.891224032e-01 +1.891224032e-01 +3.736912240e+01 +3.736912240e+01 -3.3030e+00 +1.8881e+00 +2.7911e+00 +1.3647e+00 -3.2359e+00
% function evaluation | noise-free fitness - Fopt (-1.479000000000e+02) | best noise-free fitness - Fopt | measured fitness | best measured fitness | x1 | x2...
1 +6.898756762e+01 +6.898756762e+01 -7.891243238e+01 -7.891243238e+01 +0.0000e+00 +0.0000e+00 +0.0000e+00 +0.0000e+00 +0.0000e+00
3 +5.492696054e+01 +5.492696054e+01 -9.297303946e+01 -9.297303946e+01 -1.2180e+00 -6.7329e-01 +1.6504e+00 -2.1114e-01 +1.2360e+00
4 +5.248377894e+01 +5.248377894e+01 -9.541622106e+01 -9.541622106e+01 -5.2935e-01 -3.8042e-01 -1.6753e-01 +1.5168e+00 -5.8676e-01
5 +3.235274882e+01 +3.235274882e+01 -1.155472512e+02 -1.155472512e+02 -2.3993e-01 -8.9595e-01 +5.5446e-01 +2.1981e-01 -1.0267e-01
16 +2.512061200e+01 +2.512061200e+01 -1.227793880e+02 -1.227793880e+02 -6.7536e-01 -9.8340e-01 +1.0626e+00 -3.1280e-01 -1.0141e+00
35 +2.342780429e+01 +2.342780429e+01 -1.244721957e+02 -1.244721957e+02 -3.0010e-01 -1.2986e+00 +2.3659e+00 -3.3605e-01 -1.6798e+00
37 +2.017231720e+01 +2.017231720e+01 -1.277276828e+02 -1.277276828e+02 -2.4570e+00 -3.4618e-01 +3.5742e+00 -1.6148e+00 -2.8274e+00
39 +1.252085166e+01 +1.252085166e+01 -1.353791483e+02 -1.353791483e+02 -1.6692e+00 -1.1016e+00 +2.2761e+00 -1.1308e+00 -2.2243e+00
48 +8.851265409e+00 +8.851265409e+00 -1.390487346e+02 -1.390487346e+02 -2.1283e+00 -1.1297e+00 +2.1754e+00 -7.4910e-01 -2.5648e+00
59 +7.965257132e+00 +7.965257132e+00 -1.399347429e+02 -1.399347429e+02 -8.3860e-01 -7.0668e-01 +2.1854e+00 -1.1993e+00 -2.6455e+00
60 +4.407886373e+00 +4.407886373e+00 -1.434921136e+02 -1.434921136e+02 -1.8961e+00 -9.1126e-02 +2.6366e+00 -8.7883e-01 -2.3344e+00
147 +2.809402096e+00 +2.809402096e+00 -1.450905979e+02 -1.450905979e+02 -1.8575e+00 +3.9642e-02 +1.5487e+00 -1.4550e+00 -2.7810e+00
159 +2.283945194e+00 +2.283945194e+00 -1.456160548e+02 -1.456160548e+02 -2.0756e+00 +2.0054e-01 +1.2520e+00 -1.4694e+00 -2.5447e+00
177 +1.529937666e+00 +1.529937666e+00 -1.463700623e+02 -1.463700623e+02 -1.9870e+00 +1.2978e-01 +1.1379e+00 -1.9084e+00 -2.9516e+00
385 +9.107838712e-01 +9.107838712e-01 -1.469892161e+02 -1.469892161e+02 -1.7101e+00 -1.2018e-01 +1.2115e+00 -2.2020e+00 -3.0001e+00
402 +8.035079796e-01 +8.035079796e-01 -1.470964920e+02 -1.470964920e+02 -1.6936e+00 -1.1220e-01 +1.3070e+00 -2.0732e+00 -2.9552e+00
408 +6.476066052e-01 +6.476066052e-01 -1.472523934e+02 -1.472523934e+02 -1.6906e+00 -1.1883e-01 +1.3055e+00 -2.0904e+00 -2.9751e+00
36642 +6.456537075e-01 +6.456537075e-01 -1.472543463e+02 -1.472543463e+02 -1.7934e+00 -2.3601e-01 +1.4235e+00 -1.9625e+00 -2.7399e+00
% function evaluation | noise-free fitness - Fopt (2.173800000000e+02) | best noise-free fitness - Fopt | measured fitness | best measured fitness | x1 | x2...
1 +1.561535702e+02 +1.561535702e+02 +3.735335702e+02 +3.735335702e+02 +0.0000e+00 +0.0000e+00 +0.0000e+00 +0.0000e+00 +0.0000e+00
2 +6.334512388e+01 +6.334512388e+01 +2.807251239e+02 +2.807251239e+02 +2.5782e-01 -1.9502e-01 -1.3287e+00 +1.3649e+00 -1.8200e+00
5 +3.958102493e+01 +3.958102493e+01 +2.569610249e+02 +2.569610249e+02 +1.0504e-01 -1.3037e+00 -1.0539e-01 +1.3366e+00 -9.0428e-01
22 +2.625863492e+01 +2.625863492e+01 +2.436386349e+02 +2.436386349e+02 -1.8337e+00 -1.3486e+00 -5.7000e-01 +3.3009e+00 -2.4886e+00
29 +2.231630193e+01 +2.231630193e+01 +2.396963019e+02 +2.396963019e+02 +1.2714e-01 -2.7401e+00 -1.4120e+00 +2.0262e+00 -1.4129e+00
33 +1.571889861e+01 +1.571889861e+01 +2.330988986e+02 +2.330988986e+02 +5.3648e-01 -3.7345e+00 -1.0263e+00 +2.3459e+00 -2.1608e+00
56 +1.179768910e+01 +1.179768910e+01 +2.291776891e+02 +2.291776891e+02 -7.3357e-01 -3.1796e+00 -8.7884e-01 +2.2160e+00 -1.6605e+00
78 +8.900423280e+00 +8.900423280e+00 +2.262804233e+02 +2.262804233e+02 +4.1812e-02 -2.7159e+00 -1.8533e+00 +2.8705e+00 -1.6833e+00
102 +8.464841178e+00 +8.464841178e+00 +2.258448412e+02 +2.258448412e+02 +9.6471e-01 -3.0901e+00 -1.8618e+00 +2.1635e+00 -3.1393e+00
120 +6.080647440e+00 +6.080647440e+00 +2.234606474e+02 +2.234606474e+02 +1.1746e-01 -2.7980e+00 -1.9887e+00 +2.1178e+00 -2.9226e+00
122 +4.807129620e+00 +4.807129620e+00 +2.221871296e+02 +2.221871296e+02 -2.1745e-01 -3.1003e+00 -2.6077e+00 +1.4237e+00 -2.7406e+00
134 +4.358726535e+00 +4.358726535e+00 +2.217387265e+02 +2.217387265e+02 -5.9166e-01 -2.8005e+00 -1.9156e+00 +1.5649e+00 -3.2206e+00
151 +2.509225872e+00 +2.509225872e+00 +2.198892259e+02 +2.198892259e+02 -2.7853e-01 -3.2404e+00 -2.0562e+00 +1.9966e+00 -2.9441e+00
165 +1.869594958e+00 +1.869594958e+00 +2.192495950e+02 +2.192495950e+02 -1.1495e-01 -3.2277e+00 -1.8961e+00 +2.2184e+00 -3.1855e+00
177 +1.371438730e+00 +1.371438730e+00 +2.187514387e+02 +2.187514387e+02 +9.0037e-02 -3.3582e+00 -1.8385e+00 +2.1636e+00 -3.0125e+00
239 +1.337693048e+00 +1.337693048e+00 +2.187176930e+02 +2.187176930e+02 +3.5270e-02 -3.4393e+00 -1.6067e+00 +2.0951e+00 -3.1962e+00
252 +7.225574947e-01 +7.225574947e-01 +2.181025575e+02 +2.181025575e+02 -2.8606e-02 -3.4245e+00 -1.7384e+00 +2.0752e+00 -3.2320e+00
267 +6.745935692e-01 +6.745935692e-01 +2.180545936e+02 +2.180545936e+02 +5.4590e-02 -3.3698e+00 -1.7413e+00 +2.0869e+00 -3.1756e+00
273 +6.230545650e-01 +6.230545650e-01 +2.180030546e+02 +2.180030546e+02 +5.1853e-02 -3.4221e+00 -1.7476e+00 +2.0883e+00 -3.2152e+00
305 +5.168379351e-01 +5.168379351e-01 +2.178968379e+02 +2.178968379e+02 +4.4304e-02 -3.3855e+00 -1.7670e+00 +2.1094e+00 -3.1742e+00
381 +3.929192859e-01 +3.929192859e-01 +2.177729193e+02 +2.177729193e+02 -2.6734e-03 -3.3661e+00 -1.8642e+00 +2.0113e+00 -3.1642e+00
392 +1.964135474e-01 +1.964135474e-01 +2.175764135e+02 +2.175764135e+02 -3.7624e-02 -3.3702e+00 -1.8799e+00 +2.0339e+00 -3.1276e+00
433 +1.714978612e-01 +1.714978612e-01 +2.175514979e+02 +2.175514979e+02 -4.9319e-02 -3.3707e+00 -1.8568e+00 +2.0362e+00 -3.1472e+00
577 +1.681138734e-01 +1.681138734e-01 +2.175481139e+02 +2.175481139e+02 -5.3704e-02 -3.3812e+00 -1.8561e+00 +2.0423e+00 -3.1291e+00
586 +1.399940457e-01 +1.399940457e-01 +2.175199940e+02 +2.175199940e+02 -3.8195e-02 -3.3786e+00 -1.8436e+00 +2.0546e+00 -3.1377e+00
590 +1.069586285e-01 +1.069586285e-01 +2.174869586e+02 +2.174869586e+02 -4.2105e-02 -3.3849e+00 -1.8296e+00 +2.0436e+00 -3.1395e+00
602 +1.020714212e-01 +1.020714212e-01 +2.174820714e+02 +2.174820714e+02 -4.6336e-02 -3.3855e+00 -1.8339e+00 +2.0384e+00 -3.1393e+00
654 +8.410961418e-02 +8.410961418e-02 +2.174641096e+02 +2.174641096e+02 -5.1975e-02 -3.3654e+00 -1.8331e+00 +2.0345e+00 -3.1375e+00
657 +8.310573109e-02 +8.310573109e-02 +2.174631057e+02 +2.174631057e+02 -4.4302e-02 -3.3698e+00 -1.8377e+00 +2.0434e+00 -3.1354e+00
692 +7.725653473e-02 +7.725653473e-02 +2.174572565e+02 +2.174572565e+02 -4.4601e-02 -3.3700e+00 -1.8358e+00 +2.0469e+00 -3.1376e+00
702 +6.851385878e-02 +6.851385878e-02 +2.174485139e+02 +2.174485139e+02 -4.6257e-02 -3.3728e+00 -1.8358e+00 +2.0455e+00 -3.1367e+00
707 +5.077374259e-02 +5.077374259e-02 +2.174307737e+02 +2.174307737e+02 -4.4158e-02 -3.3716e+00 -1.8327e+00 +2.0476e+00 -3.1371e+00
759 +3.784874869e-02 +3.784874869e-02 +2.174178487e+02 +2.174178487e+02 -4.5329e-02 -3.3690e+00 -1.8310e+00 +2.0493e+00 -3.1380e+00
% function evaluation | noise-free fitness - Fopt (1.946900000000e+02) | best noise-free fitness - Fopt | measured fitness | best measured fitness | x1 | x2...
1 +6.404966691e+01 +6.404966691e+01 +2.587396669e+02 +2.587396669e+02 +0.0000e+00 +0.0000e+00 +0.0000e+00 +0.0000e+00 +0.0000e+00
2 +5.718352703e+01 +5.718352703e+01 +2.518735270e+02 +2.518735270e+02 -6.8296e-01 -7.2717e-01 -3.6875e-01 -7.0088e-01 -1.3077e+00
4 +4.865016667e+01 +4.865016667e+01 +2.433401667e+02 +2.433401667e+02 +4.4301e-01 -1.2027e-01 +2.9806e+00 +2.5063e-01 +1.2752e+00
5 +4.494821713e+01 +4.494821713e+01 +2.396382171e+02 +2.396382171e+02 +7.5361e-01 -8.5322e-01 +6.2884e-01 +5.5338e-01 -1.1465e+00
11 +4.233755833e+01 +4.233755833e+01 +2.370275583e+02 +2.370275583e+02 -1.5609e+00 -2.5263e+00 -6.3210e-01 -1.1836e+00 +2.8908e+00
16 +3.822261697e+01 +3.822261697e+01 +2.329126170e+02 +2.329126170e+02 -9.2981e-01 -1.9486e+00 +6.0405e-01 -1.8125e+00 +1.3736e+00
19 +3.586953784e+01 +3.586953784e+01 +2.305595378e+02 +2.305595378e+02 -2.6519e+00 -1.3508e+00 -9.2844e-01 -2.0480e+00 +2.4045e+00
27 +3.169973521e+01 +3.169973521e+01 +2.263897352e+02 +2.263897352e+02 -3.1003e+00 -2.1115e+00 -9.3462e-01 -4.4903e+00 +1.7926e+00
40 +2.872784822e+01 +2.872784822e+01 +2.234178482e+02 +2.234178482e+02 -2.3502e+00 -3.6386e+00 -8.3949e-01 -4.2877e+00 +3.3349e+00
55 +2.361788741e+01 +2.361788741e+01 +2.183078874e+02 +2.183078874e+02 -2.5768e+00 -4.7833e+00 -1.1836e+00 -4.6759e+00 +2.3330e+00
118 +1.539888224e+01 +1.539888224e+01 +2.100888822e+02 +2.100888822e+02 -2.2661e+00 -4.4075e+00 -3.3329e-01 -3.9112e+00 +2.6591e+00
187 +1.419950322e+01 +1.419950322e+01 +2.088895032e+02 +2.088895032e+02 -2.2734e+00 -1.4810e+00 +2.1160e-02 -3.8727e+00 +2.1446e+00
267 +1.096279974e+01 +1.096279974e+01 +2.056527997e+02 +2.056527997e+02 -2.1894e+00 -1.0569e+00 +4.7689e-01 -4.4826e+00 +2.2917e+00
499 +1.045471936e+01 +1.045471936e+01 +2.051447194e+02 +2.051447194e+02 -1.5452e+00 -1.7243e+00 +7.8294e-01 -5.1806e+00 +2.1847e+00
574 +8.738470965e+00 +8.738470965e+00 +2.034284710e+02 +2.034284710e+02 -1.6289e+00 -1.8714e+00 +5.7687e-01 -5.1184e+00 +2.2074e+00
690 +8.646084375e+00 +8.646084375e+00 +2.033360844e+02 +2.033360844e+02 -1.6229e+00 -1.8699e+00 +5.5541e-01 -5.1512e+00 +2.2452e+00
864 +8.437647671e+00 +8.437647671e+00 +2.031276477e+02 +2.031276477e+02 -1.6323e+00 -1.8843e+00 +5.4615e-01 -5.1695e+00 +2.2454e+00
877 +8.117214154e+00 +8.117214154e+00 +2.028072142e+02 +2.028072142e+02 -1.6398e+00 -1.8893e+00 +5.4848e-01 -5.1659e+00 +2.2384e+00
1002 +7.867401306e+00 +7.867401306e+00 +2.025574013e+02 +2.025574013e+02 -1.6355e+00 -1.8833e+00 +5.5230e-01 -5.1602e+00 +2.2339e+00
1130 +7.723060873e+00 +7.723060873e+00 +2.024130609e+02 +2.024130609e+02 -1.6356e+00 -1.8892e+00 +5.5000e-01 -5.1592e+00 +2.2338e+00
% function evaluation | noise-free fitness - Fopt (-9.443000000000e+01) | best noise-free fitness - Fopt | measured fitness | best measured fitness | x1 | x2...
1 +2.711557653e+01 +2.711557653e+01 -6.731442347e+01 -6.731442347e+01 +0.0000e+00 +0.0000e+00 +0.0000e+00 +0.0000e+00 +0.0000e+00
3 +2.025875436e+01 +2.025875436e+01 -7.417124564e+01 -7.417124564e+01 -2.3431e+00 +2.3902e-01 +2.0868e+00 -5.8495e-01 -6.5343e-01
117 +1.636515803e+01 +1.636515803e+01 -7.806484197e+01 -7.806484197e+01 +4.2802e-01 -5.9677e-01 -4.5260e-02 +1.2507e+00 +1.3047e+00
135 +1.220742671e+01 +1.220742671e+01 -8.222257329e+01 -8.222257329e+01 +8.7528e-01 -1.5395e+00 +1.6652e+00 +2.3350e+00 -1.0284e+00
282 +1.048930245e+01 +1.048930245e+01 -8.394069755e+01 -8.394069755e+01 -4.1947e-01 +1.7752e+00 +2.1755e+00 +1.1398e+00 +2.1900e+00
352 +8.378450607e+00 +8.378450607e+00 -8.605154939e+01 -8.605154939e+01 +2.0526e-01 +5.8275e-01 +1.1540e+00 +1.1682e+00 +1.8077e+00
425 +5.128970406e+00 +5.128970406e+00 -8.930102959e+01 -8.930102959e+01 -5.1359e-01 +1.6785e+00 +2.5075e+00 +1.8582e+00 +1.2788e+00
538 +3.644626359e+00 +3.644626359e+00 -9.078537364e+01 -9.078537364e+01 -1.5398e-01 -1.1148e-01 +2.1693e+00 +1.9121e+00 -1.0458e-01
544 +3.488100311e+00 +3.488100311e+00 -9.094189969e+01 -9.094189969e+01 +2.2023e-01 -8.0580e-02 +2.2476e+00 +2.0999e+00 +8.2901e-03
574 +2.326073632e+00 +2.326073632e+00 -9.210392637e+01 -9.210392637e+01 -1.0109e-01 +2.4335e-01 +2.6329e+00 +2.0568e+00 +2.0227e-01
579 +1.880228940e+00 +1.880228940e+00 -9.254977106e+01 -9.254977106e+01 +4.9883e-02 +9.4535e-02 +2.5281e+00 +1.8647e+00 +1.8450e-01
587 +1.682192500e+00 +1.682192500e+00 -9.274780750e+01 -9.274780750e+01 -6.7214e-03 +2.0869e-01 +2.4300e+00 +1.8416e+00 -4.9968e-02
596 +1.632088648e+00 +1.632088648e+00 -9.279791135e+01 -9.279791135e+01 -5.3822e-02 +2.1616e-01 +2.4993e+00 +1.7410e+00 +5.7682e-02
614 +1.500016598e+00 +1.500016598e+00 -9.292998340e+01 -9.292998340e+01 -3.6744e-02 +2.0284e-01 +2.5569e+00 +1.9611e+00 +2.8647e-02
625 +9.591593765e-01 +9.591593765e-01 -9.347084062e+01 -9.347084062e+01 -1.5878e-01 +2.0432e-01 +2.5737e+00 +1.8735e+00 +2.4100e-01
664 +8.953210313e-01 +8.953210313e-01 -9.353467897e+01 -9.353467897e+01 -2.2682e-01 +3.2585e-01 +2.6144e+00 +1.9755e+00 +2.8141e-01
689 +3.163166993e-01 +3.163166993e-01 -9.411368330e+01 -9.411368330e+01 -2.2654e-01 +3.2691e-01 +2.4927e+00 +1.9546e+00 +2.7257e-01
807 +3.142182769e-01 +3.142182769e-01 -9.411578172e+01 -9.411578172e+01 -1.2583e-01 +2.1745e-01 +2.4338e+00 +1.9041e+00 +1.6844e-01
822 +2.685142155e-01 +2.685142155e-01 -9.416148578e+01 -9.416148578e+01 -1.5838e-01 +2.7199e-01 +2.4466e+00 +1.9302e+00 +1.4777e-01
826 +2.217870579e-01 +2.217870579e-01 -9.420821294e+01 -9.420821294e+01 -1.2527e-01 +2.3208e-01 +2.4990e+00 +1.9283e+00 +1.7765e-01
829 +1.940060442e-01 +1.940060442e-01 -9.423599396e+01 -9.423599396e+01 -1.1735e-01 +2.0885e-01 +2.4421e+00 +1.9036e+00 +1.5356e-01
883 +1.405821807e-01 +1.405821807e-01 -9.428941782e+01 -9.428941782e+01 -1.2481e-01 +1.8037e-01 +2.4955e+00 +1.8974e+00 +1.6153e-01
894 +8.538156951e-02 +8.538156951e-02 -9.434461843e+01 -9.434461843e+01 -1.1369e-01 +1.8956e-01 +2.4904e+00 +1.9044e+00 +1.6949e-01
897 +7.858077872e-02 +7.858077872e-02 -9.435141922e+01 -9.435141922e+01 -1.2186e-01 +1.9002e-01 +2.4978e+00 +1.9087e+00 +1.7128e-01
949 +7.537065809e-02 +7.537065809e-02 -9.435462934e+01 -9.435462934e+01 -1.1940e-01 +1.8666e-01 +2.4972e+00 +1.9072e+00 +1.6614e-01
969 +3.975281039e-02 +3.975281039e-02 -9.439024719e+01 -9.439024719e+01 -1.1567e-01 +1.7942e-01 +2.4935e+00 +1.9065e+00 +1.6409e-01
1075 +3.862830275e-02 +3.862830275e-02 -9.439137170e+01 -9.439137170e+01 -1.2068e-01 +1.9091e-01 +2.4933e+00 +1.9086e+00 +1.7131e-01
1116 +3.682149002e-02 +3.682149002e-02 -9.439317851e+01 -9.439317851e+01 -1.2391e-01 +1.9696e-01 +2.4944e+00 +1.9091e+00 +1.7318e-01
1127 +3.629918740e-02 +3.629918740e-02 -9.439370081e+01 -9.439370081e+01 -1.2353e-01 +1.9508e-01 +2.4951e+00 +1.9089e+00 +1.7304e-01
1158 +3.232727815e-02 +3.232727815e-02 -9.439767272e+01 -9.439767272e+01 -1.2233e-01 +1.9513e-01 +2.4954e+00 +1.9086e+00 +1.7505e-01
1182 +3.052228416e-02 +3.052228416e-02 -9.439947772e+01 -9.439947772e+01 -1.2281e-01 +1.9565e-01 +2.4949e+00 +1.9086e+00 +1.7451e-01
1192 +2.965532802e-02 +2.965532802e-02 -9.440034467e+01 -9.440034467e+01 -1.2250e-01 +1.9509e-01 +2.4952e+00 +1.9084e+00 +1.7510e-01
1197 +2.758453956e-02 +2.758453956e-02 -9.440241546e+01 -9.440241546e+01 -1.2293e-01 +1.9624e-01 +2.4942e+00 +1.9088e+00 +1.7545e-01
1235 +2.074274179e-02 +2.074274179e-02 -9.440925726e+01 -9.440925726e+01 -1.2283e-01 +1.9712e-01 +2.4943e+00 +1.9085e+00 +1.7571e-01
1313 +2.031842038e-02 +2.031842038e-02 -9.440968158e+01 -9.440968158e+01 -1.2313e-01 +1.9710e-01 +2.4949e+00 +1.9088e+00 +1.7533e-01
1320 +1.972970340e-02 +1.972970340e-02 -9.441027030e+01 -9.441027030e+01 -1.2307e-01 +1.9744e-01 +2.4945e+00 +1.9087e+00 +1.7577e-01
1338 +1.885047124e-02 +1.885047124e-02 -9.441114953e+01 -9.441114953e+01 -1.2273e-01 +1.9671e-01 +2.4948e+00 +1.9086e+00 +1.7543e-01
1630 +1.856339567e-02 +1.856339567e-02 -9.441143660e+01 -9.441143660e+01 -1.2282e-01 +1.9648e-01 +2.4949e+00 +1.9087e+00 +1.7490e-01
2087 +1.812323348e-02 +1.812323348e-02 -9.441187677e+01 -9.441187677e+01 -1.2281e-01 +1.9645e-01 +2.4948e+00 +1.9087e+00 +1.7489e-01
% function evaluation | noise-free fitness - Fopt (-1.213000000000e+02) | best noise-free fitness - Fopt | measured fitness | best measured fitness | x1 | x2...
1 +4.533259609e+01 +4.533259609e+01 -7.596740391e+01 -7.596740391e+01 +0.0000e+00 +0.0000e+00 +0.0000e+00 +0.0000e+00 +0.0000e+00
2 +2.397303656e+01 +2.397303656e+01 -9.732696344e+01 -9.732696344e+01 -1.9467e+00 +1.5707e+00 -5.6597e-01 +4.9962e-01 -8.3314e-01
51 +1.993768775e+01 +1.993768775e+01 -1.013623122e+02 -1.013623122e+02 -1.3887e+00 +1.0806e+00 -8.9165e-01 +5.8117e-01 -1.6161e+00
57 +1.909268250e+01 +1.909268250e+01 -1.022073175e+02 -1.022073175e+02 -1.6803e+00 +7.7649e-01 -6.3905e-02 +6.5136e-01 -1.9053e+00
156 +1.754697061e+01 +1.754697061e+01 -1.037530294e+02 -1.037530294e+02 -5.9060e-01 -3.0330e-01 -2.5175e+00 -1.3362e-01 -1.3582e+00
183 +1.480758237e+01 +1.480758237e+01 -1.064924176e+02 -1.064924176e+02 -2.2686e-01 -2.0156e-02 -3.4035e+00 -1.1951e-01 -1.3138e+00
217 +8.189513758e+00 +8.189513758e+00 -1.131104862e+02 -1.131104862e+02 -9.8470e-02 +4.9204e-01 -3.8164e+00 -2.0668e-02 -1.6715e+00
263 +7.249074850e+00 +7.249074850e+00 -1.140509252e+02 -1.140509252e+02 -2.5746e-01 +1.1686e+00 -3.1220e+00 +1.7035e-02 -1.9677e+00
314 +6.543838055e+00 +6.543838055e+00 -1.147561619e+02 -1.147561619e+02 -7.7117e-02 +1.5518e+00 -3.2522e+00 +2.1323e-01 -1.5627e+00
368 +6.000174208e+00 +6.000174208e+00 -1.152998258e+02 -1.152998258e+02 -1.4571e-01 +1.2617e+00 -3.2892e+00 -2.3573e-02 -1.8132e+00
425 +5.282454859e+00 +5.282454859e+00 -1.160175451e+02 -1.160175451e+02 -1.2922e-01 +1.4526e+00 -3.1537e+00 +1.1230e-02 -1.9009e+00
447 +4.399868457e+00 +4.399868457e+00 -1.169001315e+02 -1.169001315e+02 -1.5149e-01 +1.3688e+00 -3.2233e+00 -1.4572e-02 -1.9238e+00
538 +4.267591724e+00 +4.267591724e+00 -1.170324083e+02 -1.170324083e+02 -1.2655e-01 +1.4166e+00 -3.2205e+00 -6.0767e-02 -1.9381e+00
666 +4.210598458e+00 +4.210598458e+00 -1.170894015e+02 -1.170894015e+02 -1.9768e-01 +1.3793e+00 -3.2522e+00 -3.2289e-02 -1.9658e+00
731 +4.035200013e+00 +4.035200013e+00 -1.172648000e+02 -1.172648000e+02 -1.6912e-01 +1.3470e+00 -3.2621e+00 -3.0811e-03 -1.9427e+00
789 +3.909780150e+00 +3.909780150e+00 -1.173902199e+02 -1.173902199e+02 -1.8352e-01 +1.3569e+00 -3.2626e+00 -8.0927e-03 -1.9447e+00
835 +3.882122971e+00 +3.882122971e+00 -1.174178770e+02 -1.174178770e+02 -1.8233e-01 +1.3383e+00 -3.2724e+00 +6.2715e-03 -1.9423e+00
928 +3.703380164e+00 +3.703380164e+00 -1.175966198e+02 -1.175966198e+02 -1.9228e-01 +1.3337e+00 -3.2785e+00 +4.8796e-03 -1.9461e+00
% function evaluation | noise-free fitness - Fopt (-1.000000000000e+03) | best noise-free fitness - Fopt | measured fitness | best measured fitness | x1 | x2...
1 +3.116839010e+01 +3.116839010e+01 -9.688316099e+02 -9.688316099e+02 +0.0000e+00 +0.0000e+00 +0.0000e+00 +0.0000e+00 +0.0000e+00
25 +2.743452626e+01 +2.743452626e+01 -9.725654737e+02 -9.725654737e+02 -8.6280e-01 -2.3050e+00 -2.1132e-01 +9.2430e-01 -6.1457e-01
41 +2.449080505e+01 +2.449080505e+01 -9.755091950e+02 -9.755091950e+02 -2.2823e-01 -2.4423e+00 +3.7599e-01 +1.6934e-01 -5.0856e-01
46 +2.166094273e+01 +2.166094273e+01 -9.783390573e+02 -9.783390573e+02 -7.6626e-01 -1.3572e+00 +3.1950e-01 +4.7700e-01 -8.5659e-01
112 +2.062407016e+01 +2.062407016e+01 -9.793759298e+02 -9.793759298e+02 -5.3314e-01 -3.1486e+00 -1.9757e-01 -3.6884e-01 -5.8823e-01
133 +1.838235578e+01 +1.838235578e+01 -9.816176442e+02 -9.816176442e+02 -3.3444e-01 -2.9392e+00 +3.0822e-01 -5.1226e-01 -5.4275e-01
155 +1.593045083e+01 +1.593045083e+01 -9.840695492e+02 -9.840695492e+02 -3.9414e-01 -2.6925e+00 +7.8502e-01 -4.4721e-01 -5.0633e-01
167 +1.533961567e+01 +1.533961567e+01 -9.846603843e+02 -9.846603843e+02 -5.0764e-01 -2.7543e+00 +7.9208e-01 -6.8378e-01 -4.2610e-01
172 +1.374688835e+01 +1.374688835e+01 -9.862531116e+02 -9.862531116e+02 -6.4316e-01 -2.8084e+00 +9.1311e-01 -1.0922e+00 -4.9843e-01
174 +1.195517067e+01 +1.195517067e+01 -9.880448293e+02 -9.880448293e+02 -5.1631e-01 -2.4944e+00 +5.8508e-01 -1.2749e+00 -4.5425e-01
192 +1.163712113e+01 +1.163712113e+01 -9.883628789e+02 -9.883628789e+02 -3.2305e-01 -2.5824e+00 +2.8248e-01 -1.4483e+00 -5.3365e-01
194 +7.477587391e+00 +7.477587391e+00 -9.925224126e+02 -9.925224126e+02 -3.6125e-01 -1.9894e+00 +4.4595e-01 -1.5859e+00 -4.3739e-01
201 +3.042371112e+00 +3.042371112e+00 -9.969576289e+02 -9.969576289e+02 -7.3875e-01 -2.3905e+00 +1.7455e-01 -1.6606e+00 -4.9156e-01
393 +1.950947531e+00 +1.950947531e+00 -9.980490525e+02 -9.980490525e+02 -4.2860e-01 -1.8826e+00 -3.1987e-01 -1.8667e+00 -5.3723e-01
435 +1.900447199e+00 +1.900447199e+00 -9.980995528e+02 -9.980995528e+02 -2.9893e-01 -1.8113e+00 -3.1188e-01 -1.8824e+00 -5.1204e-01
453 +1.463166315e+00 +1.463166315e+00 -9.985368337e+02 -9.985368337e+02 -3.6671e-01 -1.7710e+00 -3.3855e-01 -1.9214e+00 -5.3744e-01
482 +1.135047752e+00 +1.135047752e+00 -9.988649522e+02 -9.988649522e+02 -3.0206e-01 -1.7180e+00 -4.7823e-01 -1.9273e+00 -5.5336e-01
522 +9.298029817e-01 +9.298029817e-01 -9.990701970e+02 -9.990701970e+02 -3.1800e-01 -1.7522e+00 -4.9231e-01 -1.9244e+00 -5.5436e-01
573 +8.102200166e-01 +8.102200166e-01 -9.991897800e+02 -9.991897800e+02 -3.2584e-01 -1.7635e+00 -4.8975e-01 -1.9239e+00 -5.5077e-01
639 +7.641550284e-01 +7.641550284e-01 -9.992358450e+02 -9.992358450e+02 -3.2326e-01 -1.7611e+00 -4.8544e-01 -1.9224e+00 -5.5026e-01
825 +7.190554657e-01 +7.190554657e-01 -9.992809445e+02 -9.992809445e+02 -3.3234e-01 -1.7659e+00 -4.7976e-01 -1.9209e+00 -5.5129e-01
855 +6.999017216e-01 +6.999017216e-01 -9.993000983e+02 -9.993000983e+02 -3.3162e-01 -1.7679e+00 -4.7268e-01 -1.9199e+00 -5.5021e-01
915 +6.916651391e-01 +6.916651391e-01 -9.993083349e+02 -9.993083349e+02 -3.3373e-01 -1.7698e+00 -4.7247e-01 -1.9204e+00 -5.5008e-01
1010 +6.649236624e-01 +6.649236624e-01 -9.993350763e+02 -9.993350763e+02 -3.3356e-01 -1.7691e+00 -4.7116e-01 -1.9196e+00 -5.5019e-01
1025 +6.483334627e-01 +6.483334627e-01 -9.993516665e+02 -9.993516665e+02 -3.3311e-01 -1.7692e+00 -4.7148e-01 -1.9195e+00 -5.5027e-01
1109 +6.440812072e-01 +6.440812072e-01 -9.993559188e+02 -9.993559188e+02 -3.3261e-01 -1.7692e+00 -4.7159e-01 -1.9194e+00 -5.5024e-01
1152 +6.255153646e-01 +6.255153646e-01 -9.993744846e+02 -9.993744846e+02 -3.3267e-01 -1.7693e+00 -4.7153e-01 -1.9195e+00 -5.5028e-01
% function evaluation | noise-free fitness - Fopt (-2.787500000000e+02) | best noise-free fitness - Fopt | measured fitness | best measured fitness | x1 | x2...
1 +9.413703807e+01 +9.413703807e+01 -1.846129619e+02 -1.846129619e+02 +0.0000e+00 +0.0000e+00 +0.0000e+00 +0.0000e+00 +0.0000e+00
8 +6.438172709e+01 +6.438172709e+01 -2.143682729e+02 -2.143682729e+02 -4.7220e-01 +1.4542e+00 +4.1671e-01 -5.4408e-01 -7.7439e-01
9 +4.395043665e+01 +4.395043665e+01 -2.347995633e+02 -2.347995633e+02 +1.9767e+00 +9.9770e-01 +9.8689e-01 +7.6166e-01 -1.8612e+00
13 +4.209016290e+01 +4.209016290e+01 -2.366598371e+02 -2.366598371e+02 +1.2015e+00 +2.7172e+00 +1.1321e+00 +1.7836e+00 -8.8141e-01
30 +3.690232317e+01 +3.690232317e+01 -2.418476768e+02 -2.418476768e+02 +1.6482e-01 +3.7794e+00 +2.0339e+00 +3.0249e+00 +5.3397e-01
41 +2.890706122e+01 +2.890706122e+01 -2.498429388e+02 -2.498429388e+02 -2.6492e+00 +4.3762e+00 +2.0239e+00 +4.4277e+00 +2.8578e-02
42 +2.596437842e+01 +2.596437842e+01 -2.527856216e+02 -2.527856216e+02 -5.4920e-01 +3.1929e+00 +1.8683e+00 +4.8338e+00 -5.9831e-01
45 +1.662687994e+01 +1.662687994e+01 -2.621231201e+02 -2.621231201e+02 -2.7736e+00 +4.1940e+00 +2.2668e+00 +4.3067e+00 -3.7542e-01
128 +1.464450390e+01 +1.464450390e+01 -2.641054961e+02 -2.641054961e+02 -1.2800e+00 +3.6357e+00 +2.3540e+00 +5.3077e+00 -1.2502e+00
185 +1.189544689e+01 +1.189544689e+01 -2.668545531e+02 -2.668545531e+02 -1.5941e+00 +4.6350e+00 +1.7529e+00 +4.8131e+00 -1.6232e+00
219 +8.252728785e+00 +8.252728785e+00 -2.704972712e+02 -2.704972712e+02 -1.4338e+00 +4.8559e+00 +1.9076e+00 +4.0602e+00 -8.2771e-01
239 +7.487494452e+00 +7.487494452e+00 -2.712625055e+02 -2.712625055e+02 -1.7316e+00 +5.1170e+00 +1.9374e+00 +3.9692e+00 -1.0765e+00
243 +6.832375953e+00 +6.832375953e+00 -2.719176240e+02 -2.719176240e+02 -2.0470e+00 +5.3530e+00 +2.0519e+00 +3.6742e+00 -8.9965e-01
329 +6.080978254e+00 +6.080978254e+00 -2.726690217e+02 -2.726690217e+02 -1.8971e+00 +4.6204e+00 +1.6521e+00 +3.6154e+00 -9.1508e-01
364 +4.995354298e+00 +4.995354298e+00 -2.737546457e+02 -2.737546457e+02 -2.3639e+00 +4.5901e+00 +1.7975e+00 +2.7165e+00 -6.0677e-01
387 +4.727964819e+00 +4.727964819e+00 -2.740220352e+02 -2.740220352e+02 -2.3402e+00 +5.2037e+00 +1.9204e+00 +2.5213e+00 -4.3377e-01
402 +4.670674497e+00 +4.670674497e+00 -2.740793255e+02 -2.740793255e+02 -2.2490e+00 +4.6961e+00 +2.1375e+00 +2.6576e+00 -4.5581e-01
432 +4.253531610e+00 +4.253531610e+00 -2.744964684e+02 -2.744964684e+02 -2.2462e+00 +5.3008e+00 +2.0986e+00 +2.5164e+00 -4.6063e-01
433 +4.071102187e+00 +4.071102187e+00 -2.746788978e+02 -2.746788978e+02 -2.2089e+00 +5.0743e+00 +1.8605e+00 +2.6522e+00 -5.1178e-01
444 +3.250367065e+00 +3.250367065e+00 -2.754996329e+02 -2.754996329e+02 -2.2579e+00 +4.9425e+00 +1.8015e+00 +2.4121e+00 -5.1148e-01
460 +2.894533070e+00 +2.894533070e+00 -2.758554669e+02 -2.758554669e+02 -2.1824e+00 +4.9834e+00 +1.7510e+00 +2.3824e+00 -4.7869e-01
469 +2.829689146e+00 +2.829689146e+00 -2.759203109e+02 -2.759203109e+02 -2.1583e+00 +4.9566e+00 +1.6682e+00 +2.4540e+00 -5.4642e-01
475 +2.154244984e+00 +2.154244984e+00 -2.765957550e+02 -2.765957550e+02 -2.0955e+00 +5.0223e+00 +1.8788e+00 +2.6213e+00 -5.6707e-01
590 +2.042554342e+00 +2.042554342e+00 -2.767074457e+02 -2.767074457e+02 -2.1464e+00 +5.1153e+00 +2.0766e+00 +2.3741e+00 -4.0948e-01
606 +1.713456959e+00 +1.713456959e+00 -2.770365430e+02 -2.770365430e+02 -2.1457e+00 +5.1712e+00 +2.0642e+00 +2.4708e+00 -4.3330e-01
713 +1.555546263e+00 +1.555546263e+00 -2.771944537e+02 -2.771944537e+02 -2.1495e+00 +5.0483e+00 +2.0729e+00 +2.5254e+00 -4.1889e-01
772 +1.436694535e+00 +1.436694535e+00 -2.773133055e+02 -2.773133055e+02 -2.1621e+00 +4.9866e+00 +1.9721e+00 +2.5337e+00 -4.4989e-01
783 +1.239191063e+00 +1.239191063e+00 -2.775108089e+02 -2.775108089e+02 -2.1759e+00 +4.9993e+00 +1.9519e+00 +2.5042e+00 -4.5461e-01
856 +1.228159336e+00 +1.228159336e+00 -2.775218407e+02 -2.775218407e+02 -2.1731e+00 +5.0078e+00 +1.9442e+00 +2.5146e+00 -4.5446e-01
893 +1.143832070e+00 +1.143832070e+00 -2.776061679e+02 -2.776061679e+02 -2.1582e+00 +5.0038e+00 +1.9574e+00 +2.5148e+00 -4.5424e-01
927 +1.118142021e+00 +1.118142021e+00 -2.776318580e+02 -2.776318580e+02 -2.1577e+00 +5.0079e+00 +1.9633e+00 +2.5080e+00 -4.5038e-01
943 +1.063399737e+00 +1.063399737e+00 -2.776866003e+02 -2.776866003e+02 -2.1589e+00 +5.0106e+00 +1.9690e+00 +2.5134e+00 -4.4929e-01
955 +1.037462574e+00 +1.037462574e+00 -2.777125374e+02 -2.777125374e+02 -2.1596e+00 +5.0091e+00 +1.9670e+00 +2.5131e+00 -4.5042e-01
996 +1.010848002e+00 +1.010848002e+00 -2.777391520e+02 -2.777391520e+02 -2.1589e+00 +5.0102e+00 +1.9656e+00 +2.5137e+00 -4.5071e-01
1069 +9.990843695e-01 +9.990843695e-01 -2.777509156e+02 -2.777509156e+02 -2.1603e+00 +5.0098e+00 +1.9672e+00 +2.5111e+00 -4.4929e-01
1112 +9.670208670e-01 +9.670208670e-01 -2.777829791e+02 -2.777829791e+02 -2.1600e+00 +5.0104e+00 +1.9677e+00 +2.5102e+00 -4.4893e-01
2308 +9.546505877e-01 +9.546505877e-01 -2.777953494e+02 -2.777953494e+02 -2.1613e+00 +5.0089e+00 +1.9707e+00 +2.5085e+00 -4.4693e-01
9852 +9.331922163e-01 +9.331922163e-01 -2.778168078e+02 -2.778168078e+02 -2.1617e+00 +5.0150e+00 +1.9760e+00 +2.5071e+00 -4.4516e-01
% function evaluation | noise-free fitness - Fopt (-1.677000000000e+01) | best noise-free fitness - Fopt | measured fitness | best measured fitness | x1 | x2...
1 +1.622620738e+02 +1.622620738e+02 +1.454920738e+02 +1.454920738e+02 +0.0000e+00 +0.0000e+00 +0.0000e+00 +0.0000e+00 +0.0000e+00
2 +4.306817656e+01 +4.306817656e+01 +2.629817656e+01 +2.629817656e+01 -2.6219e-01 -3.5409e-01 +4.1149e-01 +1.2853e+00 -9.9590e-01
15 +4.255913317e+01 +4.255913317e+01 +2.578913317e+01 +2.578913317e+01 -1.6848e+00 +2.5455e-01 +1.6663e+00 +2.3361e+00 -2.7447e+00
17 +3.453274629e+01 +3.453274629e+01 +1.776274629e+01 +1.776274629e+01 +1.3144e-01 -1.2882e+00 +1.4742e+00 -9.2538e-02 -9.5874e-01
22 +1.883570274e+01 +1.883570274e+01 +2.065702738e+00 +2.065702738e+00 -2.7469e-02 -1.5490e+00 +2.1040e+00 -2.6413e-01 -2.4018e+00
48 +1.780620633e+01 +1.780620633e+01 +1.036206328e+00 +1.036206328e+00 +8.3255e-01 +6.5978e-01 +1.9391e+00 +2.6273e-01 -2.9805e+00
50 +1.349761898e+01 +1.349761898e+01 -3.272381021e+00 -3.272381021e+00 -8.6609e-01 -1.1268e+00 +1.8787e+00 +7.9367e-01 -3.3875e+00
54 +1.195523338e+01 +1.195523338e+01 -4.814766616e+00 -4.814766616e+00 -5.2561e-01 -1.1019e+00 +2.4260e+00 +1.2749e+00 -2.7625e+00
159 +1.087242455e+01 +1.087242455e+01 -5.897575448e+00 -5.897575448e+00 -4.6318e-01 -8.1907e-01 +2.4918e+00 +1.1315e+00 -2.6693e+00
174 +9.554041317e+00 +9.554041317e+00 -7.215958683e+00 -7.215958683e+00 -3.7200e-01 -9.1583e-01 +2.3369e+00 +1.1072e+00 -2.5259e+00
184 +9.161336230e+00 +9.161336230e+00 -7.608663770e+00 -7.608663770e+00 -4.0847e-01 -9.6188e-01 +2.3608e+00 +1.1742e+00 -2.5098e+00
196 +8.610394804e+00 +8.610394804e+00 -8.159605196e+00 -8.159605196e+00 -3.9215e-01 -9.6455e-01 +2.3799e+00 +1.2098e+00 -2.4054e+00
199 +8.332545663e+00 +8.332545663e+00 -8.437454337e+00 -8.437454337e+00 -3.2969e-01 -9.7584e-01 +2.4054e+00 +1.2419e+00 -2.3148e+00
227 +7.365587052e+00 +7.365587052e+00 -9.404412948e+00 -9.404412948e+00 -3.7323e-01 -1.0101e+00 +2.4934e+00 +1.3015e+00 -2.0677e+00
232 +6.652654713e+00 +6.652654713e+00 -1.011734529e+01 -1.011734529e+01 -3.7581e-01 -9.9532e-01 +2.4253e+00 +1.2683e+00 -2.1022e+00
430 +6.596221353e+00 +6.596221353e+00 -1.017377865e+01 -1.017377865e+01 -3.2631e-01 -1.0472e+00 +2.4232e+00 +1.2568e+00 -2.0927e+00
460 +6.323871926e+00 +6.323871926e+00 -1.044612807e+01 -1.044612807e+01 -3.4144e-01 -1.0227e+00 +2.4368e+00 +1.2424e+00 -2.0743e+00
463 +6.187647897e+00 +6.187647897e+00 -1.058235210e+01 -1.058235210e+01 -3.4280e-01 -1.0087e+00 +2.4224e+00 +1.2514e+00 -2.1006e+00
483 +5.851672869e+00 +5.851672869e+00 -1.091832713e+01 -1.091832713e+01 -3.2002e-01 -9.8355e-01 +2.4469e+00 +1.2553e+00 -2.0270e+00
564 +5.745161517e+00 +5.745161517e+00 -1.102483848e+01 -1.102483848e+01 -3.3638e-01 -9.9359e-01 +2.4489e+00 +1.2685e+00 -2.0627e+00
610 +5.589656198e+00 +5.589656198e+00 -1.118034380e+01 -1.118034380e+01 -3.4443e-01 -1.0070e+00 +2.4428e+00 +1.2503e+00 -2.0515e+00
679 +5.428162880e+00 +5.428162880e+00 -1.134183712e+01 -1.134183712e+01 -3.4267e-01 -9.9651e-01 +2.4427e+00 +1.2544e+00 -2.0559e+00
814 +5.365207406e+00 +5.365207406e+00 -1.140479259e+01 -1.140479259e+01 -3.4310e-01 -9.9935e-01 +2.4417e+00 +1.2527e+00 -2.0569e+00
% function evaluation | noise-free fitness - Fopt (-8.593000000000e+01) | best noise-free fitness - Fopt | measured fitness | best measured fitness | x1 | x2...
1 +6.180061407e+01 +6.180061407e+01 -2.412938593e+01 -2.412938593e+01 +0.0000e+00 +0.0000e+00 +0.0000e+00 +0.0000e+00 +0.0000e+00
2 +5.258885599e+01 +5.258885599e+01 -3.334114401e+01 -3.334114401e+01 -1.9922e-01 +6.2467e-01 +1.0751e+00 +1.7809e+00 +6.3256e-02
3 +4.245921827e+01 +4.245921827e+01 -4.347078173e+01 -4.347078173e+01 -5.9108e-01 -1.3425e+00 +2.5301e-01 -1.2798e-01 -1.4586e+00
13 +3.911582762e+01 +3.911582762e+01 -4.681417238e+01 -4.681417238e+01 -6.2047e-02 +7.0082e-01 +7.7663e-02 +7.8111e-02 -1.1766e+00
32 +3.430690316e+01 +3.430690316e+01 -5.162309684e+01 -5.162309684e+01 +5.2492e-01 -5.5353e-01 +2.7060e-01 -5.9968e-01 -2.2272e-01
73 +3.383157451e+01 +3.383157451e+01 -5.209842549e+01 -5.209842549e+01 -1.9322e-01 +5.9250e-01 +2.6559e-01 -1.2977e+00 +1.3979e+00
81 +2.478129135e+01 +2.478129135e+01 -6.114870865e+01 -6.114870865e+01 -2.2279e-01 +1.3619e+00 +2.7795e-01 -1.0718e+00 +6.9525e-01
102 +1.321952027e+01 +1.321952027e+01 -7.271047973e+01 -7.271047973e+01 +7.9725e-01 +1.6346e+00 +8.7093e-01 -2.0919e+00 +9.4370e-01
149 +1.022070198e+01 +1.022070198e+01 -7.570929802e+01 -7.570929802e+01 +1.8889e+00 +2.5025e+00 +6.2071e-01 -2.1835e+00 +1.9508e+00
173 +3.713715496e+00 +3.713715496e+00 -8.221628450e+01 -8.221628450e+01 +1.6736e+00 +3.6781e+00 +3.6574e-01 -2.9323e+00 +2.2350e+00
225 +3.398581080e+00 +3.398581080e+00 -8.253141892e+01 -8.253141892e+01 +1.4207e+00 +3.8689e+00 +3.0521e-01 -2.7718e+00 +2.1016e+00
244 +3.161649570e+00 +3.161649570e+00 -8.276835043e+01 -8.276835043e+01 +1.4641e+00 +3.6011e+00 +3.2304e-01 -3.0566e+00 +2.1053e+00
256 +2.898204886e+00 +2.898204886e+00 -8.303179511e+01 -8.303179511e+01 +1.4326e+00 +3.5686e+00 +1.5424e-01 -3.1089e+00 +2.3685e+00
267 +2.159769247e+00 +2.159769247e+00 -8.377023075e+01 -8.377023075e+01 +1.4761e+00 +3.5730e+00 +3.6822e-01 -3.0726e+00 +2.1837e+00
272 +1.962240312e+00 +1.962240312e+00 -8.396775969e+01 -8.396775969e+01 +1.5540e+00 +3.5056e+00 +3.3597e-01 -2.9243e+00 +2.0016e+00
276 +1.598712538e+00 +1.598712538e+00 -8.433128746e+01 -8.433128746e+01 +1.4410e+00 +3.6441e+00 +1.6725e-01 -2.8670e+00 +2.1238e+00
290 +8.262403879e-01 +8.262403879e-01 -8.510375961e+01 -8.510375961e+01 +1.4373e+00 +3.6520e+00 +1.5179e-02 -2.8183e+00 +2.0539e+00
377 +7.113904716e-01 +7.113904716e-01 -8.521860953e+01 -8.521860953e+01 +1.4748e+00 +3.5615e+00 -5.2483e-02 -2.8863e+00 +2.0493e+00
403 +6.676218204e-01 +6.676218204e-01 -8.526237818e+01 -8.526237818e+01 +1.4774e+00 +3.5800e+00 -5.8353e-02 -2.8800e+00 +2.0266e+00
486 +6.010876431e-01 +6.010876431e-01 -8.532891236e+01 -8.532891236e+01 +1.4703e+00 +3.5995e+00 -4.2468e-02 -2.8540e+00 +2.0328e+00
504 +5.496397424e-01 +5.496397424e-01 -8.538036026e+01 -8.538036026e+01 +1.4701e+00 +3.6033e+00 -4.8268e-02 -2.8561e+00 +2.0267e+00
593 +5.398553011e-01 +5.398553011e-01 -8.539014470e+01 -8.539014470e+01 +1.4691e+00 +3.6029e+00 -4.3180e-02 -2.8584e+00 +2.0276e+00
637 +5.357588653e-01 +5.357588653e-01 -8.539424113e+01 -8.539424113e+01 +1.4768e+00 +3.6048e+00 -4.4861e-02 -2.8581e+00 +2.0230e+00
649 +4.973747138e-01 +4.973747138e-01 -8.543262529e+01 -8.543262529e+01 +1.4759e+00 +3.6049e+00 -4.4635e-02 -2.8587e+00 +2.0246e+00
786 +4.873655742e-01 +4.873655742e-01 -8.544263443e+01 -8.544263443e+01 +1.4732e+00 +3.6031e+00 -4.4029e-02 -2.8588e+00 +2.0265e+00
863 +4.758491974e-01 +4.758491974e-01 -8.545415080e+01 -8.545415080e+01 +1.4729e+00 +3.6024e+00 -4.4156e-02 -2.8584e+00 +2.0271e+00
870 +4.667156789e-01 +4.667156789e-01 -8.546328432e+01 -8.546328432e+01 +1.4727e+00 +3.6025e+00 -4.4029e-02 -2.8584e+00 +2.0272e+00
1390 +4.539140348e-01 +4.539140348e-01 -8.547608597e+01 -8.547608597e+01 +1.4718e+00 +3.6023e+00 -4.4369e-02 -2.8580e+00 +2.0275e+00
% function evaluation | noise-free fitness - Fopt (4.966000000000e+01) | best noise-free fitness - Fopt | measured fitness | best measured fitness | x1 | x2...
1 +3.106975201e+01 +3.106975201e+01 +8.072975201e+01 +8.072975201e+01 +0.0000e+00 +0.0000e+00 +0.0000e+00 +0.0000e+00 +0.0000e+00
22 +3.056401490e+01 +3.056401490e+01 +8.022401490e+01 +8.022401490e+01 -3.1819e+00 -1.6242e+00 +1.6092e+00 -1.6835e+00 +8.4253e-01
23 +1.596517832e+01 +1.596517832e+01 +6.562517832e+01 +6.562517832e+01 -2.0996e+00 -6.0669e-01 +9.7497e-01 -6.5873e-01 +8.0343e-01
42 +1.208403094e+01 +1.208403094e+01 +6.174403094e+01 +6.174403094e+01 -2.7376e+00 -1.4331e+00 +1.5765e-01 -1.7721e+00 -1.6237e+00
54 +6.958950429e+00 +6.958950429e+00 +5.661895043e+01 +5.661895043e+01 -2.0863e+00 -1.8764e+00 -3.4881e-01 -1.5539e+00 -2.4313e+00
74 +5.750196636e+00 +5.750196636e+00 +5.541019664e+01 +5.541019664e+01 -1.9188e+00 -1.5185e+00 +3.8669e-01 -1.1195e+00 -1.9794e+00
185 +4.298992612e+00 +4.298992612e+00 +5.395899261e+01 +5.395899261e+01 -1.7319e+00 -8.1570e-01 +1.2421e+00 -2.4333e+00 -2.5426e+00
269 +4.139222451e+00 +4.139222451e+00 +5.379922245e+01 +5.379922245e+01 -1.5143e+00 -6.0051e-02 +1.9484e+00 -2.3084e+00 -3.0607e+00
288 +3.981335300e+00 +3.981335300e+00 +5.364133530e+01 +5.364133530e+01 -1.4014e+00 +6.0604e-02 +2.0354e+00 -2.7447e+00 -3.3053e+00
294 +2.205100045e+00 +2.205100045e+00 +5.186510004e+01 +5.186510004e+01 -1.4712e+00 +2.8391e-02 +2.0527e+00 -2.5695e+00 -3.2123e+00
333 +1.963471687e+00 +1.963471687e+00 +5.162347169e+01 +5.162347169e+01 -1.4549e+00 -3.9356e-02 +1.9221e+00 -2.4385e+00 -3.2257e+00
379 +1.670262249e+00 +1.670262249e+00 +5.133026225e+01 +5.133026225e+01 -1.5218e+00 -1.3156e-01 +1.8258e+00 -2.4432e+00 -3.1026e+00
424 +1.254121609e+00 +1.254121609e+00 +5.091412161e+01 +5.091412161e+01 -1.5355e+00 -1.5600e-01 +1.8907e+00 -2.5506e+00 -3.0941e+00
474 +1.065376830e+00 +1.065376830e+00 +5.072537683e+01 +5.072537683e+01 -1.5896e+00 -2.1140e-01 +1.7639e+00 -2.4525e+00 -3.1033e+00
502 +8.682346585e-01 +8.682346585e-01 +5.052823466e+01 +5.052823466e+01 -1.5901e+00 -1.5848e-01 +1.8029e+00 -2.4788e+00 -3.1963e+00
537 +8.371151508e-01 +8.371151508e-01 +5.049711515e+01 +5.049711515e+01 -1.5804e+00 -1.4930e-01 +1.7981e+00 -2.4192e+00 -3.1861e+00
587 +7.721236826e-01 +7.721236826e-01 +5.043212368e+01 +5.043212368e+01 -1.5780e+00 -1.3404e-01 +1.8018e+00 -2.4222e+00 -3.2088e+00
626 +6.964695266e-01 +6.964695266e-01 +5.035646953e+01 +5.035646953e+01 -1.5731e+00 -1.3786e-01 +1.7993e+00 -2.4323e+00 -3.2111e+00
629 +6.722490099e-01 +6.722490099e-01 +5.033224901e+01 +5.033224901e+01 -1.5768e+00 -1.3955e-01 +1.7895e+00 -2.4295e+00 -3.2130e+00
640 +6.246050223e-01 +6.246050223e-01 +5.028460502e+01 +5.028460502e+01 -1.5784e+00 -1.4024e-01 +1.7919e+00 -2.4334e+00 -3.1990e+00
668 +5.296086761e-01 +5.296086761e-01 +5.018960868e+01 +5.018960868e+01 -1.5784e+00 -1.2959e-01 +1.7989e+00 -2.4306e+00 -3.2180e+00
821 +4.675326406e-01 +4.675326406e-01 +5.012753264e+01 +5.012753264e+01 -1.5744e+00 -1.3921e-01 +1.8050e+00 -2.4501e+00 -3.2010e+00
940 +4.321459274e-01 +4.321459274e-01 +5.009214593e+01 +5.009214593e+01 -1.5729e+00 -1.3257e-01 +1.8076e+00 -2.4466e+00 -3.2103e+00
1040 +4.136036370e-01 +4.136036370e-01 +5.007360364e+01 +5.007360364e+01 -1.5721e+00 -1.2963e-01 +1.8094e+00 -2.4463e+00 -3.2121e+00
1046 +3.923799499e-01 +3.923799499e-01 +5.005237995e+01 +5.005237995e+01 -1.5718e+00 -1.2936e-01 +1.8100e+00 -2.4458e+00 -3.2119e+00
1149 +3.884072420e-01 +3.884072420e-01 +5.004840724e+01 +5.004840724e+01 -1.5719e+00 -1.2972e-01 +1.8098e+00 -2.4463e+00 -3.2118e+00
1167 +3.798189846e-01 +3.798189846e-01 +5.003981898e+01 +5.003981898e+01 -1.5719e+00 -1.2955e-01 +1.8101e+00 -2.4463e+00 -3.2115e+00
1323 +3.705514748e-01 +3.705514748e-01 +5.003055147e+01 +5.003055147e+01 -1.5721e+00 -1.2964e-01 +1.8096e+00 -2.4461e+00 -3.2118e+00
% function evaluation | noise-free fitness - Fopt (2.652800000000e+02) | best noise-free fitness - Fopt | measured fitness | best measured fitness | x1 | x2...
1 +1.065431151e+02 +1.065431151e+02 +3.718231151e+02 +3.718231151e+02 +0.0000e+00 +0.0000e+00 +0.0000e+00 +0.0000e+00 +0.0000e+00
3 +5.632205462e+01 +5.632205462e+01 +3.216020546e+02 +3.216020546e+02 +1.2586e+00 +9.7337e-01 +1.3678e-01 -1.3793e+00 -6.0459e-01
5 +3.787727997e+01 +3.787727997e+01 +3.031572800e+02 +3.031572800e+02 -3.1497e-01 -5.3786e-03 -6.3198e-01 +3.4984e-01 -1.1287e+00
12 +2.972969031e+01 +2.972969031e+01 +2.950096903e+02 +2.950096903e+02 +1.0777e+00 -1.0507e+00 -1.2771e+00 -4.7291e-01 -3.0431e+00
28 +2.626215785e+01 +2.626215785e+01 +2.915421578e+02 +2.915421578e+02 +1.7174e+00 -1.0976e-01 -1.2420e+00 -1.5639e+00 -2.8633e+00
40 +2.197925848e+01 +2.197925848e+01 +2.872592585e+02 +2.872592585e+02 +6.2959e-01 -4.8886e-01 +1.1256e+00 -1.9525e+00 -4.3939e+00
47 +1.097700160e+01 +1.097700160e+01 +2.762570016e+02 +2.762570016e+02 +5.7925e-01 -2.3442e-01 +2.7738e+00 -1.0730e+00 -4.4658e+00
55 +1.031406297e+01 +1.031406297e+01 +2.755940630e+02 +2.755940630e+02 +1.0385e+00 -1.7492e-01 +3.2576e+00 -2.3098e+00 -3.2452e+00
114 +9.513762351e+00 +9.513762351e+00 +2.747937624e+02 +2.747937624e+02 +2.6580e+00 -1.0142e+00 +1.1026e+00 -1.2446e+00 -4.8935e+00
129 +6.730888967e+00 +6.730888967e+00 +2.720108890e+02 +2.720108890e+02 +1.9531e+00 -8.3731e-01 +1.7320e+00 -1.4399e+00 -4.7981e+00
139 +5.143594306e+00 +5.143594306e+00 +2.704235943e+02 +2.704235943e+02 +1.4001e+00 -1.3117e+00 +2.1340e+00 -1.4953e+00 -4.9905e+00
174 +5.092301974e+00 +5.092301974e+00 +2.703723020e+02 +2.703723020e+02 +4.9689e-01 +3.5960e-01 +3.7244e+00 -1.2374e+00 -4.5470e+00
206 +3.901248236e+00 +3.901248236e+00 +2.691812482e+02 +2.691812482e+02 +4.0350e-01 +9.9738e-01 +4.1147e+00 -1.5185e+00 -3.7187e+00
231 +3.552078966e+00 +3.552078966e+00 +2.688320790e+02 +2.688320790e+02 +4.7930e-01 +6.0544e-01 +3.4807e+00 -1.1011e+00 -4.1266e+00
237 +3.501338139e+00 +3.501338139e+00 +2.687813381e+02 +2.687813381e+02 +8.2946e-01 +4.3315e-01 +3.3502e+00 -1.3135e+00 -4.3235e+00
294 +3.344372747e+00 +3.344372747e+00 +2.686243727e+02 +2.686243727e+02 +1.0902e+00 +5.3887e-01 +2.2601e+00 -1.2152e+00 -3.5221e+00
322 +2.962658675e+00 +2.962658675e+00 +2.682426587e+02 +2.682426587e+02 +8.4466e-01 +6.3952e-02 +2.7196e+00 -2.0383e+00 -3.2198e+00
362 +2.276639192e+00 +2.276639192e+00 +2.675566392e+02 +2.675566392e+02 +1.2010e+00 +4.7025e-02 +2.4447e+00 -2.0375e+00 -3.3998e+00
404 +2.046011701e+00 +2.046011701e+00 +2.673260117e+02 +2.673260117e+02 +8.6817e-01 +3.4845e-01 +2.6923e+00 -1.6633e+00 -3.7807e+00
409 +1.883460458e+00 +1.883460458e+00 +2.671634605e+02 +2.671634605e+02 +1.1091e+00 +1.5868e-01 +2.6495e+00 -1.6875e+00 -3.8144e+00
411 +1.511445999e+00 +1.511445999e+00 +2.667914460e+02 +2.667914460e+02 +9.8597e-01 +3.3538e-01 +2.5976e+00 -1.7412e+00 -3.6023e+00
447 +1.462634596e+00 +1.462634596e+00 +2.667426346e+02 +2.667426346e+02 +1.0147e+00 +2.0589e-01 +3.0162e+00 -1.7137e+00 -3.8219e+00
461 +1.425866103e+00 +1.425866103e+00 +2.667058661e+02 +2.667058661e+02 +9.6026e-01 +2.8715e-01 +2.9570e+00 -1.5852e+00 -3.7132e+00
463 +1.327637674e+00 +1.327637674e+00 +2.666076377e+02 +2.666076377e+02 +9.6655e-01 +2.6964e-01 +2.7976e+00 -1.5822e+00 -3.8047e+00
467 +1.145726167e+00 +1.145726167e+00 +2.664257262e+02 +2.664257262e+02 +9.6010e-01 +2.6311e-01 +2.8860e+00 -1.6331e+00 -3.7548e+00
496 +4.675371273e-01 +4.675371273e-01 +2.657475371e+02 +2.657475371e+02 +8.9325e-01 +3.1482e-01 +2.9002e+00 -1.6887e+00 -3.7067e+00
581 +3.602126185e-01 +3.602126185e-01 +2.656402126e+02 +2.656402126e+02 +9.2845e-01 +2.8306e-01 +2.8759e+00 -1.6600e+00 -3.7253e+00
624 +3.335543481e-01 +3.335543481e-01 +2.656135543e+02 +2.656135543e+02 +9.1994e-01 +2.6849e-01 +2.9045e+00 -1.6751e+00 -3.7431e+00
632 +3.285605621e-01 +3.285605621e-01 +2.656085606e+02 +2.656085606e+02 +9.1485e-01 +2.6782e-01 +2.9049e+00 -1.6701e+00 -3.7399e+00
636 +2.653961120e-01 +2.653961120e-01 +2.655453961e+02 +2.655453961e+02 +9.1895e-01 +2.6234e-01 +2.9026e+00 -1.6769e+00 -3.7431e+00
663 +1.831503224e-01 +1.831503224e-01 +2.654631503e+02 +2.654631503e+02 +9.0461e-01 +2.6532e-01 +2.9188e+00 -1.6614e+00 -3.7650e+00
666 +1.626113410e-01 +1.626113410e-01 +2.654426113e+02 +2.654426113e+02 +9.0481e-01 +2.6825e-01 +2.9107e+00 -1.6369e+00 -3.7772e+00
678 +1.426733043e-01 +1.426733043e-01 +2.654226733e+02 +2.654226733e+02 +9.0430e-01 +2.7115e-01 +2.9135e+00 -1.6401e+00 -3.7749e+00
711 +1.352129773e-01 +1.352129773e-01 +2.654152130e+02 +2.654152130e+02 +9.1032e-01 +2.7643e-01 +2.9143e+00 -1.6553e+00 -3.7514e+00
822 +1.287369747e-01 +1.287369747e-01 +2.654087370e+02 +2.654087370e+02 +9.1557e-01 +2.6283e-01 +2.9074e+00 -1.6423e+00 -3.7786e+00
837 +9.607739361e-02 +9.607739361e-02 +2.653760774e+02 +2.653760774e+02 +9.1197e-01 +2.6354e-01 +2.9092e+00 -1.6424e+00 -3.7756e+00
903 +9.257082508e-02 +9.257082508e-02 +2.653725708e+02 +2.653725708e+02 +9.1478e-01 +2.6090e-01 +2.9035e+00 -1.6441e+00 -3.7763e+00
976 +8.135168709e-02 +8.135168709e-02 +2.653613517e+02 +2.653613517e+02 +9.1252e-01 +2.6255e-01 +2.9055e+00 -1.6429e+00 -3.7765e+00
996 +7.961759967e-02 +7.961759967e-02 +2.653596176e+02 +2.653596176e+02 +9.1254e-01 +2.6198e-01 +2.9075e+00 -1.6428e+00 -3.7777e+00
1010 +7.071061755e-02 +7.071061755e-02 +2.653507106e+02 +2.653507106e+02 +9.1069e-01 +2.6301e-01 +2.9098e+00 -1.6415e+00 -3.7800e+00
1020 +6.857610918e-02 +6.857610918e-02 +2.653485761e+02 +2.653485761e+02 +9.1093e-01 +2.6328e-01 +2.9090e+00 -1.6421e+00 -3.7786e+00
1033 +6.527851197e-02 +6.527851197e-02 +2.653452785e+02 +2.653452785e+02 +9.1197e-01 +2.6209e-01 +2.9074e+00 -1.6427e+00 -3.7788e+00
1059 +6.221804318e-02 +6.221804318e-02 +2.653422180e+02 +2.653422180e+02 +9.1215e-01 +2.6186e-01 +2.9077e+00 -1.6429e+00 -3.7789e+00
1242 +6.102246048e-02 +6.102246048e-02 +2.653410225e+02 +2.653410225e+02 +9.1305e-01 +2.6180e-01 +2.9062e+00 -1.6431e+00 -3.7781e+00
1369 +6.001590603e-02 +6.001590603e-02 +2.653400159e+02 +2.653400159e+02 +9.1292e-01 +2.6185e-01 +2.9063e+00 -1.6433e+00 -3.7779e+00
1378 +5.841480220e-02 +5.841480220e-02 +2.653384148e+02 +2.653384148e+02 +9.1294e-01 +2.6189e-01 +2.9064e+00 -1.6433e+00 -3.7778e+00
1397 +5.753182337e-02 +5.753182337e-02 +2.653375318e+02 +2.653375318e+02 +9.1289e-01 +2.6206e-01 +2.9064e+00 -1.6434e+00 -3.7776e+00
1464 +5.583947969e-02 +5.583947969e-02 +2.653358395e+02 +2.653358395e+02 +9.1292e-01 +2.6206e-01 +2.9062e+00 -1.6434e+00 -3.7776e+00
1536 +5.489922963e-02 +5.489922963e-02 +2.653348992e+02 +2.653348992e+02 +9.1290e-01 +2.6205e-01 +2.9063e+00 -1.6433e+00 -3.7776e+00
1592 +5.249280747e-02 +5.249280747e-02 +2.653324928e+02 +2.653324928e+02 +9.1290e-01 +2.6205e-01 +2.9063e+00 -1.6433e+00 -3.7776e+00
1632 +5.223718812e-02 +5.223718812e-02 +2.653322372e+02 +2.653322372e+02 +9.1290e-01 +2.6205e-01 +2.9063e+00 -1.6433e+00 -3.7776e+00
2068 +5.123576552e-02 +5.123576552e-02 +2.653312358e+02 +2.653312358e+02 +9.1290e-01 +2.6206e-01 +2.9063e+00 -1.6433e+00 -3.7776e+00
