% function evaluation | noise-free fitness - Fopt (-4.620900000000e+02) | best noise-free fitness - Fopt | measured fitness | best measured fitness | x1 | x2...
1 +1.270868857e+02 +1.270868857e+02 -3.350031143e+02 -3.350031143e+02 +0.0000e+00 +0.0000e+00 +0.0000e+00 +0.0000e+00 +0.0000e+00
12 +8.977507059e+01 +8.977507059e+01 -3.723149294e+02 -3.723149294e+02 -1.3490e+00 +2.3134e-01 -5.8584e-01 -1.7412e-01 +4.3599e-01
26 +6.625978151e+01 +6.625978151e+01 -3.958302185e+02 -3.958302185e+02 -1.3881e+00 +8.3600e-01 -7.0233e-01 +6.2528e-01 +1.1579e+00
30 +5.744873540e+01 +5.744873540e+01 -4.046412646e+02 -4.046412646e+02 -7.2095e-01 +2.3924e-01 +7.2385e-01 -1.5740e-01 +1.9603e+00
49 +5.234815139e+01 +5.234815139e+01 -4.097418486e+02 -4.097418486e+02 -1.5291e+00 +2.0756e-01 +7.2524e-01 -4.3558e-01 +1.5842e+00
67 +4.412132414e+01 +4.412132414e+01 -4.179686759e+02 -4.179686759e+02 -8.6791e-01 +1.9144e-01 +1.6740e+00 +2.6805e-01 +1.9603e+00
131 +3.375206565e+01 +3.375206565e+01 -4.283379343e+02 -4.283379343e+02 -9.4200e-01 +1.1658e-02 +2.2309e+00 +7.7607e-01 +2.3345e+00
144 +2.844343878e+01 +2.844343878e+01 -4.336465612e+02 -4.336465612e+02 -4.1908e-01 +7.1071e-01 +1.6591e+00 +1.1835e+00 +2.3234e+00
194 +2.466513178e+01 +2.466513178e+01 -4.374248682e+02 -4.374248682e+02 -2.9895e-01 +1.5239e+00 +1.6957e+00 +3.3159e-01 +2.8521e+00
253 +2.095886351e+01 +2.095886351e+01 -4.411311365e+02 -4.411311365e+02 -3.4769e-01 +1.4917e+00 +1.0625e+00 +7.7298e-01 +2.3510e+00
300 +1.594190929e+01 +1.594190929e+01 -4.461480907e+02 -4.461480907e+02 -3.3026e-01 +1.5288e+00 +1.1456e+00 +7.2538e-01 +2.3733e+00
324 +1.484589467e+01 +1.484589467e+01 -4.472441053e+02 -4.472441053e+02 -2.6434e-01 +1.4689e+00 +1.0954e+00 +7.0647e-01 +2.3185e+00
335 +1.120073237e+01 +1.120073237e+01 -4.508892676e+02 -4.508892676e+02 -3.1858e-01 +1.4603e+00 +1.1537e+00 +7.0270e-01 +2.3053e+00
365 +1.030118940e+01 +1.030118940e+01 -4.517888106e+02 -4.517888106e+02 -3.3292e-01 +1.4967e+00 +1.1367e+00 +7.2387e-01 +2.3260e+00
380 +9.982380699e+00 +9.982380699e+00 -4.521076193e+02 -4.521076193e+02 -3.1594e-01 +1.4645e+00 +1.1292e+00 +7.3970e-01 +2.3084e+00
413 +9.197442666e+00 +9.197442666e+00 -4.528925573e+02 -4.528925573e+02 -3.2668e-01 +1.5125e+00 +1.1331e+00 +7.3047e-01 +2.2998e+00
438 +9.085961317e+00 +9.085961317e+00 -4.530040387e+02 -4.530040387e+02 -3.3099e-01 +1.5050e+00 +1.1352e+00 +7.2532e-01 +2.3013e+00
% function evaluation | noise-free fitness - Fopt (7.766000000000e+01) | best noise-free fitness - Fopt | measured fitness | best measured fitness | x1 | x2...
1 +2.502431191e+02 +2.502431191e+02 +3.279031191e+02 +3.279031191e+02 +0.0000e+00 +0.0000e+00 +0.0000e+00 +0.0000e+00 +0.0000e+00
2 +1.461865594e+02 +1.461865594e+02 +2.238465594e+02 +2.238465594e+02 -1.5879e+00 +1.1218e+00 -3.6436e-02 +3.2510e-01 -6.9035e-01
14 +1.100739376e+02 +1.100739376e+02 +1.877339376e+02 +1.877339376e+02 -1.6424e+00 +1.7395e+00 -1.3786e+00 +1.3141e+00 -8.2320e-01
19 +9.106477356e+01 +9.106477356e+01 +1.687247736e+02 +1.687247736e+02 +5.5775e-01 +4.3755e-01 +3.4078e-01 +1.0617e+00 -1.0311e+00
22 +7.263029186e+01 +7.263029186e+01 +1.502902919e+02 +1.502902919e+02 +1.6942e+00 +5.0433e-01 +2.8513e-01 +1.7544e+00 -1.5199e+00
23 +6.161652947e+01 +6.161652947e+01 +1.392765295e+02 +1.392765295e+02 -3.8704e-01 -2.1113e-01 +1.3446e-01 +2.4250e+00 -1.6773e+00
29 +3.739699897e+01 +3.739699897e+01 +1.150569990e+02 +1.150569990e+02 +3.3151e-01 +7.7049e-01 -6.5316e-01 +1.8006e+00 -1.7919e+00
39 +3.366734267e+01 +3.366734267e+01 +1.113273427e+02 +1.113273427e+02 +6.5988e-01 +6.8259e-01 -1.4250e-01 +2.8445e+00 -2.0609e+00
48 +2.298239486e+01 +2.298239486e+01 +1.006423949e+02 +1.006423949e+02 +3.9236e-01 -3.3828e-02 -1.8917e-01 +3.7342e+00 -2.5315e+00
58 +1.916631757e+01 +1.916631757e+01 +9.682631757e+01 +9.682631757e+01 +4.9039e-01 +4.8151e-01 -1.9799e-01 +2.8466e+00 -2.4777e+00
286 +1.005190758e+01 +1.005190758e+01 +8.771190758e+01 +8.771190758e+01 +1.4070e+00 -7.9079e-01 -2.1643e-01 +2.8615e+00 -2.4462e+00
441 +9.741499356e+00 +9.741499356e+00 +8.740149936e+01 +8.740149936e+01 +1.3476e+00 -1.6259e+00 -1.3458e+00 +2.8773e+00 -2.7792e+00
443 +7.165767519e+00 +7.165767519e+00 +8.482576752e+01 +8.482576752e+01 +1.3746e+00 -1.6539e+00 -1.3129e+00 +2.9543e+00 -2.7796e+00
474 +6.076485744e+00 +6.076485744e+00 +8.373648574e+01 +8.373648574e+01 +1.3641e+00 -1.6675e+00 -1.2619e+00 +2.9524e+00 -2.7758e+00
477 +4.605603238e+00 +4.605603238e+00 +8.226560324e+01 +8.226560324e+01 +1.3919e+00 -1.6494e+00 -1.2399e+00 +2.9171e+00 -2.7716e+00
487 +4.455181619e+00 +4.455181619e+00 +8.211518162e+01 +8.211518162e+01 +1.4181e+00 -1.6512e+00 -1.2695e+00 +2.9327e+00 -2.7778e+00
530 +4.295556850e+00 +4.295556850e+00 +8.195555685e+01 +8.195555685e+01 +1.3996e+00 -1.6486e+00 -1.2615e+00 +2.9289e+00 -2.7714e+00
535 +4.219587165e+00 +4.219587165e+00 +8.187958717e+01 +8.187958717e+01 +1.4030e+00 -1.6564e+00 -1.2807e+00 +2.9296e+00 -2.7750e+00
562 +4.123398205e+00 +4.123398205e+00 +8.178339820e+01 +8.178339820e+01 +1.3930e+00 -1.6688e+00 -1.2626e+00 +2.9210e+00 -2.7758e+00
569 +4.068162831e+00 +4.068162831e+00 +8.172816283e+01 +8.172816283e+01 +1.4099e+00 -1.6650e+00 -1.2712e+00 +2.9170e+00 -2.7693e+00
718 +3.980418417e+00 +3.980418417e+00 +8.164041842e+01 +8.164041842e+01 +1.4025e+00 -1.6603e+00 -1.2716e+00 +2.9161e+00 -2.7739e+00
% function evaluation | noise-free fitness - Fopt (1.156800000000e+02) | best noise-free fitness - Fopt | measured fitness | best measured fitness | x1 | x2...
1 +4.301878994e+02 +4.301878994e+02 +5.458678994e+02 +5.458678994e+02 +0.0000e+00 +0.0000e+00 +0.0000e+00 +0.0000e+00 +0.0000e+00
3 +1.686795636e+02 +1.686795636e+02 +2.843595636e+02 +2.843595636e+02 +1.0051e+00 -1.7019e-01 -1.5361e+00 +3.5817e-01 -1.4573e+00
12 +7.124157614e+01 +7.124157614e+01 +1.869215761e+02 +1.869215761e+02 -3.7681e-01 -1.1591e+00 -1.8732e+00 +1.5159e+00 -3.5568e+00
28 +7.052612153e+01 +7.052612153e+01 +1.862061215e+02 +1.862061215e+02 -4.5827e-01 -7.9096e-01 -1.2337e+00 +1.4854e+00 -3.6877e+00
61 +6.670520313e+01 +6.670520313e+01 +1.823852031e+02 +1.823852031e+02 -8.9598e-01 -3.3520e-01 +1.3178e+00 +4.4191e+00 -4.2340e+00
73 +5.921642318e+01 +5.921642318e+01 +1.748964232e+02 +1.748964232e+02 -3.1321e+00 -7.3319e-01 +1.4996e+00 +2.2136e+00 -4.5317e+00
80 +3.768104842e+01 +3.768104842e+01 +1.533610484e+02 +1.533610484e+02 -1.8482e+00 +5.5736e-01 -8.6546e-01 +3.6156e+00 -4.3018e+00
137 +2.737407725e+01 +2.737407725e+01 +1.430540773e+02 +1.430540773e+02 -5.3179e+00 -2.4631e-01 +8.0148e-01 +3.1821e+00 -3.6682e+00
194 +1.770908150e+01 +1.770908150e+01 +1.333890815e+02 +1.333890815e+02 -4.2135e+00 -8.6093e-01 -3.0847e-01 +2.1659e+00 -3.6060e+00
221 +1.653323539e+01 +1.653323539e+01 +1.322132354e+02 +1.322132354e+02 -3.8792e+00 -2.6875e-01 +2.6784e-01 +3.0309e+00 -3.2596e+00
289 +1.409785193e+01 +1.409785193e+01 +1.297778519e+02 +1.297778519e+02 -4.0851e+00 -2.2444e-01 +1.4808e-01 +2.7153e+00 -3.9250e+00
294 +1.293787893e+01 +1.293787893e+01 +1.286178789e+02 +1.286178789e+02 -4.0740e+00 -2.8441e-01 +2.2078e-01 +2.6084e+00 -3.9261e+00
328 +9.540517551e+00 +9.540517551e+00 +1.252205176e+02 +1.252205176e+02 -4.1384e+00 -2.7471e-01 +1.7505e-01 +2.6854e+00 -3.6149e+00
377 +8.671608090e+00 +8.671608090e+00 +1.243516081e+02 +1.243516081e+02 -4.1639e+00 -3.1816e-01 +2.1271e-01 +2.6562e+00 -3.6046e+00
395 +8.239586829e+00 +8.239586829e+00 +1.239195868e+02 +1.239195868e+02 -4.2155e+00 -2.7952e-01 +2.2340e-01 +2.7005e+00 -3.6066e+00
421 +7.970350165e+00 +7.970350165e+00 +1.236503502e+02 +1.236503502e+02 -4.1862e+00 -3.0847e-01 +2.1643e-01 +2.6861e+00 -3.6051e+00
423 +7.913205511e+00 +7.913205511e+00 +1.235932055e+02 +1.235932055e+02 -4.1971e+00 -3.0793e-01 +2.2259e-01 +2.6783e+00 -3.6090e+00
453 +7.309306448e+00 +7.309306448e+00 +1.229893064e+02 +1.229893064e+02 -4.1661e+00 -2.7266e-01 +2.4654e-01 +2.6990e+00 -3.6079e+00
462 +6.947420850e+00 +6.947420850e+00 +1.226274208e+02 +1.226274208e+02 -4.1387e+00 -2.5684e-01 +2.4802e-01 +2.6844e+00 -3.6143e+00
484 +6.793272573e+00 +6.793272573e+00 +1.224732726e+02 +1.224732726e+02 -4.1368e+00 -2.1784e-01 +2.5077e-01 +2.6983e+00 -3.6070e+00
492 +6.740477101e+00 +6.740477101e+00 +1.224204771e+02 +1.224204771e+02 -4.1208e+00 -2.1763e-01 +2.4217e-01 +2.6960e+00 -3.6007e+00
495 +6.535380592e+00 +6.535380592e+00 +1.222153806e+02 +1.222153806e+02 -4.1219e+00 -1.9603e-01 +2.4412e-01 +2.6951e+00 -3.6107e+00
533 +6.376408992e+00 +6.376408992e+00 +1.220564090e+02 +1.220564090e+02 -4.1408e+00 -1.5406e-01 +2.5605e-01 +2.6763e+00 -3.6171e+00
542 +6.264738722e+00 +6.264738722e+00 +1.219447387e+02 +1.219447387e+02 -4.1182e+00 -1.7062e-01 +2.5246e-01 +2.6943e+00 -3.6059e+00
572 +6.090744142e+00 +6.090744142e+00 +1.217707441e+02 +1.217707441e+02 -4.1494e+00 -1.5345e-01 +2.4950e-01 +2.6746e+00 -3.6084e+00
618 +6.013357853e+00 +6.013357853e+00 +1.216933579e+02 +1.216933579e+02 -4.1254e+00 -1.5375e-01 +2.4761e-01 +2.6871e+00 -3.6062e+00
% function evaluation | noise-free fitness - Fopt (-3.710000000000e+00) | best noise-free fitness - Fopt | measured fitness | best measured fitness | x1 | x2...
1 +2.700190966e+02 +2.700190966e+02 +2.663090966e+02 +2.663090966e+02 +0.0000e+00 +0.0000e+00 +0.0000e+00 +0.0000e+00 +0.0000e+00
2 +1.945978266e+02 +1.945978266e+02 +1.908878266e+02 +1.908878266e+02 +9.6188e-01 +3.4839e-01 +4.9094e-02 -4.6518e-01 +1.7334e+00
7 +1.705237046e+02 +1.705237046e+02 +1.668137046e+02 +1.668137046e+02 +2.8496e-02 -1.6484e-02 -1.0843e+00 +4.5998e-01 +1.3536e+00
14 +1.669993276e+02 +1.669993276e+02 +1.632893276e+02 +1.632893276e+02 -5.1490e-01 +4.6281e-01 -1.8453e+00 +9.8912e-01 +3.1942e+00
20 +1.246118748e+02 +1.246118748e+02 +1.209018748e+02 +1.209018748e+02 -1.9711e-01 -9.5914e-01 -1.1305e+00 +1.4540e+00 +2.3401e+00
22 +1.087947865e+02 +1.087947865e+02 +1.050847865e+02 +1.050847865e+02 -1.7966e+00 -2.1745e+00 -1.0082e+00 +1.9892e+00 +2.4062e+00
31 +1.046430928e+02 +1.046430928e+02 +1.009330928e+02 +1.009330928e+02 +2.9100e-01 -1.0555e+00 -8.0204e-01 +2.5856e+00 +2.7829e+00
35 +7.382048243e+01 +7.382048243e+01 +7.011048243e+01 +7.011048243e+01 +8.6992e-01 -9.6655e-01 -8.2357e-02 +2.6889e+00 +2.2295e+00
41 +6.766572331e+01 +6.766572331e+01 +6.395572331e+01 +6.395572331e+01 +1.0027e+00 -6.8005e-01 +5.7121e-02 +3.6772e+00 +3.3873e+00
44 +5.925691022e+01 +5.925691022e+01 +5.554691022e+01 +5.554691022e+01 +1.1988e+00 -2.1356e-01 +3.8306e-01 +5.1317e+00 +3.1428e+00
51 +4.876707250e+01 +4.876707250e+01 +4.505707250e+01 +4.505707250e+01 +7.0456e-01 -7.2521e-01 -5.4055e-01 +2.9967e+00 +2.8337e+00
89 +4.352284848e+01 +4.352284848e+01 +3.981284848e+01 +3.981284848e+01 -7.1017e-01 -1.4509e+00 +1.3772e+00 +3.9704e+00 +2.1908e+00
143 +4.024941761e+01 +4.024941761e+01 +3.653941761e+01 +3.653941761e+01 -2.2887e-01 -1.5733e+00 +1.0181e+00 +3.9073e+00 +2.8624e+00
147 +3.558635310e+01 +3.558635310e+01 +3.187635310e+01 +3.187635310e+01 -6.4823e-03 -1.6312e+00 +1.7081e+00 +3.7696e+00 +3.7690e+00
167 +3.322073452e+01 +3.322073452e+01 +2.951073452e+01 +2.951073452e+01 -9.4889e-02 -1.3935e+00 +1.6478e+00 +3.8473e+00 +3.5022e+00
195 +3.042505683e+01 +3.042505683e+01 +2.671505683e+01 +2.671505683e+01 +4.0579e-02 -1.6359e+00 +1.7396e+00 +4.4630e+00 +3.5487e+00
253 +2.822207108e+01 +2.822207108e+01 +2.451207108e+01 +2.451207108e+01 +5.3528e-02 -2.3550e+00 +1.2960e+00 +3.5574e+00 +3.0686e+00
403 +1.761887624e+01 +1.761887624e+01 +1.390887624e+01 +1.390887624e+01 +5.4872e-02 -2.2575e+00 +1.8051e+00 +3.5460e+00 +2.4404e+00
524 +1.635831902e+01 +1.635831902e+01 +1.264831902e+01 +1.264831902e+01 +7.4091e-02 -2.2644e+00 +1.7273e+00 +3.5155e+00 +2.4751e+00
627 +1.506062503e+01 +1.506062503e+01 +1.135062503e+01 +1.135062503e+01 +9.7835e-02 -2.3239e+00 +1.7799e+00 +3.5245e+00 +2.4755e+00
631 +1.430512856e+01 +1.430512856e+01 +1.059512856e+01 +1.059512856e+01 +9.7843e-02 -2.2935e+00 +1.7735e+00 +3.4982e+00 +2.4582e+00
689 +1.409325448e+01 +1.409325448e+01 +1.038325448e+01 +1.038325448e+01 +8.5822e-02 -2.2987e+00 +1.7719e+00 +3.5017e+00 +2.4663e+00
% function evaluation | noise-free fitness - Fopt (1.321800000000e+02) | best noise-free fitness - Fopt | measured fitness | best measured fitness | x1 | x2...
1 +2.589751285e+02 +2.589751285e+02 +3.911551285e+02 +3.911551285e+02 +0.0000e+00 +0.0000e+00 +0.0000e+00 +0.0000e+00 +0.0000e+00
2 +1.671613111e+02 +1.671613111e+02 +2.993413111e+02 +2.993413111e+02 +2.8623e-01 -7.1076e-01 +6.4690e-01 +2.2093e-01 -7.7901e-01
11 +1.242739035e+02 +1.242739035e+02 +2.564539035e+02 +2.564539035e+02 -9.3826e-01 +3.8436e-01 +1.8191e+00 -7.1555e-01 -6.7210e-01
13 +6.083447522e+01 +6.083447522e+01 +1.930144752e+02 +1.930144752e+02 -5.8338e-01 +6.9170e-01 +3.0588e+00 -3.1966e-01 -2.2885e+00
22 +5.506423045e+01 +5.506423045e+01 +1.872442305e+02 +1.872442305e+02 +2.7462e-01 +7.0447e-01 +2.4335e+00 -3.8339e-01 -2.0590e+00
86 +5.368359758e+01 +5.368359758e+01 +1.858635976e+02 +1.858635976e+02 -9.6969e-01 +1.5232e+00 +2.7553e+00 -8.5293e-01 -1.0070e+00
111 +4.332125526e+01 +4.332125526e+01 +1.755012553e+02 +1.755012553e+02 -9.5789e-01 +1.9240e-01 +2.8008e+00 -7.9977e-01 -2.5513e+00
131 +3.615588533e+01 +3.615588533e+01 +1.683358853e+02 +1.683358853e+02 -5.6391e-01 +5.0760e-02 +2.0300e+00 -1.4963e+00 -2.5203e+00
179 +2.782459939e+01 +2.782459939e+01 +1.600045994e+02 +1.600045994e+02 -1.8082e+00 +7.2342e-01 +2.9363e+00 -1.6420e+00 -2.8468e+00
205 +2.684537841e+01 +2.684537841e+01 +1.590253784e+02 +1.590253784e+02 -1.7800e+00 +6.9900e-01 +2.7834e+00 -1.8712e+00 -3.0995e+00
229 +2.223746099e+01 +2.223746099e+01 +1.544174610e+02 +1.544174610e+02 -1.8543e+00 +7.1114e-01 +2.8095e+00 -1.6181e+00 -2.5052e+00
238 +2.072779794e+01 +2.072779794e+01 +1.529077979e+02 +1.529077979e+02 -1.6573e+00 +6.4340e-01 +2.7817e+00 -1.5640e+00 -2.4817e+00
272 +1.343672487e+01 +1.343672487e+01 +1.456167249e+02 +1.456167249e+02 -1.7289e+00 +7.8120e-01 +2.8494e+00 -2.0071e+00 -2.5153e+00
275 +1.221937574e+01 +1.221937574e+01 +1.443993757e+02 +1.443993757e+02 -1.7397e+00 +6.6674e-01 +2.8585e+00 -1.8993e+00 -2.1760e+00
363 +1.006356886e+01 +1.006356886e+01 +1.422435689e+02 +1.422435689e+02 -1.8368e+00 +7.1626e-01 +2.8569e+00 -1.9913e+00 -2.4871e+00
369 +9.793291588e+00 +9.793291588e+00 +1.419732916e+02 +1.419732916e+02 -1.8161e+00 +7.4974e-01 +2.9027e+00 -1.9725e+00 -2.4939e+00
400 +9.411817180e+00 +9.411817180e+00 +1.415918172e+02 +1.415918172e+02 -1.7203e+00 +6.7625e-01 +2.8572e+00 -2.0016e+00 -2.5128e+00
413 +9.260648865e+00 +9.260648865e+00 +1.414406489e+02 +1.414406489e+02 -1.7303e+00 +6.8073e-01 +2.8497e+00 -1.9979e+00 -2.4610e+00
414 +8.778032805e+00 +8.778032805e+00 +1.409580328e+02 +1.409580328e+02 -1.8194e+00 +6.4200e-01 +2.8454e+00 -1.9556e+00 -2.4765e+00
426 +8.698522533e+00 +8.698522533e+00 +1.408785225e+02 +1.408785225e+02 -1.7934e+00 +7.1874e-01 +2.8866e+00 -1.9397e+00 -2.5109e+00
437 +7.687315096e+00 +7.687315096e+00 +1.398673151e+02 +1.398673151e+02 -1.7906e+00 +6.5546e-01 +2.8706e+00 -1.9712e+00 -2.5154e+00
445 +7.459577281e+00 +7.459577281e+00 +1.396395773e+02 +1.396395773e+02 -1.7889e+00 +6.7380e-01 +2.8617e+00 -1.9618e+00 -2.4670e+00
472 +7.353641998e+00 +7.353641998e+00 +1.395336420e+02 +1.395336420e+02 -1.7804e+00 +6.5093e-01 +2.8389e+00 -1.9773e+00 -2.5080e+00
475 +6.726185429e+00 +6.726185429e+00 +1.389061854e+02 +1.389061854e+02 -1.7647e+00 +6.9070e-01 +2.8613e+00 -1.9462e+00 -2.4775e+00
488 +6.595983336e+00 +6.595983336e+00 +1.387759833e+02 +1.387759833e+02 -1.7898e+00 +6.6459e-01 +2.8507e+00 -1.9587e+00 -2.4857e+00
491 +6.303305557e+00 +6.303305557e+00 +1.384833056e+02 +1.384833056e+02 -1.7715e+00 +6.8515e-01 +2.8417e+00 -1.9747e+00 -2.4893e+00
523 +6.033354135e+00 +6.033354135e+00 +1.382133541e+02 +1.382133541e+02 -1.7699e+00 +6.8486e-01 +2.8673e+00 -1.9629e+00 -2.4938e+00
591 +5.981929776e+00 +5.981929776e+00 +1.381619298e+02 +1.381619298e+02 -1.7630e+00 +6.7436e-01 +2.8700e+00 -1.9667e+00 -2.4913e+00
% function evaluation | noise-free fitness - Fopt (1.000000000000e+03) | best noise-free fitness - Fopt | measured fitness | best measured fitness | x1 | x2...
1 +1.535753926e+02 +1.535753926e+02 +1.153575393e+03 +1.153575393e+03 +0.0000e+00 +0.0000e+00 +0.0000e+00 +0.0000e+00 +0.0000e+00
3 +1.303865434e+02 +1.303865434e+02 +1.130386543e+03 +1.130386543e+03 -3.3228e-01 +6.8182e-01 +5.9680e-01 -5.3405e-01 -5.0106e-01
5 +1.010912925e+02 +1.010912925e+02 +1.101091292e+03 +1.101091292e+03 -7.0511e-01 +6.9294e-01 -6.2712e-01 +2.2618e-01 -6.2987e-01
16 +8.104323204e+01 +8.104323204e+01 +1.081043232e+03 +1.081043232e+03 -6.0005e-01 +1.0138e+00 -4.9144e-01 +1.4357e-01 -8.1701e-01
44 +6.920286822e+01 +6.920286822e+01 +1.069202868e+03 +1.069202868e+03 -1.0890e+00 +2.2306e+00 -7.1956e-01 +2.6359e+00 -1.1700e+00
54 +5.078079758e+01 +5.078079758e+01 +1.050780798e+03 +1.050780798e+03 -2.2661e-01 +1.9828e+00 -1.1011e+00 +3.0176e+00 -7.7405e-02
67 +4.591729796e+01 +4.591729796e+01 +1.045917298e+03 +1.045917298e+03 -4.4519e-01 +2.1486e+00 -4.3740e-01 +2.4477e+00 -4.5763e-01
76 +3.672730711e+01 +3.672730711e+01 +1.036727307e+03 +1.036727307e+03 -4.8519e-01 +2.5060e+00 -7.7997e-01 +2.6401e+00 -1.2011e+00
82 +3.436553337e+01 +3.436553337e+01 +1.034365533e+03 +1.034365533e+03 +5.2293e-01 +3.0502e+00 -5.4939e-01 +3.3907e+00 -8.2941e-01
97 +3.217679751e+01 +3.217679751e+01 +1.032176798e+03 +1.032176798e+03 -6.0453e-01 +2.7538e+00 -1.5191e-01 +3.3703e+00 -1.1159e+00
119 +2.407476116e+01 +2.407476116e+01 +1.024074761e+03 +1.024074761e+03 -3.6274e-01 +3.2256e+00 +3.8648e-01 +2.0218e+00 -1.2334e+00
162 +1.463327860e+01 +1.463327860e+01 +1.014633279e+03 +1.014633279e+03 +5.5223e-01 +4.6254e+00 -1.3381e+00 +2.4926e+00 -1.1281e+00
220 +1.366522905e+01 +1.366522905e+01 +1.013665229e+03 +1.013665229e+03 -5.7465e-01 +3.3289e+00 -1.2618e+00 +2.8193e+00 -7.7228e-01
463 +1.268276722e+01 +1.268276722e+01 +1.012682767e+03 +1.012682767e+03 -1.5218e+00 +2.5065e+00 -1.2578e+00 +2.8745e+00 -1.4777e+00
489 +1.254473749e+01 +1.254473749e+01 +1.012544737e+03 +1.012544737e+03 -1.4594e+00 +2.5323e+00 -1.2264e+00 +2.8575e+00 -1.4803e+00
595 +1.226724681e+01 +1.226724681e+01 +1.012267247e+03 +1.012267247e+03 -1.5066e+00 +2.5255e+00 -1.2374e+00 +2.8728e+00 -1.4778e+00
641 +1.201920229e+01 +1.201920229e+01 +1.012019202e+03 +1.012019202e+03 -1.4827e+00 +2.5220e+00 -1.2535e+00 +2.8781e+00 -1.4747e+00
% function evaluation | noise-free fitness - Fopt (-1.846000000000e+01) | best noise-free fitness - Fopt | measured fitness | best measured fitness | x1 | x2...
1 +1.192778086e+02 +1.192778086e+02 +1.008178086e+02 +1.008178086e+02 +0.0000e+00 +0.0000e+00 +0.0000e+00 +0.0000e+00 +0.0000e+00
3 +1.170552555e+02 +1.170552555e+02 +9.859525545e+01 +9.859525545e+01 +9.2135e-02 +3.9600e-01 -7.7865e-01 +8.1603e-02 -3.4069e-01
5 +1.097000420e+02 +1.097000420e+02 +9.124004196e+01 +9.124004196e+01 +1.1974e+00 -1.0643e-01 +7.4792e-01 -1.4149e-01 -2.6744e-01
6 +8.672190994e+01 +8.672190994e+01 +6.826190994e+01 +6.826190994e+01 +1.0007e+00 +2.3264e+00 +8.5937e-01 +8.8971e-01 -6.1624e-01
17 +5.626700756e+01 +5.626700756e+01 +3.780700756e+01 +3.780700756e+01 +1.7562e+00 +3.0237e+00 +9.7313e-01 +1.3771e+00 +6.1756e-01
21 +5.155850677e+01 +5.155850677e+01 +3.309850677e+01 +3.309850677e+01 +3.1666e+00 +1.6691e+00 +1.1083e-01 +1.3194e+00 +6.1092e-01
70 +5.019919106e+01 +5.019919106e+01 +3.173919106e+01 +3.173919106e+01 +5.2571e+00 +3.1318e+00 +2.7212e+00 +3.4224e+00 +5.7710e-01
95 +3.885884524e+01 +3.885884524e+01 +2.039884524e+01 +2.039884524e+01 +4.2809e+00 +3.0021e+00 +2.9802e+00 +1.2743e+00 +1.5871e+00
152 +3.268163440e+01 +3.268163440e+01 +1.422163440e+01 +1.422163440e+01 +1.0517e+00 +3.0258e+00 +3.1909e+00 +5.4343e-01 +1.0098e+00
208 +2.778498762e+01 +2.778498762e+01 +9.324987621e+00 +9.324987621e+00 +1.2204e+00 +3.3563e+00 +3.1944e+00 +1.2710e+00 +1.1607e+00
267 +1.659419084e+01 +1.659419084e+01 -1.865809161e+00 -1.865809161e+00 +2.2063e+00 +3.0700e+00 +2.1351e+00 +2.1229e+00 +5.8176e-01
314 +1.434910862e+01 +1.434910862e+01 -4.110891376e+00 -4.110891376e+00 +2.3044e+00 +3.2693e+00 +3.1082e+00 +1.6133e+00 +9.1872e-01
1133 +1.369293257e+01 +1.369293257e+01 -4.767067432e+00 -4.767067432e+00 +1.6677e-01 +3.2594e+00 +2.1047e+00 +1.6522e+00 +6.2547e-01
1137 +1.342653844e+01 +1.342653844e+01 -5.033461556e+00 -5.033461556e+00 +2.2707e-01 +3.2731e+00 +2.1000e+00 +1.6818e+00 +6.2426e-01
1221 +1.306223391e+01 +1.306223391e+01 -5.397766094e+00 -5.397766094e+00 +2.0021e-01 +3.2548e+00 +2.1090e+00 +1.6708e+00 +6.2186e-01
% function evaluation | noise-free fitness - Fopt (-6.046000000000e+01) | best noise-free fitness - Fopt | measured fitness | best measured fitness | x1 | x2...
1 +5.319902987e+02 +5.319902987e+02 +4.715302987e+02 +4.715302987e+02 +0.0000e+00 +0.0000e+00 +0.0000e+00 +0.0000e+00 +0.0000e+00
4 +2.640445097e+02 +2.640445097e+02 +2.035845097e+02 +2.035845097e+02 +7.6486e-01 -2.1246e+00 -4.3212e-01 +2.1919e+00 -1.2208e+00
13 +2.100405500e+02 +2.100405500e+02 +1.495805500e+02 +1.495805500e+02 +1.3682e+00 -4.7579e+00 -1.4617e+00 +1.9170e+00 -2.9452e+00
14 +1.217206867e+02 +1.217206867e+02 +6.126068666e+01 +6.126068666e+01 +2.4837e+00 -6.0241e-01 -4.7125e-01 +1.1512e+00 -2.3412e+00
29 +1.157645372e+02 +1.157645372e+02 +5.530453723e+01 +5.530453723e+01 +2.7503e+00 +3.5338e+00 +3.3855e-01 -1.9252e-02 -2.3664e+00
38 +1.008191990e+02 +1.008191990e+02 +4.035919895e+01 +4.035919895e+01 +2.5098e+00 +5.4926e+00 +1.4530e+00 -1.0053e+00 -4.6858e+00
53 +9.594454321e+01 +9.594454321e+01 +3.548454321e+01 +3.548454321e+01 +1.6575e+00 +2.6999e+00 -9.5500e-01 +7.1515e-02 -4.4892e+00
54 +4.540008531e+01 +4.540008531e+01 -1.505991469e+01 -1.505991469e+01 +4.8402e+00 +4.5587e+00 +2.9626e+00 -7.4619e-01 -3.9556e+00
85 +3.874995644e+01 +3.874995644e+01 -2.171004356e+01 -2.171004356e+01 +3.7202e+00 +5.5354e+00 +2.3317e+00 +1.2955e+00 -4.8976e+00
143 +3.548657720e+01 +3.548657720e+01 -2.497342280e+01 -2.497342280e+01 +2.5316e+00 +4.7638e+00 +1.9718e+00 +9.3446e-01 -3.5832e+00
145 +3.485507723e+01 +3.485507723e+01 -2.560492277e+01 -2.560492277e+01 +2.2803e+00 +4.6220e+00 +2.4621e+00 +1.6866e+00 -3.9742e+00
153 +3.316818099e+01 +3.316818099e+01 -2.729181901e+01 -2.729181901e+01 +2.5400e+00 +4.7041e+00 +2.1728e+00 +9.0269e-01 -3.9181e+00
163 +2.964428449e+01 +2.964428449e+01 -3.081571551e+01 -3.081571551e+01 +2.6684e+00 +4.4661e+00 +2.3342e+00 +9.1818e-01 -3.7149e+00
181 +1.873144573e+01 +1.873144573e+01 -4.172855427e+01 -4.172855427e+01 +2.7003e+00 +3.7915e+00 +2.5630e+00 +8.2062e-01 -3.5117e+00
216 +1.805485073e+01 +1.805485073e+01 -4.240514927e+01 -4.240514927e+01 +2.7355e+00 +4.3724e+00 +2.3968e+00 +1.7504e+00 -3.1699e+00
243 +1.668808682e+01 +1.668808682e+01 -4.377191318e+01 -4.377191318e+01 +2.5677e+00 +4.4151e+00 +2.3326e+00 +1.2877e+00 -3.6051e+00
260 +1.623116034e+01 +1.623116034e+01 -4.422883966e+01 -4.422883966e+01 +2.7498e+00 +4.5705e+00 +2.3011e+00 +1.3526e+00 -3.5285e+00
322 +1.608418594e+01 +1.608418594e+01 -4.437581406e+01 -4.437581406e+01 +2.6005e+00 +4.4133e+00 +2.3979e+00 +1.3656e+00 -3.5593e+00
332 +1.507011215e+01 +1.507011215e+01 -4.538988785e+01 -4.538988785e+01 +2.6924e+00 +4.3690e+00 +2.4046e+00 +1.3526e+00 -3.4937e+00
341 +1.442278610e+01 +1.442278610e+01 -4.603721390e+01 -4.603721390e+01 +2.6932e+00 +4.4825e+00 +2.3424e+00 +1.3746e+00 -3.5543e+00
346 +1.224691547e+01 +1.224691547e+01 -4.821308453e+01 -4.821308453e+01 +2.7157e+00 +4.4108e+00 +2.3736e+00 +1.3573e+00 -3.5614e+00
353 +1.132492344e+01 +1.132492344e+01 -4.913507656e+01 -4.913507656e+01 +2.6675e+00 +4.5648e+00 +2.3636e+00 +1.3610e+00 -3.5410e+00
354 +1.101841708e+01 +1.101841708e+01 -4.944158292e+01 -4.944158292e+01 +2.6708e+00 +4.4416e+00 +2.3717e+00 +1.3500e+00 -3.5632e+00
359 +7.580418904e+00 +7.580418904e+00 -5.287958110e+01 -5.287958110e+01 +2.6816e+00 +4.4973e+00 +2.3959e+00 +1.2967e+00 -3.5687e+00
386 +7.343551853e+00 +7.343551853e+00 -5.311644815e+01 -5.311644815e+01 +2.6884e+00 +4.5492e+00 +2.4054e+00 +1.2793e+00 -3.5501e+00
394 +7.236854551e+00 +7.236854551e+00 -5.322314545e+01 -5.322314545e+01 +2.6853e+00 +4.6095e+00 +2.3835e+00 +1.2946e+00 -3.5387e+00
448 +7.072913157e+00 +7.072913157e+00 -5.338708684e+01 -5.338708684e+01 +2.6785e+00 +4.5851e+00 +2.3743e+00 +1.2941e+00 -3.5620e+00
% function evaluation | noise-free fitness - Fopt (3.173300000000e+02) | best noise-free fitness - Fopt | measured fitness | best measured fitness | x1 | x2...
1 +1.503498808e+02 +1.503498808e+02 +4.676798808e+02 +4.676798808e+02 +0.0000e+00 +0.0000e+00 +0.0000e+00 +0.0000e+00 +0.0000e+00
7 +1.037838692e+02 +1.037838692e+02 +4.211138692e+02 +4.211138692e+02 +1.7077e-01 -1.9692e-01 +1.5778e+00 +2.7834e-01 +6.8551e-01
17 +1.013589862e+02 +1.013589862e+02 +4.186889862e+02 +4.186889862e+02 -7.1922e-01 +6.9583e-01 +2.6446e+00 +7.7566e-01 +3.7718e-01
22 +9.650867920e+01 +9.650867920e+01 +4.138386792e+02 +4.138386792e+02 -1.5017e+00 +5.5358e-01 +2.2695e+00 -2.7069e-01 +4.8465e-01
28 +6.033690851e+01 +6.033690851e+01 +3.776669085e+02 +3.776669085e+02 -1.2555e+00 +5.9465e-01 +3.3246e+00 +1.4447e+00 +1.2240e+00
66 +2.875643418e+01 +2.875643418e+01 +3.460864342e+02 +3.460864342e+02 -2.4977e+00 -1.8550e+00 +3.2579e+00 +3.5114e+00 +1.3281e+00
124 +1.790614549e+01 +1.790614549e+01 +3.352361455e+02 +3.352361455e+02 -2.4438e+00 -1.9407e+00 +2.7901e+00 +1.4933e+00 +2.9925e-01
178 +1.591812035e+01 +1.591812035e+01 +3.332481203e+02 +3.332481203e+02 -1.4186e+00 -2.0285e+00 +3.1223e+00 +1.9434e+00 +6.3641e-01
231 +1.370779449e+01 +1.370779449e+01 +3.310377945e+02 +3.310377945e+02 -1.6391e+00 -2.6377e+00 +3.1613e+00 +2.3550e+00 +6.6236e-01
233 +9.882825585e+00 +9.882825585e+00 +3.272128256e+02 +3.272128256e+02 -1.5875e+00 -2.5015e+00 +3.1675e+00 +2.3495e+00 +6.6445e-01
243 +9.256364079e+00 +9.256364079e+00 +3.265863641e+02 +3.265863641e+02 -1.5114e+00 -2.4856e+00 +3.1775e+00 +2.3972e+00 +6.1855e-01
257 +7.928952579e+00 +7.928952579e+00 +3.252589526e+02 +3.252589526e+02 -1.4150e+00 -2.5687e+00 +3.1600e+00 +2.3702e+00 +6.4740e-01
292 +6.537484672e+00 +6.537484672e+00 +3.238674847e+02 +3.238674847e+02 -1.4520e+00 -2.5806e+00 +3.1864e+00 +2.3584e+00 +6.5368e-01
325 +6.082306348e+00 +6.082306348e+00 +3.234123063e+02 +3.234123063e+02 -1.5079e+00 -2.6063e+00 +3.1877e+00 +2.3744e+00 +6.4424e-01
329 +5.354607137e+00 +5.354607137e+00 +3.226846071e+02 +3.226846071e+02 -1.5066e+00 -2.5666e+00 +3.2011e+00 +2.3647e+00 +6.4028e-01
344 +4.919316329e+00 +4.919316329e+00 +3.222493163e+02 +3.222493163e+02 -1.4929e+00 -2.5922e+00 +3.2541e+00 +2.3741e+00 +6.5059e-01
412 +4.794784454e+00 +4.794784454e+00 +3.221247845e+02 +3.221247845e+02 -1.4660e+00 -2.5772e+00 +3.2325e+00 +2.3714e+00 +6.4845e-01
434 +4.674252243e+00 +4.674252243e+00 +3.220042522e+02 +3.220042522e+02 -1.4456e+00 -2.5234e+00 +3.2444e+00 +2.3595e+00 +6.4849e-01
445 +4.452314893e+00 +4.452314893e+00 +3.217823149e+02 +3.217823149e+02 -1.4715e+00 -2.5437e+00 +3.2603e+00 +2.3744e+00 +6.4457e-01
456 +4.268271635e+00 +4.268271635e+00 +3.215982716e+02 +3.215982716e+02 -1.4708e+00 -2.5349e+00 +3.2512e+00 +2.3698e+00 +6.4364e-01
485 +4.210529082e+00 +4.210529082e+00 +3.215405291e+02 +3.215405291e+02 -1.4911e+00 -2.5100e+00 +3.2372e+00 +2.3622e+00 +6.4025e-01
496 +4.140943545e+00 +4.140943545e+00 +3.214709435e+02 +3.214709435e+02 -1.4966e+00 -2.4863e+00 +3.2385e+00 +2.3644e+00 +6.4108e-01
523 +4.027076318e+00 +4.027076318e+00 +3.213570763e+02 +3.213570763e+02 -1.4841e+00 -2.4992e+00 +3.2411e+00 +2.3715e+00 +6.4741e-01
633 +3.981047557e+00 +3.981047557e+00 +3.213110476e+02 +3.213110476e+02 -1.4861e+00 -2.4981e+00 +3.2450e+00 +2.3697e+00 +6.4376e-01
% function evaluation | noise-free fitness - Fopt (3.384000000000e+02) | best noise-free fitness - Fopt | measured fitness | best measured fitness | x1 | x2...
1 +1.411005377e+02 +1.411005377e+02 +4.795005377e+02 +4.795005377e+02 +0.0000e+00 +0.0000e+00 +0.0000e+00 +0.0000e+00 +0.0000e+00
2 +1.172755350e+02 +1.172755350e+02 +4.556755350e+02 +4.556755350e+02 +1.2330e+00 -1.3466e+00 -1.5713e+00 -2.9380e-01 +2.8808e+00
13 +8.886455509e+01 +8.886455509e+01 +4.272645551e+02 +4.272645551e+02 +2.6858e+00 -2.3562e+00 -4.2088e+00 +2.7253e+00 +2.2101e+00
23 +8.586232400e+01 +8.586232400e+01 +4.242623240e+02 +4.242623240e+02 +3.0871e+00 -3.2023e+00 -2.5011e+00 +1.9774e+00 +2.2848e+00
42 +7.525432573e+01 +7.525432573e+01 +4.136543257e+02 +4.136543257e+02 -1.8012e+00 -2.3829e+00 -5.0834e+00 +1.5650e+00 +2.7781e+00
51 +7.108800903e+01 +7.108800903e+01 +4.094880090e+02 +4.094880090e+02 +2.6953e+00 -4.3053e+00 -1.5483e+00 +1.5163e+00 +1.7856e+00
60 +3.143181499e+01 +3.143181499e+01 +3.698318150e+02 +3.698318150e+02 +1.1524e+00 -3.7697e+00 -2.0967e+00 +1.0804e+00 +1.6923e+00
153 +2.587273199e+01 +2.587273199e+01 +3.642727320e+02 +3.642727320e+02 -1.2998e+00 -3.2544e+00 -1.6479e+00 +1.5421e+00 +1.9206e+00
210 +1.900463985e+01 +1.900463985e+01 +3.574046399e+02 +3.574046399e+02 -1.1785e+00 -3.8009e+00 -1.0837e+00 +1.5092e+00 +1.1570e+00
271 +1.768380828e+01 +1.768380828e+01 +3.560838083e+02 +3.560838083e+02 -1.1954e+00 -3.9115e+00 -1.0868e+00 +1.5897e+00 +1.2783e+00
291 +1.178391957e+01 +1.178391957e+01 +3.501839196e+02 +3.501839196e+02 -1.1978e+00 -3.8906e+00 -1.1132e+00 +1.5242e+00 +1.2683e+00
295 +1.153580113e+01 +1.153580113e+01 +3.499358011e+02 +3.499358011e+02 -1.1943e+00 -3.8971e+00 -1.0597e+00 +1.5589e+00 +1.2321e+00
303 +9.809580809e+00 +9.809580809e+00 +3.482095808e+02 +3.482095808e+02 -1.1916e+00 -3.8786e+00 -1.0867e+00 +1.5519e+00 +1.2733e+00
305 +8.750325949e+00 +8.750325949e+00 +3.471503259e+02 +3.471503259e+02 -1.1696e+00 -3.8716e+00 -1.0687e+00 +1.5579e+00 +1.2313e+00
314 +7.470624905e+00 +7.470624905e+00 +3.458706249e+02 +3.458706249e+02 -1.1674e+00 -3.8757e+00 -1.0705e+00 +1.5423e+00 +1.2430e+00
316 +6.688066555e+00 +6.688066555e+00 +3.450880666e+02 +3.450880666e+02 -1.1301e+00 -3.8856e+00 -1.0910e+00 +1.5525e+00 +1.2423e+00
411 +6.541582540e+00 +6.541582540e+00 +3.449415825e+02 +3.449415825e+02 -1.1424e+00 -3.8347e+00 -1.0824e+00 +1.5442e+00 +1.2461e+00
416 +6.365089075e+00 +6.365089075e+00 +3.447650891e+02 +3.447650891e+02 -1.1243e+00 -3.8498e+00 -1.0962e+00 +1.5380e+00 +1.2414e+00
481 +6.226264898e+00 +6.226264898e+00 +3.446262649e+02 +3.446262649e+02 -1.1508e+00 -3.8652e+00 -1.0822e+00 +1.5346e+00 +1.2422e+00
484 +6.141844222e+00 +6.141844222e+00 +3.445418442e+02 +3.445418442e+02 -1.1458e+00 -3.8576e+00 -1.0873e+00 +1.5335e+00 +1.2349e+00
533 +6.017008297e+00 +6.017008297e+00 +3.444170083e+02 +3.444170083e+02 -1.1396e+00 -3.8654e+00 -1.0912e+00 +1.5362e+00 +1.2410e+00
% function evaluation | noise-free fitness - Fopt (-4.940000000000e+01) | best noise-free fitness - Fopt | measured fitness | best measured fitness | x1 | x2...
1 +4.369445369e+02 +4.369445369e+02 +3.875445369e+02 +3.875445369e+02 +0.0000e+00 +0.0000e+00 +0.0000e+00 +0.0000e+00 +0.0000e+00
2 +4.297406424e+02 +4.297406424e+02 +3.803406424e+02 +3.803406424e+02 -2.8010e-01 -2.0568e+00 -1.5802e+00 -1.4486e+00 -2.3755e-01
3 +2.329092378e+02 +2.329092378e+02 +1.835092378e+02 +1.835092378e+02 +1.4851e+00 +1.5867e+00 +8.3280e-01 -1.9366e-01 -1.0712e+00
20 +8.056820874e+01 +8.056820874e+01 +3.116820874e+01 +3.116820874e+01 +1.3377e+00 +9.8883e-01 +1.2323e+00 +1.5254e+00 -2.7582e+00
27 +3.929684121e+01 +3.929684121e+01 -1.010315879e+01 -1.010315879e+01 +2.9563e+00 +1.2244e+00 +1.8521e+00 +1.6380e+00 -3.0599e+00
47 +3.688132937e+01 +3.688132937e+01 -1.251867063e+01 -1.251867063e+01 +3.9598e+00 -7.5055e-02 -1.3979e-01 +1.8937e+00 -2.8416e+00
83 +3.127048778e+01 +3.127048778e+01 -1.812951222e+01 -1.812951222e+01 +2.8311e+00 +9.0067e-02 +3.4962e-01 +1.0539e+00 -3.9975e+00
88 +2.650518875e+01 +2.650518875e+01 -2.289481125e+01 -2.289481125e+01 +3.8611e+00 +1.3461e+00 -7.8260e-01 +1.2608e+00 -3.3240e+00
118 +1.756231919e+01 +1.756231919e+01 -3.183768081e+01 -3.183768081e+01 +3.1057e+00 +5.1714e-01 -1.9609e-01 +1.4285e+00 -4.0928e+00
152 +1.716077045e+01 +1.716077045e+01 -3.223922955e+01 -3.223922955e+01 +3.0280e+00 +6.1375e-01 -9.1403e-02 +1.0928e+00 -4.1042e+00
265 +1.461640040e+01 +1.461640040e+01 -3.478359960e+01 -3.478359960e+01 +3.0541e+00 +4.8061e-01 -1.3652e-01 +9.8198e-01 -3.4027e+00
267 +8.013678423e+00 +8.013678423e+00 -4.138632158e+01 -4.138632158e+01 +3.0248e+00 +5.5185e-01 -1.0818e-01 +1.0797e+00 -3.4092e+00
343 +6.662536372e+00 +6.662536372e+00 -4.273746363e+01 -4.273746363e+01 +2.9973e+00 +5.2065e-01 -2.4308e-01 +1.0803e+00 -3.7311e+00
348 +5.925425653e+00 +5.925425653e+00 -4.347457435e+01 -4.347457435e+01 +2.9938e+00 +4.8613e-01 -1.9885e-01 +1.0661e+00 -3.7627e+00
411 +4.219118147e+00 +4.219118147e+00 -4.518088185e+01 -4.518088185e+01 +2.9993e+00 +5.4172e-01 -1.8520e-01 +1.0649e+00 -3.7348e+00
421 +3.989658439e+00 +3.989658439e+00 -4.541034156e+01 -4.541034156e+01 +2.9884e+00 +5.5350e-01 -1.6448e-01 +1.1015e+00 -3.7375e+00
423 +3.538546000e+00 +3.538546000e+00 -4.586145400e+01 -4.586145400e+01 +2.9657e+00 +5.2224e-01 -1.5014e-01 +1.0955e+00 -3.7530e+00
497 +3.390334530e+00 +3.390334530e+00 -4.600966547e+01 -4.600966547e+01 +2.9567e+00 +5.4020e-01 -1.5408e-01 +1.0802e+00 -3.7319e+00
525 +3.184868285e+00 +3.184868285e+00 -4.621513172e+01 -4.621513172e+01 +2.9863e+00 +5.2546e-01 -1.6249e-01 +1.0898e+00 -3.7387e+00
527 +3.103620308e+00 +3.103620308e+00 -4.629637969e+01 -4.629637969e+01 +2.9588e+00 +5.1822e-01 -1.5365e-01 +1.0867e+00 -3.7437e+00
578 +3.058496810e+00 +3.058496810e+00 -4.634150319e+01 -4.634150319e+01 +2.9737e+00 +5.0904e-01 -1.6090e-01 +1.0829e+00 -3.7405e+00
616 +3.014571642e+00 +3.014571642e+00 -4.638542836e+01 -4.638542836e+01 +2.9648e+00 +5.1917e-01 -1.6785e-01 +1.0828e+00 -3.7393e+00
% function evaluation | noise-free fitness - Fopt (-5.557000000000e+01) | best noise-free fitness - Fopt | measured fitness | best measured fitness | x1 | x2...
1 +1.434431877e+02 +1.434431877e+02 +8.787318770e+01 +8.787318770e+01 +0.0000e+00 +0.0000e+00 +0.0000e+00 +0.0000e+00 +0.0000e+00
7 +1.361354915e+02 +1.361354915e+02 +8.056549154e+01 +8.056549154e+01 +8.3335e-01 -4.4599e-01 -1.3327e+00 +9.2513e-01 -9.1756e-01
8 +1.175321452e+02 +1.175321452e+02 +6.196214525e+01 +6.196214525e+01 -9.4083e-01 -9.2385e-01 -3.1228e-01 -8.6550e-02 -3.2987e-01
27 +1.124519122e+02 +1.124519122e+02 +5.688191219e+01 +5.688191219e+01 +1.4536e-01 -5.6899e-01 +2.4138e-01 +1.5411e+00 -1.8070e-01
28 +1.089817878e+02 +1.089817878e+02 +5.341178777e+01 +5.341178777e+01 -4.2309e-01 -6.0280e-01 +7.0580e-02 +1.2438e+00 -7.0874e-01
33 +8.883277872e+01 +8.883277872e+01 +3.326277872e+01 +3.326277872e+01 -7.9706e-01 -1.4510e+00 -1.9424e-01 +2.2021e+00 -7.9488e-01
46 +7.989947126e+01 +7.989947126e+01 +2.432947126e+01 +2.432947126e+01 -4.6643e-01 -8.8005e-01 -3.8741e-01 +2.7633e+00 -1.0868e+00
50 +7.599891172e+01 +7.599891172e+01 +2.042891172e+01 +2.042891172e+01 -3.6427e-01 -1.4363e+00 -2.2052e-01 +2.4313e+00 -1.1030e+00
52 +6.058462893e+01 +6.058462893e+01 +5.014628929e+00 +5.014628929e+00 -7.9334e-01 -1.4499e+00 -3.5406e-01 +2.9344e+00 -2.3084e+00
59 +5.890259800e+01 +5.890259800e+01 +3.332597998e+00 +3.332597998e+00 +7.5770e-02 -1.0045e+00 -3.3537e-01 +2.4624e+00 -1.4028e+00
66 +5.748363516e+01 +5.748363516e+01 +1.913635157e+00 +1.913635157e+00 -9.0185e-02 -8.0018e-01 +6.6482e-01 +2.8177e+00 -1.1332e+00
77 +5.422713291e+01 +5.422713291e+01 -1.342867088e+00 -1.342867088e+00 -1.0899e-01 -7.2006e-01 +4.1657e-01 +2.9094e+00 -1.5132e+00
222 +5.319146658e+01 +5.319146658e+01 -2.378533419e+00 -2.378533419e+00 -9.5018e-03 -1.4665e+00 +2.1126e-01 +3.2939e+00 -1.4479e+00
242 +4.975821401e+01 +4.975821401e+01 -5.811785993e+00 -5.811785993e+00 +1.1034e-01 -1.4279e+00 +2.2153e-01 +3.3488e+00 -1.3896e+00
254 +4.881900188e+01 +4.881900188e+01 -6.750998122e+00 -6.750998122e+00 +1.0157e-01 -1.3417e+00 +2.3292e-01 +3.3449e+00 -1.4022e+00
287 +4.683400806e+01 +4.683400806e+01 -8.735991942e+00 -8.735991942e+00 +7.0353e-02 -1.3990e+00 +1.9119e-01 +3.3931e+00 -1.4480e+00
293 +4.602463965e+01 +4.602463965e+01 -9.545360350e+00 -9.545360350e+00 +1.2005e-01 -1.3846e+00 +1.9380e-01 +3.3564e+00 -1.4205e+00
304 +4.570053536e+01 +4.570053536e+01 -9.869464645e+00 -9.869464645e+00 +1.1181e-01 -1.3605e+00 +2.0175e-01 +3.3725e+00 -1.4442e+00
359 +4.459018830e+01 +4.459018830e+01 -1.097981170e+01 -1.097981170e+01 +8.1464e-02 -1.3820e+00 +1.8849e-01 +3.3576e+00 -1.4312e+00
% function evaluation | noise-free fitness - Fopt (-1.412700000000e+02) | best noise-free fitness - Fopt | measured fitness | best measured fitness | x1 | x2...
1 +8.762152488e+01 +8.762152488e+01 -5.364847512e+01 -5.364847512e+01 +0.0000e+00 +0.0000e+00 +0.0000e+00 +0.0000e+00 +0.0000e+00
3 +7.505752835e+01 +7.505752835e+01 -6.621247165e+01 -6.621247165e+01 +1.0426e+00 +5.7373e-01 +2.2061e-01 -7.6962e-01 +1.1327e+00
7 +6.716166822e+01 +6.716166822e+01 -7.410833178e+01 -7.410833178e+01 -1.8281e+00 +3.7856e-01 -9.3593e-02 +9.2133e-02 +6.1618e-01
13 +5.369843543e+01 +5.369843543e+01 -8.757156457e+01 -8.757156457e+01 -2.2586e-01 +1.6147e+00 +6.1753e-01 -5.5984e-02 +8.1557e-01
26 +4.008581449e+01 +4.008581449e+01 -1.011841855e+02 -1.011841855e+02 +1.1781e+00 +2.5106e+00 +2.8034e-01 +3.5486e-02 +5.8534e-01
41 +2.563197777e+01 +2.563197777e+01 -1.156380222e+02 -1.156380222e+02 +1.7333e+00 +1.9445e+00 +4.2614e-01 -3.2823e-01 +1.5073e+00
498 +2.443299388e+01 +2.443299388e+01 -1.168370061e+02 -1.168370061e+02 -1.8777e-01 +1.0605e+00 +4.4465e-01 +6.0275e-02 +5.7624e-01
558 +2.310787244e+01 +2.310787244e+01 -1.181621276e+02 -1.181621276e+02 -1.6726e-01 +1.1243e+00 +5.2519e-01 +5.1038e-02 +5.9024e-01
570 +2.194777424e+01 +2.194777424e+01 -1.193222258e+02 -1.193222258e+02 -8.8815e-02 +1.1371e+00 +5.0027e-01 +4.4653e-02 +5.5877e-01
586 +2.070755064e+01 +2.070755064e+01 -1.205624494e+02 -1.205624494e+02 -1.8526e-01 +1.1189e+00 +5.3702e-01 +6.7019e-03 +5.5084e-01
597 +1.975827434e+01 +1.975827434e+01 -1.215117257e+02 -1.215117257e+02 -1.9124e-01 +1.0976e+00 +5.2584e-01 +2.8277e-02 +5.4576e-01
621 +1.940080564e+01 +1.940080564e+01 -1.218691944e+02 -1.218691944e+02 -2.0415e-01 +1.1337e+00 +5.2351e-01 +3.9723e-02 +5.4092e-01
666 +1.899658949e+01 +1.899658949e+01 -1.222734105e+02 -1.222734105e+02 -2.0346e-01 +1.1310e+00 +4.9814e-01 +3.6684e-02 +5.4722e-01
% function evaluation | noise-free fitness - Fopt (1.822100000000e+02) | best noise-free fitness - Fopt | measured fitness | best measured fitness | x1 | x2...
1 +1.441024959e+02 +1.441024959e+02 +3.263124959e+02 +3.263124959e+02 +0.0000e+00 +0.0000e+00 +0.0000e+00 +0.0000e+00 +0.0000e+00
4 +1.370313556e+02 +1.370313556e+02 +3.192413556e+02 +3.192413556e+02 +3.1204e-01 -1.4125e+00 +3.0803e-01 +4.3938e-01 +8.8777e-01
13 +1.243478685e+02 +1.243478685e+02 +3.065578685e+02 +3.065578685e+02 +6.7984e-01 -1.3684e+00 +8.5281e-01 +5.9053e-01 +4.0722e-01
19 +5.369471165e+01 +5.369471165e+01 +2.359047117e+02 +2.359047117e+02 +1.9654e+00 -1.2603e+00 +1.8918e-01 +1.6733e+00 +8.0171e-01
54 +5.171297128e+01 +5.171297128e+01 +2.339229713e+02 +2.339229713e+02 +9.2753e-01 -4.0795e+00 -7.5064e-01 +3.8714e+00 +1.5494e+00
64 +4.651423419e+01 +4.651423419e+01 +2.287242342e+02 +2.287242342e+02 +8.2127e-01 -2.4838e+00 -1.8385e+00 +2.8320e+00 +8.3124e-01
82 +3.549234246e+01 +3.549234246e+01 +2.177023425e+02 +2.177023425e+02 +1.6733e+00 -1.2801e+00 -6.8427e-01 +3.6890e+00 +1.1457e+00
86 +3.238582212e+01 +3.238582212e+01 +2.145958221e+02 +2.145958221e+02 +1.7441e+00 -3.4874e+00 -6.9730e-01 +2.8831e+00 +1.2301e+00
109 +2.915638725e+01 +2.915638725e+01 +2.113663872e+02 +2.113663872e+02 +1.6328e+00 -2.3333e+00 -1.0614e+00 +2.6074e+00 +8.1421e-01
174 +2.436377019e+01 +2.436377019e+01 +2.065737702e+02 +2.065737702e+02 -1.5488e-01 -2.4318e+00 +2.2776e-01 +3.7515e+00 +5.1005e-01
188 +1.884634536e+01 +1.884634536e+01 +2.010563454e+02 +2.010563454e+02 -2.3818e-01 -2.4831e+00 +8.0304e-01 +3.7428e+00 +4.8233e-01
358 +1.848795003e+01 +1.848795003e+01 +2.006979500e+02 +2.006979500e+02 +6.0681e-02 -1.9320e+00 -1.9593e-02 +3.3516e+00 +1.4615e-01
363 +1.524099553e+01 +1.524099553e+01 +1.974509955e+02 +1.974509955e+02 +3.0846e-02 -1.8044e+00 +1.2214e-02 +3.3658e+00 +1.6982e-01
380 +1.463424295e+01 +1.463424295e+01 +1.968442430e+02 +1.968442430e+02 -1.2221e-03 -1.8347e+00 +2.1450e-02 +3.3797e+00 +1.7572e-01
388 +1.349749761e+01 +1.349749761e+01 +1.957074976e+02 +1.957074976e+02 -2.2320e-02 -1.8037e+00 +1.0272e-02 +3.3465e+00 +1.5329e-01
409 +1.307733428e+01 +1.307733428e+01 +1.952873343e+02 +1.952873343e+02 -9.0996e-02 -1.6676e+00 +1.4109e-03 +3.3430e+00 +1.5130e-01
412 +1.114825965e+01 +1.114825965e+01 +1.933582596e+02 +1.933582596e+02 -1.1653e-01 -1.6671e+00 +4.3224e-02 +3.3765e+00 +1.4843e-01
433 +1.090433362e+01 +1.090433362e+01 +1.931143336e+02 +1.931143336e+02 -1.3249e-01 -1.7008e+00 +8.9703e-03 +3.3852e+00 +1.5230e-01
553 +1.066540990e+01 +1.066540990e+01 +1.928754099e+02 +1.928754099e+02 -1.6697e-01 -1.8274e+00 +5.1176e-02 +3.3769e+00 +1.4421e-01
563 +1.038704285e+01 +1.038704285e+01 +1.925970429e+02 +1.925970429e+02 -1.5814e-01 -1.8284e+00 +3.9515e-02 +3.3674e+00 +1.5350e-01
640 +1.014685962e+01 +1.014685962e+01 +1.923568596e+02 +1.923568596e+02 -1.7770e-01 -1.7958e+00 +3.5544e-02 +3.3753e+00 +1.5119e-01
734 +9.968515867e+00 +9.968515867e+00 +1.921785159e+02 +1.921785159e+02 -1.8046e-01 -1.7470e+00 +3.5067e-02 +3.3723e+00 +1.5519e-01
% function evaluation | noise-free fitness - Fopt (8.191000000000e+01) | best noise-free fitness - Fopt | measured fitness | best measured fitness | x1 | x2...
1 +2.427360490e+02 +2.427360490e+02 +3.246460490e+02 +3.246460490e+02 +0.0000e+00 +0.0000e+00 +0.0000e+00 +0.0000e+00 +0.0000e+00
3 +2.201331792e+02 +2.201331792e+02 +3.020431792e+02 +3.020431792e+02 +1.3963e+00 -8.6880e-02 +2.2276e-01 +1.6578e-02 +2.7973e-01
5 +2.017538538e+02 +2.017538538e+02 +2.836638538e+02 +2.836638538e+02 +4.2070e-01 +1.2742e+00 -1.8249e-01 -4.6254e-01 +7.0792e-01
8 +1.954449162e+02 +1.954449162e+02 +2.773549162e+02 +2.773549162e+02 -2.2100e+00 +4.9311e-01 -4.8761e-01 -1.3347e+00 +2.9048e-02
16 +1.756384355e+02 +1.756384355e+02 +2.575484355e+02 +2.575484355e+02 -1.3924e+00 +9.9857e-01 -3.4758e-01 -2.7552e+00 +2.8197e-02
17 +7.642613088e+01 +7.642613088e+01 +1.583361309e+02 +1.583361309e+02 -6.6788e-01 +6.9287e-01 +3.7459e-01 -3.1695e+00 +2.1756e+00
26 +6.336957124e+01 +6.336957124e+01 +1.452795712e+02 +1.452795712e+02 -7.4506e-01 +1.8354e+00 -6.4213e-01 -2.7851e+00 +3.6105e+00
44 +6.189689918e+01 +6.189689918e+01 +1.438068992e+02 +1.438068992e+02 -7.3120e-01 +3.4933e-01 +3.3184e-01 -2.3060e+00 +2.0191e+00
51 +4.659909152e+01 +4.659909152e+01 +1.285090915e+02 +1.285090915e+02 +7.3966e-01 -2.1751e+00 -5.1163e-01 -3.6974e+00 +2.3725e+00
66 +4.181424973e+01 +4.181424973e+01 +1.237242497e+02 +1.237242497e+02 +2.3185e+00 -3.1275e+00 +6.8254e-01 -1.8845e+00 +3.5298e+00
113 +4.103317133e+01 +4.103317133e+01 +1.229431713e+02 +1.229431713e+02 +4.5105e-01 -3.3851e+00 +1.9990e-01 -3.6671e+00 +3.9952e+00
117 +2.781566111e+01 +2.781566111e+01 +1.097256611e+02 +1.097256611e+02 +4.5941e-01 -2.5537e+00 -4.7326e-01 -2.7338e+00 +3.9467e+00
127 +1.680165260e+01 +1.680165260e+01 +9.871165260e+01 +9.871165260e+01 +3.4049e-01 -2.7732e+00 +1.4330e-01 -3.2841e+00 +3.9351e+00
149 +1.502481610e+01 +1.502481610e+01 +9.693481610e+01 +9.693481610e+01 +1.5147e-01 -2.5781e+00 +1.1499e-01 -3.1756e+00 +3.2134e+00
371 +1.319358227e+01 +1.319358227e+01 +9.510358227e+01 +9.510358227e+01 +3.0465e-01 -2.0001e+00 -4.5521e-01 -2.8207e+00 +4.2396e+00
384 +1.129871435e+01 +1.129871435e+01 +9.320871435e+01 +9.320871435e+01 +3.0330e-01 -2.0438e+00 -4.1375e-01 -2.8053e+00 +4.2472e+00
387 +1.097055501e+01 +1.097055501e+01 +9.288055501e+01 +9.288055501e+01 +2.7026e-01 -2.0440e+00 -4.7867e-01 -2.8426e+00 +4.2249e+00
388 +1.085678327e+01 +1.085678327e+01 +9.276678327e+01 +9.276678327e+01 +2.3022e-01 -2.0145e+00 -4.2751e-01 -2.7804e+00 +4.2046e+00
392 +7.646323395e+00 +7.646323395e+00 +8.955632340e+01 +8.955632340e+01 +2.8467e-01 -2.0824e+00 -4.4195e-01 -2.8238e+00 +4.1941e+00
415 +7.408257173e+00 +7.408257173e+00 +8.931825717e+01 +8.931825717e+01 +2.8041e-01 -2.1327e+00 -4.3239e-01 -2.8001e+00 +4.1743e+00
433 +7.172898635e+00 +7.172898635e+00 +8.908289864e+01 +8.908289864e+01 +2.8396e-01 -2.1050e+00 -4.3854e-01 -2.8139e+00 +4.1879e+00
439 +6.933718049e+00 +6.933718049e+00 +8.884371805e+01 +8.884371805e+01 +2.3246e-01 -2.0796e+00 -4.3733e-01 -2.8008e+00 +4.1876e+00
443 +6.508843152e+00 +6.508843152e+00 +8.841884315e+01 +8.841884315e+01 +2.1528e-01 -2.0870e+00 -4.2931e-01 -2.8063e+00 +4.1821e+00
500 +6.076208969e+00 +6.076208969e+00 +8.798620897e+01 +8.798620897e+01 +2.1631e-01 -2.1049e+00 -4.2848e-01 -2.8184e+00 +4.1583e+00
564 +5.992648757e+00 +5.992648757e+00 +8.790264876e+01 +8.790264876e+01 +2.1770e-01 -2.1030e+00 -4.3254e-01 -2.8140e+00 +4.1668e+00
