% function evaluation | noise-free fitness - Fopt (-4.620900000000e+02) | best noise-free fitness - Fopt | measured fitness | best measured fitness | x1 | x2...
1 +2.351050127e+02 +2.351050127e+02 -2.269849873e+02 -2.269849873e+02 +0.0000e+00 +0.0000e+00 +0.0000e+00 +0.0000e+00 +0.0000e+00 +0.0000e+00 +0.0000e+00 +0.0000e+00 +0.0000e+00 +0.0000e+00
12 +2.141430830e+02 +2.141430830e+02 -2.479469170e+02 -2.479469170e+02 -2.8350e-01 +6.3166e-01 -2.0190e+00 +4.2300e-02 +1.1008e+00 -5.3215e-01 +5.9767e-01 -3.6233e-01 +1.8364e-01 -8.7976e-01
41 +1.817737557e+02 +1.817737557e+02 -2.803162443e+02 -2.803162443e+02 +1.0058e+00 +4.9738e-01 -1.4709e+00 -2.7122e-01 +2.2167e+00 +6.1360e-01 +1.7978e+00 +7.9074e-01 +1.0204e+00 +5.2408e-01
43 +1.741964502e+02 +1.741964502e+02 -2.878935498e+02 -2.878935498e+02 +4.3528e-01 +4.5258e-01 -1.6399e+00 -3.5667e-01 +3.8714e+00 +6.8438e-01 +1.7187e+00 +6.8832e-01 +1.8047e+00 +1.1452e+00
47 +1.448269253e+02 +1.448269253e+02 -3.172630747e+02 -3.172630747e+02 +1.4705e+00 +1.6525e-01 -1.5322e+00 -1.8004e-01 +2.3454e+00 +7.6281e-01 +2.0218e+00 +1.6090e+00 +1.7045e+00 +7.9734e-01
53 +1.438429622e+02 +1.438429622e+02 -3.182470378e+02 -3.182470378e+02 +2.5872e+00 -4.9400e-02 -1.6646e+00 -2.6810e-01 +2.9598e+00 +1.7715e+00 +2.0612e+00 +2.4378e+00 +1.8051e+00 +5.2136e-01
83 +1.136358069e+02 +1.136358069e+02 -3.484541931e+02 -3.484541931e+02 +1.4302e+00 +5.7661e-01 -8.7316e-01 +1.2986e-01 +2.3842e+00 +1.4302e+00 +1.8565e+00 +1.8271e+00 +2.5718e+00 -2.9119e-01
121 +1.049787786e+02 +1.049787786e+02 -3.571112214e+02 -3.571112214e+02 +1.6658e+00 +3.1741e+00 -8.5549e-01 +1.7308e-01 +1.8582e+00 +2.6871e+00 +3.8720e+00 +2.1102e+00 +1.3783e+00 +3.0312e-01
171 +9.830520359e+01 +9.830520359e+01 -3.637847964e+02 -3.637847964e+02 +8.7560e-01 -2.6212e-01 -4.2958e-02 +8.3053e-01 +1.7868e+00 +1.1470e+00 +3.1284e+00 +2.1061e+00 +9.8421e-01 -7.2103e-01
221 +9.259480457e+01 +9.259480457e+01 -3.694951954e+02 -3.694951954e+02 +6.7618e-01 +1.2565e+00 +1.0666e+00 +3.9855e-01 +1.8309e+00 +1.5344e+00 +2.0256e+00 +1.7362e+00 +1.3596e+00 +4.4418e-01
223 +8.870314424e+01 +8.870314424e+01 -3.733868558e+02 -3.733868558e+02 +9.2764e-01 +2.1266e-01 +8.1762e-01 +8.8420e-02 +1.7501e+00 +2.6516e+00 +2.0367e+00 +2.0633e+00 +1.7454e+00 +1.6336e-01
514 +8.196784220e+01 +8.196784220e+01 -3.801221578e+02 -3.801221578e+02 -6.2861e-02 +1.2870e+00 -1.1775e-01 +2.2865e+00 +1.1898e+00 +3.6814e+00 +2.5082e+00 +1.4620e+00 +1.8351e+00 +3.8997e-01
655 +7.537117443e+01 +7.537117443e+01 -3.867188256e+02 -3.867188256e+02 -3.0804e-01 +1.3995e+00 -5.9700e-02 +2.1887e+00 +1.0845e+00 +3.4544e+00 +2.4679e+00 +1.4735e+00 +2.2266e+00 +6.6198e-01
690 +7.196223668e+01 +7.196223668e+01 -3.901277633e+02 -3.901277633e+02 -3.2766e-01 +1.4343e+00 -2.3869e-01 +1.9418e+00 +1.0738e+00 +3.5294e+00 +2.5612e+00 +1.4447e+00 +2.2104e+00 +5.2744e-01
694 +7.049804004e+01 +7.049804004e+01 -3.915919600e+02 -3.915919600e+02 -2.9950e-01 +1.4263e+00 -2.6233e-01 +1.8806e+00 +1.0520e+00 +3.5411e+00 +2.4950e+00 +1.4363e+00 +2.2621e+00 +4.5443e-01
696 +6.809171755e+01 +6.809171755e+01 -3.939982824e+02 -3.939982824e+02 -3.4696e-01 +1.5245e+00 -2.6326e-01 +1.9510e+00 +1.1407e+00 +3.5183e+00 +2.6746e+00 +1.4509e+00 +2.1981e+00 +4.3089e-01
702 +6.578891856e+01 +6.578891856e+01 -3.963010814e+02 -3.963010814e+02 -3.4298e-01 +1.4341e+00 -8.0024e-02 +1.9088e+00 +1.1638e+00 +3.5708e+00 +2.7080e+00 +1.4369e+00 +2.2077e+00 +3.6895e-01
703 +5.978565570e+01 +5.978565570e+01 -4.023043443e+02 -4.023043443e+02 -2.2941e-01 +1.4377e+00 -2.0432e-01 +1.9433e+00 +1.1559e+00 +3.5120e+00 +2.6004e+00 +1.4570e+00 +2.1914e+00 +4.2908e-01
822 +5.691689112e+01 +5.691689112e+01 -4.051731089e+02 -4.051731089e+02 -3.7145e-01 +1.3651e+00 -6.4051e-02 +1.8925e+00 +1.1808e+00 +3.6573e+00 +2.5303e+00 +1.4423e+00 +2.1529e+00 +7.3263e-01
826 +5.475739386e+01 +5.475739386e+01 -4.073326061e+02 -4.073326061e+02 -3.7434e-01 +1.3190e+00 -8.8388e-02 +1.9156e+00 +1.1978e+00 +3.6380e+00 +2.5324e+00 +1.4466e+00 +2.2422e+00 +6.7689e-01
863 +5.191498371e+01 +5.191498371e+01 -4.101750163e+02 -4.101750163e+02 -3.5194e-01 +1.3085e+00 -1.4363e-01 +1.9380e+00 +1.1670e+00 +3.6844e+00 +2.5143e+00 +1.4541e+00 +2.2120e+00 +6.7984e-01
901 +5.109417634e+01 +5.109417634e+01 -4.109958237e+02 -4.109958237e+02 -3.7346e-01 +1.3499e+00 -1.6154e-01 +2.0310e+00 +1.1778e+00 +3.7096e+00 +2.5380e+00 +1.4590e+00 +2.2121e+00 +6.6698e-01
914 +5.006253669e+01 +5.006253669e+01 -4.120274633e+02 -4.120274633e+02 -3.7333e-01 +1.3691e+00 -1.4773e-01 +2.0053e+00 +1.1968e+00 +3.7286e+00 +2.5629e+00 +1.4452e+00 +2.2433e+00 +6.8166e-01
928 +4.816852960e+01 +4.816852960e+01 -4.139214704e+02 -4.139214704e+02 -3.4324e-01 +1.3728e+00 -1.7319e-01 +2.0196e+00 +1.1888e+00 +3.7673e+00 +2.5531e+00 +1.4312e+00 +2.2207e+00 +6.8385e-01
933 +4.722933255e+01 +4.722933255e+01 -4.148606675e+02 -4.148606675e+02 -3.3301e-01 +1.3829e+00 -1.5629e-01 +2.0062e+00 +1.1695e+00 +3.7577e+00 +2.5455e+00 +1.4365e+00 +2.2147e+00 +6.9529e-01
993 +4.654887822e+01 +4.654887822e+01 -4.155411218e+02 -4.155411218e+02 -3.1719e-01 +1.3816e+00 -1.9430e-01 +1.9684e+00 +1.1570e+00 +3.7854e+00 +2.5663e+00 +1.4489e+00 +2.2054e+00 +6.8407e-01
1055 +4.563640284e+01 +4.563640284e+01 -4.164535972e+02 -4.164535972e+02 -3.2817e-01 +1.4057e+00 -1.8293e-01 +1.9416e+00 +1.1670e+00 +3.8000e+00 +2.5301e+00 +1.4446e+00 +2.2333e+00 +6.8674e-01
% function evaluation | noise-free fitness - Fopt (7.766000000000e+01) | best noise-free fitness - Fopt | measured fitness | best measured fitness | x1 | x2...
1 +5.704655230e+02 +5.704655230e+02 +6.481255230e+02 +6.481255230e+02 +0.0000e+00 +0.0000e+00 +0.0000e+00 +0.0000e+00 +0.0000e+00 +0.0000e+00 +0.0000e+00 +0.0000e+00 +0.0000e+00 +0.0000e+00
2 +4.395604771e+02 +4.395604771e+02 +5.172204771e+02 +5.172204771e+02 +5.3091e-01 +4.4474e-01 +9.8864e-01 +2.5949e-01 -9.7214e-01 -4.8549e-02 -1.0067e-01 -9.3427e-02 -1.4676e-02 -4.6064e-01
9 +3.193795320e+02 +3.193795320e+02 +3.970395320e+02 +3.970395320e+02 +7.1764e-01 -3.5063e-01 +1.0171e+00 +6.4059e-01 +1.6332e+00 -7.4476e-01 +6.0475e-01 +1.3851e+00 -2.1492e+00 -1.9686e+00
16 +2.397643706e+02 +2.397643706e+02 +3.174243706e+02 +3.174243706e+02 +1.7760e+00 +1.2841e+00 -2.9999e-01 +6.3527e-02 +1.7284e+00 -5.2739e-01 +7.4699e-01 +5.1251e-01 -1.4192e+00 -2.9206e+00
22 +2.077267716e+02 +2.077267716e+02 +2.853867716e+02 +2.853867716e+02 +2.2657e+00 +8.4370e-01 -4.6483e-01 -1.8213e-01 +1.3257e+00 -7.7137e-01 +1.2941e+00 -1.9054e-01 -9.7078e-01 -4.0126e+00
30 +1.883103088e+02 +1.883103088e+02 +2.659703088e+02 +2.659703088e+02 +2.3937e+00 +8.3089e-01 +6.3401e-01 +1.0887e+00 -3.1996e-02 -6.5675e-01 -5.3346e-01 +9.0744e-01 -1.2306e+00 -2.2815e+00
34 +1.733631299e+02 +1.733631299e+02 +2.510231299e+02 +2.510231299e+02 +2.9602e+00 +1.0919e+00 +7.0968e-01 +5.5437e-01 +9.8885e-02 -1.1994e+00 +5.5179e-01 -6.7805e-01 -1.4363e+00 -2.3653e+00
40 +1.572357687e+02 +1.572357687e+02 +2.348957687e+02 +2.348957687e+02 +2.2193e+00 +1.0194e+00 -1.2328e+00 +1.0704e+00 -3.9411e-02 -2.5059e-01 +1.7346e-01 +1.6924e+00 -1.0296e+00 -2.4745e+00
95 +1.476679042e+02 +1.476679042e+02 +2.253279042e+02 +2.253279042e+02 -5.3947e-01 +1.3820e+00 -1.3638e+00 +2.5207e+00 +5.8846e-01 -7.6823e-01 +1.3158e+00 +1.8005e+00 +8.7839e-01 -3.2855e+00
96 +1.279149729e+02 +1.279149729e+02 +2.055749729e+02 +2.055749729e+02 -3.6502e-01 +1.4771e+00 -1.3079e+00 +1.4044e+00 +1.0058e+00 +9.3318e-01 +1.0137e+00 +9.9105e-01 +8.4661e-01 -3.4828e+00
164 +1.251430862e+02 +1.251430862e+02 +2.028030862e+02 +2.028030862e+02 +1.2059e+00 +5.3137e-01 -1.1590e+00 +1.3798e+00 -6.7805e-01 -1.2164e-01 +2.1487e+00 +5.6551e-01 +1.3571e+00 -4.2251e+00
267 +1.031203830e+02 +1.031203830e+02 +1.807803830e+02 +1.807803830e+02 +4.9519e-01 +9.2671e-01 -1.8293e+00 +8.3620e-01 -6.5098e-01 -5.4091e-01 +1.8186e+00 +4.5908e-01 +2.2178e-01 -4.2620e+00
323 +1.018046366e+02 +1.018046366e+02 +1.794646366e+02 +1.794646366e+02 +4.9365e-01 +7.5595e-01 -1.0862e+00 +2.3973e-01 -6.9177e-01 +8.7844e-02 +1.5392e+00 +5.9881e-01 -1.5149e-01 -3.2106e+00
328 +8.456928895e+01 +8.456928895e+01 +1.622292890e+02 +1.622292890e+02 +4.3811e-01 +9.2803e-01 -1.1268e+00 +4.4558e-01 -6.5232e-01 -4.8754e-01 +1.0281e+00 +6.0923e-01 +6.2554e-02 -2.7612e+00
453 +7.226967339e+01 +7.226967339e+01 +1.499296734e+02 +1.499296734e+02 +5.9820e-01 +4.8329e-01 -2.0644e+00 +1.2216e+00 -2.4307e+00 -1.1613e+00 +5.1362e-01 -1.4424e-01 -5.6020e-01 -4.1505e+00
530 +6.309318770e+01 +6.309318770e+01 +1.407531877e+02 +1.407531877e+02 +3.4413e-01 +8.7830e-01 -2.1279e+00 +1.4649e+00 -2.5393e+00 -1.1686e+00 +1.0129e+00 +1.0337e+00 -8.4527e-01 -3.2457e+00
620 +5.936557900e+01 +5.936557900e+01 +1.370255790e+02 +1.370255790e+02 +6.6263e-01 +1.0072e+00 -2.2361e+00 +1.3636e+00 -1.8909e+00 -1.0982e+00 +1.1156e+00 +1.0495e+00 -5.8618e-01 -3.0870e+00
711 +5.674983983e+01 +5.674983983e+01 +1.344098398e+02 +1.344098398e+02 +3.3265e-01 +9.8966e-01 -2.1002e+00 +1.2328e+00 -1.8597e+00 -9.8441e-01 +1.0968e+00 +9.7302e-01 -6.4019e-01 -2.8607e+00
790 +4.758832258e+01 +4.758832258e+01 +1.252483226e+02 +1.252483226e+02 +4.7151e-01 +9.8312e-01 -2.1965e+00 +1.3604e+00 -1.9183e+00 -1.1285e+00 +1.1316e+00 +1.0151e+00 -5.8243e-01 -3.1896e+00
808 +4.527661474e+01 +4.527661474e+01 +1.229366147e+02 +1.229366147e+02 +3.9089e-01 +9.4571e-01 -2.1487e+00 +1.3340e+00 -1.7042e+00 -1.1017e+00 +1.0944e+00 +1.0078e+00 -5.5056e-01 -3.2371e+00
821 +4.344572553e+01 +4.344572553e+01 +1.211057255e+02 +1.211057255e+02 +3.4879e-01 +9.0228e-01 -2.0827e+00 +1.3365e+00 -1.7337e+00 -1.0803e+00 +1.1022e+00 +1.0272e+00 -6.2415e-01 -3.2062e+00
850 +3.902226248e+01 +3.902226248e+01 +1.166822625e+02 +1.166822625e+02 +4.0581e-01 +9.2531e-01 -2.1154e+00 +1.2809e+00 -1.8569e+00 -1.1149e+00 +1.0646e+00 +1.0115e+00 -6.1440e-01 -3.1595e+00
864 +3.685075508e+01 +3.685075508e+01 +1.145107551e+02 +1.145107551e+02 +4.5360e-01 +9.7302e-01 -2.0488e+00 +1.3115e+00 -1.8456e+00 -1.0566e+00 +1.0912e+00 +9.9760e-01 -6.1592e-01 -3.2374e+00
878 +3.616049280e+01 +3.616049280e+01 +1.138204928e+02 +1.138204928e+02 +4.2536e-01 +1.0087e+00 -2.0405e+00 +1.3221e+00 -1.9031e+00 -1.0672e+00 +1.0917e+00 +1.0195e+00 -6.2270e-01 -3.2170e+00
940 +3.406754338e+01 +3.406754338e+01 +1.117275434e+02 +1.117275434e+02 +4.8656e-01 +9.8263e-01 -2.1071e+00 +1.2855e+00 -1.8928e+00 -1.0808e+00 +1.0720e+00 +1.0132e+00 -6.0401e-01 -3.2157e+00
982 +3.386831804e+01 +3.386831804e+01 +1.115283180e+02 +1.115283180e+02 +4.9180e-01 +9.9603e-01 -2.1043e+00 +1.2997e+00 -1.8825e+00 -1.0763e+00 +1.0828e+00 +1.0187e+00 -5.9889e-01 -3.2233e+00
1106 +3.310878916e+01 +3.310878916e+01 +1.107687892e+02 +1.107687892e+02 +4.8630e-01 +9.7029e-01 -2.0978e+00 +1.2993e+00 -1.8887e+00 -1.0853e+00 +1.0866e+00 +1.0176e+00 -6.1059e-01 -3.2369e+00
% function evaluation | noise-free fitness - Fopt (1.156800000000e+02) | best noise-free fitness - Fopt | measured fitness | best measured fitness | x1 | x2...
1 +7.651383853e+02 +7.651383853e+02 +8.808183853e+02 +8.808183853e+02 +0.0000e+00 +0.0000e+00 +0.0000e+00 +0.0000e+00 +0.0000e+00 +0.0000e+00 +0.0000e+00 +0.0000e+00 +0.0000e+00 +0.0000e+00
2 +4.246831940e+02 +4.246831940e+02 +5.403631940e+02 +5.403631940e+02 -9.6977e-01 +1.6354e+00 -2.4859e+00 +1.6699e+00 -4.0220e-01 -6.5377e-01 -1.4066e-01 +9.8388e-02 -1.6263e+00 -1.1891e+00
15 +2.735274187e+02 +2.735274187e+02 +3.892074187e+02 +3.892074187e+02 -3.0465e+00 +2.1457e-01 -1.9299e+00 +1.5835e+00 -1.1472e+00 -7.7489e-01 -1.6026e+00 +5.5001e-01 -2.5053e+00 -7.0235e-01
23 +2.631969130e+02 +2.631969130e+02 +3.788769130e+02 +3.788769130e+02 -1.5342e+00 -3.6420e-01 -5.7446e-01 +3.2306e+00 -2.0688e+00 -2.1666e-01 -9.8680e-01 +7.2710e-01 -2.4675e+00 -3.2535e-01
26 +1.601645215e+02 +1.601645215e+02 +2.758445215e+02 +2.758445215e+02 -5.9381e+00 +1.4885e+00 -4.2302e+00 +1.8377e+00 -1.7491e+00 -1.6891e+00 -2.0905e+00 +1.3603e+00 -2.8959e+00 -1.9720e+00
100 +1.330338250e+02 +1.330338250e+02 +2.487138250e+02 +2.487138250e+02 -5.0598e+00 +8.1922e-01 -1.9542e+00 +6.6730e+00 -2.7570e+00 -4.2500e+00 -3.4232e+00 +1.5486e+00 -4.9848e+00 -2.5039e+00
124 +1.291851029e+02 +1.291851029e+02 +2.448651029e+02 +2.448651029e+02 -3.5730e+00 +3.0507e+00 -1.1486e+00 +3.8922e+00 -3.3948e+00 -3.8554e+00 -3.2286e+00 +1.2125e+00 -4.7421e+00 -4.8936e-01
148 +9.573772886e+01 +9.573772886e+01 +2.114177289e+02 +2.114177289e+02 -3.5986e+00 +1.5460e+00 -2.1450e+00 +2.3368e+00 -2.5454e+00 -3.2809e+00 -4.1754e+00 +1.2624e+00 -3.2914e+00 -2.5995e+00
241 +8.852571501e+01 +8.852571501e+01 +2.042057150e+02 +2.042057150e+02 -4.1138e+00 +1.4832e+00 -2.0615e+00 +4.4007e+00 -3.0025e+00 -4.3366e+00 -3.3925e+00 +2.4684e+00 -4.7167e+00 -2.0706e+00
247 +7.869726369e+01 +7.869726369e+01 +1.943772637e+02 +1.943772637e+02 -3.5488e+00 +1.4653e+00 -2.0449e+00 +3.8486e+00 -2.8643e+00 -4.3013e+00 -4.0161e+00 +2.3305e+00 -4.7379e+00 -1.8160e+00
439 +7.637872375e+01 +7.637872375e+01 +1.920587237e+02 +1.920587237e+02 -3.0472e+00 +6.6859e-01 +1.4151e+00 +4.3760e+00 -4.3076e+00 -3.1770e+00 -3.9144e+00 +2.0128e+00 -3.0662e+00 -1.4923e+00
808 +5.310196110e+01 +5.310196110e+01 +1.687819611e+02 +1.687819611e+02 -2.1318e+00 -1.0517e+00 +9.9068e-01 +4.6189e+00 -3.0357e+00 -4.0420e+00 -4.0972e+00 +1.4834e+00 -4.6547e+00 -1.5588e+00
1004 +3.833313012e+01 +3.833313012e+01 +1.540131301e+02 +1.540131301e+02 -2.1542e+00 -8.3738e-01 +1.0547e+00 +4.4688e+00 -3.0215e+00 -3.1757e+00 -4.1573e+00 +1.9328e+00 -4.7258e+00 -1.6564e+00
1005 +3.737300962e+01 +3.737300962e+01 +1.530530096e+02 +1.530530096e+02 -2.0279e+00 -9.3757e-01 +1.1900e+00 +4.4115e+00 -3.0780e+00 -3.1991e+00 -3.9600e+00 +1.9600e+00 -4.6696e+00 -1.2664e+00
1024 +3.205057782e+01 +3.205057782e+01 +1.477305778e+02 +1.477305778e+02 -2.0649e+00 -1.0604e+00 +8.9786e-01 +4.2178e+00 -3.0209e+00 -3.1923e+00 -4.0129e+00 +1.9552e+00 -4.7368e+00 -1.2906e+00
1129 +2.657789739e+01 +2.657789739e+01 +1.422578974e+02 +1.422578974e+02 -2.1094e+00 -9.0983e-01 +1.0857e+00 +4.2632e+00 -2.9618e+00 -3.2772e+00 -3.9790e+00 +1.9366e+00 -4.6671e+00 -1.2872e+00
1153 +2.253261989e+01 +2.253261989e+01 +1.382126199e+02 +1.382126199e+02 -2.1971e+00 -8.8060e-01 +1.0798e+00 +4.3957e+00 -3.0294e+00 -3.2333e+00 -4.0282e+00 +1.9440e+00 -4.6873e+00 -1.3445e+00
1173 +2.174563550e+01 +2.174563550e+01 +1.374256355e+02 +1.374256355e+02 -2.1576e+00 -8.8774e-01 +1.0834e+00 +4.3087e+00 -2.9931e+00 -3.2779e+00 -4.0239e+00 +1.9591e+00 -4.6841e+00 -1.3446e+00
1179 +1.825665808e+01 +1.825665808e+01 +1.339366581e+02 +1.339366581e+02 -2.1529e+00 -9.9922e-01 +1.0873e+00 +4.3036e+00 -3.0237e+00 -3.2558e+00 -4.0515e+00 +1.9589e+00 -4.6853e+00 -1.2993e+00
1301 +1.817465336e+01 +1.817465336e+01 +1.338546534e+02 +1.338546534e+02 -2.1520e+00 -1.0138e+00 +1.0921e+00 +4.3038e+00 -3.0166e+00 -3.2573e+00 -4.0264e+00 +1.9683e+00 -4.7274e+00 -1.3230e+00
1314 +1.720330040e+01 +1.720330040e+01 +1.328833004e+02 +1.328833004e+02 -2.1586e+00 -9.6736e-01 +1.1300e+00 +4.2808e+00 -3.0372e+00 -3.2521e+00 -4.0243e+00 +1.9625e+00 -4.7103e+00 -1.3079e+00
1329 +1.675318300e+01 +1.675318300e+01 +1.324331830e+02 +1.324331830e+02 -2.1620e+00 -9.9369e-01 +1.1140e+00 +4.2848e+00 -3.0404e+00 -3.2516e+00 -4.0344e+00 +1.9767e+00 -4.7093e+00 -1.3250e+00
1355 +1.652922335e+01 +1.652922335e+01 +1.322092233e+02 +1.322092233e+02 -2.1766e+00 -9.8830e-01 +1.1117e+00 +4.2888e+00 -3.0367e+00 -3.2549e+00 -4.0290e+00 +1.9628e+00 -4.7155e+00 -1.3294e+00
1408 +1.619491493e+01 +1.619491493e+01 +1.318749149e+02 +1.318749149e+02 -2.1861e+00 -9.6597e-01 +1.0996e+00 +4.3006e+00 -3.0261e+00 -3.2449e+00 -4.0088e+00 +1.9675e+00 -4.7045e+00 -1.3345e+00
% function evaluation | noise-free fitness - Fopt (-3.710000000000e+00) | best noise-free fitness - Fopt | measured fitness | best measured fitness | x1 | x2...
1 +3.211002619e+02 +3.211002619e+02 +3.173902619e+02 +3.173902619e+02 +0.0000e+00 +0.0000e+00 +0.0000e+00 +0.0000e+00 +0.0000e+00 +0.0000e+00 +0.0000e+00 +0.0000e+00 +0.0000e+00 +0.0000e+00
2 +2.791106214e+02 +2.791106214e+02 +2.754006214e+02 +2.754006214e+02 -8.1706e-02 +8.7697e-01 -7.5616e-01 +1.9398e+00 -1.0808e+00 -1.3818e+00 +2.5390e-01 -1.1502e+00 -1.1458e+00 +1.1673e+00
16 +2.136757892e+02 +2.136757892e+02 +2.099657892e+02 +2.099657892e+02 -1.3618e+00 +2.4924e-01 +6.9245e-01 +3.4076e+00 -3.6292e-01 -5.8892e-01 +2.8601e-01 -1.9354e+00 -2.3152e+00 +5.9776e-01
24 +1.945427751e+02 +1.945427751e+02 +1.908327751e+02 +1.908327751e+02 -2.2351e+00 -3.5024e-02 +1.8671e+00 +3.1591e+00 +6.4968e-01 -4.6319e-01 +1.1053e+00 -2.7295e+00 -3.5715e+00 -2.5795e-01
25 +1.611083863e+02 +1.611083863e+02 +1.573983863e+02 +1.573983863e+02 -9.0723e-01 -5.8279e-01 +2.5059e-01 +3.0735e+00 +6.7051e-01 +4.7484e-01 -2.2653e+00 -1.3157e+00 -1.6596e+00 +9.9477e-02
97 +1.580190485e+02 +1.580190485e+02 +1.543090485e+02 +1.543090485e+02 -1.1122e+00 -7.4082e-01 -7.1898e-02 +2.1737e+00 +1.3139e+00 +2.1308e+00 -1.4120e-01 -1.6440e+00 -1.9460e+00 +5.9395e-01
102 +1.509087065e+02 +1.509087065e+02 +1.471987065e+02 +1.471987065e+02 -1.0413e+00 -8.1463e-01 +1.4960e+00 +1.1347e+00 +2.7828e-01 +3.1879e+00 +1.9532e-01 -2.0853e+00 -9.4508e-01 +1.0489e+00
106 +1.399972971e+02 +1.399972971e+02 +1.362872971e+02 +1.362872971e+02 -1.6870e+00 -8.2388e-01 +1.3671e+00 +2.6092e+00 +9.0788e-01 +4.9955e+00 -2.4163e-01 -2.0141e+00 -2.2467e+00 +7.4849e-01
119 +1.076015663e+02 +1.076015663e+02 +1.038915663e+02 +1.038915663e+02 -7.2112e-01 -2.2829e+00 +9.7955e-01 +2.1510e+00 +1.7856e+00 +4.3682e+00 +6.9766e-01 -1.6079e+00 -2.2770e+00 +9.3583e-01
129 +9.952482160e+01 +9.952482160e+01 +9.581482160e+01 +9.581482160e+01 +9.9661e-03 -1.3836e+00 +1.6687e+00 +2.9596e+00 +1.6036e+00 +3.8101e+00 +6.7841e-01 -1.1699e+00 -2.1335e+00 -6.0270e-02
134 +9.753906964e+01 +9.753906964e+01 +9.382906964e+01 +9.382906964e+01 +5.5834e-02 +1.9765e-01 +8.6725e-01 +3.1015e+00 +2.4991e+00 +4.4188e+00 +4.8932e-01 -1.8676e+00 -2.0713e+00 +2.9639e-01
151 +7.840946526e+01 +7.840946526e+01 +7.469946526e+01 +7.469946526e+01 +7.8396e-02 +2.8824e-01 +5.1452e-01 +3.2096e+00 +3.0147e+00 +3.7336e+00 +1.3898e+00 -1.4828e+00 -1.4744e+00 +1.2624e+00
647 +7.259040696e+01 +7.259040696e+01 +6.888040696e+01 +6.888040696e+01 +1.2895e+00 +1.3175e-01 +4.1373e-01 +4.6953e+00 +2.0781e+00 +3.0145e+00 -4.7876e-01 -2.5000e+00 -1.4704e+00 -2.9578e-01
669 +6.964323124e+01 +6.964323124e+01 +6.593323124e+01 +6.593323124e+01 +1.0620e+00 +2.0529e-01 +3.3607e-01 +5.2411e+00 +1.9838e+00 +3.1406e+00 -7.5500e-01 -2.4791e+00 -1.7089e+00 -3.0767e-01
740 +6.317697111e+01 +6.317697111e+01 +5.946697111e+01 +5.946697111e+01 +1.0609e+00 +3.0000e-01 +3.9948e-01 +4.4307e+00 +2.0194e+00 +3.0307e+00 -3.5410e-01 -2.4662e+00 -1.6238e+00 -9.1923e-03
961 +6.300466021e+01 +6.300466021e+01 +5.929466021e+01 +5.929466021e+01 +1.4082e+00 +1.8872e-01 +4.6728e-01 +4.5133e+00 +1.9551e+00 +3.5595e+00 +1.9790e-01 -3.1678e+00 -1.5613e+00 +6.4459e-01
1000 +5.959122729e+01 +5.959122729e+01 +5.588122729e+01 +5.588122729e+01 +1.3768e+00 +1.2314e-02 +3.2718e-01 +4.7543e+00 +2.0435e+00 +3.5615e+00 +1.4211e-01 -3.1691e+00 -1.5201e+00 +7.3376e-01
1013 +5.697803738e+01 +5.697803738e+01 +5.326803738e+01 +5.326803738e+01 +1.3709e+00 +1.2522e-01 +3.2938e-01 +4.7269e+00 +2.0699e+00 +3.6152e+00 +1.7360e-01 -3.1494e+00 -1.5107e+00 +5.8216e-01
1027 +4.495991685e+01 +4.495991685e+01 +4.124991685e+01 +4.124991685e+01 +1.3449e+00 +1.5000e-01 +3.9323e-01 +4.6456e+00 +2.0804e+00 +3.6506e+00 +1.3392e-01 -3.1467e+00 -1.5601e+00 +6.7202e-01
1041 +3.987285196e+01 +3.987285196e+01 +3.616285196e+01 +3.616285196e+01 +1.3302e+00 +1.1675e-01 +3.5818e-01 +4.6670e+00 +2.0246e+00 +3.6515e+00 +1.7788e-01 -3.1563e+00 -1.5489e+00 +6.8612e-01
1189 +3.970984113e+01 +3.970984113e+01 +3.599984113e+01 +3.599984113e+01 +1.1808e+00 +8.9606e-02 +4.0337e-01 +4.7750e+00 +2.0125e+00 +3.6623e+00 +1.5416e-01 -3.1434e+00 -1.5115e+00 +6.8954e-01
1196 +3.764200176e+01 +3.764200176e+01 +3.393200176e+01 +3.393200176e+01 +1.1802e+00 +8.3512e-02 +3.9218e-01 +4.6935e+00 +2.0069e+00 +3.6481e+00 +1.8778e-01 -3.1417e+00 -1.5353e+00 +6.9054e-01
1305 +3.625022483e+01 +3.625022483e+01 +3.254022483e+01 +3.254022483e+01 +1.2097e+00 +1.3438e-01 +3.9147e-01 +4.7030e+00 +2.0257e+00 +3.6651e+00 +1.5846e-01 -3.1474e+00 -1.5101e+00 +6.7379e-01
1350 +3.546499165e+01 +3.546499165e+01 +3.175499165e+01 +3.175499165e+01 +1.1687e+00 +1.0977e-01 +3.8473e-01 +4.6684e+00 +2.0187e+00 +3.6698e+00 +1.5752e-01 -3.1430e+00 -1.5087e+00 +6.6018e-01
% function evaluation | noise-free fitness - Fopt (1.321800000000e+02) | best noise-free fitness - Fopt | measured fitness | best measured fitness | x1 | x2...
1 +2.126387241e+02 +2.126387241e+02 +3.448187241e+02 +3.448187241e+02 +0.0000e+00 +0.0000e+00 +0.0000e+00 +0.0000e+00 +0.0000e+00 +0.0000e+00 +0.0000e+00 +0.0000e+00 +0.0000e+00 +0.0000e+00
5 +2.058316304e+02 +2.058316304e+02 +3.380116304e+02 +3.380116304e+02 +3.4804e-01 -1.2516e+00 +1.0583e-01 -9.8777e-01 +9.2939e-01 -7.7037e-01 -2.2146e-01 +6.7371e-02 -1.3745e-01 +4.9645e-01
6 +2.036254823e+02 +2.036254823e+02 +3.358054823e+02 +3.358054823e+02 +3.2172e-01 -1.8461e-01 -4.4291e-01 -1.3526e+00 +4.3925e-01 +2.3757e-01 -3.0300e-01 +1.1172e-01 -6.1275e-01 +6.2019e-01
11 +1.868036484e+02 +1.868036484e+02 +3.189836484e+02 +3.189836484e+02 -1.3255e+00 +5.5124e-01 -7.5206e-01 -1.1639e+00 -2.6513e-01 -1.9890e+00 -1.4198e+00 -7.2412e-01 -7.9018e-01 +1.0075e+00
15 +1.762388340e+02 +1.762388340e+02 +3.084188340e+02 +3.084188340e+02 -2.0198e+00 +5.9219e-01 -5.7826e-01 -7.8544e-01 -4.4119e-02 -1.4473e+00 -1.7550e+00 -1.3213e+00 -6.2880e-01 +5.9668e-01
18 +1.587455266e+02 +1.587455266e+02 +2.909255266e+02 +2.909255266e+02 -2.2338e+00 +7.2489e-01 -9.6722e-01 -7.6345e-01 -1.3991e+00 -2.5625e+00 -2.7184e+00 -1.0542e+00 -1.6423e+00 +5.9987e-02
23 +1.540925048e+02 +1.540925048e+02 +2.862725048e+02 +2.862725048e+02 -1.5464e+00 +2.9248e+00 +3.6440e-01 -1.0366e+00 -1.3338e+00 -2.7012e+00 -3.5549e+00 -1.0840e+00 -4.7056e-01 +4.1409e-01
41 +1.440745468e+02 +1.440745468e+02 +2.762545468e+02 +2.762545468e+02 -6.9062e-01 +3.6054e+00 +2.5764e-01 -2.2621e+00 -1.2335e+00 -1.8748e+00 -2.8027e+00 -2.6079e-01 -4.2008e-01 +1.3490e-01
43 +1.276849217e+02 +1.276849217e+02 +2.598649217e+02 +2.598649217e+02 -1.6957e+00 +2.7844e+00 -4.6177e-01 -1.2349e+00 -1.3673e+00 -1.0214e+00 -2.4642e+00 -1.3077e+00 +5.4244e-01 -2.4704e-02
107 +1.161561494e+02 +1.161561494e+02 +2.483361494e+02 +2.483361494e+02 -2.6616e+00 -1.4853e-01 +2.1121e+00 -2.8741e+00 -8.7956e-01 +6.1907e-01 -2.6836e+00 +8.2465e-01 +1.0802e+00 +8.6997e-01
135 +1.056236739e+02 +1.056236739e+02 +2.378036739e+02 +2.378036739e+02 -1.8211e+00 -1.1818e+00 +1.9816e+00 -2.1359e+00 -1.0246e+00 -6.0993e-02 -1.7566e+00 +9.0766e-01 -1.3049e-01 +3.1335e-03
146 +9.145907279e+01 +9.145907279e+01 +2.236390728e+02 +2.236390728e+02 -1.6657e+00 +4.5611e-01 +1.1589e+00 -2.6702e+00 -1.0908e+00 +1.8105e-01 -2.2106e+00 +1.8259e-01 +6.2884e-01 +8.1707e-01
313 +8.848853245e+01 +8.848853245e+01 +2.206685325e+02 +2.206685325e+02 -3.1032e+00 +2.1310e+00 +1.3020e+00 -3.9866e+00 -1.9963e+00 -5.5896e-01 -1.3160e+00 -6.3290e-01 +8.7973e-01 +4.4633e-01
328 +8.055175110e+01 +8.055175110e+01 +2.127317511e+02 +2.127317511e+02 -2.9683e+00 +2.2194e+00 +1.1205e+00 -4.0006e+00 -2.0981e+00 -5.4730e-01 -1.7270e+00 -7.0026e-01 +6.2193e-01 +3.8257e-01
494 +7.755100537e+01 +7.755100537e+01 +2.097310054e+02 +2.097310054e+02 -2.9830e+00 +2.4063e+00 +1.0402e+00 -3.9022e+00 -1.9151e+00 -4.8894e-01 -1.4251e+00 +8.7392e-01 +9.1928e-01 +3.6998e-01
502 +6.288515849e+01 +6.288515849e+01 +1.950651585e+02 +1.950651585e+02 -2.9129e+00 +2.3402e+00 +9.7274e-01 -4.0032e+00 -1.9402e+00 -4.9218e-01 -1.3015e+00 +9.5309e-01 +9.6928e-01 +3.2180e-01
575 +6.118431533e+01 +6.118431533e+01 +1.933643153e+02 +1.933643153e+02 -3.2014e+00 +2.4586e+00 +1.0872e+00 -3.9282e+00 -1.8903e+00 -5.0463e-01 -1.3781e+00 +1.0036e+00 +9.3331e-01 +4.1980e-01
582 +5.417820697e+01 +5.417820697e+01 +1.863582070e+02 +1.863582070e+02 -3.2118e+00 +2.4350e+00 +1.0587e+00 -3.9395e+00 -1.8704e+00 -5.3367e-01 -1.3278e+00 +9.8762e-01 +9.5188e-01 +4.4568e-01
616 +5.154228847e+01 +5.154228847e+01 +1.837222885e+02 +1.837222885e+02 -3.1231e+00 +2.4649e+00 +1.1001e+00 -4.0222e+00 -1.8904e+00 -5.0965e-01 -1.3342e+00 +1.0145e+00 +9.3941e-01 +4.4567e-01
620 +5.003730093e+01 +5.003730093e+01 +1.822173009e+02 +1.822173009e+02 -3.1205e+00 +2.4763e+00 +1.0695e+00 -4.0026e+00 -1.8700e+00 -5.5117e-01 -1.3175e+00 +9.8948e-01 +9.1625e-01 +4.1429e-01
712 +4.767258885e+01 +4.767258885e+01 +1.798525889e+02 +1.798525889e+02 -3.0458e+00 +2.4135e+00 +1.0241e+00 -3.9786e+00 -1.9096e+00 -5.3082e-01 -1.2938e+00 +9.7695e-01 +9.5467e-01 +4.3570e-01
722 +4.643339975e+01 +4.643339975e+01 +1.786133997e+02 +1.786133997e+02 -3.0644e+00 +2.4197e+00 +1.0297e+00 -3.9848e+00 -1.9062e+00 -5.1462e-01 -1.2905e+00 +9.8841e-01 +9.4930e-01 +4.2560e-01
771 +4.447960818e+01 +4.447960818e+01 +1.766596082e+02 +1.766596082e+02 -3.0316e+00 +2.4170e+00 +1.0594e+00 -3.9605e+00 -1.8944e+00 -5.0594e-01 -1.3177e+00 +9.9028e-01 +9.3045e-01 +4.2501e-01
821 +4.296793948e+01 +4.296793948e+01 +1.751479395e+02 +1.751479395e+02 -3.0406e+00 +2.4062e+00 +1.0519e+00 -3.9892e+00 -1.9143e+00 -5.1853e-01 -1.3062e+00 +1.0027e+00 +9.2272e-01 +3.9696e-01
861 +4.230504413e+01 +4.230504413e+01 +1.744850441e+02 +1.744850441e+02 -2.9617e+00 +2.3910e+00 +1.0395e+00 -3.9970e+00 -1.9021e+00 -5.4269e-01 -1.3156e+00 +9.9728e-01 +9.2847e-01 +4.1830e-01
880 +4.115079296e+01 +4.115079296e+01 +1.733307930e+02 +1.733307930e+02 -2.9336e+00 +2.4054e+00 +1.0406e+00 -3.9955e+00 -1.8895e+00 -5.2526e-01 -1.3198e+00 +9.9009e-01 +9.2065e-01 +4.1207e-01
886 +4.072561527e+01 +4.072561527e+01 +1.729056153e+02 +1.729056153e+02 -2.9236e+00 +2.4133e+00 +1.0202e+00 -4.0069e+00 -1.9039e+00 -5.1565e-01 -1.3104e+00 +9.9416e-01 +9.2899e-01 +4.2134e-01
907 +3.966379353e+01 +3.966379353e+01 +1.718437935e+02 +1.718437935e+02 -2.8956e+00 +2.4401e+00 +1.0554e+00 -4.0235e+00 -1.9051e+00 -5.2343e-01 -1.2933e+00 +1.0032e+00 +9.1702e-01 +4.1065e-01
916 +3.783992774e+01 +3.783992774e+01 +1.700199277e+02 +1.700199277e+02 -2.8610e+00 +2.4371e+00 +1.0619e+00 -4.0066e+00 -1.9115e+00 -5.3772e-01 -1.3001e+00 +1.0238e+00 +9.1948e-01 +4.1045e-01
929 +3.606513672e+01 +3.606513672e+01 +1.682451367e+02 +1.682451367e+02 -2.8293e+00 +2.4433e+00 +1.0775e+00 -4.0142e+00 -1.9226e+00 -5.4218e-01 -1.3058e+00 +1.0216e+00 +9.2416e-01 +3.8807e-01
933 +3.501479336e+01 +3.501479336e+01 +1.671947934e+02 +1.671947934e+02 -2.8027e+00 +2.4415e+00 +1.0880e+00 -4.0182e+00 -1.9431e+00 -5.5026e-01 -1.3107e+00 +1.0146e+00 +9.2480e-01 +3.8524e-01
955 +3.338901750e+01 +3.338901750e+01 +1.655690175e+02 +1.655690175e+02 -2.7646e+00 +2.4535e+00 +1.1002e+00 -4.0132e+00 -1.9170e+00 -5.3695e-01 -1.3184e+00 +1.0186e+00 +9.2574e-01 +3.9369e-01
966 +3.192610389e+01 +3.192610389e+01 +1.641061039e+02 +1.641061039e+02 -2.7515e+00 +2.4534e+00 +1.0909e+00 -3.9998e+00 -1.9290e+00 -5.3013e-01 -1.3143e+00 +1.0027e+00 +9.1123e-01 +4.0693e-01
981 +3.090920937e+01 +3.090920937e+01 +1.630892094e+02 +1.630892094e+02 -2.7500e+00 +2.4252e+00 +1.0658e+00 -3.9890e+00 -1.9211e+00 -5.3140e-01 -1.3075e+00 +9.8449e-01 +9.3037e-01 +4.0584e-01
985 +3.050486244e+01 +3.050486244e+01 +1.626848624e+02 +1.626848624e+02 -2.7602e+00 +2.4311e+00 +1.0778e+00 -3.9915e+00 -1.9189e+00 -5.3261e-01 -1.3047e+00 +1.0052e+00 +9.2196e-01 +4.0989e-01
1115 +3.006794009e+01 +3.006794009e+01 +1.622479401e+02 +1.622479401e+02 -2.7739e+00 +2.4182e+00 +1.0745e+00 -3.9876e+00 -1.9283e+00 -5.2781e-01 -1.3134e+00 +9.9786e-01 +9.3276e-01 +4.0982e-01
% function evaluation | noise-free fitness - Fopt (1.000000000000e+03) | best noise-free fitness - Fopt | measured fitness | best measured fitness | x1 | x2...
1 +3.506377191e+02 +3.506377191e+02 +1.350637719e+03 +1.350637719e+03 +0.0000e+00 +0.0000e+00 +0.0000e+00 +0.0000e+00 +0.0000e+00 +0.0000e+00 +0.0000e+00 +0.0000e+00 +0.0000e+00 +0.0000e+00
2 +2.587425341e+02 +2.587425341e+02 +1.258742534e+03 +1.258742534e+03 +2.0845e-01 -9.1521e-01 -1.6531e-01 -1.1068e+00 +1.6990e-02 +8.2860e-02 -8.1890e-01 -1.1674e+00 -1.1299e+00 +1.0130e+00
13 +1.842695831e+02 +1.842695831e+02 +1.184269583e+03 +1.184269583e+03 -7.1903e-01 -1.2654e-01 -1.2741e+00 -1.5065e+00 +8.3151e-02 +7.2396e-01 -7.2441e-01 -5.0828e-01 -1.4474e+00 +2.6318e+00
78 +1.811370050e+02 +1.811370050e+02 +1.181137005e+03 +1.181137005e+03 -7.7996e-01 -6.6915e-01 +2.4224e-01 -2.9657e+00 -1.8694e+00 +2.2171e+00 -8.1740e-01 -9.6675e-01 -3.8287e+00 +2.5967e+00
81 +1.721783012e+02 +1.721783012e+02 +1.172178301e+03 +1.172178301e+03 -1.0568e+00 -8.2072e-02 -8.6564e-01 -2.5287e+00 -4.0859e-01 +2.8598e+00 -1.3843e+00 -5.3708e-02 -3.6782e+00 +2.6841e+00
82 +1.638554781e+02 +1.638554781e+02 +1.163855478e+03 +1.163855478e+03 -1.4035e+00 +4.8929e-01 -1.3204e+00 -2.8930e+00 -2.2133e-01 +2.3823e+00 -2.3181e+00 -4.6445e-01 -2.7493e+00 +3.1640e+00
104 +1.614707307e+02 +1.614707307e+02 +1.161470731e+03 +1.161470731e+03 -1.2707e+00 +4.7645e-01 -3.1618e-01 -1.3997e+00 -6.1595e-01 +1.9498e+00 -2.1654e+00 -5.7102e-01 -3.0468e+00 +2.3406e+00
112 +1.550151292e+02 +1.550151292e+02 +1.155015129e+03 +1.155015129e+03 -8.5829e-01 +6.0782e-01 -8.8315e-03 -1.6995e+00 -6.1643e-01 +2.1812e+00 -1.4005e+00 -7.4905e-01 -2.4265e+00 +2.1652e+00
117 +1.451389607e+02 +1.451389607e+02 +1.145138961e+03 +1.145138961e+03 -9.9891e-01 +2.0629e-01 -4.9352e-01 -6.3360e-01 -4.5747e-01 +2.2801e+00 -1.8307e+00 +3.4966e-01 -3.3223e+00 +2.7576e+00
124 +1.310672836e+02 +1.310672836e+02 +1.131067284e+03 +1.131067284e+03 -1.2021e+00 -4.8182e-01 -6.6759e-01 +1.0641e-01 -5.9429e-01 +2.5146e+00 -1.9125e+00 +4.2365e-01 -2.3116e+00 +3.2140e+00
140 +1.136239076e+02 +1.136239076e+02 +1.113623908e+03 +1.113623908e+03 -1.4577e+00 -8.4121e-01 -1.5066e-01 +1.1343e-01 -4.5194e-01 +2.8564e+00 -1.7790e+00 +5.9438e-01 -2.8869e+00 +3.8282e+00
143 +9.427455428e+01 +9.427455428e+01 +1.094274554e+03 +1.094274554e+03 -5.5821e-01 +8.9110e-03 -1.4156e+00 +6.1536e-01 -1.1084e+00 +3.3322e+00 -1.4216e+00 +4.1890e-01 -2.9789e+00 +3.5608e+00
213 +6.971123365e+01 +6.971123365e+01 +1.069711234e+03 +1.069711234e+03 -1.1811e+00 -2.3393e-01 -1.5378e+00 +3.0535e+00 -1.8663e+00 +2.7822e+00 -1.7490e+00 +3.7545e-01 -2.9019e+00 +2.6465e+00
309 +6.758435110e+01 +6.758435110e+01 +1.067584351e+03 +1.067584351e+03 -2.6399e-01 +7.7519e-01 -1.1643e+00 +4.0979e+00 -1.5905e+00 +2.2641e+00 -1.7355e+00 -1.2449e-02 -2.9367e+00 +2.8129e+00
615 +6.003985610e+01 +6.003985610e+01 +1.060039856e+03 +1.060039856e+03 -5.1087e-01 +3.3341e+00 -6.8471e-01 +2.1599e+00 -1.7973e+00 +1.7578e+00 -1.7390e+00 -6.6180e-01 -2.2875e+00 +3.7138e+00
772 +5.316646066e+01 +5.316646066e+01 +1.053166461e+03 +1.053166461e+03 -5.1675e-01 +3.2564e+00 -6.5976e-01 +1.6059e+00 -2.9707e+00 +1.8291e+00 -1.6996e+00 -4.9289e-01 -1.8606e+00 +3.8662e+00
875 +4.695401650e+01 +4.695401650e+01 +1.046954016e+03 +1.046954016e+03 -3.9600e-01 +3.3898e+00 -5.8460e-01 +1.5823e+00 -2.9430e+00 +2.1920e+00 -1.6796e+00 -4.8496e-01 -1.7126e+00 +3.2755e+00
903 +4.384742404e+01 +4.384742404e+01 +1.043847424e+03 +1.043847424e+03 -4.8068e-01 +3.3112e+00 -5.6638e-01 +1.6099e+00 -2.9020e+00 +2.2777e+00 -1.7231e+00 -4.9881e-01 -1.6434e+00 +3.2252e+00
913 +4.278154480e+01 +4.278154480e+01 +1.042781545e+03 +1.042781545e+03 -5.0687e-01 +3.3762e+00 -6.6881e-01 +1.5877e+00 -2.8521e+00 +2.4053e+00 -1.7265e+00 -4.7143e-01 -1.6797e+00 +3.2730e+00
941 +3.767338542e+01 +3.767338542e+01 +1.037673385e+03 +1.037673385e+03 -4.4599e-01 +3.3608e+00 -6.3462e-01 +1.6152e+00 -2.8204e+00 +2.3297e+00 -1.7415e+00 -4.8687e-01 -1.6835e+00 +3.2945e+00
1023 +3.712320335e+01 +3.712320335e+01 +1.037123203e+03 +1.037123203e+03 -4.1815e-01 +3.3623e+00 -6.0887e-01 +1.6156e+00 -2.8686e+00 +2.3067e+00 -1.7248e+00 -5.2030e-01 -1.6925e+00 +3.2389e+00
1051 +3.602016918e+01 +3.602016918e+01 +1.036020169e+03 +1.036020169e+03 -4.1648e-01 +3.3439e+00 -6.1198e-01 +1.6256e+00 -2.8572e+00 +2.2897e+00 -1.7063e+00 -5.0045e-01 -1.6889e+00 +3.2591e+00
1207 +3.541729354e+01 +3.541729354e+01 +1.035417294e+03 +1.035417294e+03 -3.8767e-01 +3.3596e+00 -6.4042e-01 +1.6117e+00 -2.8450e+00 +2.2830e+00 -1.7159e+00 -4.9815e-01 -1.6881e+00 +3.2748e+00
% function evaluation | noise-free fitness - Fopt (-1.846000000000e+01) | best noise-free fitness - Fopt | measured fitness | best measured fitness | x1 | x2...
1 +1.711556082e+02 +1.711556082e+02 +1.526956082e+02 +1.526956082e+02 +0.0000e+00 +0.0000e+00 +0.0000e+00 +0.0000e+00 +0.0000e+00 +0.0000e+00 +0.0000e+00 +0.0000e+00 +0.0000e+00 +0.0000e+00
33 +1.659939472e+02 +1.659939472e+02 +1.475339472e+02 +1.475339472e+02 -9.5435e-02 +8.9749e-02 +1.1336e-01 -1.0888e+00 +3.3110e+00 -3.8395e-01 +5.2019e-01 +1.1368e+00 -9.4391e-02 +2.2763e+00
58 +1.627322328e+02 +1.627322328e+02 +1.442722328e+02 +1.442722328e+02 +1.5322e-02 -1.9547e+00 +1.1991e+00 -3.1122e-01 +1.2305e+00 -5.6270e-02 -1.4204e+00 +2.8392e+00 -1.4960e+00 +6.0573e-01
75 +1.382667566e+02 +1.382667566e+02 +1.198067566e+02 +1.198067566e+02 -5.5141e-01 -2.2450e+00 +1.9957e+00 -2.4109e-01 +3.5462e-01 -9.6494e-02 -2.1115e+00 +2.1464e+00 -4.0189e-01 +1.0719e+00
83 +1.315653253e+02 +1.315653253e+02 +1.131053253e+02 +1.131053253e+02 +6.9487e-01 -9.2221e-01 +1.7467e+00 +1.8136e-01 +6.7613e-01 -1.0503e+00 -3.1643e+00 +1.5893e+00 -8.6257e-01 +1.1026e+00
133 +1.183873653e+02 +1.183873653e+02 +9.992736534e+01 +9.992736534e+01 +3.2112e+00 -1.9144e+00 +3.7346e+00 +2.9996e+00 +1.0884e+00 +1.6120e+00 -2.2005e+00 +1.4272e+00 -1.9468e+00 +1.1753e+00
147 +9.350230958e+01 +9.350230958e+01 +7.504230958e+01 +7.504230958e+01 +3.2995e+00 -1.9016e+00 +4.3202e+00 +3.1442e+00 +8.7518e-01 +5.8685e-01 -1.7083e+00 +1.4488e+00 -1.7174e+00 +1.4192e+00
211 +7.746839633e+01 +7.746839633e+01 +5.900839633e+01 +5.900839633e+01 +1.0589e+00 +1.5654e+00 +4.4842e+00 +2.9880e+00 +1.3794e-01 +1.3655e+00 -2.2261e+00 +7.3838e-01 -1.1292e+00 +1.7167e+00
314 +7.253661740e+01 +7.253661740e+01 +5.407661740e+01 +5.407661740e+01 -4.6606e-01 +1.6302e+00 +3.2743e+00 +3.2472e+00 -1.8973e-01 +1.0355e+00 -1.2081e+00 +8.2987e-01 -1.2149e+00 +1.1446e+00
383 +5.592106046e+01 +5.592106046e+01 +3.746106046e+01 +3.746106046e+01 -9.4846e-01 +1.0000e+00 +3.2736e+00 +2.2682e+00 +4.7321e-01 +2.0130e+00 -2.6582e+00 +7.6871e-01 -1.2337e+00 +2.1627e+00
469 +5.107232725e+01 +5.107232725e+01 +3.261232725e+01 +3.261232725e+01 +2.8299e-01 +4.2578e-01 +2.3199e+00 +2.3082e+00 +8.4384e-01 +5.9394e-01 -1.2097e+00 +7.2065e-01 -9.3654e-01 +2.1378e+00
1226 +4.979394278e+01 +4.979394278e+01 +3.133394278e+01 +3.133394278e+01 +7.1231e-02 -1.0238e+00 +2.3420e+00 +3.0889e+00 +2.7929e-01 +9.5963e-01 -4.5324e-01 +1.1516e+00 -1.9454e+00 +1.7782e+00
1230 +4.781743766e+01 +4.781743766e+01 +2.935743766e+01 +2.935743766e+01 +6.2207e-02 -1.0057e+00 +2.3711e+00 +3.1573e+00 +2.5580e-01 +1.0022e+00 -4.9766e-01 +1.1625e+00 -1.9412e+00 +1.7575e+00
1305 +4.581012233e+01 +4.581012233e+01 +2.735012233e+01 +2.735012233e+01 +1.5499e-01 -9.9509e-01 +2.3711e+00 +3.1222e+00 +2.8433e-01 +1.0070e+00 -5.2689e-01 +1.1691e+00 -1.9611e+00 +1.7405e+00
1322 +4.412217254e+01 +4.412217254e+01 +2.566217254e+01 +2.566217254e+01 +1.2903e-01 -1.0477e+00 +2.3771e+00 +3.0727e+00 +2.9671e-01 +1.0003e+00 -5.0355e-01 +1.1522e+00 -1.9577e+00 +1.7561e+00
1346 +4.333379216e+01 +4.333379216e+01 +2.487379216e+01 +2.487379216e+01 +1.4974e-01 -1.0523e+00 +2.3874e+00 +3.0915e+00 +2.8372e-01 +9.8303e-01 -5.1779e-01 +1.1613e+00 -1.9560e+00 +1.7364e+00
1454 +4.257266502e+01 +4.257266502e+01 +2.411266502e+01 +2.411266502e+01 +1.8918e-01 -1.0557e+00 +2.3701e+00 +3.0885e+00 +2.9805e-01 +9.7496e-01 -5.1424e-01 +1.1700e+00 -1.9541e+00 +1.7446e+00
1572 +4.143282600e+01 +4.143282600e+01 +2.297282600e+01 +2.297282600e+01 +1.6427e-01 -1.0490e+00 +2.3743e+00 +3.0003e+00 +2.8954e-01 +9.7045e-01 -5.1390e-01 +1.1761e+00 -1.9488e+00 +1.7557e+00
1609 +4.071734693e+01 +4.071734693e+01 +2.225734693e+01 +2.225734693e+01 +1.7228e-01 -1.0618e+00 +2.3726e+00 +2.9790e+00 +2.9116e-01 +9.7387e-01 -5.1020e-01 +1.1725e+00 -1.9547e+00 +1.7521e+00
1622 +3.973369330e+01 +3.973369330e+01 +2.127369330e+01 +2.127369330e+01 +1.8044e-01 -1.0632e+00 +2.3552e+00 +2.9501e+00 +2.9257e-01 +9.8199e-01 -5.0623e-01 +1.1694e+00 -1.9543e+00 +1.7522e+00
1665 +3.867064563e+01 +3.867064563e+01 +2.021064563e+01 +2.021064563e+01 +1.7369e-01 -1.0444e+00 +2.3709e+00 +2.9016e+00 +2.8233e-01 +9.7988e-01 -4.9582e-01 +1.1687e+00 -1.9449e+00 +1.7548e+00
1836 +3.801560055e+01 +3.801560055e+01 +1.955560055e+01 +1.955560055e+01 +1.7963e-01 -1.0500e+00 +2.3654e+00 +2.8818e+00 +2.7999e-01 +9.7813e-01 -5.0396e-01 +1.1680e+00 -1.9474e+00 +1.7468e+00
% function evaluation | noise-free fitness - Fopt (-6.046000000000e+01) | best noise-free fitness - Fopt | measured fitness | best measured fitness | x1 | x2...
1 +5.339914732e+02 +5.339914732e+02 +4.735314732e+02 +4.735314732e+02 +0.0000e+00 +0.0000e+00 +0.0000e+00 +0.0000e+00 +0.0000e+00 +0.0000e+00 +0.0000e+00 +0.0000e+00 +0.0000e+00 +0.0000e+00
5 +4.938926720e+02 +4.938926720e+02 +4.334326720e+02 +4.334326720e+02 -7.6897e-02 +7.5132e-01 +2.6837e-01 +2.2798e-01 -8.4443e-01 -8.0702e-01 +5.6288e-02 +7.5411e-02 -3.2896e-01 -7.2683e-02
10 +4.391684925e+02 +4.391684925e+02 +3.787084925e+02 +3.787084925e+02 -2.5618e-01 +5.6291e-01 +8.3677e-01 -1.1049e+00 -8.6175e-01 +2.5745e+00 +1.7218e+00 -6.9868e-01 +5.2324e-01 +1.7033e+00
14 +3.864879417e+02 +3.864879417e+02 +3.260279417e+02 +3.260279417e+02 +7.8155e-01 -1.9577e+00 +6.6609e-01 -4.8634e-01 -1.7863e+00 +1.8423e+00 +1.7862e+00 -7.7958e-01 -1.3547e-01 +2.4906e+00
17 +2.724203702e+02 +2.724203702e+02 +2.119603702e+02 +2.119603702e+02 -1.7333e-01 +1.9716e+00 +1.5374e+00 -1.2967e+00 -1.3487e+00 +1.1851e+00 -8.2364e-01 -1.3268e+00 +9.0542e-01 +9.1719e-01
22 +2.361615787e+02 +2.361615787e+02 +1.757015787e+02 +1.757015787e+02 -5.7485e-01 +3.1388e+00 +1.9969e+00 -1.5929e+00 -1.8196e+00 +2.4349e-01 -9.3829e-01 -2.2167e+00 +8.3749e-01 +8.3601e-01
27 +2.072663447e+02 +2.072663447e+02 +1.468063447e+02 +1.468063447e+02 +6.7014e-01 +3.8283e+00 +1.0143e+00 -1.7033e+00 -2.1685e+00 -2.6574e-01 -1.4263e+00 -2.6145e+00 +6.4125e-01 +1.0353e+00
32 +2.032166986e+02 +2.032166986e+02 +1.427566986e+02 +1.427566986e+02 +1.4386e+00 +3.9431e+00 +3.5559e-01 -1.4395e+00 -2.3653e+00 +1.6054e+00 +4.6411e-01 -2.5934e+00 +1.5906e+00 +1.6509e+00
33 +1.588217903e+02 +1.588217903e+02 +9.836179028e+01 +9.836179028e+01 -1.3753e+00 +4.3392e+00 +6.0822e-01 -7.8118e-01 -3.8120e+00 +3.6448e-01 -6.7679e-01 -2.4363e+00 +1.6107e+00 +1.6803e+00
34 +1.423087099e+02 +1.423087099e+02 +8.184870995e+01 +8.184870995e+01 +2.4335e+00 +5.3554e+00 +2.3980e+00 -1.4548e+00 -3.8763e+00 -1.3939e+00 -1.8426e+00 -4.0168e+00 +1.3526e+00 +2.4944e+00
70 +1.259238222e+02 +1.259238222e+02 +6.546382220e+01 +6.546382220e+01 +3.8397e-01 +3.7679e+00 +1.6276e+00 -1.5741e+00 -3.8118e+00 -2.2709e+00 -2.5294e+00 -4.0721e+00 +2.0679e+00 +4.7753e+00
108 +1.203032797e+02 +1.203032797e+02 +5.984327967e+01 +5.984327967e+01 +8.6620e-01 +2.2281e+00 +3.1190e+00 +1.5256e+00 -2.4131e+00 +2.8234e-01 -3.7410e+00 -2.4830e+00 +3.1617e+00 +3.8232e+00
239 +9.884758053e+01 +9.884758053e+01 +3.838758053e+01 +3.838758053e+01 +1.8986e+00 +2.3133e+00 +5.1967e+00 +3.6535e+00 -2.9144e+00 -3.6460e-01 -2.9017e+00 -3.0244e+00 +2.2875e+00 +4.2415e+00
307 +8.844816407e+01 +8.844816407e+01 +2.798816407e+01 +2.798816407e+01 +1.5721e+00 +1.2430e+00 +4.7752e+00 +3.0791e+00 -4.3917e+00 -2.5933e-01 -1.2839e+00 -2.9497e+00 +2.3886e+00 +3.9287e+00
315 +6.171078062e+01 +6.171078062e+01 +1.250780624e+00 +1.250780624e+00 +1.7480e+00 +1.4671e+00 +4.5915e+00 +3.0126e+00 -4.4363e+00 -3.5716e-01 -1.5310e+00 -2.9069e+00 +2.3617e+00 +3.9347e+00
422 +6.002436473e+01 +6.002436473e+01 -4.356352659e-01 -4.356352659e-01 +1.8208e+00 +3.9052e-01 +4.5842e+00 +3.2012e+00 -5.0975e+00 -9.8742e-01 -2.0877e+00 -3.0861e+00 +2.4492e+00 +4.6429e+00
431 +4.870236917e+01 +4.870236917e+01 -1.175763083e+01 -1.175763083e+01 +1.7473e+00 +4.3188e-01 +4.6321e+00 +3.2110e+00 -5.0171e+00 -9.6922e-01 -2.0914e+00 -3.0377e+00 +2.3303e+00 +4.9008e+00
592 +4.541689409e+01 +4.541689409e+01 -1.504310591e+01 -1.504310591e+01 +1.7261e+00 +4.7359e-01 +4.5505e+00 +3.2778e+00 -5.0549e+00 -8.1800e-01 -1.9984e+00 -3.0364e+00 +2.3964e+00 +4.3018e+00
604 +4.366901775e+01 +4.366901775e+01 -1.679098225e+01 -1.679098225e+01 +1.6965e+00 +4.5724e-01 +4.6054e+00 +3.2255e+00 -5.0324e+00 -8.0187e-01 -1.9959e+00 -3.0270e+00 +2.3943e+00 +4.3153e+00
611 +3.994523238e+01 +3.994523238e+01 -2.051476762e+01 -2.051476762e+01 +1.7396e+00 +3.9440e-01 +4.5393e+00 +3.2775e+00 -5.1176e+00 -8.3348e-01 -2.0530e+00 -3.0327e+00 +2.3703e+00 +4.2628e+00
612 +3.612195928e+01 +3.612195928e+01 -2.433804072e+01 -2.433804072e+01 +1.7375e+00 +3.7755e-01 +4.5093e+00 +3.2466e+00 -5.0954e+00 -8.5348e-01 -2.0515e+00 -3.0317e+00 +2.3956e+00 +4.2920e+00
639 +3.495272529e+01 +3.495272529e+01 -2.550727471e+01 -2.550727471e+01 +1.7317e+00 +3.4007e-01 +4.5068e+00 +3.2537e+00 -5.0284e+00 -9.1231e-01 -2.0798e+00 -3.0505e+00 +2.3892e+00 +4.2686e+00
640 +3.344937361e+01 +3.344937361e+01 -2.701062639e+01 -2.701062639e+01 +1.6788e+00 +3.6821e-01 +4.5000e+00 +3.2430e+00 -5.0548e+00 -8.9654e-01 -2.1132e+00 -3.0481e+00 +2.3792e+00 +4.2977e+00
672 +3.288747843e+01 +3.288747843e+01 -2.757252157e+01 -2.757252157e+01 +1.6659e+00 +3.8282e-01 +4.5193e+00 +3.2480e+00 -5.0395e+00 -8.9740e-01 -2.0805e+00 -3.0436e+00 +2.3799e+00 +4.2918e+00
713 +3.115834207e+01 +3.115834207e+01 -2.930165793e+01 -2.930165793e+01 +1.6680e+00 +3.0863e-01 +4.5476e+00 +3.2703e+00 -5.0521e+00 -8.9117e-01 -2.0780e+00 -3.0016e+00 +2.3595e+00 +4.2831e+00
757 +3.024265022e+01 +3.024265022e+01 -3.021734978e+01 -3.021734978e+01 +1.6363e+00 +2.9314e-01 +4.5714e+00 +3.2426e+00 -5.0586e+00 -8.9596e-01 -2.0881e+00 -3.0028e+00 +2.3654e+00 +4.2750e+00
834 +2.978500572e+01 +2.978500572e+01 -3.067499428e+01 -3.067499428e+01 +1.6498e+00 +3.3907e-01 +4.5812e+00 +3.2427e+00 -5.0563e+00 -8.7341e-01 -2.0792e+00 -3.0094e+00 +2.3617e+00 +4.3086e+00
873 +2.943864581e+01 +2.943864581e+01 -3.102135419e+01 -3.102135419e+01 +1.6807e+00 +3.5546e-01 +4.5895e+00 +3.2422e+00 -5.0423e+00 -8.6833e-01 -2.0910e+00 -3.0139e+00 +2.3589e+00 +4.2924e+00
% function evaluation | noise-free fitness - Fopt (3.173300000000e+02) | best noise-free fitness - Fopt | measured fitness | best measured fitness | x1 | x2...
1 +6.842873725e+02 +6.842873725e+02 +1.001617373e+03 +1.001617373e+03 +0.0000e+00 +0.0000e+00 +0.0000e+00 +0.0000e+00 +0.0000e+00 +0.0000e+00 +0.0000e+00 +0.0000e+00 +0.0000e+00 +0.0000e+00
3 +6.549034944e+02 +6.549034944e+02 +9.722334944e+02 +9.722334944e+02 -5.9636e-01 -1.2311e+00 +6.2927e-01 +1.7006e+00 -4.6691e-01 -8.3857e-01 -1.7417e+00 +1.4275e+00 +8.3640e-02 +6.8489e-01
7 +6.381376937e+02 +6.381376937e+02 +9.554676937e+02 +9.554676937e+02 +7.2855e-01 -4.7744e-01 +1.9288e+00 -1.7479e+00 -3.5577e-01 -1.5845e+00 -1.1616e-01 -3.5649e-01 -1.2626e+00 +2.9409e-01
13 +3.366257621e+02 +3.366257621e+02 +6.539557621e+02 +6.539557621e+02 -1.3787e+00 +4.6151e-01 +2.1839e+00 -6.1529e-01 -6.0776e-01 -1.9063e+00 -1.8426e+00 +7.1256e-01 -1.8148e+00 +3.2303e-02
22 +2.109119162e+02 +2.109119162e+02 +5.282419162e+02 +5.282419162e+02 +1.7286e-01 +2.3541e-01 +2.4076e+00 +5.7132e-01 -2.8319e-01 -1.5629e+00 -1.7201e+00 +1.4301e-01 -3.4909e+00 -1.2844e+00
44 +2.049964867e+02 +2.049964867e+02 +5.223264867e+02 +5.223264867e+02 -7.3997e-01 +7.6317e-01 +4.6768e+00 -1.4178e+00 +2.2040e-01 -3.4632e+00 -1.2761e+00 +2.0478e+00 -5.4706e+00 -1.2673e+00
51 +1.706109662e+02 +1.706109662e+02 +4.879409662e+02 +4.879409662e+02 +6.6560e-01 +8.7124e-02 +2.3393e+00 +1.1454e+00 +1.0716e+00 -1.7888e+00 -1.5284e+00 +8.5717e-01 -3.2201e+00 -9.4596e-01
86 +1.612776453e+02 +1.612776453e+02 +4.786076453e+02 +4.786076453e+02 +2.6262e+00 -7.9898e-01 +1.3327e+00 +2.6230e+00 +4.2622e+00 -1.3019e+00 -3.4801e+00 +1.7061e+00 -3.3746e+00 -1.5104e+00
124 +1.583424747e+02 +1.583424747e+02 +4.756724747e+02 +4.756724747e+02 +3.2719e+00 +2.0034e-01 +1.6089e+00 +2.3918e+00 +1.9289e+00 -1.2254e+00 -4.2107e+00 +1.9140e+00 -3.5761e+00 -1.5173e+00
132 +1.508243889e+02 +1.508243889e+02 +4.681543889e+02 +4.681543889e+02 +1.9389e+00 -7.0574e-01 +2.4974e+00 +6.9918e-01 +2.5816e+00 -1.6042e+00 -3.8225e+00 +1.2102e+00 -4.0371e+00 -7.7875e-01
168 +9.845202849e+01 +9.845202849e+01 +4.157820285e+02 +4.157820285e+02 +4.9897e-01 -6.0234e-01 +3.8355e+00 +6.4837e-01 -6.8949e-02 -2.1727e+00 -2.2857e+00 +2.0224e+00 -3.9863e+00 -2.2362e+00
191 +8.987909252e+01 +8.987909252e+01 +4.072090925e+02 +4.072090925e+02 -3.2181e-01 +1.4298e-01 +4.0299e+00 +1.6287e+00 -7.5517e-01 -2.8378e+00 -3.6128e+00 +2.8693e+00 -3.7479e+00 -2.2589e+00
253 +4.652606193e+01 +4.652606193e+01 +3.638560619e+02 +3.638560619e+02 -6.4765e-01 -2.3838e+00 +4.5536e+00 +1.8561e+00 +4.1799e-01 -8.7843e-01 -4.1773e+00 +3.2361e+00 -3.7174e+00 -2.9588e+00
873 +3.409466173e+01 +3.409466173e+01 +3.514246617e+02 +3.514246617e+02 -1.3940e+00 -3.1994e+00 +3.8388e+00 +1.9661e+00 +4.2322e-01 -2.3304e+00 -3.2246e+00 +2.7157e+00 -3.6641e+00 -2.8853e+00
1055 +2.958714585e+01 +2.958714585e+01 +3.469171459e+02 +3.469171459e+02 -1.5579e+00 -3.4763e+00 +3.7510e+00 +1.9174e+00 -1.3457e-01 -2.3772e+00 -3.3180e+00 +2.8190e+00 -3.6980e+00 -2.9587e+00
1122 +2.754352800e+01 +2.754352800e+01 +3.448735280e+02 +3.448735280e+02 -1.5886e+00 -3.4516e+00 +3.7958e+00 +1.8603e+00 -2.5436e-01 -2.3140e+00 -3.2358e+00 +2.7721e+00 -3.6956e+00 -2.9182e+00
1134 +2.305510383e+01 +2.305510383e+01 +3.403851038e+02 +3.403851038e+02 -1.6032e+00 -3.4086e+00 +3.8148e+00 +1.9173e+00 -1.8030e-01 -2.3341e+00 -3.2681e+00 +2.7490e+00 -3.7606e+00 -2.9443e+00
1138 +2.284609005e+01 +2.284609005e+01 +3.401760900e+02 +3.401760900e+02 -1.5959e+00 -3.4018e+00 +3.8520e+00 +1.8735e+00 -1.6821e-01 -2.3201e+00 -3.2312e+00 +2.7651e+00 -3.7021e+00 -2.8866e+00
1154 +1.565464810e+01 +1.565464810e+01 +3.329846481e+02 +3.329846481e+02 -1.5569e+00 -3.4195e+00 +3.7930e+00 +1.8991e+00 -1.8111e-01 -2.3067e+00 -3.2476e+00 +2.8208e+00 -3.7070e+00 -2.9765e+00
1203 +1.514708379e+01 +1.514708379e+01 +3.324770838e+02 +3.324770838e+02 -1.5587e+00 -3.3467e+00 +3.7529e+00 +1.9087e+00 -1.8764e-01 -2.3214e+00 -3.2360e+00 +2.8065e+00 -3.6957e+00 -2.9454e+00
1258 +1.508268590e+01 +1.508268590e+01 +3.324126859e+02 +3.324126859e+02 -1.5637e+00 -3.3498e+00 +3.7815e+00 +1.9125e+00 -2.0223e-01 -2.3187e+00 -3.2393e+00 +2.7746e+00 -3.7063e+00 -2.9550e+00
1267 +1.463820139e+01 +1.463820139e+01 +3.319682014e+02 +3.319682014e+02 -1.5644e+00 -3.3198e+00 +3.7813e+00 +1.9167e+00 -1.6745e-01 -2.3108e+00 -3.2579e+00 +2.7818e+00 -3.7204e+00 -2.9676e+00
1272 +1.362665354e+01 +1.362665354e+01 +3.309566535e+02 +3.309566535e+02 -1.5599e+00 -3.3487e+00 +3.8031e+00 +1.9150e+00 -1.7191e-01 -2.3079e+00 -3.2525e+00 +2.7803e+00 -3.7065e+00 -2.9585e+00
1346 +1.315151963e+01 +1.315151963e+01 +3.304815196e+02 +3.304815196e+02 -1.5595e+00 -3.3254e+00 +3.8092e+00 +1.9368e+00 -1.7808e-01 -2.3049e+00 -3.2483e+00 +2.8018e+00 -3.6984e+00 -2.9584e+00
1379 +1.281768537e+01 +1.281768537e+01 +3.301476854e+02 +3.301476854e+02 -1.5447e+00 -3.3237e+00 +3.8145e+00 +1.9266e+00 -1.6780e-01 -2.3060e+00 -3.2558e+00 +2.7950e+00 -3.7064e+00 -2.9579e+00
1384 +1.251826051e+01 +1.251826051e+01 +3.298482605e+02 +3.298482605e+02 -1.5441e+00 -3.3170e+00 +3.8101e+00 +1.9200e+00 -1.8133e-01 -2.3226e+00 -3.2586e+00 +2.7940e+00 -3.7046e+00 -2.9609e+00
1433 +1.223680899e+01 +1.223680899e+01 +3.295668090e+02 +3.295668090e+02 -1.5324e+00 -3.3173e+00 +3.8126e+00 +1.9115e+00 -1.6769e-01 -2.3189e+00 -3.2534e+00 +2.7951e+00 -3.7108e+00 -2.9599e+00
1459 +1.181376048e+01 +1.181376048e+01 +3.291437605e+02 +3.291437605e+02 -1.5200e+00 -3.3336e+00 +3.8146e+00 +1.8944e+00 -1.7571e-01 -2.3243e+00 -3.2555e+00 +2.7927e+00 -3.7065e+00 -2.9586e+00
1469 +1.171559177e+01 +1.171559177e+01 +3.290455918e+02 +3.290455918e+02 -1.5152e+00 -3.3303e+00 +3.8100e+00 +1.8948e+00 -1.8062e-01 -2.3261e+00 -3.2546e+00 +2.7945e+00 -3.7120e+00 -2.9558e+00
1501 +1.143098304e+01 +1.143098304e+01 +3.287609830e+02 +3.287609830e+02 -1.5057e+00 -3.3319e+00 +3.8155e+00 +1.8923e+00 -1.8126e-01 -2.3220e+00 -3.2511e+00 +2.7991e+00 -3.7080e+00 -2.9613e+00
1532 +1.117875713e+01 +1.117875713e+01 +3.285087571e+02 +3.285087571e+02 -1.4830e+00 -3.3238e+00 +3.8300e+00 +1.8864e+00 -1.7965e-01 -2.3290e+00 -3.2492e+00 +2.8001e+00 -3.7137e+00 -2.9588e+00
1734 +1.095942490e+01 +1.095942490e+01 +3.282894249e+02 +3.282894249e+02 -1.4842e+00 -3.3294e+00 +3.8408e+00 +1.8981e+00 -1.8103e-01 -2.3340e+00 -3.2515e+00 +2.8030e+00 -3.7081e+00 -2.9562e+00
% function evaluation | noise-free fitness - Fopt (3.384000000000e+02) | best noise-free fitness - Fopt | measured fitness | best measured fitness | x1 | x2...
1 +3.020339375e+02 +3.020339375e+02 +6.404339375e+02 +6.404339375e+02 +0.0000e+00 +0.0000e+00 +0.0000e+00 +0.0000e+00 +0.0000e+00 +0.0000e+00 +0.0000e+00 +0.0000e+00 +0.0000e+00 +0.0000e+00
2 +2.564838943e+02 +2.564838943e+02 +5.948838943e+02 +5.948838943e+02 +4.7569e-01 +6.3962e-01 -1.2813e+00 -4.6694e-01 -3.9418e-01 -1.0406e-01 -6.3970e-01 +1.1086e+00 -4.6595e-01 -3.8034e-01
7 +2.368590251e+02 +2.368590251e+02 +5.752590251e+02 +5.752590251e+02 +3.7457e-01 -8.5661e-01 -1.1845e+00 +1.1062e+00 +1.1256e-01 -9.1188e-02 +1.2425e+00 +2.7766e-01 -2.5949e+00 -4.8232e-01
22 +2.044295447e+02 +2.044295447e+02 +5.428295447e+02 +5.428295447e+02 +2.6336e+00 -1.0230e+00 -1.8505e+00 -2.0509e-01 -4.7331e-01 -2.2577e+00 +1.0997e+00 +5.1753e-01 -1.4011e+00 +3.4815e-03
32 +1.873548593e+02 +1.873548593e+02 +5.257548593e+02 +5.257548593e+02 +3.3762e+00 -1.3475e+00 -1.5389e+00 +1.1948e+00 -1.7832e+00 -3.2731e+00 +3.8640e-01 +6.4359e-01 -2.3265e+00 -2.1320e-01
38 +1.536910829e+02 +1.536910829e+02 +4.920910829e+02 +4.920910829e+02 +2.7758e+00 -2.8840e+00 -8.4586e-01 -8.8703e-01 +6.1231e-01 -2.9550e+00 +1.6186e+00 +8.7634e-01 -2.0499e+00 -8.3983e-01
66 +1.472433762e+02 +1.472433762e+02 +4.856433762e+02 +4.856433762e+02 +2.5553e+00 -3.2395e+00 -6.6475e-01 +4.6298e-01 -1.0867e-01 -3.0825e+00 +3.7586e-02 +4.7983e-02 -9.7440e-01 -1.9812e+00
72 +1.360451947e+02 +1.360451947e+02 +4.744451947e+02 +4.744451947e+02 +9.2635e-01 -4.0988e+00 -1.4043e+00 +1.6343e+00 +1.1023e+00 -3.9145e+00 +4.8832e-01 -4.5512e-01 -1.0825e+00 -9.3675e-02
77 +1.232488934e+02 +1.232488934e+02 +4.616488934e+02 +4.616488934e+02 +2.8260e+00 -4.7249e+00 +3.8490e-02 +9.6127e-01 +1.6076e+00 -2.9038e+00 -5.7691e-02 -5.0024e-01 -1.6328e+00 -2.0564e+00
83 +1.156553520e+02 +1.156553520e+02 +4.540553520e+02 +4.540553520e+02 +2.8393e+00 -3.2990e+00 +5.1607e-01 +1.4668e+00 +2.3911e+00 -2.4320e+00 +3.7160e-01 -1.2118e+00 -2.0761e+00 -1.8352e+00
193 +8.899726467e+01 +8.899726467e+01 +4.273972647e+02 +4.273972647e+02 +8.2311e-01 -3.4572e+00 -7.8727e-01 +2.3459e-01 +7.1966e-01 -3.7627e+00 -7.0955e-01 -9.6367e-01 -2.1021e+00 -1.8863e+00
208 +8.139571854e+01 +8.139571854e+01 +4.197957185e+02 +4.197957185e+02 +7.8555e-01 -3.6870e+00 -4.2100e-01 +1.1203e+00 +4.5373e-01 -3.2762e+00 -6.6425e-01 -6.4428e-01 -2.0008e+00 -2.2509e+00
210 +8.043669337e+01 +8.043669337e+01 +4.188366934e+02 +4.188366934e+02 +4.0604e-01 -3.1423e+00 +5.0560e-02 +4.7025e-01 +4.3436e-01 -4.2585e+00 -1.0979e+00 -7.4724e-01 -2.0903e+00 -2.7736e+00
282 +7.850539620e+01 +7.850539620e+01 +4.169053962e+02 +4.169053962e+02 +1.9853e+00 -4.8353e+00 -1.2698e+00 +1.1746e+00 +5.6432e-01 -3.7933e+00 -5.2642e-01 -8.7716e-01 -1.8087e+00 -9.5490e-01
362 +7.261177526e+01 +7.261177526e+01 +4.110117753e+02 +4.110117753e+02 +2.8673e+00 -4.7413e+00 -3.4731e+00 +4.1575e-01 +1.1842e-01 -4.6367e+00 -6.0526e-01 -3.6317e-01 -2.5024e+00 -1.1907e+00
518 +6.027181973e+01 +6.027181973e+01 +3.986718197e+02 +3.986718197e+02 +1.8004e+00 -4.8298e+00 -2.2450e+00 +6.3391e-01 +5.5958e-01 -4.2742e+00 -4.2900e-01 -3.3539e-01 -1.6561e+00 -1.4175e+00
635 +5.560028525e+01 +5.560028525e+01 +3.940002852e+02 +3.940002852e+02 +1.7262e+00 -4.7507e+00 -2.3308e+00 +1.1698e+00 +6.6991e-01 -4.3585e+00 -5.7747e-01 +6.4747e-02 -9.9165e-01 -1.1102e+00
649 +5.455436468e+01 +5.455436468e+01 +3.929543647e+02 +3.929543647e+02 +1.7358e+00 -4.7189e+00 -2.1424e+00 +1.0463e+00 +6.5706e-01 -4.4254e+00 -6.4041e-01 +2.4882e-02 -1.0133e+00 -1.0592e+00
650 +5.109819558e+01 +5.109819558e+01 +3.894981956e+02 +3.894981956e+02 +1.9242e+00 -4.7696e+00 -2.2730e+00 +1.1082e+00 +5.3303e-01 -4.2560e+00 -5.0313e-01 +3.5776e-02 -9.8102e-01 -1.0844e+00
681 +4.831953565e+01 +4.831953565e+01 +3.867195357e+02 +3.867195357e+02 +1.8741e+00 -4.7054e+00 -2.0830e+00 +1.0838e+00 +5.7884e-01 -4.2872e+00 -5.3579e-01 -1.8549e-02 -1.0121e+00 -1.0775e+00
689 +4.091378600e+01 +4.091378600e+01 +3.793137860e+02 +3.793137860e+02 +1.8376e+00 -4.7351e+00 -2.1466e+00 +1.1529e+00 +5.9325e-01 -4.2957e+00 -5.9958e-01 +5.9979e-02 -1.0162e+00 -1.0950e+00
737 +4.023114635e+01 +4.023114635e+01 +3.786311464e+02 +3.786311464e+02 +1.8223e+00 -4.7230e+00 -2.2402e+00 +1.0954e+00 +5.3221e-01 -4.3718e+00 -5.7939e-01 +1.1518e-01 -9.7662e-01 -1.1131e+00
755 +3.763206039e+01 +3.763206039e+01 +3.760320604e+02 +3.760320604e+02 +1.8372e+00 -4.7602e+00 -2.2297e+00 +1.0787e+00 +5.9391e-01 -4.3704e+00 -5.6433e-01 +4.8740e-02 -9.7687e-01 -1.1700e+00
764 +3.175040369e+01 +3.175040369e+01 +3.701504037e+02 +3.701504037e+02 +1.7973e+00 -4.7931e+00 -2.1088e+00 +1.0991e+00 +6.1384e-01 -4.3794e+00 -5.8546e-01 +8.6369e-02 -9.0861e-01 -1.1969e+00
778 +3.069908931e+01 +3.069908931e+01 +3.690990893e+02 +3.690990893e+02 +1.8516e+00 -4.7970e+00 -2.0988e+00 +1.0963e+00 +6.0273e-01 -4.3458e+00 -5.4975e-01 +8.7448e-02 -9.1798e-01 -1.2144e+00
898 +3.002979046e+01 +3.002979046e+01 +3.684297905e+02 +3.684297905e+02 +1.8237e+00 -4.7699e+00 -2.1767e+00 +1.0714e+00 +5.7200e-01 -4.3001e+00 -5.5765e-01 +1.1490e-01 -8.7744e-01 -1.1925e+00
907 +2.923745422e+01 +2.923745422e+01 +3.676374542e+02 +3.676374542e+02 +1.8200e+00 -4.7711e+00 -2.1754e+00 +1.0545e+00 +5.8957e-01 -4.3217e+00 -5.6294e-01 +9.1897e-02 -8.9295e-01 -1.1897e+00
922 +2.859527859e+01 +2.859527859e+01 +3.669952786e+02 +3.669952786e+02 +1.8513e+00 -4.7754e+00 -2.1312e+00 +1.0422e+00 +5.7951e-01 -4.3169e+00 -5.6930e-01 +1.0230e-01 -9.0230e-01 -1.2217e+00
1014 +2.802167997e+01 +2.802167997e+01 +3.664216800e+02 +3.664216800e+02 +1.8668e+00 -4.7777e+00 -2.1356e+00 +1.0717e+00 +5.8412e-01 -4.3278e+00 -5.6874e-01 +9.8271e-02 -8.9098e-01 -1.2168e+00
% function evaluation | noise-free fitness - Fopt (-4.940000000000e+01) | best noise-free fitness - Fopt | measured fitness | best measured fitness | x1 | x2...
1 +3.991304702e+02 +3.991304702e+02 +3.497304702e+02 +3.497304702e+02 +0.0000e+00 +0.0000e+00 +0.0000e+00 +0.0000e+00 +0.0000e+00 +0.0000e+00 +0.0000e+00 +0.0000e+00 +0.0000e+00 +0.0000e+00
8 +2.905933845e+02 +2.905933845e+02 +2.411933845e+02 +2.411933845e+02 -9.9018e-01 +8.1191e-02 +1.1318e+00 -1.2466e+00 -7.0170e-01 -4.6004e-01 -2.4673e-01 -7.8499e-01 -6.3956e-03 +1.4771e+00
10 +2.166158790e+02 +2.166158790e+02 +1.672158790e+02 +1.672158790e+02 +1.5513e+00 -1.4874e+00 +7.0051e-02 +8.2614e-01 -7.3098e-01 +5.8126e-01 -1.8063e+00 -1.8881e+00 -7.0258e-01 +3.0639e-01
12 +1.975751494e+02 +1.975751494e+02 +1.481751494e+02 +1.481751494e+02 +2.9246e+00 -3.7614e-01 +9.5245e-01 +5.3605e-01 -3.2040e-01 +6.6523e-01 -1.4808e+00 -1.4984e+00 +5.4607e-01 +2.1464e-01
34 +1.392323789e+02 +1.392323789e+02 +8.983237886e+01 +8.983237886e+01 +3.8952e+00 -1.6377e+00 +1.4389e+00 +1.7766e+00 -5.8901e-01 +1.7806e+00 -1.5778e+00 -2.7850e+00 +2.1321e+00 +9.9341e-01
81 +1.236412303e+02 +1.236412303e+02 +7.424123032e+01 +7.424123032e+01 +2.2174e-01 +5.6335e-01 +4.5849e-01 +1.6592e+00 -2.4828e-01 +2.1697e+00 -2.9145e+00 -2.4527e+00 +1.2883e+00 +1.2226e+00
111 +1.035539049e+02 +1.035539049e+02 +5.415390490e+01 +5.415390490e+01 +2.5266e+00 -6.5160e-02 +6.5037e-01 +1.6909e-01 -7.2394e-01 +1.1056e+00 -2.8398e+00 -3.2869e+00 +2.1459e+00 +8.6211e-01
228 +9.869984208e+01 +9.869984208e+01 +4.929984208e+01 +4.929984208e+01 +6.9490e+00 -3.1049e-01 +1.7374e-01 +1.6639e-01 -1.9566e+00 +1.0482e+00 -3.4984e+00 -2.8631e+00 +5.8679e-02 +5.5982e-01
304 +9.341254955e+01 +9.341254955e+01 +4.401254955e+01 +4.401254955e+01 +5.3212e+00 -3.6389e-01 +4.2545e-01 +8.2932e-01 -2.1158e+00 +1.1902e+00 -3.8415e+00 -2.6562e+00 +9.7642e-01 -1.0786e-01
329 +8.328552491e+01 +8.328552491e+01 +3.388552491e+01 +3.388552491e+01 +5.6472e+00 -3.5061e-01 -2.5096e-02 +6.9843e-01 -1.9206e+00 +1.1937e+00 -3.8566e+00 -2.0509e+00 +1.6658e+00 -2.7321e-01
479 +7.653998599e+01 +7.653998599e+01 +2.713998599e+01 +2.713998599e+01 +4.9520e+00 -5.8387e-01 -2.1850e-01 +1.2798e-01 -1.9787e+00 +1.6797e+00 -3.8137e+00 -2.7944e+00 +1.8160e+00 -1.8300e-02
493 +6.857081006e+01 +6.857081006e+01 +1.917081006e+01 +1.917081006e+01 +4.9268e+00 -3.1549e-01 -1.0681e-01 +6.5362e-01 -1.9089e+00 +1.8960e+00 -3.8272e+00 -3.1966e+00 +1.7458e+00 +2.3583e-01
494 +6.379351577e+01 +6.379351577e+01 +1.439351577e+01 +1.439351577e+01 +4.9573e+00 -4.9465e-01 -1.6362e-01 +4.1152e-01 -2.0562e+00 +1.6986e+00 -3.7820e+00 -2.8288e+00 +1.7368e+00 +1.9523e-01
535 +5.854933792e+01 +5.854933792e+01 +9.149337920e+00 +9.149337920e+00 +4.8794e+00 -4.4100e-01 -2.7265e-01 +2.6137e-01 -1.9975e+00 +1.7671e+00 -3.9826e+00 -2.9701e+00 +1.7781e+00 +5.1773e-01
538 +4.742233714e+01 +4.742233714e+01 -1.977662858e+00 -1.977662858e+00 +4.9313e+00 -4.7726e-01 -2.0622e-01 +2.3485e-01 -1.9129e+00 +1.7536e+00 -3.7964e+00 -2.8653e+00 +1.7862e+00 +2.8513e-01
574 +4.584439070e+01 +4.584439070e+01 -3.555609303e+00 -3.555609303e+00 +5.0470e+00 -4.6012e-01 -1.7240e-01 +2.8228e-01 -1.9053e+00 +1.7256e+00 -3.7893e+00 -2.9397e+00 +1.7914e+00 +2.2064e-01
578 +3.480382566e+01 +3.480382566e+01 -1.459617434e+01 -1.459617434e+01 +4.9189e+00 -4.5156e-01 -1.2794e-01 +2.2310e-01 -1.9455e+00 +1.6856e+00 -3.8121e+00 -2.8908e+00 +1.7866e+00 +2.1918e-01
628 +3.343647163e+01 +3.343647163e+01 -1.596352837e+01 -1.596352837e+01 +4.8750e+00 -3.9675e-01 -1.9974e-01 +2.3730e-01 -1.9386e+00 +1.7404e+00 -3.8387e+00 -2.8645e+00 +1.7485e+00 +1.7146e-01
629 +2.989541477e+01 +2.989541477e+01 -1.950458523e+01 -1.950458523e+01 +4.8982e+00 -3.7120e-01 -1.5313e-01 +2.5026e-01 -1.9394e+00 +1.6929e+00 -3.8059e+00 -2.8969e+00 +1.7677e+00 +1.6406e-01
633 +2.868966853e+01 +2.868966853e+01 -2.071033147e+01 -2.071033147e+01 +4.9517e+00 -3.6876e-01 -1.6084e-01 +2.5322e-01 -1.9530e+00 +1.6932e+00 -3.8060e+00 -2.9057e+00 +1.7667e+00 +1.5199e-01
683 +2.813771582e+01 +2.813771582e+01 -2.126228418e+01 -2.126228418e+01 +4.9666e+00 -4.0176e-01 -1.4860e-01 +2.2757e-01 -1.9426e+00 +1.7043e+00 -3.8093e+00 -2.9000e+00 +1.7848e+00 +1.5654e-01
717 +2.734752555e+01 +2.734752555e+01 -2.205247445e+01 -2.205247445e+01 +4.9558e+00 -3.9869e-01 -1.6459e-01 +2.4182e-01 -1.9495e+00 +1.6995e+00 -3.8144e+00 -2.8860e+00 +1.7833e+00 +1.7404e-01
753 +2.690128499e+01 +2.690128499e+01 -2.249871501e+01 -2.249871501e+01 +4.9621e+00 -3.6002e-01 -1.6102e-01 +2.0069e-01 -1.9372e+00 +1.7069e+00 -3.8172e+00 -2.8898e+00 +1.7723e+00 +1.7890e-01
775 +2.622819114e+01 +2.622819114e+01 -2.317180886e+01 -2.317180886e+01 +4.9679e+00 -3.6919e-01 -1.5948e-01 +2.2010e-01 -1.9432e+00 +1.7056e+00 -3.8149e+00 -2.8779e+00 +1.7643e+00 +1.7436e-01
825 +2.568463871e+01 +2.568463871e+01 -2.371536129e+01 -2.371536129e+01 +4.9546e+00 -3.5247e-01 -1.6810e-01 +2.3776e-01 -1.9278e+00 +1.7051e+00 -3.8326e+00 -2.8745e+00 +1.7837e+00 +1.6576e-01
902 +2.510822229e+01 +2.510822229e+01 -2.429177771e+01 -2.429177771e+01 +4.9549e+00 -3.2314e-01 -1.5346e-01 +2.3872e-01 -1.9440e+00 +1.7056e+00 -3.8350e+00 -2.8759e+00 +1.7664e+00 +1.6638e-01
% function evaluation | noise-free fitness - Fopt (-5.557000000000e+01) | best noise-free fitness - Fopt | measured fitness | best measured fitness | x1 | x2...
1 +2.587246455e+02 +2.587246455e+02 +2.031546455e+02 +2.031546455e+02 +0.0000e+00 +0.0000e+00 +0.0000e+00 +0.0000e+00 +0.0000e+00 +0.0000e+00 +0.0000e+00 +0.0000e+00 +0.0000e+00 +0.0000e+00
22 +2.170797089e+02 +2.170797089e+02 +1.615097089e+02 +1.615097089e+02 -5.8819e-01 +1.0484e+00 -6.3249e-01 +1.3708e-01 -4.7408e-01 +5.5121e-01 +5.5597e-02 -5.1433e-01 +5.4627e-01 +1.0193e+00
32 +1.678301317e+02 +1.678301317e+02 +1.122601317e+02 +1.122601317e+02 -2.4130e+00 +7.6836e-01 -4.4824e-01 -1.7224e+00 -1.6986e+00 +1.0578e+00 +1.2752e+00 -7.2614e-02 -2.8392e-01 +2.7484e+00
68 +1.096408821e+02 +1.096408821e+02 +5.407088209e+01 +5.407088209e+01 -1.6104e+00 +2.3676e+00 -1.1346e+00 +1.0428e+00 -1.0960e+00 +9.6226e-01 +1.9974e+00 -1.5082e+00 -3.1697e-01 +3.1427e+00
99 +1.042624318e+02 +1.042624318e+02 +4.869243177e+01 +4.869243177e+01 -8.4625e-01 +1.7683e+00 -2.7924e+00 +1.2868e-01 -1.3227e+00 +3.1435e+00 +2.0204e+00 +8.1082e-01 -6.6074e-01 +3.1806e+00
100 +9.858411503e+01 +9.858411503e+01 +4.301411503e+01 +4.301411503e+01 -2.8034e+00 +1.5796e+00 -1.7218e+00 +9.5776e-01 -6.9818e-01 +1.9488e+00 +1.9567e+00 +1.2798e-01 -3.3159e-01 +2.1895e+00
160 +9.297104937e+01 +9.297104937e+01 +3.740104937e+01 +3.740104937e+01 -3.7966e+00 +3.8512e+00 -2.7976e-01 +4.2544e+00 -9.0980e-01 +3.8276e+00 +8.5711e-01 +4.7744e-01 -2.1357e+00 +2.5142e+00
198 +8.880029175e+01 +8.880029175e+01 +3.323029175e+01 +3.323029175e+01 -4.6514e+00 +1.4873e+00 -1.7187e+00 +4.1800e+00 -1.2905e+00 +3.6786e+00 +1.2657e+00 +2.2934e-02 -2.1559e+00 +2.4482e+00
234 +7.078913054e+01 +7.078913054e+01 +1.521913054e+01 +1.521913054e+01 -2.9655e+00 +3.0657e+00 -3.4865e-01 +3.8025e+00 -1.8147e+00 +2.4617e+00 +5.2456e-01 -1.5709e+00 -1.4622e+00 +1.8716e+00
379 +6.533851960e+01 +6.533851960e+01 +9.768519604e+00 +9.768519604e+00 -3.0765e+00 +3.1659e+00 -1.1980e+00 +2.9911e+00 -2.2514e+00 +3.1658e+00 +1.4002e-01 -1.5308e+00 -5.1736e-01 +2.5375e+00
392 +4.727226986e+01 +4.727226986e+01 -8.297730142e+00 -8.297730142e+00 -3.1425e+00 +3.2219e+00 -1.1308e+00 +3.0256e+00 -2.3789e+00 +3.2278e+00 +1.3678e-01 -1.1252e+00 -8.1188e-01 +2.5365e+00
706 +4.456867217e+01 +4.456867217e+01 -1.100132783e+01 -1.100132783e+01 -2.9861e+00 +3.3499e+00 -1.2684e+00 +2.9724e+00 -2.3230e+00 +3.1869e+00 +1.0635e-01 -1.4561e+00 -1.1830e+00 +2.5023e+00
709 +3.740913969e+01 +3.740913969e+01 -1.816086031e+01 -1.816086031e+01 -2.9671e+00 +3.3407e+00 -1.1729e+00 +3.0039e+00 -2.3629e+00 +3.1771e+00 +1.0034e-01 -1.5137e+00 -1.1862e+00 +2.5543e+00
717 +3.490455372e+01 +3.490455372e+01 -2.066544628e+01 -2.066544628e+01 -2.9092e+00 +3.3134e+00 -1.1830e+00 +2.9270e+00 -2.3910e+00 +3.2268e+00 +1.2746e-01 -1.4937e+00 -1.2116e+00 +2.5231e+00
768 +3.053056642e+01 +3.053056642e+01 -2.503943358e+01 -2.503943358e+01 -2.9351e+00 +3.3018e+00 -1.1658e+00 +2.8940e+00 -2.3632e+00 +3.2717e+00 +1.2799e-01 -1.5022e+00 -1.1460e+00 +2.5509e+00
818 +2.969530630e+01 +2.969530630e+01 -2.587469370e+01 -2.587469370e+01 -2.9349e+00 +3.3079e+00 -1.1825e+00 +2.9459e+00 -2.3925e+00 +3.2793e+00 +9.3408e-02 -1.5259e+00 -1.1565e+00 +2.5502e+00
827 +2.818615081e+01 +2.818615081e+01 -2.738384919e+01 -2.738384919e+01 -2.9466e+00 +3.3325e+00 -1.1580e+00 +2.8967e+00 -2.4095e+00 +3.2693e+00 +8.2000e-02 -1.5071e+00 -1.1487e+00 +2.5283e+00
835 +2.783706431e+01 +2.783706431e+01 -2.773293569e+01 -2.773293569e+01 -2.9686e+00 +3.3229e+00 -1.1588e+00 +2.8729e+00 -2.4191e+00 +3.2814e+00 +8.0176e-02 -1.5138e+00 -1.1601e+00 +2.5402e+00
866 +2.672061684e+01 +2.672061684e+01 -2.884938316e+01 -2.884938316e+01 -2.9610e+00 +3.3052e+00 -1.1657e+00 +2.9001e+00 -2.4206e+00 +3.2362e+00 +9.7379e-02 -1.5155e+00 -1.1735e+00 +2.5224e+00
878 +2.623679253e+01 +2.623679253e+01 -2.933320747e+01 -2.933320747e+01 -2.9608e+00 +3.3005e+00 -1.1796e+00 +2.8818e+00 -2.4101e+00 +3.2535e+00 +8.5076e-02 -1.4828e+00 -1.1558e+00 +2.5223e+00
962 +2.561927132e+01 +2.561927132e+01 -2.995072868e+01 -2.995072868e+01 -2.9511e+00 +3.2736e+00 -1.1841e+00 +2.9075e+00 -2.4178e+00 +3.2378e+00 +8.3007e-02 -1.4905e+00 -1.1591e+00 +2.5317e+00
1093 +2.511691974e+01 +2.511691974e+01 -3.045308026e+01 -3.045308026e+01 -2.9601e+00 +3.2867e+00 -1.1798e+00 +2.9107e+00 -2.4324e+00 +3.2363e+00 +9.3381e-02 -1.4953e+00 -1.1566e+00 +2.5399e+00
% function evaluation | noise-free fitness - Fopt (-1.412700000000e+02) | best noise-free fitness - Fopt | measured fitness | best measured fitness | x1 | x2...
1 +4.372821828e+02 +4.372821828e+02 +2.960121828e+02 +2.960121828e+02 +0.0000e+00 +0.0000e+00 +0.0000e+00 +0.0000e+00 +0.0000e+00 +0.0000e+00 +0.0000e+00 +0.0000e+00 +0.0000e+00 +0.0000e+00
6 +3.126881634e+02 +3.126881634e+02 +1.714181634e+02 +1.714181634e+02 -3.2145e-01 -1.2159e+00 +8.0950e-01 -2.0627e-01 +5.6894e-01 +1.1379e+00 +4.3901e-01 -8.0530e-01 -2.7107e-01 -5.2605e-01
7 +2.200939729e+02 +2.200939729e+02 +7.882397288e+01 +7.882397288e+01 -1.9392e+00 -1.0342e+00 +6.4979e-01 +1.6706e-01 +7.8697e-02 +2.3518e-01 +1.3273e-01 -1.2353e+00 +8.3198e-02 -1.1726e+00
12 +1.960264158e+02 +1.960264158e+02 +5.475641577e+01 +5.475641577e+01 -3.4710e+00 -1.9238e+00 +1.3154e+00 +6.2012e-01 -2.2515e-01 +6.1565e-01 -3.3643e-01 -1.4187e+00 -8.4338e-01 -2.2160e+00
27 +1.787772678e+02 +1.787772678e+02 +3.750726779e+01 +3.750726779e+01 -2.5810e+00 -1.9992e+00 +1.7744e+00 +1.3216e-01 -3.2042e-01 +1.0846e+00 +3.1428e-02 -1.6735e+00 -8.8788e-01 -2.9127e+00
42 +1.130528050e+02 +1.130528050e+02 -2.821719498e+01 -2.821719498e+01 +1.2660e+00 +6.7987e-01 +7.6226e-01 -6.9675e-01 +8.1273e-02 +7.3733e-01 +1.0347e+00 -1.6397e+00 -4.3938e-01 -2.1063e+00
56 +1.103161989e+02 +1.103161989e+02 -3.095380107e+01 -3.095380107e+01 +1.6426e+00 +5.2595e-01 +4.0962e-01 -1.1044e+00 +4.6938e-01 +1.1617e+00 +1.6506e+00 -2.5318e+00 -1.4447e+00 -3.1525e+00
71 +9.019565965e+01 +9.019565965e+01 -5.107434035e+01 -5.107434035e+01 +2.2945e+00 +1.9200e+00 +1.4110e+00 -1.2576e+00 +1.3694e+00 +7.4290e-01 +1.3625e+00 -3.0573e+00 -2.0273e+00 -2.5530e+00
185 +7.535549566e+01 +7.535549566e+01 -6.591450434e+01 -6.591450434e+01 +6.3882e-01 +4.2836e+00 +1.3545e+00 +1.2865e+00 -2.6803e-01 -1.0483e+00 +2.2813e+00 -3.0290e+00 -1.5252e+00 -3.1470e+00
229 +7.318878909e+01 +7.318878909e+01 -6.808121091e+01 -6.808121091e+01 +8.3513e-01 +3.1785e+00 -3.4930e-01 +1.3428e+00 +9.6102e-01 -4.3785e-01 +2.2776e+00 -2.5356e+00 -8.3809e-01 -1.6901e+00
466 +5.889715698e+01 +5.889715698e+01 -8.237284302e+01 -8.237284302e+01 +9.1462e-01 +3.3256e+00 -9.1098e-01 +1.4195e+00 +2.0001e-01 -2.9055e-01 +2.8065e+00 -2.9768e+00 +7.4396e-02 -1.5620e+00
542 +5.637437587e+01 +5.637437587e+01 -8.489562413e+01 -8.489562413e+01 +8.5376e-01 +3.3514e+00 -8.8198e-01 +1.3412e+00 +1.7297e-01 -3.3488e-01 +2.7712e+00 -2.9314e+00 -4.7701e-02 -1.7623e+00
573 +5.533951656e+01 +5.533951656e+01 -8.593048344e+01 -8.593048344e+01 +9.1587e-01 +3.4021e+00 -9.3097e-01 +1.3156e+00 +1.1811e-01 -3.2601e-01 +2.8427e+00 -3.0065e+00 +1.2678e-02 -1.7707e+00
598 +5.292032011e+01 +5.292032011e+01 -8.834967989e+01 -8.834967989e+01 +9.9167e-01 +3.3952e+00 -8.6769e-01 +1.3725e+00 +1.3160e-01 -3.4200e-01 +2.7861e+00 -2.9729e+00 -2.9696e-02 -1.8014e+00
609 +5.180482871e+01 +5.180482871e+01 -8.946517129e+01 -8.946517129e+01 +9.6085e-01 +3.3672e+00 -9.2117e-01 +1.3003e+00 +1.4379e-01 -3.3854e-01 +2.7806e+00 -2.9801e+00 -3.4693e-02 -1.7832e+00
613 +5.073244566e+01 +5.073244566e+01 -9.053755434e+01 -9.053755434e+01 +9.9287e-01 +3.4257e+00 -9.2081e-01 +1.3223e+00 +1.5618e-01 -3.1958e-01 +2.7980e+00 -2.9760e+00 -2.8758e-02 -1.7744e+00
656 +4.982733910e+01 +4.982733910e+01 -9.144266090e+01 -9.144266090e+01 +9.3825e-01 +3.4013e+00 -9.9202e-01 +1.2446e+00 +1.2471e-01 -3.5659e-01 +2.8203e+00 -2.9716e+00 -4.4266e-02 -1.8252e+00
664 +4.849638681e+01 +4.849638681e+01 -9.277361319e+01 -9.277361319e+01 +9.7425e-01 +3.4606e+00 -9.6423e-01 +1.2593e+00 +1.0482e-01 -3.8175e-01 +2.8043e+00 -2.9519e+00 +1.7479e-02 -1.8355e+00
682 +4.782674119e+01 +4.782674119e+01 -9.344325881e+01 -9.344325881e+01 +9.8410e-01 +3.4554e+00 -9.6265e-01 +1.2230e+00 +1.0785e-01 -3.6861e-01 +2.7977e+00 -2.9423e+00 +1.0091e-02 -1.8923e+00
700 +4.522810568e+01 +4.522810568e+01 -9.604189432e+01 -9.604189432e+01 +9.0444e-01 +3.4366e+00 -9.7589e-01 +1.2452e+00 +1.2673e-01 -3.8255e-01 +2.8281e+00 -2.9533e+00 +1.5667e-03 -1.8889e+00
709 +4.401120381e+01 +4.401120381e+01 -9.725879619e+01 -9.725879619e+01 +9.0190e-01 +3.4466e+00 -9.5884e-01 +1.2412e+00 +1.4338e-01 -3.9832e-01 +2.8331e+00 -2.9564e+00 +4.9087e-03 -1.8835e+00
714 +4.304984021e+01 +4.304984021e+01 -9.822015979e+01 -9.822015979e+01 +8.9302e-01 +3.4539e+00 -9.5540e-01 +1.2151e+00 +1.5651e-01 -4.0153e-01 +2.8130e+00 -2.9431e+00 +3.8680e-03 -1.8967e+00
752 +4.223899382e+01 +4.223899382e+01 -9.903100618e+01 -9.903100618e+01 +8.8041e-01 +3.4344e+00 -8.8582e-01 +1.2368e+00 +1.7287e-01 -4.0500e-01 +2.8222e+00 -2.9558e+00 -3.6160e-03 -1.8493e+00
789 +4.123089668e+01 +4.123089668e+01 -1.000391033e+02 -1.000391033e+02 +8.5310e-01 +3.4472e+00 -9.1353e-01 +1.2524e+00 +1.8976e-01 -4.0710e-01 +2.8190e+00 -2.9582e+00 +6.7082e-03 -1.8604e+00
812 +4.025324788e+01 +4.025324788e+01 -1.010167521e+02 -1.010167521e+02 +9.1380e-01 +3.4755e+00 -9.2987e-01 +1.2373e+00 +1.9293e-01 -3.9457e-01 +2.8153e+00 -2.9649e+00 +2.3134e-02 -1.9003e+00
887 +3.954683367e+01 +3.954683367e+01 -1.017231663e+02 -1.017231663e+02 +8.8468e-01 +3.4211e+00 -9.2487e-01 +1.2204e+00 +2.2417e-01 -3.8823e-01 +2.8100e+00 -2.9692e+00 +8.4534e-03 -1.9073e+00
1056 +3.884924285e+01 +3.884924285e+01 -1.024207572e+02 -1.024207572e+02 +8.8777e-01 +3.4264e+00 -8.9802e-01 +1.2443e+00 +2.2199e-01 -3.8946e-01 +2.8124e+00 -2.9623e+00 +1.5905e-02 -1.9130e+00
% function evaluation | noise-free fitness - Fopt (1.822100000000e+02) | best noise-free fitness - Fopt | measured fitness | best measured fitness | x1 | x2...
1 +2.580694094e+02 +2.580694094e+02 +4.402794094e+02 +4.402794094e+02 +0.0000e+00 +0.0000e+00 +0.0000e+00 +0.0000e+00 +0.0000e+00 +0.0000e+00 +0.0000e+00 +0.0000e+00 +0.0000e+00 +0.0000e+00
9 +2.324122559e+02 +2.324122559e+02 +4.146222559e+02 +4.146222559e+02 +1.3651e-01 -5.5614e-01 +1.6476e+00 +4.9769e-01 +7.0506e-01 -7.5249e-01 -4.7818e-01 +2.2696e-01 +1.4453e+00 +5.2485e-01
11 +2.275061659e+02 +2.275061659e+02 +4.097161659e+02 +4.097161659e+02 +2.5000e+00 -2.0605e+00 +2.2951e-01 -4.8301e-01 +1.5330e+00 +1.0008e+00 +3.4100e-01 +1.3907e+00 +1.2663e+00 +8.5426e-01
12 +2.159658616e+02 +2.159658616e+02 +3.981758616e+02 +3.981758616e+02 +2.7988e+00 -2.2773e+00 +1.5698e+00 -5.7181e-01 +2.0585e+00 +7.4275e-01 +1.3951e+00 +1.9178e+00 +1.7673e+00 +2.6579e+00
13 +2.018691827e+02 +2.018691827e+02 +3.840791827e+02 +3.840791827e+02 +3.6354e+00 -2.5198e+00 +3.1976e-01 -1.7045e-01 +1.0056e+00 +5.3020e-01 +4.6407e-01 +9.8591e-01 +8.0348e-01 +5.7748e-02
15 +1.836021211e+02 +1.836021211e+02 +3.658121211e+02 +3.658121211e+02 +2.8073e+00 -1.3273e+00 +2.9552e-01 -6.7876e-01 +2.0137e+00 +1.9169e+00 -3.4592e-01 +1.7791e+00 +2.1453e+00 +2.2205e+00
23 +1.739997087e+02 +1.739997087e+02 +3.562097087e+02 +3.562097087e+02 +3.6300e+00 -4.0937e+00 -2.0290e+00 -8.9879e-01 +2.2020e+00 +8.1935e-01 -9.0258e-01 +2.8524e+00 +1.7135e+00 +1.6364e+00
25 +1.580905164e+02 +1.580905164e+02 +3.403005164e+02 +3.403005164e+02 +3.7256e+00 -4.4391e+00 -2.6013e-01 -8.8114e-02 +2.1966e+00 +7.3995e-01 -1.3953e+00 +2.9164e+00 +1.0611e+00 +2.6860e+00
40 +1.501262834e+02 +1.501262834e+02 +3.323362834e+02 +3.323362834e+02 +4.8316e+00 -4.9470e+00 -8.5331e-01 +4.4520e-01 +3.5257e+00 +5.2533e-01 -1.2185e+00 +3.2537e+00 -4.1080e-01 +2.1780e+00
42 +1.335458325e+02 +1.335458325e+02 +3.157558325e+02 +3.157558325e+02 +5.8973e+00 -4.3222e+00 -8.3674e-01 +1.1269e+00 +1.2242e+00 +1.2579e+00 -2.0444e+00 +2.7151e+00 +1.3153e-01 +1.5725e+00
122 +1.304747781e+02 +1.304747781e+02 +3.126847781e+02 +3.126847781e+02 +3.3579e+00 -3.0754e+00 -2.3678e+00 +1.2396e+00 +3.4891e-01 +2.4796e-01 -7.6646e-01 +8.5894e-01 +7.5093e-01 +1.4104e+00
126 +1.199974597e+02 +1.199974597e+02 +3.022074597e+02 +3.022074597e+02 +2.0020e+00 -3.2045e+00 -2.8478e+00 +3.5888e-01 -2.4557e-01 +5.1102e-01 -4.5614e-01 +1.9516e+00 +1.1898e+00 +1.4152e+00
161 +1.028217065e+02 +1.028217065e+02 +2.850317065e+02 +2.850317065e+02 +2.8067e+00 -5.9697e+00 -1.3847e+00 +3.1605e-01 +1.2658e+00 +8.3382e-01 -7.8579e-01 +8.1938e-01 +2.3897e+00 +2.1708e+00
218 +1.009456953e+02 +1.009456953e+02 +2.831556953e+02 +2.831556953e+02 +2.9309e+00 -5.9820e+00 +8.4665e-01 +2.3588e+00 +7.9147e-01 +5.8392e-01 -1.4978e+00 +2.4349e+00 +1.6143e+00 +2.8707e+00
222 +9.295698171e+01 +9.295698171e+01 +2.751669817e+02 +2.751669817e+02 +1.4664e+00 -5.3100e+00 +8.9183e-03 +3.2425e+00 +4.9287e-01 +9.1220e-01 -1.7644e+00 +1.9814e+00 +1.5109e+00 +3.3165e+00
264 +8.168818797e+01 +8.168818797e+01 +2.638981880e+02 +2.638981880e+02 +2.7619e+00 -5.0478e+00 +2.3662e-01 +2.8876e+00 +7.4886e-02 +1.3525e+00 -1.6839e+00 +2.4051e+00 +7.5031e-01 +2.0183e+00
340 +7.423499327e+01 +7.423499327e+01 +2.564449933e+02 +2.564449933e+02 +1.8199e+00 -2.9177e+00 +6.3186e-01 +3.1222e+00 +1.0750e+00 +8.3294e-01 -1.6249e+00 +1.9835e+00 +1.8782e+00 +2.0260e+00
429 +6.941441898e+01 +6.941441898e+01 +2.516244190e+02 +2.516244190e+02 +1.8008e+00 -3.1937e+00 -1.5631e+00 +3.5245e+00 -7.7386e-02 +5.4244e-01 -2.5660e+00 +2.0741e+00 +1.7988e+00 +1.8716e+00
493 +6.657797707e+01 +6.657797707e+01 +2.487879771e+02 +2.487879771e+02 +1.9125e+00 -3.3278e+00 -8.3241e-01 +3.0892e+00 +5.5038e-01 +1.1126e+00 -2.0330e+00 +1.3405e+00 +2.1604e+00 +2.8101e+00
505 +6.410440455e+01 +6.410440455e+01 +2.463144046e+02 +2.463144046e+02 +2.4215e+00 -2.5540e+00 -8.8732e-01 +2.9956e+00 +4.3626e-01 +8.0528e-01 -1.1945e+00 +1.6356e+00 +2.2036e+00 +2.4618e+00
548 +6.206348884e+01 +6.206348884e+01 +2.442734888e+02 +2.442734888e+02 +1.8398e+00 -2.6170e+00 -7.4775e-01 +3.7796e+00 -7.7311e-01 +1.7564e+00 -8.7131e-01 +2.2213e+00 +1.8948e+00 +2.5654e+00
600 +5.074262879e+01 +5.074262879e+01 +2.329526288e+02 +2.329526288e+02 +1.5084e+00 -2.5597e+00 -7.3069e-01 +3.6841e+00 -1.7090e-01 +1.1770e+00 -1.6948e+00 +2.1997e+00 +1.9189e+00 +2.5863e+00
853 +4.798353984e+01 +4.798353984e+01 +2.301935398e+02 +2.301935398e+02 +1.9505e+00 -3.2289e+00 -7.6586e-01 +3.8109e+00 +4.0495e-02 +1.1923e-01 -1.7295e+00 +2.1479e+00 +1.4563e+00 +2.2099e+00
855 +4.739837145e+01 +4.739837145e+01 +2.296083714e+02 +2.296083714e+02 +1.7958e+00 -3.2100e+00 -8.2033e-01 +3.7574e+00 -3.1776e-01 +7.2145e-02 -1.7174e+00 +2.0218e+00 +1.2870e+00 +2.1806e+00
883 +4.119636451e+01 +4.119636451e+01 +2.234063645e+02 +2.234063645e+02 +1.7906e+00 -2.6881e+00 -8.2242e-01 +3.7529e+00 -1.0006e-01 +1.4064e-01 -1.7531e+00 +2.4492e+00 +1.2800e+00 +2.1547e+00
919 +3.749819553e+01 +3.749819553e+01 +2.197081955e+02 +2.197081955e+02 +1.6849e+00 -3.0228e+00 -8.4350e-01 +3.8013e+00 -2.9854e-01 +6.2921e-01 -1.7915e+00 +2.4252e+00 +1.0946e+00 +2.1654e+00
930 +2.679000441e+01 +2.679000441e+01 +2.090000044e+02 +2.090000044e+02 +1.8089e+00 -3.2636e+00 -9.2043e-01 +3.8468e+00 -2.3538e-01 +6.5546e-01 -1.8198e+00 +2.3679e+00 +1.1782e+00 +2.1854e+00
939 +2.331687032e+01 +2.331687032e+01 +2.055268703e+02 +2.055268703e+02 +1.7406e+00 -3.2089e+00 -8.7102e-01 +3.8032e+00 -9.7246e-02 +6.5416e-01 -1.8606e+00 +2.4234e+00 +1.1352e+00 +2.1755e+00
1038 +2.209736059e+01 +2.209736059e+01 +2.043073606e+02 +2.043073606e+02 +1.6972e+00 -3.2031e+00 -7.8329e-01 +3.7921e+00 -5.2395e-02 +5.8325e-01 -1.6538e+00 +2.4282e+00 +1.1095e+00 +2.1400e+00
1044 +1.990611916e+01 +1.990611916e+01 +2.021161192e+02 +2.021161192e+02 +1.7127e+00 -3.1643e+00 -7.9736e-01 +3.8513e+00 -1.9974e-02 +6.9714e-01 -1.7173e+00 +2.4259e+00 +1.1895e+00 +2.1880e+00
1047 +1.771844360e+01 +1.771844360e+01 +1.999284436e+02 +1.999284436e+02 +1.7049e+00 -3.2058e+00 -7.5487e-01 +3.8434e+00 -1.4906e-01 +6.6288e-01 -1.6801e+00 +2.4258e+00 +1.1006e+00 +2.1417e+00
1054 +1.138697914e+01 +1.138697914e+01 +1.935969791e+02 +1.935969791e+02 +1.7540e+00 -3.2380e+00 -7.0643e-01 +3.7913e+00 -1.7360e-01 +6.5690e-01 -1.6776e+00 +2.4481e+00 +1.1386e+00 +2.1456e+00
1077 +8.237880251e+00 +8.237880251e+00 +1.904478803e+02 +1.904478803e+02 +1.7638e+00 -3.2122e+00 -7.8955e-01 +3.7607e+00 -1.8487e-01 +6.3762e-01 -1.7374e+00 +2.4173e+00 +1.1497e+00 +2.1829e+00
1122 +7.684271106e+00 +7.684271106e+00 +1.898942711e+02 +1.898942711e+02 +1.7534e+00 -3.2856e+00 -7.7641e-01 +3.7475e+00 -2.2097e-01 +6.4236e-01 -1.6797e+00 +2.4554e+00 +1.1427e+00 +2.1751e+00
1147 +7.497753566e+00 +7.497753566e+00 +1.897077536e+02 +1.897077536e+02 +1.7451e+00 -3.3070e+00 -7.5085e-01 +3.7941e+00 -1.8965e-01 +6.5659e-01 -1.6917e+00 +2.4308e+00 +1.1361e+00 +2.1861e+00
1156 +7.377140167e+00 +7.377140167e+00 +1.895871402e+02 +1.895871402e+02 +1.7286e+00 -3.3306e+00 -7.4818e-01 +3.7825e+00 -2.1204e-01 +6.5709e-01 -1.6752e+00 +2.4311e+00 +1.1588e+00 +2.1756e+00
1157 +7.085919412e+00 +7.085919412e+00 +1.892959194e+02 +1.892959194e+02 +1.7657e+00 -3.2891e+00 -7.4573e-01 +3.8062e+00 -1.8897e-01 +6.7162e-01 -1.7004e+00 +2.4151e+00 +1.1448e+00 +2.1759e+00
1183 +6.324745986e+00 +6.324745986e+00 +1.885347460e+02 +1.885347460e+02 +1.7604e+00 -3.3215e+00 -7.5829e-01 +3.7816e+00 -2.1474e-01 +6.6701e-01 -1.7108e+00 +2.4242e+00 +1.1530e+00 +2.1704e+00
1202 +5.746943180e+00 +5.746943180e+00 +1.879569432e+02 +1.879569432e+02 +1.7664e+00 -3.2843e+00 -7.6498e-01 +3.7840e+00 -1.9682e-01 +6.7123e-01 -1.7168e+00 +2.4237e+00 +1.1626e+00 +2.1789e+00
1217 +5.503018481e+00 +5.503018481e+00 +1.877130185e+02 +1.877130185e+02 +1.7761e+00 -3.2892e+00 -7.7066e-01 +3.7696e+00 -1.8488e-01 +6.6737e-01 -1.7152e+00 +2.4250e+00 +1.1668e+00 +2.1751e+00
1224 +5.375828698e+00 +5.375828698e+00 +1.875858287e+02 +1.875858287e+02 +1.7728e+00 -3.2787e+00 -7.7319e-01 +3.7691e+00 -1.7025e-01 +6.6778e-01 -1.7044e+00 +2.4318e+00 +1.1547e+00 +2.1714e+00
1268 +5.334142271e+00 +5.334142271e+00 +1.875441423e+02 +1.875441423e+02 +1.7744e+00 -3.2826e+00 -7.8510e-01 +3.7619e+00 -1.8915e-01 +6.7604e-01 -1.6931e+00 +2.4291e+00 +1.1602e+00 +2.1737e+00
1314 +5.211580570e+00 +5.211580570e+00 +1.874215806e+02 +1.874215806e+02 +1.7604e+00 -3.2923e+00 -7.8536e-01 +3.7706e+00 -1.6820e-01 +6.5913e-01 -1.7039e+00 +2.4371e+00 +1.1578e+00 +2.1727e+00
1352 +5.115668679e+00 +5.115668679e+00 +1.873256687e+02 +1.873256687e+02 +1.7728e+00 -3.3032e+00 -7.8253e-01 +3.7719e+00 -1.7993e-01 +6.5818e-01 -1.6958e+00 +2.4308e+00 +1.1571e+00 +2.1709e+00
1420 +5.008681584e+00 +5.008681584e+00 +1.872186816e+02 +1.872186816e+02 +1.7813e+00 -3.2944e+00 -7.8984e-01 +3.7748e+00 -1.8506e-01 +6.5862e-01 -1.7011e+00 +2.4309e+00 +1.1586e+00 +2.1719e+00
% function evaluation | noise-free fitness - Fopt (8.191000000000e+01) | best noise-free fitness - Fopt | measured fitness | best measured fitness | x1 | x2...
1 +2.570233005e+02 +2.570233005e+02 +3.389333005e+02 +3.389333005e+02 +0.0000e+00 +0.0000e+00 +0.0000e+00 +0.0000e+00 +0.0000e+00 +0.0000e+00 +0.0000e+00 +0.0000e+00 +0.0000e+00 +0.0000e+00
2 +1.938311993e+02 +1.938311993e+02 +2.757411993e+02 +2.757411993e+02 -1.1384e-01 -2.8514e-01 -1.5719e+00 -2.1162e+00 +2.3179e+00 +9.5788e-01 +1.6793e-01 +1.4293e+00 -4.3456e-01 +1.2803e+00
13 +1.557280520e+02 +1.557280520e+02 +2.376380520e+02 +2.376380520e+02 -6.7621e-02 +1.1206e+00 -1.1408e+00 -3.3054e+00 +3.1936e+00 +1.0451e+00 -8.6019e-01 +1.5530e+00 -5.0884e-01 +2.1622e-01
27 +1.180708852e+02 +1.180708852e+02 +1.999808852e+02 +1.999808852e+02 -8.7185e-01 +2.0973e+00 -8.8443e-01 -3.9992e+00 +2.7004e+00 +7.3043e-01 +2.2712e-01 +2.9912e+00 -5.2371e-01 -7.2870e-01
112 +7.798274380e+01 +7.798274380e+01 +1.598927438e+02 +1.598927438e+02 +1.2155e+00 +1.2540e+00 +2.6846e-01 -4.1528e+00 +2.8807e+00 +2.4929e+00 +5.2096e-01 +3.7750e+00 -2.8868e-01 -6.8669e-01
291 +7.049815551e+01 +7.049815551e+01 +1.524081555e+02 +1.524081555e+02 +1.1626e+00 -1.7789e+00 +1.4297e+00 -4.0725e+00 +2.3303e+00 +2.6113e+00 +2.4609e-01 +4.6150e+00 -1.7373e+00 -7.2336e-01
340 +6.656635403e+01 +6.656635403e+01 +1.484763540e+02 +1.484763540e+02 +2.0190e-01 -1.4628e+00 +1.1011e+00 -3.5479e+00 +1.6919e+00 +2.1010e+00 +2.6030e-01 +3.2055e+00 -1.8271e+00 -4.6412e-01
541 +5.826783621e+01 +5.826783621e+01 +1.401778362e+02 +1.401778362e+02 +1.0753e+00 -1.4205e+00 -4.9234e-02 -4.7430e+00 +2.3390e+00 +2.6402e+00 +1.4953e-01 +3.5736e+00 -1.3243e+00 -1.0906e+00
748 +5.217357408e+01 +5.217357408e+01 +1.340835741e+02 +1.340835741e+02 +2.2424e+00 -1.2925e+00 -6.9265e-01 -4.0654e+00 +2.7774e+00 +4.5775e+00 +7.7432e-02 +3.6395e+00 -1.3370e+00 -3.2291e-01
841 +5.044993721e+01 +5.044993721e+01 +1.323599372e+02 +1.323599372e+02 +2.2753e+00 -1.1790e+00 -6.8609e-01 -4.1052e+00 +3.0115e+00 +4.5579e+00 +1.2469e-01 +3.6223e+00 -1.3452e+00 -4.4962e-01
854 +4.649844457e+01 +4.649844457e+01 +1.284084446e+02 +1.284084446e+02 +2.1953e+00 -1.1190e+00 -7.0698e-01 -4.0412e+00 +3.0494e+00 +4.6065e+00 +1.6421e-01 +3.7162e+00 -1.3338e+00 -4.4181e-01
860 +4.326219240e+01 +4.326219240e+01 +1.251721924e+02 +1.251721924e+02 +2.2437e+00 -1.1008e+00 -7.2694e-01 -4.0468e+00 +2.9925e+00 +4.5925e+00 +1.1124e-01 +3.6841e+00 -1.3139e+00 -4.1521e-01
879 +4.092878553e+01 +4.092878553e+01 +1.228387855e+02 +1.228387855e+02 +2.2483e+00 -1.1996e+00 -6.7079e-01 -4.0734e+00 +2.9714e+00 +4.5679e+00 +1.4135e-01 +3.6239e+00 -1.3494e+00 -3.9622e-01
884 +3.896185949e+01 +3.896185949e+01 +1.208718595e+02 +1.208718595e+02 +2.2360e+00 -1.1740e+00 -6.4745e-01 -4.0933e+00 +2.9052e+00 +4.6095e+00 +1.2836e-01 +3.6283e+00 -1.3524e+00 -4.2013e-01
906 +3.724660391e+01 +3.724660391e+01 +1.191566039e+02 +1.191566039e+02 +2.2835e+00 -1.2292e+00 -6.6114e-01 -4.0630e+00 +2.9522e+00 +4.5562e+00 +1.4471e-01 +3.6681e+00 -1.3262e+00 -4.2369e-01
907 +3.394011669e+01 +3.394011669e+01 +1.158501167e+02 +1.158501167e+02 +2.2556e+00 -1.2249e+00 -6.9571e-01 -4.1023e+00 +2.9626e+00 +4.6109e+00 +1.3466e-01 +3.6748e+00 -1.3332e+00 -4.1520e-01
968 +3.196008529e+01 +3.196008529e+01 +1.138700853e+02 +1.138700853e+02 +2.2129e+00 -1.2722e+00 -6.7030e-01 -4.0558e+00 +2.9553e+00 +4.5783e+00 +1.2696e-01 +3.6738e+00 -1.3317e+00 -4.0937e-01
996 +3.143948735e+01 +3.143948735e+01 +1.133494873e+02 +1.133494873e+02 +2.1984e+00 -1.2620e+00 -6.9645e-01 -4.0799e+00 +2.9116e+00 +4.5732e+00 +1.7896e-01 +3.6451e+00 -1.3341e+00 -4.0280e-01
1006 +2.888548643e+01 +2.888548643e+01 +1.107954864e+02 +1.107954864e+02 +2.2621e+00 -1.2837e+00 -6.6315e-01 -4.0518e+00 +2.9021e+00 +4.5926e+00 +1.6212e-01 +3.6612e+00 -1.3165e+00 -4.1702e-01
1063 +2.839999313e+01 +2.839999313e+01 +1.103099931e+02 +1.103099931e+02 +2.2374e+00 -1.2686e+00 -6.4997e-01 -4.0676e+00 +2.9210e+00 +4.6059e+00 +1.7037e-01 +3.6772e+00 -1.3032e+00 -4.0261e-01
1083 +2.809000480e+01 +2.809000480e+01 +1.100000048e+02 +1.100000048e+02 +2.2272e+00 -1.2595e+00 -6.7089e-01 -4.0641e+00 +2.9111e+00 +4.5875e+00 +1.8121e-01 +3.6695e+00 -1.2934e+00 -4.1536e-01
1119 +2.752918505e+01 +2.752918505e+01 +1.094391850e+02 +1.094391850e+02 +2.2199e+00 -1.2749e+00 -6.6072e-01 -4.0758e+00 +2.9171e+00 +4.5948e+00 +1.8198e-01 +3.6826e+00 -1.3107e+00 -4.1953e-01
1331 +2.690803288e+01 +2.690803288e+01 +1.088180329e+02 +1.088180329e+02 +2.2134e+00 -1.2950e+00 -6.7006e-01 -4.0693e+00 +2.8936e+00 +4.5984e+00 +1.8981e-01 +3.6709e+00 -1.3113e+00 -4.1288e-01
