% function evaluation | noise-free fitness - Fopt (-4.620900000000e+02) | best noise-free fitness - Fopt | measured fitness | best measured fitness | x1 | x2...
1 +9.180962943e+01 +9.180962943e+01 -3.702803706e+02 -3.702803706e+02 +0.0000e+00 +0.0000e+00 +0.0000e+00
12 +8.595107363e+01 +8.595107363e+01 -3.761389264e+02 -3.761389264e+02 +1.7751e+00 +8.7438e-01 -6.0046e-02
14 +5.136888276e+01 +5.136888276e+01 -4.107211172e+02 -4.107211172e+02 +1.2138e+00 +6.5464e-01 +1.4878e+00
22 +4.035719281e+01 +4.035719281e+01 -4.217328072e+02 -4.217328072e+02 +6.6696e-01 +1.2382e+00 +3.6218e+00
29 +3.901000718e+01 +3.901000718e+01 -4.230799928e+02 -4.230799928e+02 +2.7077e+00 +1.1581e+00 +2.9036e+00
31 +3.653265810e+01 +3.653265810e+01 -4.255573419e+02 -4.255573419e+02 +1.7518e+00 +1.8296e+00 +1.4504e+00
34 +3.531520940e+01 +3.531520940e+01 -4.267747906e+02 -4.267747906e+02 +2.6201e+00 +2.2407e+00 +1.8496e+00
52 +2.468966161e+01 +2.468966161e+01 -4.374003384e+02 -4.374003384e+02 +1.7815e+00 +2.8883e+00 +2.5429e+00
67 +2.234984896e+01 +2.234984896e+01 -4.397401510e+02 -4.397401510e+02 +1.6264e+00 +2.4040e+00 +2.2013e+00
106 +1.659482452e+01 +1.659482452e+01 -4.454951755e+02 -4.454951755e+02 +5.7334e-01 +1.8418e+00 +2.2125e+00
155 +1.246855271e+01 +1.246855271e+01 -4.496214473e+02 -4.496214473e+02 +8.0595e-01 +1.6884e+00 +2.2391e+00
206 +1.035938110e+01 +1.035938110e+01 -4.517306189e+02 -4.517306189e+02 +7.2669e-01 +1.7241e+00 +2.2255e+00
244 +1.008655568e+01 +1.008655568e+01 -4.520034443e+02 -4.520034443e+02 +6.7267e-01 +1.7065e+00 +2.2179e+00
278 +9.962494744e+00 +9.962494744e+00 -4.521275053e+02 -4.521275053e+02 +6.9976e-01 +1.7040e+00 +2.2162e+00
% function evaluation | noise-free fitness - Fopt (7.766000000000e+01) | best noise-free fitness - Fopt | measured fitness | best measured fitness | x1 | x2...
1 +7.373269304e+01 +7.373269304e+01 +1.513926930e+02 +1.513926930e+02 +0.0000e+00 +0.0000e+00 +0.0000e+00
2 +4.165654141e+01 +4.165654141e+01 +1.193165414e+02 +1.193165414e+02 +6.3149e-01 -1.5010e-01 +2.5053e-01
10 +1.938868287e+01 +1.938868287e+01 +9.704868287e+01 +9.704868287e+01 +3.2032e-01 -2.6703e-01 -3.1274e-01
18 +1.893673500e+01 +1.893673500e+01 +9.659673500e+01 +9.659673500e+01 +1.2641e+00 -1.5396e-01 -8.7558e-01
38 +1.215989388e+01 +1.215989388e+01 +8.981989388e+01 +8.981989388e+01 +5.3042e-01 -2.2498e-01 -9.0996e-01
86 +7.419089516e+00 +7.419089516e+00 +8.507908952e+01 +8.507908952e+01 +3.9922e-01 -7.8156e-01 -1.2924e+00
120 +5.902008540e+00 +5.902008540e+00 +8.356200854e+01 +8.356200854e+01 +5.1848e-01 -1.4859e+00 -1.2715e+00
231 +5.189833891e+00 +5.189833891e+00 +8.284983389e+01 +8.284983389e+01 +4.8762e-01 -1.4573e+00 -1.2740e+00
248 +5.085046947e+00 +5.085046947e+00 +8.274504695e+01 +8.274504695e+01 +4.3025e-01 -1.4628e+00 -1.2772e+00
380 +4.985455721e+00 +4.985455721e+00 +8.264545572e+01 +8.264545572e+01 +4.4203e-01 -1.4542e+00 -1.2743e+00
% function evaluation | noise-free fitness - Fopt (1.156800000000e+02) | best noise-free fitness - Fopt | measured fitness | best measured fitness | x1 | x2...
1 +4.079349721e+01 +4.079349721e+01 +1.564734972e+02 +1.564734972e+02 +0.0000e+00 +0.0000e+00 +0.0000e+00
2 +3.695898077e+01 +3.695898077e+01 +1.526389808e+02 +1.526389808e+02 +9.7764e-01 -4.3495e-01 -5.8455e-01
4 +3.208186943e+01 +3.208186943e+01 +1.477618694e+02 +1.477618694e+02 -1.6774e-02 -4.4447e-01 -9.3120e-01
32 +1.999262932e+01 +1.999262932e+01 +1.356726293e+02 +1.356726293e+02 -2.2817e+00 -3.2982e-01 -3.6370e-01
89 +1.708004707e+01 +1.708004707e+01 +1.327600471e+02 +1.327600471e+02 -3.8760e+00 -4.7475e-01 +2.9096e-01
94 +1.537583506e+01 +1.537583506e+01 +1.310558351e+02 +1.310558351e+02 -4.1145e+00 -4.6540e-01 +8.1922e-01
102 +1.512394346e+01 +1.512394346e+01 +1.308039435e+02 +1.308039435e+02 -4.3330e+00 -9.4361e-01 +9.5550e-01
139 +9.948418684e+00 +9.948418684e+00 +1.256284187e+02 +1.256284187e+02 -2.2558e+00 -4.8446e-01 +8.7419e-01
213 +6.729288433e+00 +6.729288433e+00 +1.224092884e+02 +1.224092884e+02 -1.4832e-01 -9.5018e-01 +6.4132e-01
% function evaluation | noise-free fitness - Fopt (-3.710000000000e+00) | best noise-free fitness - Fopt | measured fitness | best measured fitness | x1 | x2...
1 +7.156572542e+01 +7.156572542e+01 +6.785572542e+01 +6.785572542e+01 +0.0000e+00 +0.0000e+00 +0.0000e+00
2 +4.083456088e+01 +4.083456088e+01 +3.712456088e+01 +3.712456088e+01 -6.0790e-01 -1.2655e+00 +1.0352e+00
12 +2.778234381e+01 +2.778234381e+01 +2.407234381e+01 +2.407234381e+01 +9.8858e-01 -1.2423e+00 +5.8726e-01
32 +2.604099515e+01 +2.604099515e+01 +2.233099515e+01 +2.233099515e+01 +1.0951e+00 -2.1029e+00 +2.2244e+00
46 +2.377281516e+01 +2.377281516e+01 +2.006281516e+01 +2.006281516e+01 +2.1296e+00 -1.1817e+00 +1.1853e+00
61 +2.252174975e+01 +2.252174975e+01 +1.881174975e+01 +1.881174975e+01 +2.2081e+00 -1.6086e+00 +8.4036e-01
79 +9.323574684e+00 +9.323574684e+00 +5.613574684e+00 +5.613574684e+00 +1.2166e+00 -2.2116e+00 +2.1768e+00
169 +9.019676069e+00 +9.019676069e+00 +5.309676069e+00 +5.309676069e+00 +2.0420e+00 -2.2768e+00 +1.7292e+00
185 +5.239566432e+00 +5.239566432e+00 +1.529566432e+00 +1.529566432e+00 +2.1253e+00 -1.7703e+00 +1.4505e+00
224 +4.182609039e+00 +4.182609039e+00 +4.726090388e-01 +4.726090388e-01 +2.1160e+00 -2.2561e+00 +1.4974e+00
242 +3.992333658e+00 +3.992333658e+00 +2.823336578e-01 +2.823336578e-01 +2.1021e+00 -2.2427e+00 +1.4687e+00
249 +3.517360041e+00 +3.517360041e+00 -1.926399592e-01 -1.926399592e-01 +2.1385e+00 -2.2505e+00 +1.4632e+00
282 +3.186534425e+00 +3.186534425e+00 -5.234655752e-01 -5.234655752e-01 +2.1660e+00 -2.2872e+00 +1.4868e+00
301 +2.096279311e+00 +2.096279311e+00 -1.613720689e+00 -1.613720689e+00 +2.1130e+00 -2.2991e+00 +1.4777e+00
346 +2.030824276e+00 +2.030824276e+00 -1.679175724e+00 -1.679175724e+00 +2.1316e+00 -2.2927e+00 +1.4754e+00
407 +1.993193840e+00 +1.993193840e+00 -1.716806160e+00 -1.716806160e+00 +2.1210e+00 -2.2959e+00 +1.4730e+00
% function evaluation | noise-free fitness - Fopt (1.321800000000e+02) | best noise-free fitness - Fopt | measured fitness | best measured fitness | x1 | x2...
1 +1.579813147e+02 +1.579813147e+02 +2.901613147e+02 +2.901613147e+02 +0.0000e+00 +0.0000e+00 +0.0000e+00
3 +1.248835300e+02 +1.248835300e+02 +2.570635300e+02 +2.570635300e+02 +7.4267e-01 +5.3411e-01 +8.2416e-01
12 +1.079283140e+02 +1.079283140e+02 +2.401083140e+02 +2.401083140e+02 +8.1972e-01 +7.1541e-01 +1.3129e+00
14 +9.707887210e+01 +9.707887210e+01 +2.292588721e+02 +2.292588721e+02 +1.3265e+00 +5.9703e-01 +1.1967e+00
16 +6.114134269e+01 +6.114134269e+01 +1.933213427e+02 +1.933213427e+02 +1.3085e+00 +1.5429e+00 +2.0954e+00
22 +5.783473773e+01 +5.783473773e+01 +1.900147377e+02 +1.900147377e+02 +1.9965e+00 +3.6304e-01 +2.5121e+00
30 +5.503921123e+01 +5.503921123e+01 +1.872192112e+02 +1.872192112e+02 +2.5580e-01 +3.7705e+00 +2.4652e+00
42 +5.349221583e+01 +5.349221583e+01 +1.856722158e+02 +1.856722158e+02 +2.5277e-01 +3.1493e+00 +4.8903e+00
46 +3.960141144e+01 +3.960141144e+01 +1.717814114e+02 +1.717814114e+02 +3.7941e-01 +2.2695e+00 +4.1664e+00
70 +3.408323640e+01 +3.408323640e+01 +1.662632364e+02 +1.662632364e+02 +5.2586e-01 +8.4186e-01 +3.8290e+00
89 +3.171207579e+01 +3.171207579e+01 +1.638920758e+02 +1.638920758e+02 +4.4641e-01 +8.3330e-01 +4.0876e+00
113 +2.882115193e+01 +2.882115193e+01 +1.610011519e+02 +1.610011519e+02 +5.3548e-02 +4.3406e-01 +3.8402e+00
118 +2.664586929e+01 +2.664586929e+01 +1.588258693e+02 +1.588258693e+02 +8.1586e-02 +9.2798e-01 +3.5148e+00
120 +2.577498384e+01 +2.577498384e+01 +1.579549838e+02 +1.579549838e+02 +1.4515e-01 +9.0743e-01 +3.9035e+00
125 +2.167898798e+01 +2.167898798e+01 +1.538589880e+02 +1.538589880e+02 +1.7578e-01 +9.6881e-01 +3.7809e+00
167 +2.124185204e+01 +2.124185204e+01 +1.534218520e+02 +1.534218520e+02 +1.7128e-01 +9.1311e-01 +3.8796e+00
171 +1.869520671e+01 +1.869520671e+01 +1.508752067e+02 +1.508752067e+02 +1.8349e-01 +8.8891e-01 +3.7984e+00
212 +1.816738550e+01 +1.816738550e+01 +1.503473855e+02 +1.503473855e+02 +2.2347e-01 +8.5779e-01 +3.8232e+00
% function evaluation | noise-free fitness - Fopt (1.000000000000e+03) | best noise-free fitness - Fopt | measured fitness | best measured fitness | x1 | x2...
1 +5.854069833e+01 +5.854069833e+01 +1.058540698e+03 +1.058540698e+03 +0.0000e+00 +0.0000e+00 +0.0000e+00
2 +5.125455676e+01 +5.125455676e+01 +1.051254557e+03 +1.051254557e+03 +1.2035e+00 +1.1150e+00 -1.0951e-01
13 +4.233854154e+01 +4.233854154e+01 +1.042338542e+03 +1.042338542e+03 +8.7458e-01 +1.9131e+00 +1.0997e-01
18 +3.500815048e+01 +3.500815048e+01 +1.035008150e+03 +1.035008150e+03 +2.3637e+00 +2.9129e+00 -5.5404e-01
29 +2.886277055e+01 +2.886277055e+01 +1.028862771e+03 +1.028862771e+03 +1.4964e+00 +2.6641e+00 +8.2992e-01
45 +1.857290980e+01 +1.857290980e+01 +1.018572910e+03 +1.018572910e+03 -5.1528e-01 +4.3268e+00 -6.5505e-01
54 +1.468541237e+01 +1.468541237e+01 +1.014685412e+03 +1.014685412e+03 -2.6604e-01 +4.0037e+00 -2.8802e-01
82 +1.419809329e+01 +1.419809329e+01 +1.014198093e+03 +1.014198093e+03 -2.9479e-01 +2.8349e+00 +3.2676e-02
107 +1.248452110e+01 +1.248452110e+01 +1.012484521e+03 +1.012484521e+03 -2.1888e-01 +2.7475e+00 +4.5383e-03
143 +1.191256697e+01 +1.191256697e+01 +1.011912567e+03 +1.011912567e+03 -2.3458e-01 +3.3699e+00 +1.2332e-02
147 +1.154811946e+01 +1.154811946e+01 +1.011548119e+03 +1.011548119e+03 -2.2437e-01 +3.2904e+00 -2.8050e-02
155 +1.044968742e+01 +1.044968742e+01 +1.010449687e+03 +1.010449687e+03 -2.3633e-01 +3.3447e+00 -5.3913e-02
161 +8.834383199e+00 +8.834383199e+00 +1.008834383e+03 +1.008834383e+03 -4.1864e-01 +3.3564e+00 -1.6735e-02
176 +7.902229645e+00 +7.902229645e+00 +1.007902230e+03 +1.007902230e+03 -4.3246e-01 +3.2631e+00 -2.7926e-01
185 +5.918371999e+00 +5.918371999e+00 +1.005918372e+03 +1.005918372e+03 -4.5964e-01 +3.3421e+00 -3.1662e-01
202 +5.643772745e+00 +5.643772745e+00 +1.005643773e+03 +1.005643773e+03 -4.5017e-01 +3.3232e+00 -3.1045e-01
210 +5.139023920e+00 +5.139023920e+00 +1.005139024e+03 +1.005139024e+03 -4.0745e-01 +3.3303e+00 -2.8566e-01
246 +5.085818986e+00 +5.085818986e+00 +1.005085819e+03 +1.005085819e+03 -3.6368e-01 +3.3428e+00 -2.8975e-01
301 +5.001079191e+00 +5.001079191e+00 +1.005001079e+03 +1.005001079e+03 -3.8176e-01 +3.3263e+00 -2.9710e-01
% function evaluation | noise-free fitness - Fopt (-1.846000000000e+01) | best noise-free fitness - Fopt | measured fitness | best measured fitness | x1 | x2...
1 +1.231931358e+02 +1.231931358e+02 +1.047331358e+02 +1.047331358e+02 +0.0000e+00 +0.0000e+00 +0.0000e+00
2 +8.050388242e+01 +8.050388242e+01 +6.204388242e+01 +6.204388242e+01 -7.4686e-01 +2.6605e-01 +9.5280e-01
3 +7.539673862e+01 +7.539673862e+01 +5.693673862e+01 +5.693673862e+01 +1.9947e-01 +5.7701e-01 +6.3550e-01
4 +4.196772547e+01 +4.196772547e+01 +2.350772547e+01 +2.350772547e+01 +3.5760e-01 -2.3054e-01 +2.4979e+00
21 +3.948401454e+01 +3.948401454e+01 +2.102401454e+01 +2.102401454e+01 -1.1089e+00 +3.1392e-02 +3.4700e+00
23 +3.711967819e+01 +3.711967819e+01 +1.865967819e+01 +1.865967819e+01 +1.6834e+00 +5.1356e-01 +3.4759e+00
32 +2.475747401e+01 +2.475747401e+01 +6.297474013e+00 +6.297474013e+00 +2.2850e+00 +9.5717e-01 +3.3202e+00
34 +2.333275418e+01 +2.333275418e+01 +4.872754176e+00 +4.872754176e+00 +4.1407e+00 +2.3191e+00 +2.5893e+00
88 +1.973513937e+01 +1.973513937e+01 +1.275139372e+00 +1.275139372e+00 +4.1548e+00 +3.4035e+00 +3.9030e+00
97 +1.901318204e+01 +1.901318204e+01 +5.531820425e-01 +5.531820425e-01 +3.1553e+00 +2.1554e+00 +3.9802e+00
114 +1.713885055e+01 +1.713885055e+01 -1.321149447e+00 -1.321149447e+00 +2.9898e+00 +1.6528e+00 +3.8978e+00
116 +1.430047505e+01 +1.430047505e+01 -4.159524950e+00 -4.159524950e+00 +3.0793e+00 +2.2512e+00 +3.9276e+00
173 +8.589810248e+00 +8.589810248e+00 -9.870189752e+00 -9.870189752e+00 +2.0518e+00 +1.7149e+00 +3.2520e+00
221 +5.985831138e+00 +5.985831138e+00 -1.247416886e+01 -1.247416886e+01 +2.2708e+00 +1.0282e+00 +2.8960e+00
257 +2.384573860e+00 +2.384573860e+00 -1.607542614e+01 -1.607542614e+01 +2.1477e+00 +1.6420e+00 +2.8956e+00
335 +1.664777186e+00 +1.664777186e+00 -1.679522281e+01 -1.679522281e+01 +2.1906e+00 +1.7022e+00 +2.8763e+00
364 +1.376891575e+00 +1.376891575e+00 -1.708310842e+01 -1.708310842e+01 +2.1724e+00 +1.6592e+00 +2.8885e+00
372 +1.188151292e+00 +1.188151292e+00 -1.727184871e+01 -1.727184871e+01 +2.1961e+00 +1.6744e+00 +2.8794e+00
413 +1.158268601e+00 +1.158268601e+00 -1.730173140e+01 -1.730173140e+01 +2.1538e+00 +1.6852e+00 +2.8816e+00
446 +1.119019150e+00 +1.119019150e+00 -1.734098085e+01 -1.734098085e+01 +2.1816e+00 +1.6746e+00 +2.8830e+00
449 +1.084871781e+00 +1.084871781e+00 -1.737512822e+01 -1.737512822e+01 +2.1719e+00 +1.6826e+00 +2.8772e+00
455 +1.040889883e+00 +1.040889883e+00 -1.741911012e+01 -1.741911012e+01 +2.1721e+00 +1.6759e+00 +2.8755e+00
458 +1.019559506e+00 +1.019559506e+00 -1.744044049e+01 -1.744044049e+01 +2.1559e+00 +1.6693e+00 +2.8802e+00
577 +9.983350371e-01 +9.983350371e-01 -1.746166496e+01 -1.746166496e+01 +2.1655e+00 +1.6723e+00 +2.8772e+00
% function evaluation | noise-free fitness - Fopt (-6.046000000000e+01) | best noise-free fitness - Fopt | measured fitness | best measured fitness | x1 | x2...
1 +1.418984725e+02 +1.418984725e+02 +8.143847252e+01 +8.143847252e+01 +0.0000e+00 +0.0000e+00 +0.0000e+00
3 +8.561867940e+01 +8.561867940e+01 +2.515867940e+01 +2.515867940e+01 +1.2348e+00 +3.5207e-01 +1.7377e+00
12 +7.061083549e+01 +7.061083549e+01 +1.015083549e+01 +1.015083549e+01 -1.2499e-01 -2.7103e-01 +1.5538e+00
14 +6.141173816e+01 +6.141173816e+01 +9.517381625e-01 +9.517381625e-01 +9.4085e-01 -3.5972e-01 +3.2480e+00
32 +4.287416486e+01 +4.287416486e+01 -1.758583514e+01 -1.758583514e+01 +5.3358e-01 +1.1090e+00 +3.3606e+00
47 +3.858556755e+01 +3.858556755e+01 -2.187443245e+01 -2.187443245e+01 +1.2706e+00 +2.9905e+00 +2.4326e+00
50 +3.463457463e+01 +3.463457463e+01 -2.582542537e+01 -2.582542537e+01 +1.0719e+00 +1.5899e+00 +2.6540e+00
63 +3.116043926e+01 +3.116043926e+01 -2.929956074e+01 -2.929956074e+01 +2.8626e+00 +3.7927e+00 +3.2706e+00
77 +2.570073267e+01 +2.570073267e+01 -3.475926733e+01 -3.475926733e+01 +1.6353e+00 +2.1954e+00 +3.6284e+00
78 +2.357197748e+01 +2.357197748e+01 -3.688802252e+01 -3.688802252e+01 +2.3477e+00 +4.1068e+00 +3.6577e+00
87 +1.883417981e+01 +1.883417981e+01 -4.162582019e+01 -4.162582019e+01 +1.6007e+00 +3.4859e+00 +2.9343e+00
99 +1.645132866e+01 +1.645132866e+01 -4.400867134e+01 -4.400867134e+01 +8.9730e-01 +2.5583e+00 +2.9892e+00
108 +1.422921519e+01 +1.422921519e+01 -4.623078481e+01 -4.623078481e+01 +6.5308e-01 +2.9247e+00 +3.6376e+00
110 +5.889005942e+00 +5.889005942e+00 -5.457099406e+01 -5.457099406e+01 +7.5493e-01 +2.9822e+00 +2.6619e+00
% function evaluation | noise-free fitness - Fopt (3.173300000000e+02) | best noise-free fitness - Fopt | measured fitness | best measured fitness | x1 | x2...
1 +2.270892462e+02 +2.270892462e+02 +5.444192462e+02 +5.444192462e+02 +0.0000e+00 +0.0000e+00 +0.0000e+00
4 +1.306884849e+02 +1.306884849e+02 +4.480184849e+02 +4.480184849e+02 -1.8360e-01 -6.3524e-01 +1.4422e+00
12 +5.204958451e+01 +5.204958451e+01 +3.693795845e+02 +3.693795845e+02 -1.3285e+00 -1.1096e+00 +3.4504e+00
16 +4.686327211e+01 +4.686327211e+01 +3.641932721e+02 +3.641932721e+02 +6.1683e-01 -1.5624e+00 +2.3758e+00
25 +4.345475559e+01 +4.345475559e+01 +3.607847556e+02 +3.607847556e+02 +1.1650e+00 -1.3523e+00 +3.1617e+00
34 +1.922386149e+01 +1.922386149e+01 +3.365538615e+02 +3.365538615e+02 -4.4878e-01 -2.6965e+00 +3.9328e+00
132 +7.622248257e+00 +7.622248257e+00 +3.249522483e+02 +3.249522483e+02 -3.4655e+00 -3.8515e+00 +3.5393e+00
158 +7.115237355e+00 +7.115237355e+00 +3.244452374e+02 +3.244452374e+02 -3.4966e+00 -3.9628e+00 +3.8708e+00
207 +5.635433286e+00 +5.635433286e+00 +3.229654333e+02 +3.229654333e+02 -3.4505e+00 -3.9269e+00 +3.8622e+00
222 +5.579975326e+00 +5.579975326e+00 +3.229099753e+02 +3.229099753e+02 -3.4750e+00 -3.8825e+00 +3.8421e+00
277 +5.027580455e+00 +5.027580455e+00 +3.223575805e+02 +3.223575805e+02 -3.4348e+00 -3.9131e+00 +3.8389e+00
361 +4.983045085e+00 +4.983045085e+00 +3.223130451e+02 +3.223130451e+02 -3.4471e+00 -3.9271e+00 +3.8408e+00
% function evaluation | noise-free fitness - Fopt (3.384000000000e+02) | best noise-free fitness - Fopt | measured fitness | best measured fitness | x1 | x2...
1 +1.742873495e+02 +1.742873495e+02 +5.126873495e+02 +5.126873495e+02 +0.0000e+00 +0.0000e+00 +0.0000e+00
2 +1.148727699e+02 +1.148727699e+02 +4.532727699e+02 +4.532727699e+02 -4.6588e-01 -4.3813e-01 -1.2146e+00
5 +6.645672813e+01 +6.645672813e+01 +4.048567281e+02 +4.048567281e+02 -5.9774e-01 -1.8153e+00 -7.2405e-01
14 +5.816023601e+01 +5.816023601e+01 +3.965602360e+02 +3.965602360e+02 +1.0166e+00 -2.7761e+00 -5.0267e-01
16 +4.095967708e+01 +4.095967708e+01 +3.793596771e+02 +3.793596771e+02 +1.7706e-01 -4.2815e+00 -2.4101e+00
18 +4.051939575e+01 +4.051939575e+01 +3.789193958e+02 +3.789193958e+02 -1.1592e-01 -3.6228e+00 -1.3071e+00
28 +3.606636818e+01 +3.606636818e+01 +3.744663682e+02 +3.744663682e+02 -1.8931e-01 -4.1962e+00 -1.5829e+00
34 +3.528635898e+01 +3.528635898e+01 +3.736863590e+02 +3.736863590e+02 +8.3461e-01 -3.7482e+00 -1.0109e+00
41 +3.215389160e+01 +3.215389160e+01 +3.705538916e+02 +3.705538916e+02 -2.0913e+00 -3.2283e+00 -9.9399e-01
44 +2.602644057e+01 +2.602644057e+01 +3.644264406e+02 +3.644264406e+02 -4.0008e+00 -2.0761e+00 -1.5557e+00
64 +1.795040195e+01 +1.795040195e+01 +3.563504019e+02 +3.563504019e+02 -3.2419e+00 -4.3056e+00 -1.8453e+00
93 +1.007594089e+01 +1.007594089e+01 +3.484759409e+02 +3.484759409e+02 -4.0078e+00 -4.9696e+00 -2.1216e+00
113 +9.796617991e+00 +9.796617991e+00 +3.481966180e+02 +3.481966180e+02 -1.0689e+00 -4.9302e+00 -2.1181e+00
185 +8.282899409e+00 +8.282899409e+00 +3.466828994e+02 +3.466828994e+02 -2.2246e+00 -4.9945e+00 -2.1284e+00
196 +7.693717405e+00 +7.693717405e+00 +3.460937174e+02 +3.460937174e+02 -1.9726e+00 -4.5316e+00 -2.1599e+00
202 +4.807870985e+00 +4.807870985e+00 +3.432078710e+02 +3.432078710e+02 -2.0440e+00 -4.5004e+00 -2.1736e+00
204 +4.385607694e+00 +4.385607694e+00 +3.427856077e+02 +3.427856077e+02 -2.0674e+00 -4.4905e+00 -2.1784e+00
205 +3.658344670e+00 +3.658344670e+00 +3.420583447e+02 +3.420583447e+02 -2.1345e+00 -4.5497e+00 -2.1438e+00
249 +2.227629151e+00 +2.227629151e+00 +3.406276292e+02 +3.406276292e+02 -2.1188e+00 -4.4238e+00 -2.1645e+00
259 +1.623763203e+00 +1.623763203e+00 +3.400237632e+02 +3.400237632e+02 -2.1439e+00 -4.4157e+00 -2.1448e+00
263 +1.599799516e+00 +1.599799516e+00 +3.399997995e+02 +3.399997995e+02 -2.1749e+00 -4.4511e+00 -2.1339e+00
272 +1.369559722e+00 +1.369559722e+00 +3.397695597e+02 +3.397695597e+02 -2.1648e+00 -4.4862e+00 -2.1463e+00
283 +1.251273352e+00 +1.251273352e+00 +3.396512734e+02 +3.396512734e+02 -2.1589e+00 -4.4835e+00 -2.1453e+00
292 +1.219256018e+00 +1.219256018e+00 +3.396192560e+02 +3.396192560e+02 -2.1635e+00 -4.4569e+00 -2.1489e+00
310 +1.180819240e+00 +1.180819240e+00 +3.395808192e+02 +3.395808192e+02 -2.1537e+00 -4.4627e+00 -2.1530e+00
322 +1.151132682e+00 +1.151132682e+00 +3.395511327e+02 +3.395511327e+02 -2.1553e+00 -4.4554e+00 -2.1497e+00
336 +1.038826441e+00 +1.038826441e+00 +3.394388264e+02 +3.394388264e+02 -2.1478e+00 -4.4607e+00 -2.1467e+00
343 +1.009340493e+00 +1.009340493e+00 +3.394093405e+02 +3.394093405e+02 -2.1422e+00 -4.4652e+00 -2.1458e+00
404 +9.993416242e-01 +9.993416242e-01 +3.393993416e+02 +3.393993416e+02 -2.1342e+00 -4.4642e+00 -2.1433e+00
% function evaluation | noise-free fitness - Fopt (-4.940000000000e+01) | best noise-free fitness - Fopt | measured fitness | best measured fitness | x1 | x2...
1 +6.095637833e+01 +6.095637833e+01 +1.155637833e+01 +1.155637833e+01 +0.0000e+00 +0.0000e+00 +0.0000e+00
3 +4.150234120e+01 +4.150234120e+01 -7.897658799e+00 -7.897658799e+00 +5.5761e-01 +2.4712e-01 -7.7614e-02
10 +3.932231551e+01 +3.932231551e+01 -1.007768449e+01 -1.007768449e+01 -5.3740e-03 +1.0846e+00 +4.7548e-01
12 +2.032216070e+01 +2.032216070e+01 -2.907783930e+01 -2.907783930e+01 +7.6504e-01 +8.5380e-01 +1.7892e-01
30 +1.992017421e+01 +1.992017421e+01 -2.947982579e+01 -2.947982579e+01 +2.1783e+00 +1.8303e+00 +6.1162e-01
35 +1.607934062e+01 +1.607934062e+01 -3.332065938e+01 -3.332065938e+01 +8.7997e-01 +6.5589e-01 -8.4418e-01
82 +1.399328123e+01 +1.399328123e+01 -3.540671877e+01 -3.540671877e+01 +8.4925e-01 +1.3168e+00 -8.5638e-01
213 +1.331944482e+01 +1.331944482e+01 -3.608055518e+01 -3.608055518e+01 +8.7812e-01 +2.3830e+00 -1.5463e-01
234 +1.175070693e+01 +1.175070693e+01 -3.764929307e+01 -3.764929307e+01 +8.7991e-01 +1.8649e+00 -1.2979e-01
243 +1.155631889e+01 +1.155631889e+01 -3.784368111e+01 -3.784368111e+01 +8.3753e-01 +1.8720e+00 -1.4970e-01
262 +1.111476466e+01 +1.111476466e+01 -3.828523534e+01 -3.828523534e+01 +9.8022e-01 +1.8655e+00 -1.6393e-01
312 +1.062803669e+01 +1.062803669e+01 -3.877196331e+01 -3.877196331e+01 +9.2387e-01 +1.8542e+00 -1.6432e-01
330 +1.004819783e+01 +1.004819783e+01 -3.935180217e+01 -3.935180217e+01 +9.1976e-01 +1.8702e+00 -1.6804e-01
403 +9.989803464e+00 +9.989803464e+00 -3.941019654e+01 -3.941019654e+01 +9.2184e-01 +1.8751e+00 -1.5921e-01
% function evaluation | noise-free fitness - Fopt (-5.557000000000e+01) | best noise-free fitness - Fopt | measured fitness | best measured fitness | x1 | x2...
1 +3.508143448e+01 +3.508143448e+01 -2.048856552e+01 -2.048856552e+01 +0.0000e+00 +0.0000e+00 +0.0000e+00
24 +3.008452665e+01 +3.008452665e+01 -2.548547335e+01 -2.548547335e+01 -2.0487e+00 +2.5491e+00 +2.2754e-01
26 +2.363951240e+01 +2.363951240e+01 -3.193048760e+01 -3.193048760e+01 -1.0744e+00 +7.9851e-01 -6.9502e-01
40 +1.904086849e+01 +1.904086849e+01 -3.652913151e+01 -3.652913151e+01 -9.3910e-01 +1.6727e+00 -1.0803e+00
53 +1.363424577e+01 +1.363424577e+01 -4.193575423e+01 -4.193575423e+01 -9.6349e-01 +2.3292e+00 -1.0444e+00
89 +1.282555726e+01 +1.282555726e+01 -4.274444274e+01 -4.274444274e+01 -2.0493e+00 +2.3286e+00 +2.5426e-01
175 +6.380519407e+00 +6.380519407e+00 -4.918948059e+01 -4.918948059e+01 -3.0031e+00 +1.8487e+00 +1.2925e-02
207 +5.598628109e+00 +5.598628109e+00 -4.997137189e+01 -4.997137189e+01 -3.0125e+00 +1.7183e+00 -3.2419e-01
262 +4.953512478e+00 +4.953512478e+00 -5.061648752e+01 -5.061648752e+01 -2.9286e+00 +1.7789e+00 -3.2230e-02
275 +4.062683592e+00 +4.062683592e+00 -5.150731641e+01 -5.150731641e+01 -2.9416e+00 +1.7426e+00 -2.5638e-02
291 +3.851222350e+00 +3.851222350e+00 -5.171877765e+01 -5.171877765e+01 -2.9522e+00 +1.7098e+00 +3.6338e-04
346 +3.033804979e+00 +3.033804979e+00 -5.253619502e+01 -5.253619502e+01 -2.9669e+00 +1.7549e+00 +4.2520e-03
445 +3.008021952e+00 +3.008021952e+00 -5.256197805e+01 -5.256197805e+01 -2.9599e+00 +1.7680e+00 +7.1706e-03
% function evaluation | noise-free fitness - Fopt (-1.412700000000e+02) | best noise-free fitness - Fopt | measured fitness | best measured fitness | x1 | x2...
1 +7.501185099e+01 +7.501185099e+01 -6.625814901e+01 -6.625814901e+01 +0.0000e+00 +0.0000e+00 +0.0000e+00
3 +7.148924446e+01 +7.148924446e+01 -6.978075554e+01 -6.978075554e+01 -7.4923e-01 +1.2254e+00 +1.3601e+00
5 +5.237473134e+01 +5.237473134e+01 -8.889526866e+01 -8.889526866e+01 +7.2112e-01 +3.7159e-01 +1.6335e-01
27 +5.024003989e+01 +5.024003989e+01 -9.102996011e+01 -9.102996011e+01 -1.5470e-02 +2.8814e+00 -8.6833e-01
32 +3.316982371e+01 +3.316982371e+01 -1.081001763e+02 -1.081001763e+02 +1.2063e+00 +2.0289e+00 +8.8295e-01
45 +1.314427795e+01 +1.314427795e+01 -1.281257220e+02 -1.281257220e+02 +1.8340e+00 +2.4112e+00 +4.6944e-01
109 +1.096748598e+01 +1.096748598e+01 -1.303025140e+02 -1.303025140e+02 +3.0056e+00 +3.9333e+00 +9.1841e-01
138 +8.390592964e+00 +8.390592964e+00 -1.328794070e+02 -1.328794070e+02 +2.8251e+00 +4.0469e+00 +9.1347e-01
144 +4.054324474e+00 +4.054324474e+00 -1.372156755e+02 -1.372156755e+02 +2.7664e+00 +3.9641e+00 +9.0218e-01
212 +3.012056833e+00 +3.012056833e+00 -1.382579432e+02 -1.382579432e+02 +2.8567e+00 +3.9731e+00 +9.0563e-01
222 +2.243858340e+00 +2.243858340e+00 -1.390261417e+02 -1.390261417e+02 +2.8156e+00 +3.9715e+00 +8.6276e-01
241 +2.142603640e+00 +2.142603640e+00 -1.391273964e+02 -1.391273964e+02 +2.8528e+00 +3.9653e+00 +8.5783e-01
271 +2.001327103e+00 +2.001327103e+00 -1.392686729e+02 -1.392686729e+02 +2.8443e+00 +3.9749e+00 +8.6309e-01
444 +1.994280456e+00 +1.994280456e+00 -1.392757195e+02 -1.392757195e+02 +2.8454e+00 +3.9747e+00 +8.6557e-01
% function evaluation | noise-free fitness - Fopt (1.822100000000e+02) | best noise-free fitness - Fopt | measured fitness | best measured fitness | x1 | x2...
1 +5.869732243e+01 +5.869732243e+01 +2.409073224e+02 +2.409073224e+02 +0.0000e+00 +0.0000e+00 +0.0000e+00
7 +3.273251936e+01 +3.273251936e+01 +2.149425194e+02 +2.149425194e+02 +7.0052e-01 -1.2179e+00 -6.1717e-01
19 +2.537829626e+01 +2.537829626e+01 +2.075882963e+02 +2.075882963e+02 -3.6131e-01 -2.5704e+00 -3.3084e-01
28 +2.214367995e+01 +2.214367995e+01 +2.043536800e+02 +2.043536800e+02 -2.1592e-01 -2.6588e+00 -7.2033e-01
46 +1.424655400e+01 +1.424655400e+01 +1.964565540e+02 +1.964565540e+02 -8.2984e-02 -3.3553e+00 -3.2645e-01
50 +1.182800840e+01 +1.182800840e+01 +1.940380084e+02 +1.940380084e+02 -1.2414e+00 -3.9332e+00 -2.7130e-01
82 +8.368592084e+00 +8.368592084e+00 +1.905785921e+02 +1.905785921e+02 -1.8143e-01 -3.8995e+00 +8.1641e-02
145 +6.195762403e+00 +6.195762403e+00 +1.884057624e+02 +1.884057624e+02 -1.2608e-01 -3.9006e+00 +1.3931e-02
162 +5.937566000e+00 +5.937566000e+00 +1.881475660e+02 +1.881475660e+02 -2.5010e-01 -3.8552e+00 +4.3213e-02
196 +5.728950372e+00 +5.728950372e+00 +1.879389504e+02 +1.879389504e+02 -2.3175e-01 -3.8698e+00 +5.0329e-02
211 +5.072446736e+00 +5.072446736e+00 +1.872824467e+02 +1.872824467e+02 -1.5373e-01 -3.8760e+00 +3.5248e-02
284 +5.011603280e+00 +5.011603280e+00 +1.872216033e+02 +1.872216033e+02 -1.7980e-01 -3.8950e+00 +3.2700e-02
% function evaluation | noise-free fitness - Fopt (8.191000000000e+01) | best noise-free fitness - Fopt | measured fitness | best measured fitness | x1 | x2...
1 +5.400600735e+01 +5.400600735e+01 +1.359160073e+02 +1.359160073e+02 +0.0000e+00 +0.0000e+00 +0.0000e+00
3 +4.713268612e+01 +4.713268612e+01 +1.290426861e+02 +1.290426861e+02 +9.0650e-02 +1.4268e+00 +2.3141e-01
6 +3.196356775e+01 +3.196356775e+01 +1.138735677e+02 +1.138735677e+02 +1.2579e+00 -1.9158e-01 -2.7416e-01
8 +2.674413721e+01 +2.674413721e+01 +1.086541372e+02 +1.086541372e+02 +1.3006e+00 +2.9552e-01 +7.9682e-01
9 +2.201033589e+01 +2.201033589e+01 +1.039203359e+02 +1.039203359e+02 +1.1969e+00 +3.3745e-01 +8.6315e-02
22 +1.338864700e+01 +1.338864700e+01 +9.529864700e+01 +9.529864700e+01 -6.8854e-01 -8.1439e-01 +5.6491e-01
94 +1.256896982e+01 +1.256896982e+01 +9.447896982e+01 +9.447896982e+01 -6.9603e-01 -1.2526e+00 +9.0973e-01
111 +1.130125905e+01 +1.130125905e+01 +9.321125905e+01 +9.321125905e+01 -8.3281e-01 -1.2964e+00 +9.2997e-01
125 +1.106946897e+01 +1.106946897e+01 +9.297946897e+01 +9.297946897e+01 -8.3369e-01 -1.2855e+00 +9.2463e-01
128 +8.381938989e+00 +8.381938989e+00 +9.029193899e+01 +9.029193899e+01 -8.1723e-01 -1.3261e+00 +8.6140e-01
146 +8.215723833e+00 +8.215723833e+00 +9.012572383e+01 +9.012572383e+01 -6.9715e-01 -1.2717e+00 +8.0134e-01
161 +6.341854177e+00 +6.341854177e+00 +8.825185418e+01 +8.825185418e+01 -7.8925e-01 -1.2695e+00 +8.1189e-01
170 +6.094791795e+00 +6.094791795e+00 +8.800479179e+01 +8.800479179e+01 -7.7569e-01 -1.2605e+00 +7.9980e-01
174 +5.366903339e+00 +5.366903339e+00 +8.727690334e+01 +8.727690334e+01 -8.0303e-01 -1.2913e+00 +7.8748e-01
176 +5.071152630e+00 +5.071152630e+00 +8.698115263e+01 +8.698115263e+01 -7.9229e-01 -1.3001e+00 +7.7669e-01
268 +5.005421614e+00 +5.005421614e+00 +8.691542161e+01 +8.691542161e+01 -7.7154e-01 -1.2985e+00 +7.7506e-01
