% function evaluation | noise-free fitness - Fopt (-4.620900000000e+02) | best noise-free fitness - Fopt | measured fitness | best measured fitness | x1 | x2...
1 +1.387390986e+03 +1.387390986e+03 +9.253009860e+02 +9.253009860e+02
31 +1.107702475e+03 +1.107702475e+03 +6.456124748e+02 +6.456124748e+02
51 +1.092186846e+03 +1.092186846e+03 +6.300968461e+02 +6.300968461e+02
101 +1.057844180e+03 +1.057844180e+03 +5.957541799e+02 +5.957541799e+02
107 +9.015846046e+02 +9.015846046e+02 +4.394946046e+02 +4.394946046e+02
112 +8.832190892e+02 +8.832190892e+02 +4.211290892e+02 +4.211290892e+02
128 +8.151057014e+02 +8.151057014e+02 +3.530157014e+02 +3.530157014e+02
443 +8.108075478e+02 +8.108075478e+02 +3.487175478e+02 +3.487175478e+02
454 +7.862444465e+02 +7.862444465e+02 +3.241544465e+02 +3.241544465e+02
460 +7.731255556e+02 +7.731255556e+02 +3.110355556e+02 +3.110355556e+02
560 +7.542973645e+02 +7.542973645e+02 +2.922073645e+02 +2.922073645e+02
568 +7.214721179e+02 +7.214721179e+02 +2.593821179e+02 +2.593821179e+02
584 +7.008919867e+02 +7.008919867e+02 +2.388019867e+02 +2.388019867e+02
754 +6.619641714e+02 +6.619641714e+02 +1.998741714e+02 +1.998741714e+02
764 +6.599507413e+02 +6.599507413e+02 +1.978607413e+02 +1.978607413e+02
774 +5.985971874e+02 +5.985971874e+02 +1.365071874e+02 +1.365071874e+02
784 +5.814468413e+02 +5.814468413e+02 +1.193568413e+02 +1.193568413e+02
787 +5.709341047e+02 +5.709341047e+02 +1.088441047e+02 +1.088441047e+02
981 +5.223743496e+02 +5.223743496e+02 +6.028434958e+01 +6.028434958e+01
1083 +5.089016415e+02 +5.089016415e+02 +4.681164153e+01 +4.681164153e+01
2534 +4.965365953e+02 +4.965365953e+02 +3.444659535e+01 +3.444659535e+01
2573 +4.721485024e+02 +4.721485024e+02 +1.005850240e+01 +1.005850240e+01
2682 +4.527985000e+02 +4.527985000e+02 -9.291500038e+00 -9.291500038e+00
3834 +4.454862893e+02 +4.454862893e+02 -1.660371068e+01 -1.660371068e+01
3843 +4.341215127e+02 +4.341215127e+02 -2.796848732e+01 -2.796848732e+01
3903 +4.135859258e+02 +4.135859258e+02 -4.850407420e+01 -4.850407420e+01
3954 +4.039683069e+02 +4.039683069e+02 -5.812169306e+01 -5.812169306e+01
3991 +3.910396474e+02 +3.910396474e+02 -7.105035256e+01 -7.105035256e+01
4183 +3.715778387e+02 +3.715778387e+02 -9.051216128e+01 -9.051216128e+01
4412 +3.669614280e+02 +3.669614280e+02 -9.512857197e+01 -9.512857197e+01
4524 +3.578706502e+02 +3.578706502e+02 -1.042193498e+02 -1.042193498e+02
4532 +3.388965760e+02 +3.388965760e+02 -1.231934240e+02 -1.231934240e+02
4551 +3.294040724e+02 +3.294040724e+02 -1.326859276e+02 -1.326859276e+02
4827 +3.216974023e+02 +3.216974023e+02 -1.403925977e+02 -1.403925977e+02
4837 +3.147977727e+02 +3.147977727e+02 -1.472922273e+02 -1.472922273e+02
4849 +3.041642433e+02 +3.041642433e+02 -1.579257567e+02 -1.579257567e+02
4853 +3.017776997e+02 +3.017776997e+02 -1.603123003e+02 -1.603123003e+02
4934 +2.922869896e+02 +2.922869896e+02 -1.698030104e+02 -1.698030104e+02
4936 +2.829122862e+02 +2.829122862e+02 -1.791777138e+02 -1.791777138e+02
4970 +2.791693102e+02 +2.791693102e+02 -1.829206898e+02 -1.829206898e+02
4974 +2.719406982e+02 +2.719406982e+02 -1.901493018e+02 -1.901493018e+02
4983 +2.649702956e+02 +2.649702956e+02 -1.971197044e+02 -1.971197044e+02
4996 +2.518112391e+02 +2.518112391e+02 -2.102787609e+02 -2.102787609e+02
5009 +2.462962530e+02 +2.462962530e+02 -2.157937470e+02 -2.157937470e+02
5027 +2.347669400e+02 +2.347669400e+02 -2.273230600e+02 -2.273230600e+02
5252 +2.274908393e+02 +2.274908393e+02 -2.345991607e+02 -2.345991607e+02
5308 +2.237683067e+02 +2.237683067e+02 -2.383216933e+02 -2.383216933e+02
5325 +2.186792639e+02 +2.186792639e+02 -2.434107361e+02 -2.434107361e+02
5434 +2.123847179e+02 +2.123847179e+02 -2.497052821e+02 -2.497052821e+02
5471 +2.088892051e+02 +2.088892051e+02 -2.532007949e+02 -2.532007949e+02
5554 +2.034986289e+02 +2.034986289e+02 -2.585913711e+02 -2.585913711e+02
5584 +1.973360819e+02 +1.973360819e+02 -2.647539181e+02 -2.647539181e+02
5717 +1.943168261e+02 +1.943168261e+02 -2.677731739e+02 -2.677731739e+02
5755 +1.905375057e+02 +1.905375057e+02 -2.715524943e+02 -2.715524943e+02
5926 +1.860702607e+02 +1.860702607e+02 -2.760197393e+02 -2.760197393e+02
6097 +1.818184014e+02 +1.818184014e+02 -2.802715986e+02 -2.802715986e+02
6467 +1.778073654e+02 +1.778073654e+02 -2.842826346e+02 -2.842826346e+02
6563 +1.735840557e+02 +1.735840557e+02 -2.885059443e+02 -2.885059443e+02
6649 +1.696221825e+02 +1.696221825e+02 -2.924678175e+02 -2.924678175e+02
6739 +1.659016225e+02 +1.659016225e+02 -2.961883775e+02 -2.961883775e+02
7043 +1.619912737e+02 +1.619912737e+02 -3.000987263e+02 -3.000987263e+02
% function evaluation | noise-free fitness - Fopt (7.766000000000e+01) | best noise-free fitness - Fopt | measured fitness | best measured fitness | x1 | x2...
1 +1.921631594e+03 +1.921631594e+03 +1.999291594e+03 +1.999291594e+03
4 +1.392778090e+03 +1.392778090e+03 +1.470438090e+03 +1.470438090e+03
14 +1.298403928e+03 +1.298403928e+03 +1.376063928e+03 +1.376063928e+03
40 +1.222948000e+03 +1.222948000e+03 +1.300608000e+03 +1.300608000e+03
44 +1.161769395e+03 +1.161769395e+03 +1.239429395e+03 +1.239429395e+03
76 +1.130663040e+03 +1.130663040e+03 +1.208323040e+03 +1.208323040e+03
123 +1.093453019e+03 +1.093453019e+03 +1.171113019e+03 +1.171113019e+03
133 +1.005815576e+03 +1.005815576e+03 +1.083475576e+03 +1.083475576e+03
160 +9.783286914e+02 +9.783286914e+02 +1.055988691e+03 +1.055988691e+03
172 +9.288002136e+02 +9.288002136e+02 +1.006460214e+03 +1.006460214e+03
190 +9.002944544e+02 +9.002944544e+02 +9.779544544e+02 +9.779544544e+02
201 +8.892502320e+02 +8.892502320e+02 +9.669102320e+02 +9.669102320e+02
204 +8.065649289e+02 +8.065649289e+02 +8.842249289e+02 +8.842249289e+02
223 +7.640926947e+02 +7.640926947e+02 +8.417526947e+02 +8.417526947e+02
342 +7.246838829e+02 +7.246838829e+02 +8.023438829e+02 +8.023438829e+02
358 +7.067540039e+02 +7.067540039e+02 +7.844140039e+02 +7.844140039e+02
383 +6.755019558e+02 +6.755019558e+02 +7.531619558e+02 +7.531619558e+02
454 +5.769686770e+02 +5.769686770e+02 +6.546286770e+02 +6.546286770e+02
514 +5.719517949e+02 +5.719517949e+02 +6.496117949e+02 +6.496117949e+02
527 +5.599032622e+02 +5.599032622e+02 +6.375632622e+02 +6.375632622e+02
562 +5.458464371e+02 +5.458464371e+02 +6.235064371e+02 +6.235064371e+02
647 +4.942940868e+02 +4.942940868e+02 +5.719540868e+02 +5.719540868e+02
1463 +4.772388039e+02 +4.772388039e+02 +5.548988039e+02 +5.548988039e+02
1554 +4.642939997e+02 +4.642939997e+02 +5.419539997e+02 +5.419539997e+02
1645 +4.535744650e+02 +4.535744650e+02 +5.312344650e+02 +5.312344650e+02
1701 +4.370780996e+02 +4.370780996e+02 +5.147380996e+02 +5.147380996e+02
1730 +4.344743192e+02 +4.344743192e+02 +5.121343192e+02 +5.121343192e+02
1746 +4.137790968e+02 +4.137790968e+02 +4.914390968e+02 +4.914390968e+02
1833 +3.986170349e+02 +3.986170349e+02 +4.762770349e+02 +4.762770349e+02
1847 +3.958379958e+02 +3.958379958e+02 +4.734979958e+02 +4.734979958e+02
1880 +3.793131068e+02 +3.793131068e+02 +4.569731068e+02 +4.569731068e+02
1899 +3.684157122e+02 +3.684157122e+02 +4.460757122e+02 +4.460757122e+02
2113 +3.606262223e+02 +3.606262223e+02 +4.382862223e+02 +4.382862223e+02
2169 +3.536293187e+02 +3.536293187e+02 +4.312893187e+02 +4.312893187e+02
2212 +3.464449827e+02 +3.464449827e+02 +4.241049827e+02 +4.241049827e+02
2215 +3.332669120e+02 +3.332669120e+02 +4.109269120e+02 +4.109269120e+02
2232 +3.282401830e+02 +3.282401830e+02 +4.059001830e+02 +4.059001830e+02
2253 +3.228330406e+02 +3.228330406e+02 +4.004930406e+02 +4.004930406e+02
2272 +3.153722057e+02 +3.153722057e+02 +3.930322057e+02 +3.930322057e+02
2325 +3.054930957e+02 +3.054930957e+02 +3.831530957e+02 +3.831530957e+02
2353 +3.008588226e+02 +3.008588226e+02 +3.785188226e+02 +3.785188226e+02
2434 +2.948896976e+02 +2.948896976e+02 +3.725496976e+02 +3.725496976e+02
2475 +2.876080314e+02 +2.876080314e+02 +3.652680314e+02 +3.652680314e+02
2518 +2.816915661e+02 +2.816915661e+02 +3.593515661e+02 +3.593515661e+02
2660 +2.750192413e+02 +2.750192413e+02 +3.526792413e+02 +3.526792413e+02
2745 +2.686350939e+02 +2.686350939e+02 +3.462950939e+02 +3.462950939e+02
2875 +2.628891263e+02 +2.628891263e+02 +3.405491263e+02 +3.405491263e+02
3122 +2.565325802e+02 +2.565325802e+02 +3.341925802e+02 +3.341925802e+02
3697 +2.510380522e+02 +2.510380522e+02 +3.286980522e+02 +3.286980522e+02
% function evaluation | noise-free fitness - Fopt (1.156800000000e+02) | best noise-free fitness - Fopt | measured fitness | best measured fitness | x1 | x2...
1 +1.909104352e+03 +1.909104352e+03 +2.024784352e+03 +2.024784352e+03
3 +1.764888341e+03 +1.764888341e+03 +1.880568341e+03 +1.880568341e+03
5 +1.721212170e+03 +1.721212170e+03 +1.836892170e+03 +1.836892170e+03
41 +1.663774905e+03 +1.663774905e+03 +1.779454905e+03 +1.779454905e+03
43 +1.502217336e+03 +1.502217336e+03 +1.617897336e+03 +1.617897336e+03
48 +1.398563786e+03 +1.398563786e+03 +1.514243786e+03 +1.514243786e+03
57 +1.291443620e+03 +1.291443620e+03 +1.407123620e+03 +1.407123620e+03
63 +1.083805376e+03 +1.083805376e+03 +1.199485376e+03 +1.199485376e+03
284 +1.024521189e+03 +1.024521189e+03 +1.140201189e+03 +1.140201189e+03
301 +1.014485985e+03 +1.014485985e+03 +1.130165985e+03 +1.130165985e+03
342 +9.933489881e+02 +9.933489881e+02 +1.109028988e+03 +1.109028988e+03
387 +9.570584494e+02 +9.570584494e+02 +1.072738449e+03 +1.072738449e+03
429 +9.317823158e+02 +9.317823158e+02 +1.047462316e+03 +1.047462316e+03
523 +8.605367478e+02 +8.605367478e+02 +9.762167478e+02 +9.762167478e+02
549 +8.235251677e+02 +8.235251677e+02 +9.392051677e+02 +9.392051677e+02
556 +7.729425324e+02 +7.729425324e+02 +8.886225324e+02 +8.886225324e+02
570 +7.444115971e+02 +7.444115971e+02 +8.600915971e+02 +8.600915971e+02
720 +7.404154084e+02 +7.404154084e+02 +8.560954084e+02 +8.560954084e+02
731 +7.126242089e+02 +7.126242089e+02 +8.283042089e+02 +8.283042089e+02
900 +7.067171852e+02 +7.067171852e+02 +8.223971852e+02 +8.223971852e+02
913 +6.369040943e+02 +6.369040943e+02 +7.525840943e+02 +7.525840943e+02
980 +6.136666348e+02 +6.136666348e+02 +7.293466348e+02 +7.293466348e+02
1063 +5.956869744e+02 +5.956869744e+02 +7.113669744e+02 +7.113669744e+02
1078 +5.800149487e+02 +5.800149487e+02 +6.956949487e+02 +6.956949487e+02
1172 +5.530310442e+02 +5.530310442e+02 +6.687110442e+02 +6.687110442e+02
1761 +5.489727101e+02 +5.489727101e+02 +6.646527101e+02 +6.646527101e+02
1764 +5.257228499e+02 +5.257228499e+02 +6.414028499e+02 +6.414028499e+02
1847 +5.216110226e+02 +5.216110226e+02 +6.372910226e+02 +6.372910226e+02
2375 +5.082445288e+02 +5.082445288e+02 +6.239245288e+02 +6.239245288e+02
2674 +4.997958887e+02 +4.997958887e+02 +6.154758887e+02 +6.154758887e+02
2748 +4.882740580e+02 +4.882740580e+02 +6.039540580e+02 +6.039540580e+02
2762 +4.768598899e+02 +4.768598899e+02 +5.925398899e+02 +5.925398899e+02
2875 +4.600542784e+02 +4.600542784e+02 +5.757342784e+02 +5.757342784e+02
2973 +4.335220038e+02 +4.335220038e+02 +5.492020038e+02 +5.492020038e+02
3236 +4.169521480e+02 +4.169521480e+02 +5.326321480e+02 +5.326321480e+02
3301 +4.121575652e+02 +4.121575652e+02 +5.278375652e+02 +5.278375652e+02
3310 +4.012081063e+02 +4.012081063e+02 +5.168881063e+02 +5.168881063e+02
3329 +3.897080592e+02 +3.897080592e+02 +5.053880592e+02 +5.053880592e+02
3337 +3.824458240e+02 +3.824458240e+02 +4.981258240e+02 +4.981258240e+02
3425 +3.741704222e+02 +3.741704222e+02 +4.898504222e+02 +4.898504222e+02
3512 +3.610737541e+02 +3.610737541e+02 +4.767537541e+02 +4.767537541e+02
3523 +3.510332201e+02 +3.510332201e+02 +4.667132201e+02 +4.667132201e+02
3527 +3.435717868e+02 +3.435717868e+02 +4.592517868e+02 +4.592517868e+02
3533 +3.311570352e+02 +3.311570352e+02 +4.468370352e+02 +4.468370352e+02
3559 +3.274029157e+02 +3.274029157e+02 +4.430829157e+02 +4.430829157e+02
3584 +3.228925615e+02 +3.228925615e+02 +4.385725615e+02 +4.385725615e+02
3587 +3.116008817e+02 +3.116008817e+02 +4.272808817e+02 +4.272808817e+02
3650 +3.049662329e+02 +3.049662329e+02 +4.206462329e+02 +4.206462329e+02
3675 +3.004179946e+02 +3.004179946e+02 +4.160979946e+02 +4.160979946e+02
3693 +2.897268292e+02 +2.897268292e+02 +4.054068292e+02 +4.054068292e+02
3718 +2.861949880e+02 +2.861949880e+02 +4.018749880e+02 +4.018749880e+02
3772 +2.788840271e+02 +2.788840271e+02 +3.945640271e+02 +3.945640271e+02
3874 +2.749763390e+02 +2.749763390e+02 +3.906563390e+02 +3.906563390e+02
4063 +2.686339750e+02 +2.686339750e+02 +3.843139750e+02 +3.843139750e+02
4212 +2.616785324e+02 +2.616785324e+02 +3.773585324e+02 +3.773585324e+02
4775 +2.568393785e+02 +2.568393785e+02 +3.725193785e+02 +3.725193785e+02
% function evaluation | noise-free fitness - Fopt (-3.710000000000e+00) | best noise-free fitness - Fopt | measured fitness | best measured fitness | x1 | x2...
1 +1.350080101e+03 +1.350080101e+03 +1.346370101e+03 +1.346370101e+03
2 +1.227090983e+03 +1.227090983e+03 +1.223380983e+03 +1.223380983e+03
16 +1.192134999e+03 +1.192134999e+03 +1.188424999e+03 +1.188424999e+03
32 +1.091236675e+03 +1.091236675e+03 +1.087526675e+03 +1.087526675e+03
40 +1.067357504e+03 +1.067357504e+03 +1.063647504e+03 +1.063647504e+03
48 +9.633112323e+02 +9.633112323e+02 +9.596012323e+02 +9.596012323e+02
54 +9.549912687e+02 +9.549912687e+02 +9.512812687e+02 +9.512812687e+02
56 +7.968223302e+02 +7.968223302e+02 +7.931123302e+02 +7.931123302e+02
110 +7.294953834e+02 +7.294953834e+02 +7.257853834e+02 +7.257853834e+02
407 +6.069890907e+02 +6.069890907e+02 +6.032790907e+02 +6.032790907e+02
615 +5.417765306e+02 +5.417765306e+02 +5.380665306e+02 +5.380665306e+02
732 +5.233737462e+02 +5.233737462e+02 +5.196637462e+02 +5.196637462e+02
951 +5.080871566e+02 +5.080871566e+02 +5.043771566e+02 +5.043771566e+02
990 +4.884737414e+02 +4.884737414e+02 +4.847637414e+02 +4.847637414e+02
1082 +4.757632462e+02 +4.757632462e+02 +4.720532462e+02 +4.720532462e+02
1648 +4.641228206e+02 +4.641228206e+02 +4.604128206e+02 +4.604128206e+02
1871 +4.477471298e+02 +4.477471298e+02 +4.440371298e+02 +4.440371298e+02
2542 +4.364648904e+02 +4.364648904e+02 +4.327548904e+02 +4.327548904e+02
2754 +4.259157583e+02 +4.259157583e+02 +4.222057583e+02 +4.222057583e+02
2786 +4.093343393e+02 +4.093343393e+02 +4.056243393e+02 +4.056243393e+02
2822 +4.035841803e+02 +4.035841803e+02 +3.998741803e+02 +3.998741803e+02
2851 +3.976662892e+02 +3.976662892e+02 +3.939562892e+02 +3.939562892e+02
2991 +3.748651690e+02 +3.748651690e+02 +3.711551690e+02 +3.711551690e+02
2999 +3.713555977e+02 +3.713555977e+02 +3.676455977e+02 +3.676455977e+02
3076 +3.626673984e+02 +3.626673984e+02 +3.589573984e+02 +3.589573984e+02
3109 +3.523992026e+02 +3.523992026e+02 +3.486892026e+02 +3.486892026e+02
3194 +3.310458498e+02 +3.310458498e+02 +3.273358498e+02 +3.273358498e+02
3206 +3.108300183e+02 +3.108300183e+02 +3.071200183e+02 +3.071200183e+02
3290 +2.996289089e+02 +2.996289089e+02 +2.959189089e+02 +2.959189089e+02
3354 +2.908312293e+02 +2.908312293e+02 +2.871212293e+02 +2.871212293e+02
3377 +2.829367496e+02 +2.829367496e+02 +2.792267496e+02 +2.792267496e+02
3397 +2.756449447e+02 +2.756449447e+02 +2.719349447e+02 +2.719349447e+02
3422 +2.744292408e+02 +2.744292408e+02 +2.707192408e+02 +2.707192408e+02
3436 +2.659123404e+02 +2.659123404e+02 +2.622023404e+02 +2.622023404e+02
3447 +2.598566144e+02 +2.598566144e+02 +2.561466144e+02 +2.561466144e+02
3509 +2.536917655e+02 +2.536917655e+02 +2.499817655e+02 +2.499817655e+02
3514 +2.485104793e+02 +2.485104793e+02 +2.448004793e+02 +2.448004793e+02
3530 +2.444753259e+02 +2.444753259e+02 +2.407653259e+02 +2.407653259e+02
3635 +2.379233305e+02 +2.379233305e+02 +2.342133305e+02 +2.342133305e+02
3639 +2.328758620e+02 +2.328758620e+02 +2.291658620e+02 +2.291658620e+02
3642 +2.267906252e+02 +2.267906252e+02 +2.230806252e+02 +2.230806252e+02
3668 +2.175655565e+02 +2.175655565e+02 +2.138555565e+02 +2.138555565e+02
3704 +2.088696463e+02 +2.088696463e+02 +2.051596463e+02 +2.051596463e+02
3732 +1.991715500e+02 +1.991715500e+02 +1.954615500e+02 +1.954615500e+02
3790 +1.947019846e+02 +1.947019846e+02 +1.909919846e+02 +1.909919846e+02
4015 +1.888582478e+02 +1.888582478e+02 +1.851482478e+02 +1.851482478e+02
4094 +1.858165024e+02 +1.858165024e+02 +1.821065024e+02 +1.821065024e+02
4142 +1.811888755e+02 +1.811888755e+02 +1.774788755e+02 +1.774788755e+02
4235 +1.777529041e+02 +1.777529041e+02 +1.740429041e+02 +1.740429041e+02
4278 +1.720484180e+02 +1.720484180e+02 +1.683384180e+02 +1.683384180e+02
4327 +1.682356510e+02 +1.682356510e+02 +1.645256510e+02 +1.645256510e+02
4356 +1.638489157e+02 +1.638489157e+02 +1.601389157e+02 +1.601389157e+02
4529 +1.612873785e+02 +1.612873785e+02 +1.575773785e+02 +1.575773785e+02
4645 +1.582178573e+02 +1.582178573e+02 +1.545078573e+02 +1.545078573e+02
4963 +1.545366865e+02 +1.545366865e+02 +1.508266865e+02 +1.508266865e+02
5347 +1.511446645e+02 +1.511446645e+02 +1.474346645e+02 +1.474346645e+02
5764 +1.478492532e+02 +1.478492532e+02 +1.441392532e+02 +1.441392532e+02
% function evaluation | noise-free fitness - Fopt (1.321800000000e+02) | best noise-free fitness - Fopt | measured fitness | best measured fitness | x1 | x2...
1 +2.127178155e+03 +2.127178155e+03 +2.259358155e+03 +2.259358155e+03
2 +1.941167748e+03 +1.941167748e+03 +2.073347748e+03 +2.073347748e+03
4 +1.867940741e+03 +1.867940741e+03 +2.000120741e+03 +2.000120741e+03
7 +1.832191046e+03 +1.832191046e+03 +1.964371046e+03 +1.964371046e+03
59 +1.763628372e+03 +1.763628372e+03 +1.895808372e+03 +1.895808372e+03
82 +1.673579739e+03 +1.673579739e+03 +1.805759739e+03 +1.805759739e+03
98 +1.586505205e+03 +1.586505205e+03 +1.718685205e+03 +1.718685205e+03
120 +1.396609057e+03 +1.396609057e+03 +1.528789057e+03 +1.528789057e+03
141 +1.308849380e+03 +1.308849380e+03 +1.441029380e+03 +1.441029380e+03
153 +1.172857241e+03 +1.172857241e+03 +1.305037241e+03 +1.305037241e+03
165 +1.074623866e+03 +1.074623866e+03 +1.206803866e+03 +1.206803866e+03
179 +9.953857932e+02 +9.953857932e+02 +1.127565793e+03 +1.127565793e+03
186 +9.138254267e+02 +9.138254267e+02 +1.046005427e+03 +1.046005427e+03
198 +8.764474156e+02 +8.764474156e+02 +1.008627416e+03 +1.008627416e+03
245 +6.702124859e+02 +6.702124859e+02 +8.023924859e+02 +8.023924859e+02
596 +6.575649339e+02 +6.575649339e+02 +7.897449339e+02 +7.897449339e+02
615 +6.322686394e+02 +6.322686394e+02 +7.644486394e+02 +7.644486394e+02
618 +6.213002435e+02 +6.213002435e+02 +7.534802435e+02 +7.534802435e+02
625 +6.121082155e+02 +6.121082155e+02 +7.442882155e+02 +7.442882155e+02
673 +5.903307157e+02 +5.903307157e+02 +7.225107157e+02 +7.225107157e+02
696 +5.882701805e+02 +5.882701805e+02 +7.204501805e+02 +7.204501805e+02
715 +5.710268636e+02 +5.710268636e+02 +7.032068636e+02 +7.032068636e+02
743 +5.306680848e+02 +5.306680848e+02 +6.628480848e+02 +6.628480848e+02
802 +4.976436105e+02 +4.976436105e+02 +6.298236105e+02 +6.298236105e+02
1159 +4.829590327e+02 +4.829590327e+02 +6.151390327e+02 +6.151390327e+02
1164 +4.781752251e+02 +4.781752251e+02 +6.103552251e+02 +6.103552251e+02
1199 +4.623068862e+02 +4.623068862e+02 +5.944868862e+02 +5.944868862e+02
1518 +4.375510618e+02 +4.375510618e+02 +5.697310618e+02 +5.697310618e+02
1730 +4.119804711e+02 +4.119804711e+02 +5.441604711e+02 +5.441604711e+02
1894 +4.057949430e+02 +4.057949430e+02 +5.379749430e+02 +5.379749430e+02
1913 +3.845692271e+02 +3.845692271e+02 +5.167492271e+02 +5.167492271e+02
1924 +3.766276941e+02 +3.766276941e+02 +5.088076941e+02 +5.088076941e+02
2091 +3.635369930e+02 +3.635369930e+02 +4.957169930e+02 +4.957169930e+02
2096 +3.611382516e+02 +3.611382516e+02 +4.933182516e+02 +4.933182516e+02
2242 +3.367459017e+02 +3.367459017e+02 +4.689259017e+02 +4.689259017e+02
2460 +3.094598617e+02 +3.094598617e+02 +4.416398617e+02 +4.416398617e+02
2556 +3.041994943e+02 +3.041994943e+02 +4.363794943e+02 +4.363794943e+02
2637 +2.900448133e+02 +2.900448133e+02 +4.222248133e+02 +4.222248133e+02
2647 +2.697847752e+02 +2.697847752e+02 +4.019647752e+02 +4.019647752e+02
2666 +2.679238112e+02 +2.679238112e+02 +4.001038112e+02 +4.001038112e+02
2670 +2.619962382e+02 +2.619962382e+02 +3.941762382e+02 +3.941762382e+02
2674 +2.452904919e+02 +2.452904919e+02 +3.774704919e+02 +3.774704919e+02
2722 +2.376819195e+02 +2.376819195e+02 +3.698619195e+02 +3.698619195e+02
2734 +2.215573907e+02 +2.215573907e+02 +3.537373907e+02 +3.537373907e+02
2739 +2.186477945e+02 +2.186477945e+02 +3.508277945e+02 +3.508277945e+02
2835 +2.008083991e+02 +2.008083991e+02 +3.329883991e+02 +3.329883991e+02
2974 +1.977861569e+02 +1.977861569e+02 +3.299661569e+02 +3.299661569e+02
3010 +1.947540020e+02 +1.947540020e+02 +3.269340020e+02 +3.269340020e+02
3015 +1.872562783e+02 +1.872562783e+02 +3.194362783e+02 +3.194362783e+02
3154 +1.832770434e+02 +1.832770434e+02 +3.154570434e+02 +3.154570434e+02
3166 +1.811600634e+02 +1.811600634e+02 +3.133400634e+02 +3.133400634e+02
3191 +1.777297112e+02 +1.777297112e+02 +3.099097112e+02 +3.099097112e+02
3195 +1.734360807e+02 +1.734360807e+02 +3.056160807e+02 +3.056160807e+02
3223 +1.680696197e+02 +1.680696197e+02 +3.002496197e+02 +3.002496197e+02
3251 +1.651849077e+02 +1.651849077e+02 +2.973649077e+02 +2.973649077e+02
3276 +1.599615610e+02 +1.599615610e+02 +2.921415610e+02 +2.921415610e+02
3316 +1.571994997e+02 +1.571994997e+02 +2.893794997e+02 +2.893794997e+02
3380 +1.543864806e+02 +1.543864806e+02 +2.865664806e+02 +2.865664806e+02
3413 +1.509616363e+02 +1.509616363e+02 +2.831416363e+02 +2.831416363e+02
3414 +1.477991841e+02 +1.477991841e+02 +2.799791841e+02 +2.799791841e+02
3566 +1.424450115e+02 +1.424450115e+02 +2.746250115e+02 +2.746250115e+02
3643 +1.386065251e+02 +1.386065251e+02 +2.707865251e+02 +2.707865251e+02
3653 +1.365775569e+02 +1.365775569e+02 +2.687575569e+02 +2.687575569e+02
3689 +1.343382044e+02 +1.343382044e+02 +2.665182044e+02 +2.665182044e+02
3728 +1.313741676e+02 +1.313741676e+02 +2.635541676e+02 +2.635541676e+02
3805 +1.282710437e+02 +1.282710437e+02 +2.604510437e+02 +2.604510437e+02
3888 +1.258520031e+02 +1.258520031e+02 +2.580320031e+02 +2.580320031e+02
3964 +1.226989552e+02 +1.226989552e+02 +2.548789552e+02 +2.548789552e+02
4168 +1.202253939e+02 +1.202253939e+02 +2.524053939e+02 +2.524053939e+02
4380 +1.172424475e+02 +1.172424475e+02 +2.494224475e+02 +2.494224475e+02
4919 +1.147685757e+02 +1.147685757e+02 +2.469485757e+02 +2.469485757e+02
% function evaluation | noise-free fitness - Fopt (1.000000000000e+03) | best noise-free fitness - Fopt | measured fitness | best measured fitness | x1 | x2...
1 +1.719631275e+03 +1.719631275e+03 +2.719631275e+03 +2.719631275e+03
6 +1.617244646e+03 +1.617244646e+03 +2.617244646e+03 +2.617244646e+03
19 +1.517622733e+03 +1.517622733e+03 +2.517622733e+03 +2.517622733e+03
31 +1.460637481e+03 +1.460637481e+03 +2.460637481e+03 +2.460637481e+03
36 +1.433908067e+03 +1.433908067e+03 +2.433908067e+03 +2.433908067e+03
39 +1.230613252e+03 +1.230613252e+03 +2.230613252e+03 +2.230613252e+03
42 +1.119886789e+03 +1.119886789e+03 +2.119886789e+03 +2.119886789e+03
54 +1.085337486e+03 +1.085337486e+03 +2.085337486e+03 +2.085337486e+03
60 +1.063765040e+03 +1.063765040e+03 +2.063765040e+03 +2.063765040e+03
72 +1.037337994e+03 +1.037337994e+03 +2.037337994e+03 +2.037337994e+03
141 +9.256630028e+02 +9.256630028e+02 +1.925663003e+03 +1.925663003e+03
154 +9.043904395e+02 +9.043904395e+02 +1.904390440e+03 +1.904390440e+03
156 +8.414740492e+02 +8.414740492e+02 +1.841474049e+03 +1.841474049e+03
164 +8.172445850e+02 +8.172445850e+02 +1.817244585e+03 +1.817244585e+03
166 +7.870675707e+02 +7.870675707e+02 +1.787067571e+03 +1.787067571e+03
167 +7.727586805e+02 +7.727586805e+02 +1.772758680e+03 +1.772758680e+03
228 +7.323373602e+02 +7.323373602e+02 +1.732337360e+03 +1.732337360e+03
293 +7.103789509e+02 +7.103789509e+02 +1.710378951e+03 +1.710378951e+03
319 +6.934289938e+02 +6.934289938e+02 +1.693428994e+03 +1.693428994e+03
325 +6.821780906e+02 +6.821780906e+02 +1.682178091e+03 +1.682178091e+03
367 +6.554231550e+02 +6.554231550e+02 +1.655423155e+03 +1.655423155e+03
380 +6.394144436e+02 +6.394144436e+02 +1.639414444e+03 +1.639414444e+03
385 +6.272447093e+02 +6.272447093e+02 +1.627244709e+03 +1.627244709e+03
406 +5.881644748e+02 +5.881644748e+02 +1.588164475e+03 +1.588164475e+03
585 +5.753626861e+02 +5.753626861e+02 +1.575362686e+03 +1.575362686e+03
704 +5.427646989e+02 +5.427646989e+02 +1.542764699e+03 +1.542764699e+03
713 +5.180852146e+02 +5.180852146e+02 +1.518085215e+03 +1.518085215e+03
779 +5.058511738e+02 +5.058511738e+02 +1.505851174e+03 +1.505851174e+03
914 +4.930474124e+02 +4.930474124e+02 +1.493047412e+03 +1.493047412e+03
915 +4.897492643e+02 +4.897492643e+02 +1.489749264e+03 +1.489749264e+03
966 +4.377111904e+02 +4.377111904e+02 +1.437711190e+03 +1.437711190e+03
1561 +4.256875204e+02 +4.256875204e+02 +1.425687520e+03 +1.425687520e+03
1809 +3.979242325e+02 +3.979242325e+02 +1.397924233e+03 +1.397924233e+03
1843 +3.842276584e+02 +3.842276584e+02 +1.384227658e+03 +1.384227658e+03
1857 +3.799988852e+02 +3.799988852e+02 +1.379998885e+03 +1.379998885e+03
1895 +3.702215530e+02 +3.702215530e+02 +1.370221553e+03 +1.370221553e+03
1928 +3.595798058e+02 +3.595798058e+02 +1.359579806e+03 +1.359579806e+03
2007 +3.511937633e+02 +3.511937633e+02 +1.351193763e+03 +1.351193763e+03
2024 +3.449468983e+02 +3.449468983e+02 +1.344946898e+03 +1.344946898e+03
2035 +3.384023135e+02 +3.384023135e+02 +1.338402313e+03 +1.338402313e+03
2126 +3.282053673e+02 +3.282053673e+02 +1.328205367e+03 +1.328205367e+03
2240 +3.220757521e+02 +3.220757521e+02 +1.322075752e+03 +1.322075752e+03
2268 +3.131307249e+02 +3.131307249e+02 +1.313130725e+03 +1.313130725e+03
2302 +3.075322570e+02 +3.075322570e+02 +1.307532257e+03 +1.307532257e+03
2347 +2.965738162e+02 +2.965738162e+02 +1.296573816e+03 +1.296573816e+03
2369 +2.903380314e+02 +2.903380314e+02 +1.290338031e+03 +1.290338031e+03
2493 +2.876529503e+02 +2.876529503e+02 +1.287652950e+03 +1.287652950e+03
2591 +2.805511295e+02 +2.805511295e+02 +1.280551130e+03 +1.280551130e+03
2676 +2.748528953e+02 +2.748528953e+02 +1.274852895e+03 +1.274852895e+03
2875 +2.688887947e+02 +2.688887947e+02 +1.268888795e+03 +1.268888795e+03
3034 +2.628941943e+02 +2.628941943e+02 +1.262894194e+03 +1.262894194e+03
3735 +2.570078506e+02 +2.570078506e+02 +1.257007851e+03 +1.257007851e+03
% function evaluation | noise-free fitness - Fopt (-1.846000000000e+01) | best noise-free fitness - Fopt | measured fitness | best measured fitness | x1 | x2...
1 +1.513227549e+03 +1.513227549e+03 +1.494767549e+03 +1.494767549e+03
3 +1.441830685e+03 +1.441830685e+03 +1.423370685e+03 +1.423370685e+03
12 +1.246198682e+03 +1.246198682e+03 +1.227738682e+03 +1.227738682e+03
50 +1.098003184e+03 +1.098003184e+03 +1.079543184e+03 +1.079543184e+03
111 +1.072103819e+03 +1.072103819e+03 +1.053643819e+03 +1.053643819e+03
138 +1.025188418e+03 +1.025188418e+03 +1.006728418e+03 +1.006728418e+03
142 +9.474270534e+02 +9.474270534e+02 +9.289670534e+02 +9.289670534e+02
157 +9.135548181e+02 +9.135548181e+02 +8.950948181e+02 +8.950948181e+02
166 +8.523409610e+02 +8.523409610e+02 +8.338809610e+02 +8.338809610e+02
216 +8.301003860e+02 +8.301003860e+02 +8.116403860e+02 +8.116403860e+02
217 +7.849046767e+02 +7.849046767e+02 +7.664446767e+02 +7.664446767e+02
298 +7.640170099e+02 +7.640170099e+02 +7.455570099e+02 +7.455570099e+02
318 +7.033163879e+02 +7.033163879e+02 +6.848563879e+02 +6.848563879e+02
369 +6.826805516e+02 +6.826805516e+02 +6.642205516e+02 +6.642205516e+02
402 +6.565702114e+02 +6.565702114e+02 +6.381102114e+02 +6.381102114e+02
447 +6.433766047e+02 +6.433766047e+02 +6.249166047e+02 +6.249166047e+02
457 +6.286928229e+02 +6.286928229e+02 +6.102328229e+02 +6.102328229e+02
463 +5.789353552e+02 +5.789353552e+02 +5.604753552e+02 +5.604753552e+02
555 +5.729630432e+02 +5.729630432e+02 +5.545030432e+02 +5.545030432e+02
593 +5.504679467e+02 +5.504679467e+02 +5.320079467e+02 +5.320079467e+02
826 +5.449812836e+02 +5.449812836e+02 +5.265212836e+02 +5.265212836e+02
828 +5.205770501e+02 +5.205770501e+02 +5.021170501e+02 +5.021170501e+02
1004 +4.782911744e+02 +4.782911744e+02 +4.598311744e+02 +4.598311744e+02
1032 +4.573695698e+02 +4.573695698e+02 +4.389095698e+02 +4.389095698e+02
1104 +4.414415813e+02 +4.414415813e+02 +4.229815813e+02 +4.229815813e+02
1871 +4.138403124e+02 +4.138403124e+02 +3.953803124e+02 +3.953803124e+02
2124 +3.937603868e+02 +3.937603868e+02 +3.753003868e+02 +3.753003868e+02
2555 +3.801316717e+02 +3.801316717e+02 +3.616716717e+02 +3.616716717e+02
2570 +3.583056517e+02 +3.583056517e+02 +3.398456517e+02 +3.398456517e+02
2576 +3.398408103e+02 +3.398408103e+02 +3.213808103e+02 +3.213808103e+02
2600 +3.349332254e+02 +3.349332254e+02 +3.164732254e+02 +3.164732254e+02
2601 +3.173944906e+02 +3.173944906e+02 +2.989344906e+02 +2.989344906e+02
2689 +3.147618388e+02 +3.147618388e+02 +2.963018388e+02 +2.963018388e+02
2784 +3.055689484e+02 +3.055689484e+02 +2.871089484e+02 +2.871089484e+02
2836 +3.018200049e+02 +3.018200049e+02 +2.833600049e+02 +2.833600049e+02
2878 +2.899733397e+02 +2.899733397e+02 +2.715133397e+02 +2.715133397e+02
2894 +2.752050179e+02 +2.752050179e+02 +2.567450179e+02 +2.567450179e+02
2928 +2.684301094e+02 +2.684301094e+02 +2.499701094e+02 +2.499701094e+02
2945 +2.606703932e+02 +2.606703932e+02 +2.422103932e+02 +2.422103932e+02
2982 +2.568841533e+02 +2.568841533e+02 +2.384241533e+02 +2.384241533e+02
3220 +2.491226619e+02 +2.491226619e+02 +2.306626619e+02 +2.306626619e+02
3229 +2.453647258e+02 +2.453647258e+02 +2.269047258e+02 +2.269047258e+02
3290 +2.381091721e+02 +2.381091721e+02 +2.196491721e+02 +2.196491721e+02
3379 +2.323543789e+02 +2.323543789e+02 +2.138943789e+02 +2.138943789e+02
3415 +2.285387483e+02 +2.285387483e+02 +2.100787483e+02 +2.100787483e+02
3493 +2.232921414e+02 +2.232921414e+02 +2.048321414e+02 +2.048321414e+02
3560 +2.169206154e+02 +2.169206154e+02 +1.984606154e+02 +1.984606154e+02
3604 +2.136913390e+02 +2.136913390e+02 +1.952313390e+02 +1.952313390e+02
3844 +2.086478247e+02 +2.086478247e+02 +1.901878247e+02 +1.901878247e+02
% function evaluation | noise-free fitness - Fopt (-6.046000000000e+01) | best noise-free fitness - Fopt | measured fitness | best measured fitness | x1 | x2...
1 +1.693641888e+03 +1.693641888e+03 +1.633181888e+03 +1.633181888e+03
10 +1.389256383e+03 +1.389256383e+03 +1.328796383e+03 +1.328796383e+03
15 +1.285611183e+03 +1.285611183e+03 +1.225151183e+03 +1.225151183e+03
34 +1.233040451e+03 +1.233040451e+03 +1.172580451e+03 +1.172580451e+03
44 +1.213425258e+03 +1.213425258e+03 +1.152965258e+03 +1.152965258e+03
49 +1.182045161e+03 +1.182045161e+03 +1.121585161e+03 +1.121585161e+03
51 +1.140077479e+03 +1.140077479e+03 +1.079617479e+03 +1.079617479e+03
98 +1.049895248e+03 +1.049895248e+03 +9.894352477e+02 +9.894352477e+02
105 +1.017303130e+03 +1.017303130e+03 +9.568431303e+02 +9.568431303e+02
106 +9.314293381e+02 +9.314293381e+02 +8.709693381e+02 +8.709693381e+02
111 +8.020640511e+02 +8.020640511e+02 +7.416040511e+02 +7.416040511e+02
116 +7.933185578e+02 +7.933185578e+02 +7.328585578e+02 +7.328585578e+02
170 +7.749631841e+02 +7.749631841e+02 +7.145031841e+02 +7.145031841e+02
218 +7.028939675e+02 +7.028939675e+02 +6.424339675e+02 +6.424339675e+02
224 +6.890724342e+02 +6.890724342e+02 +6.286124342e+02 +6.286124342e+02
274 +6.554918164e+02 +6.554918164e+02 +5.950318164e+02 +5.950318164e+02
286 +6.261390320e+02 +6.261390320e+02 +5.656790320e+02 +5.656790320e+02
311 +5.907240862e+02 +5.907240862e+02 +5.302640862e+02 +5.302640862e+02
727 +5.863191787e+02 +5.863191787e+02 +5.258591787e+02 +5.258591787e+02
1287 +5.703935363e+02 +5.703935363e+02 +5.099335363e+02 +5.099335363e+02
1420 +5.441864065e+02 +5.441864065e+02 +4.837264065e+02 +4.837264065e+02
1443 +4.802794144e+02 +4.802794144e+02 +4.198194144e+02 +4.198194144e+02
1533 +4.669022371e+02 +4.669022371e+02 +4.064422371e+02 +4.064422371e+02
1674 +4.404479265e+02 +4.404479265e+02 +3.799879265e+02 +3.799879265e+02
1683 +4.245747712e+02 +4.245747712e+02 +3.641147712e+02 +3.641147712e+02
1971 +4.034033863e+02 +4.034033863e+02 +3.429433863e+02 +3.429433863e+02
2028 +3.933943367e+02 +3.933943367e+02 +3.329343367e+02 +3.329343367e+02
2324 +3.788634365e+02 +3.788634365e+02 +3.184034365e+02 +3.184034365e+02
2491 +3.609559470e+02 +3.609559470e+02 +3.004959470e+02 +3.004959470e+02
2528 +3.537457618e+02 +3.537457618e+02 +2.932857618e+02 +2.932857618e+02
2552 +3.417439470e+02 +3.417439470e+02 +2.812839470e+02 +2.812839470e+02
2563 +3.367871446e+02 +3.367871446e+02 +2.763271446e+02 +2.763271446e+02
2671 +3.272565078e+02 +3.272565078e+02 +2.667965078e+02 +2.667965078e+02
2723 +3.146006646e+02 +3.146006646e+02 +2.541406646e+02 +2.541406646e+02
2760 +3.061441120e+02 +3.061441120e+02 +2.456841120e+02 +2.456841120e+02
2785 +3.004700397e+02 +3.004700397e+02 +2.400100397e+02 +2.400100397e+02
2891 +2.948331960e+02 +2.948331960e+02 +2.343731960e+02 +2.343731960e+02
2903 +2.872521131e+02 +2.872521131e+02 +2.267921131e+02 +2.267921131e+02
2927 +2.781582069e+02 +2.781582069e+02 +2.176982069e+02 +2.176982069e+02
2954 +2.749834538e+02 +2.749834538e+02 +2.145234538e+02 +2.145234538e+02
3046 +2.674658665e+02 +2.674658665e+02 +2.070058665e+02 +2.070058665e+02
3061 +2.622293501e+02 +2.622293501e+02 +2.017693501e+02 +2.017693501e+02
3100 +2.561602515e+02 +2.561602515e+02 +1.957002515e+02 +1.957002515e+02
3127 +2.499949854e+02 +2.499949854e+02 +1.895349854e+02 +1.895349854e+02
3155 +2.442758947e+02 +2.442758947e+02 +1.838158947e+02 +1.838158947e+02
3177 +2.396297392e+02 +2.396297392e+02 +1.791697392e+02 +1.791697392e+02
3234 +2.343063238e+02 +2.343063238e+02 +1.738463238e+02 +1.738463238e+02
3320 +2.285934463e+02 +2.285934463e+02 +1.681334463e+02 +1.681334463e+02
3368 +2.228809230e+02 +2.228809230e+02 +1.624209230e+02 +1.624209230e+02
3494 +2.184967234e+02 +2.184967234e+02 +1.580367234e+02 +1.580367234e+02
3978 +2.137850472e+02 +2.137850472e+02 +1.533250472e+02 +1.533250472e+02
5133 +2.088683307e+02 +2.088683307e+02 +1.484083307e+02 +1.484083307e+02
% function evaluation | noise-free fitness - Fopt (3.173300000000e+02) | best noise-free fitness - Fopt | measured fitness | best measured fitness | x1 | x2...
1 +1.496237515e+03 +1.496237515e+03 +1.813567515e+03 +1.813567515e+03
2 +1.471808072e+03 +1.471808072e+03 +1.789138072e+03 +1.789138072e+03
11 +1.407693938e+03 +1.407693938e+03 +1.725023938e+03 +1.725023938e+03
15 +1.340402664e+03 +1.340402664e+03 +1.657732664e+03 +1.657732664e+03
26 +1.260422320e+03 +1.260422320e+03 +1.577752320e+03 +1.577752320e+03
31 +1.126670995e+03 +1.126670995e+03 +1.444000995e+03 +1.444000995e+03
32 +1.060857702e+03 +1.060857702e+03 +1.378187702e+03 +1.378187702e+03
44 +1.039386041e+03 +1.039386041e+03 +1.356716041e+03 +1.356716041e+03
152 +1.014402350e+03 +1.014402350e+03 +1.331732350e+03 +1.331732350e+03
158 +9.620207954e+02 +9.620207954e+02 +1.279350795e+03 +1.279350795e+03
170 +9.542613798e+02 +9.542613798e+02 +1.271591380e+03 +1.271591380e+03
190 +8.222381012e+02 +8.222381012e+02 +1.139568101e+03 +1.139568101e+03
192 +7.409050102e+02 +7.409050102e+02 +1.058235010e+03 +1.058235010e+03
854 +7.134026256e+02 +7.134026256e+02 +1.030732626e+03 +1.030732626e+03
1283 +6.931885677e+02 +6.931885677e+02 +1.010518568e+03 +1.010518568e+03
1336 +6.849553865e+02 +6.849553865e+02 +1.002285387e+03 +1.002285387e+03
1390 +6.673931858e+02 +6.673931858e+02 +9.847231858e+02 +9.847231858e+02
1511 +6.546567176e+02 +6.546567176e+02 +9.719867176e+02 +9.719867176e+02
1515 +6.267507477e+02 +6.267507477e+02 +9.440807477e+02 +9.440807477e+02
1805 +6.107951743e+02 +6.107951743e+02 +9.281251743e+02 +9.281251743e+02
1810 +5.894158255e+02 +5.894158255e+02 +9.067458255e+02 +9.067458255e+02
1961 +5.873072364e+02 +5.873072364e+02 +9.046372364e+02 +9.046372364e+02
1968 +5.643018834e+02 +5.643018834e+02 +8.816318834e+02 +8.816318834e+02
1981 +5.399133519e+02 +5.399133519e+02 +8.572433519e+02 +8.572433519e+02
2033 +5.323042455e+02 +5.323042455e+02 +8.496342455e+02 +8.496342455e+02
2204 +5.124572665e+02 +5.124572665e+02 +8.297872665e+02 +8.297872665e+02
2423 +4.980422222e+02 +4.980422222e+02 +8.153722222e+02 +8.153722222e+02
2669 +4.634884142e+02 +4.634884142e+02 +7.808184142e+02 +7.808184142e+02
3558 +4.446028539e+02 +4.446028539e+02 +7.619328539e+02 +7.619328539e+02
3581 +4.364874598e+02 +4.364874598e+02 +7.538174598e+02 +7.538174598e+02
3800 +4.161508053e+02 +4.161508053e+02 +7.334808053e+02 +7.334808053e+02
3874 +3.924085391e+02 +3.924085391e+02 +7.097385391e+02 +7.097385391e+02
3882 +3.848366841e+02 +3.848366841e+02 +7.021666841e+02 +7.021666841e+02
4125 +3.763437256e+02 +3.763437256e+02 +6.936737256e+02 +6.936737256e+02
4194 +3.652863528e+02 +3.652863528e+02 +6.826163528e+02 +6.826163528e+02
4239 +3.629181792e+02 +3.629181792e+02 +6.802481792e+02 +6.802481792e+02
4247 +3.539071291e+02 +3.539071291e+02 +6.712371291e+02 +6.712371291e+02
4292 +3.455805348e+02 +3.455805348e+02 +6.629105348e+02 +6.629105348e+02
4349 +3.367306518e+02 +3.367306518e+02 +6.540606518e+02 +6.540606518e+02
4391 +3.287969674e+02 +3.287969674e+02 +6.461269674e+02 +6.461269674e+02
4443 +3.184330873e+02 +3.184330873e+02 +6.357630873e+02 +6.357630873e+02
4480 +3.139114271e+02 +3.139114271e+02 +6.312414271e+02 +6.312414271e+02
4502 +3.077404564e+02 +3.077404564e+02 +6.250704564e+02 +6.250704564e+02
4554 +3.019129166e+02 +3.019129166e+02 +6.192429166e+02 +6.192429166e+02
4582 +2.935202892e+02 +2.935202892e+02 +6.108502892e+02 +6.108502892e+02
4695 +2.882921904e+02 +2.882921904e+02 +6.056221904e+02 +6.056221904e+02
4858 +2.812237369e+02 +2.812237369e+02 +5.985537369e+02 +5.985537369e+02
5170 +2.752611518e+02 +2.752611518e+02 +5.925911518e+02 +5.925911518e+02
6002 +2.691251691e+02 +2.691251691e+02 +5.864551691e+02 +5.864551691e+02
% function evaluation | noise-free fitness - Fopt (3.384000000000e+02) | best noise-free fitness - Fopt | measured fitness | best measured fitness | x1 | x2...
1 +1.412149790e+03 +1.412149790e+03 +1.750549790e+03 +1.750549790e+03
13 +1.280806606e+03 +1.280806606e+03 +1.619206606e+03 +1.619206606e+03
25 +1.208923529e+03 +1.208923529e+03 +1.547323529e+03 +1.547323529e+03
41 +1.149920628e+03 +1.149920628e+03 +1.488320628e+03 +1.488320628e+03
87 +9.453550598e+02 +9.453550598e+02 +1.283755060e+03 +1.283755060e+03
107 +9.289042547e+02 +9.289042547e+02 +1.267304255e+03 +1.267304255e+03
108 +8.731741004e+02 +8.731741004e+02 +1.211574100e+03 +1.211574100e+03
113 +8.127942931e+02 +8.127942931e+02 +1.151194293e+03 +1.151194293e+03
136 +7.790567793e+02 +7.790567793e+02 +1.117456779e+03 +1.117456779e+03
144 +7.268152777e+02 +7.268152777e+02 +1.065215278e+03 +1.065215278e+03
145 +7.237405308e+02 +7.237405308e+02 +1.062140531e+03 +1.062140531e+03
221 +6.829555873e+02 +6.829555873e+02 +1.021355587e+03 +1.021355587e+03
261 +6.636086348e+02 +6.636086348e+02 +1.002008635e+03 +1.002008635e+03
279 +6.559534576e+02 +6.559534576e+02 +9.943534576e+02 +9.943534576e+02
289 +6.087069083e+02 +6.087069083e+02 +9.471069083e+02 +9.471069083e+02
408 +6.007799633e+02 +6.007799633e+02 +9.391799633e+02 +9.391799633e+02
538 +5.680769330e+02 +5.680769330e+02 +9.064769330e+02 +9.064769330e+02
666 +5.530482832e+02 +5.530482832e+02 +8.914482832e+02 +8.914482832e+02
691 +5.487582974e+02 +5.487582974e+02 +8.871582974e+02 +8.871582974e+02
703 +4.714064457e+02 +4.714064457e+02 +8.098064457e+02 +8.098064457e+02
928 +4.408720282e+02 +4.408720282e+02 +7.792720282e+02 +7.792720282e+02
1573 +4.193277914e+02 +4.193277914e+02 +7.577277914e+02 +7.577277914e+02
1796 +4.125654127e+02 +4.125654127e+02 +7.509654127e+02 +7.509654127e+02
1803 +3.918375271e+02 +3.918375271e+02 +7.302375271e+02 +7.302375271e+02
1962 +3.872432113e+02 +3.872432113e+02 +7.256432113e+02 +7.256432113e+02
1979 +3.669560580e+02 +3.669560580e+02 +7.053560580e+02 +7.053560580e+02
2001 +3.603765360e+02 +3.603765360e+02 +6.987765360e+02 +6.987765360e+02
2019 +3.545960808e+02 +3.545960808e+02 +6.929960808e+02 +6.929960808e+02
2045 +3.361266135e+02 +3.361266135e+02 +6.745266135e+02 +6.745266135e+02
2061 +3.183381083e+02 +3.183381083e+02 +6.567381083e+02 +6.567381083e+02
2175 +3.117675847e+02 +3.117675847e+02 +6.501675847e+02 +6.501675847e+02
2182 +3.038393584e+02 +3.038393584e+02 +6.422393584e+02 +6.422393584e+02
2228 +3.013068175e+02 +3.013068175e+02 +6.397068175e+02 +6.397068175e+02
2277 +2.855131715e+02 +2.855131715e+02 +6.239131715e+02 +6.239131715e+02
2309 +2.807295425e+02 +2.807295425e+02 +6.191295425e+02 +6.191295425e+02
2356 +2.747159986e+02 +2.747159986e+02 +6.131159986e+02 +6.131159986e+02
2400 +2.689875456e+02 +2.689875456e+02 +6.073875456e+02 +6.073875456e+02
2444 +2.597410156e+02 +2.597410156e+02 +5.981410156e+02 +5.981410156e+02
2446 +2.556430170e+02 +2.556430170e+02 +5.940430170e+02 +5.940430170e+02
2534 +2.467378559e+02 +2.467378559e+02 +5.851378559e+02 +5.851378559e+02
2547 +2.397564027e+02 +2.397564027e+02 +5.781564027e+02 +5.781564027e+02
2573 +2.333629854e+02 +2.333629854e+02 +5.717629854e+02 +5.717629854e+02
2613 +2.251442053e+02 +2.251442053e+02 +5.635442053e+02 +5.635442053e+02
2625 +2.238622215e+02 +2.238622215e+02 +5.622622215e+02 +5.622622215e+02
2770 +2.184715262e+02 +2.184715262e+02 +5.568715262e+02 +5.568715262e+02
2788 +2.137004781e+02 +2.137004781e+02 +5.521004781e+02 +5.521004781e+02
3192 +2.082087309e+02 +2.082087309e+02 +5.466087309e+02 +5.466087309e+02
3903 +2.041700716e+02 +2.041700716e+02 +5.425700716e+02 +5.425700716e+02
4687 +1.994999822e+02 +1.994999822e+02 +5.378999822e+02 +5.378999822e+02
% function evaluation | noise-free fitness - Fopt (-4.940000000000e+01) | best noise-free fitness - Fopt | measured fitness | best measured fitness | x1 | x2...
1 +1.180425331e+03 +1.180425331e+03 +1.131025331e+03 +1.131025331e+03
5 +1.121363013e+03 +1.121363013e+03 +1.071963013e+03 +1.071963013e+03
56 +1.069665503e+03 +1.069665503e+03 +1.020265503e+03 +1.020265503e+03
103 +1.016307438e+03 +1.016307438e+03 +9.669074385e+02 +9.669074385e+02
117 +9.691901141e+02 +9.691901141e+02 +9.197901141e+02 +9.197901141e+02
140 +8.949195383e+02 +8.949195383e+02 +8.455195383e+02 +8.455195383e+02
156 +8.649389968e+02 +8.649389968e+02 +8.155389968e+02 +8.155389968e+02
158 +8.490690554e+02 +8.490690554e+02 +7.996690554e+02 +7.996690554e+02
161 +7.842463021e+02 +7.842463021e+02 +7.348463021e+02 +7.348463021e+02
186 +7.632237993e+02 +7.632237993e+02 +7.138237993e+02 +7.138237993e+02
193 +7.417400457e+02 +7.417400457e+02 +6.923400457e+02 +6.923400457e+02
205 +7.192825155e+02 +7.192825155e+02 +6.698825155e+02 +6.698825155e+02
244 +6.485364489e+02 +6.485364489e+02 +5.991364489e+02 +5.991364489e+02
248 +6.096026742e+02 +6.096026742e+02 +5.602026742e+02 +5.602026742e+02
421 +5.702647853e+02 +5.702647853e+02 +5.208647853e+02 +5.208647853e+02
745 +5.598027815e+02 +5.598027815e+02 +5.104027815e+02 +5.104027815e+02
802 +5.486673131e+02 +5.486673131e+02 +4.992673131e+02 +4.992673131e+02
1168 +5.311243199e+02 +5.311243199e+02 +4.817243199e+02 +4.817243199e+02
1193 +5.154598934e+02 +5.154598934e+02 +4.660598934e+02 +4.660598934e+02
1283 +5.025846555e+02 +5.025846555e+02 +4.531846555e+02 +4.531846555e+02
1294 +4.918152202e+02 +4.918152202e+02 +4.424152202e+02 +4.424152202e+02
1506 +4.864479047e+02 +4.864479047e+02 +4.370479047e+02 +4.370479047e+02
1528 +4.786072003e+02 +4.786072003e+02 +4.292072003e+02 +4.292072003e+02
1785 +4.491749309e+02 +4.491749309e+02 +3.997749309e+02 +3.997749309e+02
2151 +4.394062883e+02 +4.394062883e+02 +3.900062883e+02 +3.900062883e+02
2161 +4.192241791e+02 +4.192241791e+02 +3.698241791e+02 +3.698241791e+02
2163 +4.078572748e+02 +4.078572748e+02 +3.584572748e+02 +3.584572748e+02
2199 +4.050975518e+02 +4.050975518e+02 +3.556975518e+02 +3.556975518e+02
2267 +3.930348791e+02 +3.930348791e+02 +3.436348791e+02 +3.436348791e+02
2335 +3.886307743e+02 +3.886307743e+02 +3.392307743e+02 +3.392307743e+02
2342 +3.758443502e+02 +3.758443502e+02 +3.264443502e+02 +3.264443502e+02
2357 +3.614288581e+02 +3.614288581e+02 +3.120288581e+02 +3.120288581e+02
2433 +3.514290238e+02 +3.514290238e+02 +3.020290238e+02 +3.020290238e+02
2444 +3.453253008e+02 +3.453253008e+02 +2.959253008e+02 +2.959253008e+02
2495 +3.370468897e+02 +3.370468897e+02 +2.876468897e+02 +2.876468897e+02
2534 +3.295804010e+02 +3.295804010e+02 +2.801804010e+02 +2.801804010e+02
2574 +3.231442038e+02 +3.231442038e+02 +2.737442038e+02 +2.737442038e+02
2584 +3.143989483e+02 +3.143989483e+02 +2.649989483e+02 +2.649989483e+02
2606 +3.060990860e+02 +3.060990860e+02 +2.566990860e+02 +2.566990860e+02
2621 +2.992203247e+02 +2.992203247e+02 +2.498203247e+02 +2.498203247e+02
2685 +2.936712290e+02 +2.936712290e+02 +2.442712290e+02 +2.442712290e+02
2763 +2.811760945e+02 +2.811760945e+02 +2.317760945e+02 +2.317760945e+02
2804 +2.750516445e+02 +2.750516445e+02 +2.256516445e+02 +2.256516445e+02
2853 +2.655908315e+02 +2.655908315e+02 +2.161908315e+02 +2.161908315e+02
2888 +2.615789001e+02 +2.615789001e+02 +2.121789001e+02 +2.121789001e+02
2895 +2.567668337e+02 +2.567668337e+02 +2.073668337e+02 +2.073668337e+02
3012 +2.492645106e+02 +2.492645106e+02 +1.998645106e+02 +1.998645106e+02
3064 +2.449452998e+02 +2.449452998e+02 +1.955452998e+02 +1.955452998e+02
3193 +2.390495878e+02 +2.390495878e+02 +1.896495878e+02 +1.896495878e+02
3234 +2.342951069e+02 +2.342951069e+02 +1.848951069e+02 +1.848951069e+02
3308 +2.284441036e+02 +2.284441036e+02 +1.790441036e+02 +1.790441036e+02
3498 +2.237807677e+02 +2.237807677e+02 +1.743807677e+02 +1.743807677e+02
3604 +2.177744947e+02 +2.177744947e+02 +1.683744947e+02 +1.683744947e+02
3890 +2.135682750e+02 +2.135682750e+02 +1.641682750e+02 +1.641682750e+02
4372 +2.089079808e+02 +2.089079808e+02 +1.595079808e+02 +1.595079808e+02
% function evaluation | noise-free fitness - Fopt (-5.557000000000e+01) | best noise-free fitness - Fopt | measured fitness | best measured fitness | x1 | x2...
1 +1.147281101e+03 +1.147281101e+03 +1.091711101e+03 +1.091711101e+03
20 +1.070997161e+03 +1.070997161e+03 +1.015427161e+03 +1.015427161e+03
40 +9.439198159e+02 +9.439198159e+02 +8.883498159e+02 +8.883498159e+02
44 +8.645650121e+02 +8.645650121e+02 +8.089950121e+02 +8.089950121e+02
111 +7.942649840e+02 +7.942649840e+02 +7.386949840e+02 +7.386949840e+02
452 +7.665942479e+02 +7.665942479e+02 +7.110242479e+02 +7.110242479e+02
459 +7.357128011e+02 +7.357128011e+02 +6.801428011e+02 +6.801428011e+02
474 +7.147531412e+02 +7.147531412e+02 +6.591831412e+02 +6.591831412e+02
476 +7.053613525e+02 +7.053613525e+02 +6.497913525e+02 +6.497913525e+02
492 +6.819071728e+02 +6.819071728e+02 +6.263371728e+02 +6.263371728e+02
493 +6.382658968e+02 +6.382658968e+02 +5.826958968e+02 +5.826958968e+02
501 +6.026232642e+02 +6.026232642e+02 +5.470532642e+02 +5.470532642e+02
522 +5.204714868e+02 +5.204714868e+02 +4.649014868e+02 +4.649014868e+02
1146 +4.908288811e+02 +4.908288811e+02 +4.352588811e+02 +4.352588811e+02
1284 +4.834275361e+02 +4.834275361e+02 +4.278575361e+02 +4.278575361e+02
1461 +4.621518342e+02 +4.621518342e+02 +4.065818342e+02 +4.065818342e+02
1587 +4.440742520e+02 +4.440742520e+02 +3.885042520e+02 +3.885042520e+02
1630 +4.302829735e+02 +4.302829735e+02 +3.747129735e+02 +3.747129735e+02
1637 +4.216450870e+02 +4.216450870e+02 +3.660750870e+02 +3.660750870e+02
1701 +4.158131274e+02 +4.158131274e+02 +3.602431274e+02 +3.602431274e+02
1703 +3.666834371e+02 +3.666834371e+02 +3.111134371e+02 +3.111134371e+02
1904 +3.545451296e+02 +3.545451296e+02 +2.989751296e+02 +2.989751296e+02
1907 +3.445213429e+02 +3.445213429e+02 +2.889513429e+02 +2.889513429e+02
2122 +3.381118459e+02 +3.381118459e+02 +2.825418459e+02 +2.825418459e+02
2186 +3.232956535e+02 +3.232956535e+02 +2.677256535e+02 +2.677256535e+02
2223 +3.154013204e+02 +3.154013204e+02 +2.598313204e+02 +2.598313204e+02
2247 +3.063132134e+02 +3.063132134e+02 +2.507432134e+02 +2.507432134e+02
2325 +2.963251457e+02 +2.963251457e+02 +2.407551457e+02 +2.407551457e+02
2335 +2.921850923e+02 +2.921850923e+02 +2.366150923e+02 +2.366150923e+02
2342 +2.883240700e+02 +2.883240700e+02 +2.327540700e+02 +2.327540700e+02
2360 +2.785148826e+02 +2.785148826e+02 +2.229448826e+02 +2.229448826e+02
2366 +2.740657888e+02 +2.740657888e+02 +2.184957888e+02 +2.184957888e+02
2419 +2.685387370e+02 +2.685387370e+02 +2.129687370e+02 +2.129687370e+02
2447 +2.564650792e+02 +2.564650792e+02 +2.008950792e+02 +2.008950792e+02
2486 +2.491881989e+02 +2.491881989e+02 +1.936181989e+02 +1.936181989e+02
2548 +2.402640887e+02 +2.402640887e+02 +1.846940887e+02 +1.846940887e+02
2554 +2.346342568e+02 +2.346342568e+02 +1.790642568e+02 +1.790642568e+02
2562 +2.340978324e+02 +2.340978324e+02 +1.785278324e+02 +1.785278324e+02
2582 +2.271354368e+02 +2.271354368e+02 +1.715654368e+02 +1.715654368e+02
2603 +2.233597420e+02 +2.233597420e+02 +1.677897420e+02 +1.677897420e+02
2673 +2.181166150e+02 +2.181166150e+02 +1.625466150e+02 +1.625466150e+02
2710 +2.136317601e+02 +2.136317601e+02 +1.580617601e+02 +1.580617601e+02
2797 +2.083533272e+02 +2.083533272e+02 +1.527833272e+02 +1.527833272e+02
2841 +2.037225331e+02 +2.037225331e+02 +1.481525331e+02 +1.481525331e+02
2886 +1.995261169e+02 +1.995261169e+02 +1.439561169e+02 +1.439561169e+02
2985 +1.944406041e+02 +1.944406041e+02 +1.388706041e+02 +1.388706041e+02
3175 +1.904314424e+02 +1.904314424e+02 +1.348614424e+02 +1.348614424e+02
3408 +1.860449017e+02 +1.860449017e+02 +1.304749017e+02 +1.304749017e+02
4061 +1.818915997e+02 +1.818915997e+02 +1.263215997e+02 +1.263215997e+02
5005 +1.774949260e+02 +1.774949260e+02 +1.219249260e+02 +1.219249260e+02
5443 +1.737623868e+02 +1.737623868e+02 +1.181923868e+02 +1.181923868e+02
5701 +1.697914435e+02 +1.697914435e+02 +1.142214435e+02 +1.142214435e+02
6092 +1.658796912e+02 +1.658796912e+02 +1.103096912e+02 +1.103096912e+02
% function evaluation | noise-free fitness - Fopt (-1.412700000000e+02) | best noise-free fitness - Fopt | measured fitness | best measured fitness | x1 | x2...
1 +1.378761327e+03 +1.378761327e+03 +1.237491327e+03 +1.237491327e+03
132 +1.334730391e+03 +1.334730391e+03 +1.193460391e+03 +1.193460391e+03
142 +1.277527118e+03 +1.277527118e+03 +1.136257118e+03 +1.136257118e+03
155 +1.217944630e+03 +1.217944630e+03 +1.076674630e+03 +1.076674630e+03
174 +1.141593883e+03 +1.141593883e+03 +1.000323883e+03 +1.000323883e+03
188 +9.470482583e+02 +9.470482583e+02 +8.057782583e+02 +8.057782583e+02
260 +9.315720411e+02 +9.315720411e+02 +7.903020411e+02 +7.903020411e+02
323 +8.812333280e+02 +8.812333280e+02 +7.399633280e+02 +7.399633280e+02
325 +8.461846116e+02 +8.461846116e+02 +7.049146116e+02 +7.049146116e+02
368 +8.086118294e+02 +8.086118294e+02 +6.673418294e+02 +6.673418294e+02
573 +7.722311724e+02 +7.722311724e+02 +6.309611724e+02 +6.309611724e+02
594 +7.568082241e+02 +7.568082241e+02 +6.155382241e+02 +6.155382241e+02
646 +7.358744857e+02 +7.358744857e+02 +5.946044857e+02 +5.946044857e+02
654 +7.134645601e+02 +7.134645601e+02 +5.721945601e+02 +5.721945601e+02
704 +6.889168773e+02 +6.889168773e+02 +5.476468773e+02 +5.476468773e+02
719 +6.610181946e+02 +6.610181946e+02 +5.197481946e+02 +5.197481946e+02
723 +6.208931646e+02 +6.208931646e+02 +4.796231646e+02 +4.796231646e+02
1073 +6.140760296e+02 +6.140760296e+02 +4.728060296e+02 +4.728060296e+02
1108 +5.992148151e+02 +5.992148151e+02 +4.579448151e+02 +4.579448151e+02
1174 +5.492268693e+02 +5.492268693e+02 +4.079568693e+02 +4.079568693e+02
2006 +5.330379168e+02 +5.330379168e+02 +3.917679168e+02 +3.917679168e+02
2030 +5.235480998e+02 +5.235480998e+02 +3.822780998e+02 +3.822780998e+02
2045 +5.103015617e+02 +5.103015617e+02 +3.690315617e+02 +3.690315617e+02
2150 +4.904720425e+02 +4.904720425e+02 +3.492020425e+02 +3.492020425e+02
2259 +4.765696344e+02 +4.765696344e+02 +3.352996344e+02 +3.352996344e+02
2373 +4.642940732e+02 +4.642940732e+02 +3.230240732e+02 +3.230240732e+02
2826 +4.370144258e+02 +4.370144258e+02 +2.957444258e+02 +2.957444258e+02
2912 +4.350692934e+02 +4.350692934e+02 +2.937992934e+02 +2.937992934e+02
2955 +4.153386086e+02 +4.153386086e+02 +2.740686086e+02 +2.740686086e+02
3114 +4.045921813e+02 +4.045921813e+02 +2.633221813e+02 +2.633221813e+02
3172 +3.603707571e+02 +3.603707571e+02 +2.191007571e+02 +2.191007571e+02
3316 +3.522619628e+02 +3.522619628e+02 +2.109919628e+02 +2.109919628e+02
3509 +3.210795038e+02 +3.210795038e+02 +1.798095038e+02 +1.798095038e+02
3543 +3.147638099e+02 +3.147638099e+02 +1.734938099e+02 +1.734938099e+02
3555 +3.050448202e+02 +3.050448202e+02 +1.637748202e+02 +1.637748202e+02
3565 +3.019224991e+02 +3.019224991e+02 +1.606524991e+02 +1.606524991e+02
3581 +2.928759254e+02 +2.928759254e+02 +1.516059254e+02 +1.516059254e+02
3665 +2.876796084e+02 +2.876796084e+02 +1.464096084e+02 +1.464096084e+02
3675 +2.814606667e+02 +2.814606667e+02 +1.401906667e+02 +1.401906667e+02
3753 +2.736882501e+02 +2.736882501e+02 +1.324182501e+02 +1.324182501e+02
3782 +2.624652475e+02 +2.624652475e+02 +1.211952475e+02 +1.211952475e+02
3821 +2.534081659e+02 +2.534081659e+02 +1.121381659e+02 +1.121381659e+02
3883 +2.501434726e+02 +2.501434726e+02 +1.088734726e+02 +1.088734726e+02
3995 +2.419497755e+02 +2.419497755e+02 +1.006797755e+02 +1.006797755e+02
4019 +2.392287209e+02 +2.392287209e+02 +9.795872085e+01 +9.795872085e+01
4043 +2.340748123e+02 +2.340748123e+02 +9.280481227e+01 +9.280481227e+01
4132 +2.272868916e+02 +2.272868916e+02 +8.601689164e+01 +8.601689164e+01
4144 +2.238692892e+02 +2.238692892e+02 +8.259928917e+01 +8.259928917e+01
4195 +2.163130212e+02 +2.163130212e+02 +7.504302120e+01 +7.504302120e+01
4234 +2.132523474e+02 +2.132523474e+02 +7.198234742e+01 +7.198234742e+01
4395 +2.085712022e+02 +2.085712022e+02 +6.730120216e+01 +6.730120216e+01
4475 +2.036139793e+02 +2.036139793e+02 +6.234397932e+01 +6.234397932e+01
4703 +1.991852875e+02 +1.991852875e+02 +5.791528749e+01 +5.791528749e+01
4920 +1.948109121e+02 +1.948109121e+02 +5.354091206e+01 +5.354091206e+01
5025 +1.905046823e+02 +1.905046823e+02 +4.923468226e+01 +4.923468226e+01
5255 +1.862072215e+02 +1.862072215e+02 +4.493722152e+01 +4.493722152e+01
5638 +1.819447849e+02 +1.819447849e+02 +4.067478487e+01 +4.067478487e+01
6154 +1.777851733e+02 +1.777851733e+02 +3.651517333e+01 +3.651517333e+01
% function evaluation | noise-free fitness - Fopt (1.822100000000e+02) | best noise-free fitness - Fopt | measured fitness | best measured fitness | x1 | x2...
1 +1.409950720e+03 +1.409950720e+03 +1.592160720e+03 +1.592160720e+03
56 +1.216687691e+03 +1.216687691e+03 +1.398897691e+03 +1.398897691e+03
118 +1.143549499e+03 +1.143549499e+03 +1.325759499e+03 +1.325759499e+03
174 +9.837272233e+02 +9.837272233e+02 +1.165937223e+03 +1.165937223e+03
177 +9.742739777e+02 +9.742739777e+02 +1.156483978e+03 +1.156483978e+03
197 +9.194407378e+02 +9.194407378e+02 +1.101650738e+03 +1.101650738e+03
218 +8.695683503e+02 +8.695683503e+02 +1.051778350e+03 +1.051778350e+03
220 +8.311174943e+02 +8.311174943e+02 +1.013327494e+03 +1.013327494e+03
269 +7.908252298e+02 +7.908252298e+02 +9.730352298e+02 +9.730352298e+02
323 +7.732072293e+02 +7.732072293e+02 +9.554172293e+02 +9.554172293e+02
380 +7.219896743e+02 +7.219896743e+02 +9.041996743e+02 +9.041996743e+02
552 +7.032679621e+02 +7.032679621e+02 +8.854779621e+02 +8.854779621e+02
562 +6.854707851e+02 +6.854707851e+02 +8.676807851e+02 +8.676807851e+02
593 +6.678871281e+02 +6.678871281e+02 +8.500971281e+02 +8.500971281e+02
672 +5.892220371e+02 +5.892220371e+02 +7.714320371e+02 +7.714320371e+02
1067 +5.881434976e+02 +5.881434976e+02 +7.703534976e+02 +7.703534976e+02
1076 +5.743935027e+02 +5.743935027e+02 +7.566035027e+02 +7.566035027e+02
1143 +5.487745509e+02 +5.487745509e+02 +7.309845509e+02 +7.309845509e+02
1844 +5.232260428e+02 +5.232260428e+02 +7.054360428e+02 +7.054360428e+02
1855 +5.097869347e+02 +5.097869347e+02 +6.919969347e+02 +6.919969347e+02
2323 +4.735187531e+02 +4.735187531e+02 +6.557287531e+02 +6.557287531e+02
2364 +4.547602215e+02 +4.547602215e+02 +6.369702215e+02 +6.369702215e+02
3308 +4.346264485e+02 +4.346264485e+02 +6.168364485e+02 +6.168364485e+02
3400 +4.182946490e+02 +4.182946490e+02 +6.005046490e+02 +6.005046490e+02
4042 +4.016194656e+02 +4.016194656e+02 +5.838294656e+02 +5.838294656e+02
4090 +3.933426480e+02 +3.933426480e+02 +5.755526480e+02 +5.755526480e+02
4185 +3.884476230e+02 +3.884476230e+02 +5.706576230e+02 +5.706576230e+02
4219 +3.709609858e+02 +3.709609858e+02 +5.531709858e+02 +5.531709858e+02
4230 +3.618268055e+02 +3.618268055e+02 +5.440368055e+02 +5.440368055e+02
4238 +3.538049558e+02 +3.538049558e+02 +5.360149558e+02 +5.360149558e+02
4277 +3.466814992e+02 +3.466814992e+02 +5.288914992e+02 +5.288914992e+02
4308 +3.344984680e+02 +3.344984680e+02 +5.167084680e+02 +5.167084680e+02
4320 +3.285458752e+02 +3.285458752e+02 +5.107558752e+02 +5.107558752e+02
4369 +3.215193653e+02 +3.215193653e+02 +5.037293653e+02 +5.037293653e+02
4459 +3.143244358e+02 +3.143244358e+02 +4.965344358e+02 +4.965344358e+02
4496 +3.066508788e+02 +3.066508788e+02 +4.888608788e+02 +4.888608788e+02
4515 +3.015414013e+02 +3.015414013e+02 +4.837514013e+02 +4.837514013e+02
4530 +2.932694470e+02 +2.932694470e+02 +4.754794470e+02 +4.754794470e+02
4557 +2.836795155e+02 +2.836795155e+02 +4.658895155e+02 +4.658895155e+02
4593 +2.771212063e+02 +2.771212063e+02 +4.593312063e+02 +4.593312063e+02
4614 +2.744733969e+02 +2.744733969e+02 +4.566833969e+02 +4.566833969e+02
4617 +2.685115891e+02 +2.685115891e+02 +4.507215891e+02 +4.507215891e+02
4839 +2.625911400e+02 +2.625911400e+02 +4.448011400e+02 +4.448011400e+02
4917 +2.548271261e+02 +2.548271261e+02 +4.370371261e+02 +4.370371261e+02
4963 +2.510161600e+02 +2.510161600e+02 +4.332261600e+02 +4.332261600e+02
5033 +2.452055651e+02 +2.452055651e+02 +4.274155651e+02 +4.274155651e+02
5092 +2.398741497e+02 +2.398741497e+02 +4.220841497e+02 +4.220841497e+02
5213 +2.341575577e+02 +2.341575577e+02 +4.163675577e+02 +4.163675577e+02
5306 +2.281873658e+02 +2.281873658e+02 +4.103973658e+02 +4.103973658e+02
5389 +2.235631977e+02 +2.235631977e+02 +4.057731977e+02 +4.057731977e+02
5534 +2.179829795e+02 +2.179829795e+02 +4.001929795e+02 +4.001929795e+02
5777 +2.136025660e+02 +2.136025660e+02 +3.958125660e+02 +3.958125660e+02
6250 +2.089214376e+02 +2.089214376e+02 +3.911314376e+02 +3.911314376e+02
% function evaluation | noise-free fitness - Fopt (8.191000000000e+01) | best noise-free fitness - Fopt | measured fitness | best measured fitness | x1 | x2...
1 +1.194521483e+03 +1.194521483e+03 +1.276431483e+03 +1.276431483e+03
46 +1.151493221e+03 +1.151493221e+03 +1.233403221e+03 +1.233403221e+03
59 +1.138973964e+03 +1.138973964e+03 +1.220883964e+03 +1.220883964e+03
82 +1.111048652e+03 +1.111048652e+03 +1.192958652e+03 +1.192958652e+03
95 +1.029820078e+03 +1.029820078e+03 +1.111730078e+03 +1.111730078e+03
140 +9.943836452e+02 +9.943836452e+02 +1.076293645e+03 +1.076293645e+03
171 +9.686237471e+02 +9.686237471e+02 +1.050533747e+03 +1.050533747e+03
262 +9.291688200e+02 +9.291688200e+02 +1.011078820e+03 +1.011078820e+03
282 +9.019884107e+02 +9.019884107e+02 +9.838984107e+02 +9.838984107e+02
369 +8.892076521e+02 +8.892076521e+02 +9.711176521e+02 +9.711176521e+02
373 +8.674613349e+02 +8.674613349e+02 +9.493713349e+02 +9.493713349e+02
382 +8.230239259e+02 +8.230239259e+02 +9.049339259e+02 +9.049339259e+02
416 +8.091702565e+02 +8.091702565e+02 +8.910802565e+02 +8.910802565e+02
520 +7.566325658e+02 +7.566325658e+02 +8.385425658e+02 +8.385425658e+02
575 +6.846636787e+02 +6.846636787e+02 +7.665736787e+02 +7.665736787e+02
631 +6.590423382e+02 +6.590423382e+02 +7.409523382e+02 +7.409523382e+02
713 +6.289521899e+02 +6.289521899e+02 +7.108621899e+02 +7.108621899e+02
830 +6.116244233e+02 +6.116244233e+02 +6.935344233e+02 +6.935344233e+02
856 +5.564739093e+02 +5.564739093e+02 +6.383839093e+02 +6.383839093e+02
1644 +5.492322398e+02 +5.492322398e+02 +6.311422398e+02 +6.311422398e+02
1725 +5.048040580e+02 +5.048040580e+02 +5.867140580e+02 +5.867140580e+02
2146 +4.802425101e+02 +4.802425101e+02 +5.621525101e+02 +5.621525101e+02
2169 +4.620440234e+02 +4.620440234e+02 +5.439540234e+02 +5.439540234e+02
2353 +4.535488259e+02 +4.535488259e+02 +5.354588259e+02 +5.354588259e+02
2414 +4.007405787e+02 +4.007405787e+02 +4.826505787e+02 +4.826505787e+02
2521 +3.909570453e+02 +3.909570453e+02 +4.728670453e+02 +4.728670453e+02
2593 +3.724856659e+02 +3.724856659e+02 +4.543956659e+02 +4.543956659e+02
2774 +3.621822237e+02 +3.621822237e+02 +4.440922237e+02 +4.440922237e+02
2832 +3.524131180e+02 +3.524131180e+02 +4.343231180e+02 +4.343231180e+02
2846 +3.383778729e+02 +3.383778729e+02 +4.202878729e+02 +4.202878729e+02
2876 +3.250678163e+02 +3.250678163e+02 +4.069778163e+02 +4.069778163e+02
2896 +3.220851336e+02 +3.220851336e+02 +4.039951336e+02 +4.039951336e+02
2902 +2.966817386e+02 +2.966817386e+02 +3.785917386e+02 +3.785917386e+02
2918 +2.943759522e+02 +2.943759522e+02 +3.762859522e+02 +3.762859522e+02
3031 +2.772938354e+02 +2.772938354e+02 +3.592038354e+02 +3.592038354e+02
3106 +2.739339541e+02 +2.739339541e+02 +3.558439541e+02 +3.558439541e+02
3143 +2.647512394e+02 +2.647512394e+02 +3.466612394e+02 +3.466612394e+02
3182 +2.615703917e+02 +2.615703917e+02 +3.434803917e+02 +3.434803917e+02
3192 +2.560505801e+02 +2.560505801e+02 +3.379605801e+02 +3.379605801e+02
3263 +2.508210979e+02 +2.508210979e+02 +3.327310979e+02 +3.327310979e+02
3303 +2.430600953e+02 +2.430600953e+02 +3.249700953e+02 +3.249700953e+02
3314 +2.387338769e+02 +2.387338769e+02 +3.206438769e+02 +3.206438769e+02
3343 +2.319396531e+02 +2.319396531e+02 +3.138496531e+02 +3.138496531e+02
3353 +2.279135036e+02 +2.279135036e+02 +3.098235036e+02 +3.098235036e+02
3404 +2.214158554e+02 +2.214158554e+02 +3.033258554e+02 +3.033258554e+02
3434 +2.187023112e+02 +2.187023112e+02 +3.006123112e+02 +3.006123112e+02
3480 +2.129414821e+02 +2.129414821e+02 +2.948514821e+02 +2.948514821e+02
3551 +2.080893478e+02 +2.080893478e+02 +2.899993478e+02 +2.899993478e+02
3668 +2.034475985e+02 +2.034475985e+02 +2.853575985e+02 +2.853575985e+02
3763 +1.994688136e+02 +1.994688136e+02 +2.813788136e+02 +2.813788136e+02
4345 +1.949308554e+02 +1.949308554e+02 +2.768408554e+02 +2.768408554e+02
