% function evaluation | noise-free fitness - Fopt (-5.494000000000e+01) | best noise-free fitness - Fopt | measured fitness | best measured fitness | x1 | x2...
1 +3.012777594e+06 +3.012777594e+06 +3.012722654e+06 +3.012722654e+06 +0.0000e+00 +0.0000e+00
2 +6.277615729e+05 +6.277615729e+05 +6.277066329e+05 +6.277066329e+05 -3.4436e-01 -9.1836e-01
6 +2.489364892e+05 +2.489364892e+05 +2.488815492e+05 +2.488815492e+05 -1.2748e+00 -1.0967e+00
12 +2.393405571e+03 +2.393405571e+03 +2.338465571e+03 +2.338465571e+03 -2.6919e+00 -1.3465e+00
50 +8.658188951e+02 +8.658188951e+02 +8.108788951e+02 +8.108788951e+02 -3.2698e+00 -1.1448e+00
73 +3.196951008e+01 +3.196951008e+01 -2.297048992e+01 -2.297048992e+01 -2.1883e+00 -1.4135e+00
113 +2.051670627e+01 +2.051670627e+01 -3.442329373e+01 -3.442329373e+01 -1.8574e+00 -1.4838e+00
126 +3.946265450e+00 +3.946265450e+00 -5.099373455e+01 -5.099373455e+01 -1.8585e+00 -1.4774e+00
203 +7.270243533e-01 +7.270243533e-01 -5.421297565e+01 -5.421297565e+01 -2.1114e+00 -1.4238e+00
208 +5.905623768e-01 +5.905623768e-01 -5.434943762e+01 -5.434943762e+01 -1.9724e+00 -1.4555e+00
235 +3.412075362e-01 +3.412075362e-01 -5.459879246e+01 -5.459879246e+01 -1.9953e+00 -1.4492e+00
279 +8.966124235e-02 +8.966124235e-02 -5.485033876e+01 -5.485033876e+01 -1.9723e+00 -1.4546e+00
286 +6.995046076e-02 +6.995046076e-02 -5.487004954e+01 -5.487004954e+01 -1.9786e+00 -1.4534e+00
316 +6.802944288e-02 +6.802944288e-02 -5.487197056e+01 -5.487197056e+01 -1.9816e+00 -1.4527e+00
570 +6.670399330e-02 +6.670399330e-02 -5.487329601e+01 -5.487329601e+01 -1.9792e+00 -1.4533e+00
588 +6.542788282e-02 +6.542788282e-02 -5.487457212e+01 -5.487457212e+01 -1.9770e+00 -1.4537e+00
767 +6.452742085e-02 +6.452742085e-02 -5.487547258e+01 -5.487547258e+01 -1.9753e+00 -1.4541e+00
1096 +6.297257292e-02 +6.297257292e-02 -5.487702743e+01 -5.487702743e+01 -1.9722e+00 -1.4547e+00
1134 +6.150512469e-02 +6.150512469e-02 -5.487849488e+01 -5.487849488e+01 -1.9692e+00 -1.4554e+00
1150 +6.009437926e-02 +6.009437926e-02 -5.487990562e+01 -5.487990562e+01 -1.9649e+00 -1.4564e+00
1162 +5.840816033e-02 +5.840816033e-02 -5.488159184e+01 -5.488159184e+01 -1.9623e+00 -1.4569e+00
1164 +5.705809944e-02 +5.705809944e-02 -5.488294190e+01 -5.488294190e+01 -1.9595e+00 -1.4575e+00
1173 +5.492047492e-02 +5.492047492e-02 -5.488507953e+01 -5.488507953e+01 -1.9556e+00 -1.4584e+00
1186 +5.245156923e-02 +5.245156923e-02 -5.488754843e+01 -5.488754843e+01 -1.9491e+00 -1.4597e+00
1188 +5.053750863e-02 +5.053750863e-02 -5.488946249e+01 -5.488946249e+01 -1.9449e+00 -1.4607e+00
1194 +4.947545192e-02 +4.947545192e-02 -5.489052455e+01 -5.489052455e+01 -1.9417e+00 -1.4613e+00
1200 +4.849927644e-02 +4.849927644e-02 -5.489150072e+01 -5.489150072e+01 -1.9391e+00 -1.4619e+00
1205 +4.513923664e-02 +4.513923664e-02 -5.489486076e+01 -5.489486076e+01 -1.9240e+00 -1.4651e+00
1208 +4.397843347e-02 +4.397843347e-02 -5.489602157e+01 -5.489602157e+01 -1.9225e+00 -1.4655e+00
1212 +4.140499672e-02 +4.140499672e-02 -5.489859500e+01 -5.489859500e+01 -1.8888e+00 -1.4727e+00
1213 +4.017744485e-02 +4.017744485e-02 -5.489982256e+01 -5.489982256e+01 -1.9018e+00 -1.4699e+00
1218 +3.926781477e-02 +3.926781477e-02 -5.490073219e+01 -5.490073219e+01 -1.9036e+00 -1.4695e+00
1222 +3.677741038e-02 +3.677741038e-02 -5.490322259e+01 -5.490322259e+01 -1.8792e+00 -1.4748e+00
1226 +3.595604843e-02 +3.595604843e-02 -5.490404395e+01 -5.490404395e+01 -1.8880e+00 -1.4729e+00
1233 +3.223518477e-02 +3.223518477e-02 -5.490776482e+01 -5.490776482e+01 -1.8834e+00 -1.4739e+00
1241 +2.932779922e-02 +2.932779922e-02 -5.491067220e+01 -5.491067220e+01 -1.8763e+00 -1.4755e+00
1246 +2.244165836e-02 +2.244165836e-02 -5.491755834e+01 -5.491755834e+01 -1.8640e+00 -1.4782e+00
1249 +2.184810678e-02 +2.184810678e-02 -5.491815189e+01 -5.491815189e+01 -1.8523e+00 -1.4807e+00
1254 +1.433429530e-02 +1.433429530e-02 -5.492566570e+01 -5.492566570e+01 -1.8232e+00 -1.4870e+00
1255 +1.175614396e-02 +1.175614396e-02 -5.492824386e+01 -5.492824386e+01 -1.8267e+00 -1.4862e+00
1262 +8.011092750e-03 +8.011092750e-03 -5.493198891e+01 -5.493198891e+01 -1.8042e+00 -1.4911e+00
1264 +5.316516647e-03 +5.316516647e-03 -5.493468348e+01 -5.493468348e+01 -1.7738e+00 -1.4977e+00
1267 +4.217188673e-03 +4.217188673e-03 -5.493578281e+01 -5.493578281e+01 -1.7676e+00 -1.4990e+00
1270 +3.933484501e-03 +3.933484501e-03 -5.493606652e+01 -5.493606652e+01 -1.7930e+00 -1.4936e+00
1272 +2.259123684e-03 +2.259123684e-03 -5.493774088e+01 -5.493774088e+01 -1.7625e+00 -1.5001e+00
1283 +1.647945908e-03 +1.647945908e-03 -5.493835205e+01 -5.493835205e+01 -1.7373e+00 -1.5056e+00
1288 +1.118526691e-03 +1.118526691e-03 -5.493888147e+01 -5.493888147e+01 -1.7153e+00 -1.5104e+00
1293 +1.008985047e-03 +1.008985047e-03 -5.493899101e+01 -5.493899101e+01 -1.6992e+00 -1.5139e+00
1297 +3.433866579e-04 +3.433866579e-04 -5.493965661e+01 -5.493965661e+01 -1.7296e+00 -1.5073e+00
1312 +3.235604126e-04 +3.235604126e-04 -5.493967644e+01 -5.493967644e+01 -1.7089e+00 -1.5118e+00
1315 +1.256909099e-04 +1.256909099e-04 -5.493987431e+01 -5.493987431e+01 -1.7164e+00 -1.5102e+00
1332 +5.541845108e-05 +5.541845108e-05 -5.493994458e+01 -5.493994458e+01 -1.7343e+00 -1.5063e+00
1353 +2.967142788e-05 +2.967142788e-05 -5.493997033e+01 -5.493997033e+01 -1.7273e+00 -1.5078e+00
1382 +5.123340067e-06 +5.123340067e-06 -5.493999488e+01 -5.493999488e+01 -1.7283e+00 -1.5076e+00
1407 +3.515693479e-07 +3.515693479e-07 -5.493999965e+01 -5.493999965e+01 -1.7260e+00 -1.5081e+00
1986 +3.056829811e-07 +3.056829811e-07 -5.493999969e+01 -5.493999969e+01 -1.7264e+00 -1.5080e+00
1992 +1.870343169e-07 +1.870343169e-07 -5.493999981e+01 -5.493999981e+01 -1.7264e+00 -1.5080e+00
1996 +1.488167811e-07 +1.488167811e-07 -5.493999985e+01 -5.493999985e+01 -1.7260e+00 -1.5081e+00
2005 +9.704379522e-10 +9.704379522e-10 -5.494000000e+01 -5.494000000e+01 -1.7264e+00 -1.5080e+00
3722 +0.000000000e+00 +0.000000000e+00 -5.494000000e+01 -5.494000000e+01 -1.7264e+00 -1.5080e+00
% function evaluation | noise-free fitness - Fopt (5.913000000000e+01) | best noise-free fitness - Fopt | measured fitness | best measured fitness | x1 | x2...
1 +8.442491678e+02 +8.442491678e+02 +9.033791678e+02 +9.033791678e+02 +0.0000e+00 +0.0000e+00
49 +2.525549848e+02 +2.525549848e+02 +3.116849848e+02 +3.116849848e+02 -2.8855e+00 +2.7156e+00
172 +7.478783305e+01 +7.478783305e+01 +1.339178331e+02 +1.339178331e+02 +1.9271e+00 -1.7468e+00
204 +3.962887119e+01 +3.962887119e+01 +9.875887119e+01 +9.875887119e+01 +2.2686e+00 -2.0530e+00
253 +3.123741672e+01 +3.123741672e+01 +9.036741672e+01 +9.036741672e+01 +1.8718e+00 -1.6870e+00
259 +3.032795235e+01 +3.032795235e+01 +8.945795235e+01 +8.945795235e+01 +1.8121e+00 -1.6323e+00
274 +2.728098893e+01 +2.728098893e+01 +8.641098893e+01 +8.641098893e+01 +1.5836e+00 -1.4224e+00
1077 +2.683996367e+01 +2.683996367e+01 +8.596996367e+01 +8.596996367e+01 +1.5930e+00 -1.4296e+00
1087 +2.599443792e+01 +2.599443792e+01 +8.512443792e+01 +8.512443792e+01 +1.5257e+00 -1.3675e+00
1092 +2.492159747e+01 +2.492159747e+01 +8.405159747e+01 +8.405159747e+01 +1.4373e+00 -1.2860e+00
1102 +2.310905649e+01 +2.310905649e+01 +8.223905649e+01 +8.223905649e+01 +1.3048e+00 -1.1645e+00
1103 +2.290259183e+01 +2.290259183e+01 +8.203259183e+01 +8.203259183e+01 +1.2821e+00 -1.1433e+00
1117 +2.219066026e+01 +2.219066026e+01 +8.132066026e+01 +8.132066026e+01 +1.1885e+00 -1.0566e+00
1118 +2.149052090e+01 +2.149052090e+01 +8.062052090e+01 +8.062052090e+01 +1.1582e+00 -1.0292e+00
1122 +2.081291088e+01 +2.081291088e+01 +7.994291088e+01 +7.994291088e+01 +1.0934e+00 -9.6943e-01
1123 +2.041245826e+01 +2.041245826e+01 +7.954245826e+01 +7.954245826e+01 +1.0498e+00 -9.2913e-01
1134 +1.858719214e+01 +1.858719214e+01 +7.771719214e+01 +7.771719214e+01 +9.0388e-01 -7.9546e-01
1136 +1.676714644e+01 +1.676714644e+01 +7.589714644e+01 +7.589714644e+01 +7.4987e-01 -6.5354e-01
1143 +1.538840987e+01 +1.538840987e+01 +7.451840987e+01 +7.451840987e+01 +6.3130e-01 -5.4463e-01
1145 +1.183532721e+01 +1.183532721e+01 +7.096532721e+01 +7.096532721e+01 +3.2663e-01 -2.6393e-01
1153 +9.441975365e+00 +9.441975365e+00 +6.857197537e+01 +6.857197537e+01 +3.2749e-02 +6.3602e-03
1158 +9.077318687e+00 +9.077318687e+00 +6.820731869e+01 +6.820731869e+01 -5.3488e-02 +8.5558e-02
1161 +7.782395338e+00 +7.782395338e+00 +6.691239534e+01 +6.691239534e+01 -2.6018e-01 +2.7640e-01
1163 +5.446347738e+00 +5.446347738e+00 +6.457634774e+01 +6.457634774e+01 -6.4522e-01 +6.3080e-01
1164 +3.153394357e+00 +3.153394357e+00 +6.228339436e+01 +6.228339436e+01 -9.3742e-01 +8.9965e-01
1172 +2.417795354e+00 +2.417795354e+00 +6.154779535e+01 +6.154779535e+01 -1.2643e+00 +1.2006e+00
1176 +7.458215357e-01 +7.458215357e-01 +5.987582154e+01 +5.987582154e+01 -1.8492e+00 +1.7393e+00
1177 +4.085928110e-01 +4.085928110e-01 +5.953859281e+01 +5.953859281e+01 -1.9754e+00 +1.8556e+00
1191 +4.027376068e-01 +4.027376068e-01 +5.953273761e+01 +5.953273761e+01 -2.5763e+00 +2.4091e+00
1195 +2.420929498e-01 +2.420929498e-01 +5.937209295e+01 +5.937209295e+01 -2.4630e+00 +2.3048e+00
1207 +8.376925937e-02 +8.376925937e-02 +5.921376926e+01 +5.921376926e+01 -2.4398e+00 +2.2838e+00
1233 +5.530328508e-02 +5.530328508e-02 +5.918530329e+01 +5.918530329e+01 -2.1943e+00 +2.0577e+00
1244 +1.202737882e-02 +1.202737882e-02 +5.914202738e+01 +5.914202738e+01 -2.2918e+00 +2.1479e+00
1270 +1.922238888e-03 +1.922238888e-03 +5.913192224e+01 +5.913192224e+01 -2.2319e+00 +2.0926e+00
1360 +1.543655932e-03 +1.543655932e-03 +5.913154366e+01 +5.913154366e+01 -2.2334e+00 +2.0940e+00
1459 +1.304897222e-03 +1.304897222e-03 +5.913130490e+01 +5.913130490e+01 -2.2336e+00 +2.0941e+00
1464 +1.156347557e-03 +1.156347557e-03 +5.913115635e+01 +5.913115635e+01 -2.2337e+00 +2.0942e+00
1722 +1.140930376e-03 +1.140930376e-03 +5.913114093e+01 +5.913114093e+01 -2.2337e+00 +2.0942e+00
1740 +1.103463644e-03 +1.103463644e-03 +5.913110346e+01 +5.913110346e+01 -2.2340e+00 +2.0946e+00
1744 +1.070320720e-03 +1.070320720e-03 +5.913107032e+01 +5.913107032e+01 -2.2344e+00 +2.0949e+00
1754 +1.036655144e-03 +1.036655144e-03 +5.913103666e+01 +5.913103666e+01 -2.2349e+00 +2.0953e+00
1760 +1.018667633e-03 +1.018667633e-03 +5.913101867e+01 +5.913101867e+01 -2.2355e+00 +2.0959e+00
1767 +9.835047210e-04 +9.835047210e-04 +5.913098350e+01 +5.913098350e+01 -2.2361e+00 +2.0964e+00
1782 +9.536734428e-04 +9.536734428e-04 +5.913095367e+01 +5.913095367e+01 -2.2365e+00 +2.0968e+00
1792 +9.317534644e-04 +9.317534644e-04 +5.913093175e+01 +5.913093175e+01 -2.2373e+00 +2.0975e+00
1804 +9.013741097e-04 +9.013741097e-04 +5.913090137e+01 +5.913090137e+01 -2.2384e+00 +2.0986e+00
1805 +8.898741476e-04 +8.898741476e-04 +5.913088987e+01 +5.913088987e+01 -2.2394e+00 +2.0995e+00
1813 +8.423595673e-04 +8.423595673e-04 +5.913084236e+01 +5.913084236e+01 -2.2406e+00 +2.1006e+00
1822 +8.276620133e-04 +8.276620133e-04 +5.913082766e+01 +5.913082766e+01 -2.2410e+00 +2.1010e+00
1824 +7.163267079e-04 +7.163267079e-04 +5.913071633e+01 +5.913071633e+01 -2.2425e+00 +2.1023e+00
1826 +7.069496602e-04 +7.069496602e-04 +5.913070695e+01 +5.913070695e+01 -2.2427e+00 +2.1025e+00
1828 +6.783114582e-04 +6.783114582e-04 +5.913067831e+01 +5.913067831e+01 -2.2430e+00 +2.1028e+00
1834 +6.286441298e-04 +6.286441298e-04 +5.913062864e+01 +5.913062864e+01 -2.2435e+00 +2.1032e+00
1835 +4.219800933e-04 +4.219800933e-04 +5.913042198e+01 +5.913042198e+01 -2.2456e+00 +2.1052e+00
1842 +3.016104340e-04 +3.016104340e-04 +5.913030161e+01 +5.913030161e+01 -2.2475e+00 +2.1070e+00
1846 +2.055884664e-04 +2.055884664e-04 +5.913020559e+01 +5.913020559e+01 -2.2509e+00 +2.1101e+00
1854 +1.488590737e-04 +1.488590737e-04 +5.913014886e+01 +5.913014886e+01 -2.2535e+00 +2.1125e+00
1856 +1.215746544e-04 +1.215746544e-04 +5.913012157e+01 +5.913012157e+01 -2.2535e+00 +2.1124e+00
1859 +1.144640824e-04 +1.144640824e-04 +5.913011446e+01 +5.913011446e+01 -2.2538e+00 +2.1128e+00
1863 +1.863794788e-05 +1.863794788e-05 +5.913001864e+01 +5.913001864e+01 -2.2601e+00 +2.1186e+00
1873 +1.155826631e-06 +1.155826631e-06 +5.913000116e+01 +5.913000116e+01 -2.2612e+00 +2.1196e+00
1916 +5.998732107e-07 +5.998732107e-07 +5.913000060e+01 +5.913000060e+01 -2.2607e+00 +2.1191e+00
1944 +4.419279023e-07 +4.419279023e-07 +5.913000044e+01 +5.913000044e+01 -2.2613e+00 +2.1196e+00
1999 +3.504903248e-07 +3.504903248e-07 +5.913000035e+01 +5.913000035e+01 -2.2612e+00 +2.1195e+00
2005 +1.902384739e-07 +1.902384739e-07 +5.913000019e+01 +5.913000019e+01 -2.2610e+00 +2.1194e+00
2025 +6.016716014e-08 +6.016716014e-08 +5.913000006e+01 +5.913000006e+01 -2.2608e+00 +2.1192e+00
2081 +3.402871585e-08 +3.402871585e-08 +5.913000003e+01 +5.913000003e+01 -2.2608e+00 +2.1192e+00
2086 +3.179188468e-09 +3.179188468e-09 +5.913000000e+01 +5.913000000e+01 -2.2608e+00 +2.1192e+00
3301 +0.000000000e+00 +0.000000000e+00 +5.913000000e+01 +5.913000000e+01 -2.2608e+00 +2.1192e+00
% function evaluation | noise-free fitness - Fopt (-4.915300000000e+02) | best noise-free fitness - Fopt | measured fitness | best measured fitness | x1 | x2...
1 +3.132814721e+05 +3.132814721e+05 +3.127899421e+05 +3.127899421e+05 +0.0000e+00 +0.0000e+00
4 +1.084650582e+05 +1.084650582e+05 +1.079735282e+05 +1.079735282e+05 +7.7377e-01 -9.3760e-01
6 +8.334940511e+04 +8.334940511e+04 +8.285787511e+04 +8.285787511e+04 +3.9907e-01 -1.4126e+00
14 +2.487605072e+04 +2.487605072e+04 +2.438452072e+04 +2.438452072e+04 -4.9399e-01 -5.7548e-01
22 +5.005068227e+03 +5.005068227e+03 +4.513538227e+03 +4.513538227e+03 -8.0567e-01 -3.5728e-02
43 +2.426908136e+03 +2.426908136e+03 +1.935378136e+03 +1.935378136e+03 +1.0758e+00 -1.6335e+00
44 +5.981957159e+02 +5.981957159e+02 +1.066657159e+02 +1.066657159e+02 -3.8304e-01 -4.8702e-01
55 +3.675447555e+02 +3.675447555e+02 -1.239852445e+02 -1.239852445e+02 -6.3936e-01 -2.8626e-01
61 +9.125953765e+01 +9.125953765e+01 -4.002704623e+02 -4.002704623e+02 -3.7326e-01 -4.7711e-01
73 +3.401715159e-01 +3.401715159e-01 -4.911898285e+02 -4.911898285e+02 -3.7890e-01 -4.6122e-01
140 +1.989577629e-01 +1.989577629e-01 -4.913310422e+02 -4.913310422e+02 -2.3007e-01 -5.7522e-01
184 +1.920747397e-01 +1.920747397e-01 -4.913379253e+02 -4.913379253e+02 -2.2527e-01 -5.7889e-01
194 +1.631577104e-01 +1.631577104e-01 -4.913668423e+02 -4.913668423e+02 -2.3798e-01 -5.6893e-01
238 +1.605863235e-01 +1.605863235e-01 -4.913694137e+02 -4.913694137e+02 -2.3387e-01 -5.7201e-01
312 +1.584728102e-01 +1.584728102e-01 -4.913715272e+02 -4.913715272e+02 -2.3367e-01 -5.7221e-01
599 +1.545978698e-01 +1.545978698e-01 -4.913754021e+02 -4.913754021e+02 -2.2970e-01 -5.7524e-01
612 +1.511577376e-01 +1.511577376e-01 -4.913788423e+02 -4.913788423e+02 -2.2489e-01 -5.7889e-01
640 +1.465013259e-01 +1.465013259e-01 -4.913834987e+02 -4.913834987e+02 -2.2042e-01 -5.8232e-01
653 +1.412782594e-01 +1.412782594e-01 -4.913887217e+02 -4.913887217e+02 -2.1691e-01 -5.8505e-01
658 +1.399507182e-01 +1.399507182e-01 -4.913900493e+02 -4.913900493e+02 -2.1538e-01 -5.8621e-01
660 +1.365362845e-01 +1.365362845e-01 -4.913934637e+02 -4.913934637e+02 -2.1219e-01 -5.8866e-01
665 +1.310418226e-01 +1.310418226e-01 -4.913989582e+02 -4.913989582e+02 -2.0683e-01 -5.9279e-01
668 +1.213384503e-01 +1.213384503e-01 -4.914086615e+02 -4.914086615e+02 -1.9711e-01 -6.0024e-01
672 +1.121364705e-01 +1.121364705e-01 -4.914178635e+02 -4.914178635e+02 -1.8698e-01 -6.0802e-01
681 +9.766322949e-02 +9.766322949e-02 -4.914323368e+02 -4.914323368e+02 -1.6919e-01 -6.2168e-01
682 +9.505747155e-02 +9.505747155e-02 -4.914349425e+02 -4.914349425e+02 -1.5664e-01 -6.3135e-01
689 +8.350994740e-02 +8.350994740e-02 -4.914464901e+02 -4.914464901e+02 -1.4482e-01 -6.4040e-01
690 +7.762056314e-02 +7.762056314e-02 -4.914523794e+02 -4.914523794e+02 -1.2039e-01 -6.5918e-01
696 +7.204164664e-02 +7.204164664e-02 -4.914579584e+02 -4.914579584e+02 -1.1091e-01 -6.6645e-01
711 +6.460922098e-02 +6.460922098e-02 -4.914653908e+02 -4.914653908e+02 -1.0587e-01 -6.7029e-01
713 +5.892062356e-02 +5.892062356e-02 -4.914710794e+02 -4.914710794e+02 -8.5884e-02 -6.8562e-01
717 +4.923209073e-02 +4.923209073e-02 -4.914807679e+02 -4.914807679e+02 -7.2014e-02 -6.9623e-01
722 +4.699086262e-02 +4.699086262e-02 -4.914830091e+02 -4.914830091e+02 -7.0902e-02 -6.9706e-01
726 +4.209085415e-02 +4.209085415e-02 -4.914879091e+02 -4.914879091e+02 -4.9839e-02 -7.1323e-01
727 +3.273830940e-02 +3.273830940e-02 -4.914972617e+02 -4.914972617e+02 -5.6199e-02 -7.0826e-01
729 +3.097069411e-02 +3.097069411e-02 -4.914990293e+02 -4.914990293e+02 -3.0107e-02 -7.2833e-01
733 +2.522335238e-02 +2.522335238e-02 -4.915047766e+02 -4.915047766e+02 -1.2612e-02 -7.4174e-01
735 +2.135150676e-02 +2.135150676e-02 -4.915086485e+02 -4.915086485e+02 -1.0807e-02 -7.4308e-01
736 +1.841859040e-02 +1.841859040e-02 -4.915115814e+02 -4.915115814e+02 -2.3317e-02 -7.3345e-01
739 +1.749478072e-02 +1.749478072e-02 -4.915125052e+02 -4.915125052e+02 +3.7819e-02 -7.8038e-01
750 +1.145544089e-02 +1.145544089e-02 -4.915185446e+02 -4.915185446e+02 +7.9016e-02 -8.1190e-01
758 +1.039601656e-02 +1.039601656e-02 -4.915196040e+02 -4.915196040e+02 +1.0263e-01 -8.2998e-01
759 +4.780419584e-03 +4.780419584e-03 -4.915252196e+02 -4.915252196e+02 +4.7211e-02 -7.8749e-01
764 +1.816121841e-03 +1.816121841e-03 -4.915281839e+02 -4.915281839e+02 +4.4113e-02 -7.8506e-01
782 +3.489159182e-04 +3.489159182e-04 -4.915296511e+02 -4.915296511e+02 +7.2098e-02 -8.0645e-01
805 +3.581326229e-05 +3.581326229e-05 -4.915299642e+02 -4.915299642e+02 +6.7891e-02 -8.0325e-01
894 +2.508532907e-05 +2.508532907e-05 -4.915299749e+02 -4.915299749e+02 +6.8797e-02 -8.0394e-01
908 +1.096333790e-06 +1.096333790e-06 -4.915299989e+02 -4.915299989e+02 +7.1220e-02 -8.0580e-01
944 +4.364791266e-07 +4.364791266e-07 -4.915299996e+02 -4.915299996e+02 +7.2515e-02 -8.0679e-01
985 +2.816825031e-07 +2.816825031e-07 -4.915299997e+02 -4.915299997e+02 +7.2222e-02 -8.0657e-01
999 +1.602825250e-07 +1.602825250e-07 -4.915299998e+02 -4.915299998e+02 +7.1951e-02 -8.0636e-01
1003 +2.066076377e-08 +2.066076377e-08 -4.915300000e+02 -4.915300000e+02 +7.1900e-02 -8.0632e-01
1026 +1.422785090e-08 +1.422785090e-08 -4.915300000e+02 -4.915300000e+02 +7.2026e-02 -8.0642e-01
1038 +5.862830221e-10 +5.862830221e-10 -4.915300000e+02 -4.915300000e+02 +7.1980e-02 -8.0638e-01
% function evaluation | noise-free fitness - Fopt (-1.702000000000e+02) | best noise-free fitness - Fopt | measured fitness | best measured fitness | x1 | x2...
1 +7.988631075e+06 +7.988631075e+06 +7.988460875e+06 +7.988460875e+06 +0.0000e+00 +0.0000e+00
2 +2.998824839e+06 +2.998824839e+06 +2.998654639e+06 +2.998654639e+06 -9.3401e-01 -4.8858e-01
12 +1.916329894e+06 +1.916329894e+06 +1.916159694e+06 +1.916159694e+06 -1.4857e+00 -7.5374e-01
13 +1.527981963e+06 +1.527981963e+06 +1.527811763e+06 +1.527811763e+06 -1.2325e+00 -1.1496e+00
15 +3.301166440e+05 +3.301166440e+05 +3.299464440e+05 +3.299464440e+05 -1.7581e+00 -1.4863e+00
22 +4.927970248e+04 +4.927970248e+04 +4.910950248e+04 +4.910950248e+04 -3.7058e-01 -2.9923e+00
32 +5.419421083e+03 +5.419421083e+03 +5.249221083e+03 +5.249221083e+03 -2.2761e-01 -3.4911e+00
81 +2.638853559e+03 +2.638853559e+03 +2.468653559e+03 +2.468653559e+03 -5.1807e-01 -3.2218e+00
95 +6.278985620e+00 +6.278985620e+00 -1.639210144e+02 -1.639210144e+02 -1.7088e+00 -2.2170e+00
419 +5.083603266e+00 +5.083603266e+00 -1.651163967e+02 -1.651163967e+02 -1.9093e+00 -2.0578e+00
474 +4.665459480e+00 +4.665459480e+00 -1.655345405e+02 -1.655345405e+02 -1.9276e+00 -2.0447e+00
579 +4.553321979e+00 +4.553321979e+00 -1.656466780e+02 -1.656466780e+02 -1.9208e+00 -2.0494e+00
772 +4.462984657e+00 +4.462984657e+00 -1.657370153e+02 -1.657370153e+02 -1.9356e+00 -2.0381e+00
811 +4.353660554e+00 +4.353660554e+00 -1.658463394e+02 -1.658463394e+02 -1.9434e+00 -2.0316e+00
834 +4.171437701e+00 +4.171437701e+00 -1.660285623e+02 -1.660285623e+02 -1.9645e+00 -2.0150e+00
843 +4.135692310e+00 +4.135692310e+00 -1.660643077e+02 -1.660643077e+02 -1.9690e+00 -2.0113e+00
852 +3.973554967e+00 +3.973554967e+00 -1.662264450e+02 -1.662264450e+02 -1.9912e+00 -1.9941e+00
875 +3.615606578e+00 +3.615606578e+00 -1.665843934e+02 -1.665843934e+02 -2.0414e+00 -1.9546e+00
883 +3.384950270e+00 +3.384950270e+00 -1.668150497e+02 -1.668150497e+02 -2.0717e+00 -1.9306e+00
894 +3.288328643e+00 +3.288328643e+00 -1.669116714e+02 -1.669116714e+02 -2.0936e+00 -1.9134e+00
897 +3.206477717e+00 +3.206477717e+00 -1.669935223e+02 -1.669935223e+02 -2.1184e+00 -1.8939e+00
903 +2.783906516e+00 +2.783906516e+00 -1.674160935e+02 -1.674160935e+02 -2.1687e+00 -1.8540e+00
914 +2.735612142e+00 +2.735612142e+00 -1.674643879e+02 -1.674643879e+02 -2.1653e+00 -1.8564e+00
916 +2.654698505e+00 +2.654698505e+00 -1.675453015e+02 -1.675453015e+02 -2.2011e+00 -1.8284e+00
921 +2.604898437e+00 +2.604898437e+00 -1.675951016e+02 -1.675951016e+02 -2.2217e+00 -1.8122e+00
924 +2.452489214e+00 +2.452489214e+00 -1.677475108e+02 -1.677475108e+02 -2.3076e+00 -1.7444e+00
926 +2.339760247e+00 +2.339760247e+00 -1.678602398e+02 -1.678602398e+02 -2.3113e+00 -1.7413e+00
929 +2.230183798e+00 +2.230183798e+00 -1.679698162e+02 -1.679698162e+02 -2.3074e+00 -1.7442e+00
934 +2.179247921e+00 +2.179247921e+00 -1.680207521e+02 -1.680207521e+02 -2.3164e+00 -1.7369e+00
935 +2.062002323e+00 +2.062002323e+00 -1.681379977e+02 -1.681379977e+02 -2.4084e+00 -1.6642e+00
937 +2.040293829e+00 +2.040293829e+00 -1.681597062e+02 -1.681597062e+02 -2.4177e+00 -1.6568e+00
949 +1.701412207e+00 +1.701412207e+00 -1.684985878e+02 -1.684985878e+02 -2.6344e+00 -1.4856e+00
952 +1.566160844e+00 +1.566160844e+00 -1.686338392e+02 -1.686338392e+02 -2.6633e+00 -1.4627e+00
957 +1.114127685e+00 +1.114127685e+00 -1.690858723e+02 -1.690858723e+02 -2.7544e+00 -1.3907e+00
965 +7.534236889e-01 +7.534236889e-01 -1.694465763e+02 -1.694465763e+02 -2.8341e+00 -1.3276e+00
967 +5.052778721e-01 +5.052778721e-01 -1.696947221e+02 -1.696947221e+02 -2.9909e+00 -1.2037e+00
973 +3.725978708e-01 +3.725978708e-01 -1.698274021e+02 -1.698274021e+02 -3.1223e+00 -1.1000e+00
987 +3.181912535e-01 +3.181912535e-01 -1.698818087e+02 -1.698818087e+02 -3.1442e+00 -1.0826e+00
990 +1.216606263e-01 +1.216606263e-01 -1.700783394e+02 -1.700783394e+02 -3.3264e+00 -9.3866e-01
998 +4.273021406e-02 +4.273021406e-02 -1.701572698e+02 -1.701572698e+02 -3.6695e+00 -6.6742e-01
1007 +2.743077970e-02 +2.743077970e-02 -1.701725692e+02 -1.701725692e+02 -3.5831e+00 -7.3571e-01
1017 +2.313284149e-02 +2.313284149e-02 -1.701768672e+02 -1.701768672e+02 -3.5950e+00 -7.2626e-01
1027 +1.174112132e-02 +1.174112132e-02 -1.701882589e+02 -1.701882589e+02 -3.5935e+00 -7.2738e-01
1044 +6.391859303e-03 +6.391859303e-03 -1.701936081e+02 -1.701936081e+02 -3.5404e+00 -7.6938e-01
1055 +4.179825580e-03 +4.179825580e-03 -1.701958202e+02 -1.701958202e+02 -3.6008e+00 -7.2156e-01
1058 +2.405581613e-03 +2.405581613e-03 -1.701975944e+02 -1.701975944e+02 -3.5810e+00 -7.3724e-01
1059 +1.936715466e-03 +1.936715466e-03 -1.701980633e+02 -1.701980633e+02 -3.5583e+00 -7.5519e-01
1068 +1.543868897e-03 +1.543868897e-03 -1.701984561e+02 -1.701984561e+02 -3.5345e+00 -7.7400e-01
1071 +1.238784425e-03 +1.238784425e-03 -1.701987612e+02 -1.701987612e+02 -3.5842e+00 -7.3467e-01
1078 +7.688427239e-04 +7.688427239e-04 -1.701992312e+02 -1.701992312e+02 -3.5608e+00 -7.5318e-01
1082 +4.176323773e-04 +4.176323773e-04 -1.701995824e+02 -1.701995824e+02 -3.5569e+00 -7.5622e-01
1083 +3.560392854e-04 +3.560392854e-04 -1.701996440e+02 -1.701996440e+02 -3.5605e+00 -7.5341e-01
1093 +3.265346496e-04 +3.265346496e-04 -1.701996735e+02 -1.701996735e+02 -3.5596e+00 -7.5414e-01
1132 +1.196738710e-04 +1.196738710e-04 -1.701998803e+02 -1.701998803e+02 -3.5515e+00 -7.6045e-01
1139 +7.328292807e-05 +7.328292807e-05 -1.701999267e+02 -1.701999267e+02 -3.5623e+00 -7.5190e-01
1144 +3.582124180e-05 +3.582124180e-05 -1.701999642e+02 -1.701999642e+02 -3.5562e+00 -7.5679e-01
1145 +2.708765885e-05 +2.708765885e-05 -1.701999729e+02 -1.701999729e+02 -3.5608e+00 -7.5317e-01
1183 +1.721115237e-05 +1.721115237e-05 -1.701999828e+02 -1.701999828e+02 -3.5603e+00 -7.5353e-01
1194 +4.538088746e-06 +4.538088746e-06 -1.701999955e+02 -1.701999955e+02 -3.5593e+00 -7.5433e-01
1228 +1.728690791e-08 +1.728690791e-08 -1.702000000e+02 -1.702000000e+02 -3.5591e+00 -7.5449e-01
1400 +1.617632961e-08 +1.617632961e-08 -1.702000000e+02 -1.702000000e+02 -3.5591e+00 -7.5449e-01
1404 +3.593527254e-09 +3.593527254e-09 -1.702000000e+02 -1.702000000e+02 -3.5592e+00 -7.5440e-01
% function evaluation | noise-free fitness - Fopt (-4.697500000000e+02) | best noise-free fitness - Fopt | measured fitness | best measured fitness | x1 | x2...
1 +8.560436696e+06 +8.560436696e+06 +8.559966946e+06 +8.559966946e+06 +0.0000e+00 +0.0000e+00
3 +7.921245201e+06 +7.921245201e+06 +7.920775451e+06 +7.920775451e+06 +8.3762e-01 -1.1593e-01
4 +7.113563759e+06 +7.113563759e+06 +7.113094009e+06 +7.113094009e+06 -1.8539e+00 -5.6590e-01
6 +3.604877287e+06 +3.604877287e+06 +3.604407537e+06 +3.604407537e+06 -5.8554e-01 -1.0644e+00
12 +5.705753034e+04 +5.705753034e+04 +5.658778034e+04 +5.658778034e+04 +1.0743e+00 -2.6444e+00
38 +1.710934186e+03 +1.710934186e+03 +1.241184186e+03 +1.241184186e+03 +1.4082e+00 -2.8966e+00
83 +4.118675729e+02 +4.118675729e+02 -5.788242710e+01 -5.788242710e+01 +2.6877e-01 -2.9685e+00
89 +3.313898999e+02 +3.313898999e+02 -1.383601001e+02 -1.383601001e+02 +1.4683e+00 -2.8712e+00
95 +3.283587694e+02 +3.283587694e+02 -1.413912306e+02 -1.413912306e+02 +2.1065e+00 -2.7839e+00
97 +5.692144098e+01 +5.692144098e+01 -4.128285590e+02 -4.128285590e+02 +1.5057e+00 -2.8583e+00
138 +3.334242843e+01 +3.334242843e+01 -4.364075716e+02 -4.364075716e+02 +1.6538e+00 -2.8438e+00
156 +9.381707916e+00 +9.381707916e+00 -4.603682921e+02 -4.603682921e+02 +1.8315e+00 -2.8220e+00
201 +2.098318410e+00 +2.098318410e+00 -4.676516816e+02 -4.676516816e+02 +1.4391e+00 -2.8552e+00
852 +2.043720984e+00 +2.043720984e+00 -4.677062790e+02 -4.677062790e+02 +1.4874e+00 -2.8517e+00
862 +2.007556457e+00 +2.007556457e+00 -4.677424435e+02 -4.677424435e+02 +1.4172e+00 -2.8573e+00
872 +1.950966468e+00 +1.950966468e+00 -4.677990335e+02 -4.677990335e+02 +1.3308e+00 -2.8642e+00
878 +1.873692335e+00 +1.873692335e+00 -4.678763077e+02 -4.678763077e+02 +1.2715e+00 -2.8689e+00
882 +1.406174534e+00 +1.406174534e+00 -4.683438255e+02 -4.683438255e+02 +1.1147e+00 -2.8814e+00
893 +8.514919078e-01 +8.514919078e-01 -4.688985081e+02 -4.688985081e+02 +9.5600e-01 -2.8940e+00
897 +5.870842247e-01 +5.870842247e-01 -4.691629158e+02 -4.691629158e+02 +5.3882e-01 -2.9272e+00
906 +4.972630726e-01 +4.972630726e-01 -4.692527369e+02 -4.692527369e+02 +3.2863e-01 -2.9439e+00
911 +4.890108322e-01 +4.890108322e-01 -4.692609892e+02 -4.692609892e+02 +2.9609e-01 -2.9465e+00
932 +4.622056047e-01 +4.622056047e-01 -4.692877944e+02 -4.692877944e+02 +2.5964e-01 -2.9494e+00
949 +4.531484610e-01 +4.531484610e-01 -4.692968515e+02 -4.692968515e+02 +1.7013e-01 -2.9565e+00
958 +4.461485366e-01 +4.461485366e-01 -4.693038515e+02 -4.693038515e+02 +9.4862e-02 -2.9625e+00
971 +4.324686746e-01 +4.324686746e-01 -4.693175313e+02 -4.693175313e+02 +2.5095e-01 -2.9500e+00
973 +2.308549983e-01 +2.308549983e-01 -4.695191450e+02 -4.695191450e+02 +1.7886e-01 -2.9556e+00
976 +1.177449606e-01 +1.177449606e-01 -4.696322550e+02 -4.696322550e+02 +1.3036e-01 -2.9593e+00
977 +7.407085154e-02 +7.407085154e-02 -4.696759291e+02 -4.696759291e+02 +1.2952e-01 -2.9593e+00
979 +3.326504006e-02 +3.326504006e-02 -4.697167350e+02 -4.697167350e+02 +8.9957e-02 -2.9624e+00
982 +2.312371533e-02 +2.312371533e-02 -4.697268763e+02 -4.697268763e+02 +6.8607e-02 -2.9640e+00
986 +1.709779480e-02 +1.709779480e-02 -4.697329022e+02 -4.697329022e+02 +7.1418e-02 -2.9638e+00
988 +1.047565070e-02 +1.047565070e-02 -4.697395243e+02 -4.697395243e+02 -1.7263e-02 -2.9706e+00
990 +5.832360618e-03 +5.832360618e-03 -4.697441676e+02 -4.697441676e+02 +4.7927e-02 -2.9656e+00
999 +4.331782067e-04 +4.331782067e-04 -4.697495668e+02 -4.697495668e+02 +2.1174e-02 -2.9676e+00
1032 +2.332102020e-04 +2.332102020e-04 -4.697497668e+02 -4.697497668e+02 +1.4893e-02 -2.9681e+00
1038 +1.172206383e-04 +1.172206383e-04 -4.697498828e+02 -4.697498828e+02 +2.4095e-02 -2.9674e+00
1081 +4.292680279e-05 +4.292680279e-05 -4.697499571e+02 -4.697499571e+02 +1.9591e-02 -2.9677e+00
1114 +3.992457010e-05 +3.992457010e-05 -4.697499601e+02 -4.697499601e+02 +1.9900e-02 -2.9677e+00
1137 +3.700939322e-05 +3.700939322e-05 -4.697499630e+02 -4.697499630e+02 +2.1806e-02 -2.9676e+00
1150 +2.785752480e-05 +2.785752480e-05 -4.697499721e+02 -4.697499721e+02 +2.1609e-02 -2.9676e+00
1166 +2.298081665e-05 +2.298081665e-05 -4.697499770e+02 -4.697499770e+02 +2.2319e-02 -2.9675e+00
1172 +1.781139520e-05 +1.781139520e-05 -4.697499822e+02 -4.697499822e+02 +2.2736e-02 -2.9675e+00
1201 +1.392996734e-05 +1.392996734e-05 -4.697499861e+02 -4.697499861e+02 +2.2993e-02 -2.9675e+00
1243 +1.218177550e-05 +1.218177550e-05 -4.697499878e+02 -4.697499878e+02 +2.3100e-02 -2.9675e+00
1332 +1.146546214e-05 +1.146546214e-05 -4.697499885e+02 -4.697499885e+02 +2.3156e-02 -2.9675e+00
1481 +1.119329528e-05 +1.119329528e-05 -4.697499888e+02 -4.697499888e+02 +2.3185e-02 -2.9675e+00
1647 +1.093878899e-05 +1.093878899e-05 -4.697499891e+02 -4.697499891e+02 +2.3226e-02 -2.9675e+00
1658 +1.067607519e-05 +1.067607519e-05 -4.697499893e+02 -4.697499893e+02 +2.3253e-02 -2.9674e+00
1664 +1.022674053e-05 +1.022674053e-05 -4.697499898e+02 -4.697499898e+02 +2.3333e-02 -2.9674e+00
1672 +9.862196123e-06 +9.862196123e-06 -4.697499901e+02 -4.697499901e+02 +2.3332e-02 -2.9674e+00
1673 +9.643110332e-06 +9.643110332e-06 -4.697499904e+02 -4.697499904e+02 +2.3463e-02 -2.9674e+00
1674 +9.454403539e-06 +9.454403539e-06 -4.697499905e+02 -4.697499905e+02 +2.3446e-02 -2.9674e+00
1683 +8.913367253e-06 +8.913367253e-06 -4.697499911e+02 -4.697499911e+02 +2.3539e-02 -2.9674e+00
1686 +8.648311507e-06 +8.648311507e-06 -4.697499914e+02 -4.697499914e+02 +2.3600e-02 -2.9674e+00
1701 +8.249836185e-06 +8.249836185e-06 -4.697499918e+02 -4.697499918e+02 +2.3545e-02 -2.9674e+00
1707 +7.649314966e-06 +7.649314966e-06 -4.697499924e+02 -4.697499924e+02 +2.3627e-02 -2.9674e+00
1720 +7.582402134e-06 +7.582402134e-06 -4.697499924e+02 -4.697499924e+02 +2.3631e-02 -2.9674e+00
1721 +7.149166890e-06 +7.149166890e-06 -4.697499929e+02 -4.697499929e+02 +2.3687e-02 -2.9674e+00
1722 +6.253685513e-06 +6.253685513e-06 -4.697499937e+02 -4.697499937e+02 +2.3865e-02 -2.9674e+00
1724 +4.837174856e-06 +4.837174856e-06 -4.697499952e+02 -4.697499952e+02 +2.4127e-02 -2.9674e+00
1732 +3.177860492e-06 +3.177860492e-06 -4.697499968e+02 -4.697499968e+02 +2.4635e-02 -2.9673e+00
1745 +6.230257554e-07 +6.230257554e-07 -4.697499994e+02 -4.697499994e+02 +2.5719e-02 -2.9673e+00
1756 +2.885390700e-07 +2.885390700e-07 -4.697499997e+02 -4.697499997e+02 +2.6159e-02 -2.9672e+00
1764 +6.140396636e-09 +6.140396636e-09 -4.697500000e+02 -4.697500000e+02 +2.6379e-02 -2.9672e+00
3214 +0.000000000e+00 +0.000000000e+00 -4.697500000e+02 -4.697500000e+02 +2.6400e-02 -2.9672e+00
% function evaluation | noise-free fitness - Fopt (-4.577000000000e+01) | best noise-free fitness - Fopt | measured fitness | best measured fitness | x1 | x2...
1 +1.845815427e+05 +1.845815427e+05 +1.845357727e+05 +1.845357727e+05 +0.0000e+00 +0.0000e+00
11 +7.027652234e+04 +7.027652234e+04 +7.023075234e+04 +7.023075234e+04 +9.4121e-01 -1.1121e+00
12 +1.338319725e+04 +1.338319725e+04 +1.333742725e+04 +1.333742725e+04 -2.3566e-01 -2.4758e-01
13 +3.470318273e+03 +3.470318273e+03 +3.424548273e+03 +3.424548273e+03 +9.6475e-01 -1.5729e+00
18 +2.832170419e+02 +2.832170419e+02 +2.374470419e+02 +2.374470419e+02 +5.0153e-01 -1.0885e+00
93 +4.887306221e+01 +4.887306221e+01 +3.103062206e+00 +3.103062206e+00 +2.7656e-02 -6.2871e-01
100 +3.047160409e+01 +3.047160409e+01 -1.529839591e+01 -1.529839591e+01 -5.5738e-02 -5.6297e-01
164 +2.622659365e+01 +2.622659365e+01 -1.954340635e+01 -1.954340635e+01 -2.2994e-01 -4.0088e-01
713 +2.556656556e+01 +2.556656556e+01 -2.020343444e+01 -2.020343444e+01 -1.8038e-01 -4.4601e-01
723 +2.348135894e+01 +2.348135894e+01 -2.228864106e+01 -2.228864106e+01 -1.1759e-02 -5.9951e-01
733 +2.187844564e+01 +2.187844564e+01 -2.389155436e+01 -2.389155436e+01 +1.2875e-01 -7.2747e-01
744 +1.939952497e+01 +1.939952497e+01 -2.637047503e+01 -2.637047503e+01 +3.5142e-01 -9.3024e-01
750 +1.886695179e+01 +1.886695179e+01 -2.690304821e+01 -2.690304821e+01 +3.9868e-01 -9.7331e-01
752 +1.618860856e+01 +1.618860856e+01 -2.958139144e+01 -2.958139144e+01 +6.2688e-01 -1.1810e+00
755 +1.447821816e+01 +1.447821816e+01 -3.129178184e+01 -3.129178184e+01 +7.6932e-01 -1.3107e+00
762 +1.171907990e+01 +1.171907990e+01 -3.405092010e+01 -3.405092010e+01 +1.0127e+00 -1.5323e+00
763 +8.634679633e+00 +8.634679633e+00 -3.713532037e+01 -3.713532037e+01 +1.4297e+00 -1.9116e+00
772 +2.551606957e+00 +2.551606957e+00 -4.321839304e+01 -4.321839304e+01 +2.6964e+00 -3.0644e+00
783 +1.673411070e+00 +1.673411070e+00 -4.409658893e+01 -4.409658893e+01 +3.6109e+00 -3.8965e+00
784 +1.505571741e+00 +1.505571741e+00 -4.426442826e+01 -4.426442826e+01 +3.4796e+00 -3.7772e+00
788 +8.242678045e-01 +8.242678045e-01 -4.494573220e+01 -4.494573220e+01 +3.0657e+00 -3.4011e+00
792 +3.184083788e-02 +3.184083788e-02 -4.573815916e+01 -4.573815916e+01 +3.5780e+00 -3.8682e+00
807 +2.210473891e-02 +2.210473891e-02 -4.574789526e+01 -4.574789526e+01 +3.5321e+00 -3.8265e+00
822 +3.279435386e-03 +3.279435386e-03 -4.576672056e+01 -4.576672056e+01 +3.6373e+00 -3.9224e+00
876 +1.269372782e-03 +1.269372782e-03 -4.576873063e+01 -4.576873063e+01 +3.5855e+00 -3.8752e+00
1160 +1.258427336e-03 +1.258427336e-03 -4.576874157e+01 -4.576874157e+01 +3.6296e+00 -3.9154e+00
1168 +1.147548696e-03 +1.147548696e-03 -4.576885245e+01 -4.576885245e+01 +3.6286e+00 -3.9145e+00
1192 +1.116756086e-03 +1.116756086e-03 -4.576888324e+01 -4.576888324e+01 +3.6282e+00 -3.9141e+00
1205 +9.964491710e-04 +9.964491710e-04 -4.576900355e+01 -4.576900355e+01 +3.6263e+00 -3.9124e+00
1218 +8.342059974e-04 +8.342059974e-04 -4.576916579e+01 -4.576916579e+01 +3.6245e+00 -3.9108e+00
1234 +6.310814320e-04 +6.310814320e-04 -4.576936892e+01 -4.576936892e+01 +3.6224e+00 -3.9089e+00
1259 +6.216567496e-04 +6.216567496e-04 -4.576937834e+01 -4.576937834e+01 +3.6217e+00 -3.9082e+00
1309 +5.995076948e-04 +5.995076948e-04 -4.576940049e+01 -4.576940049e+01 +3.6228e+00 -3.9092e+00
1330 +5.880172293e-04 +5.880172293e-04 -4.576941198e+01 -4.576941198e+01 +3.6227e+00 -3.9091e+00
1347 +5.729109038e-04 +5.729109038e-04 -4.576942709e+01 -4.576942709e+01 +3.6226e+00 -3.9090e+00
1359 +5.511177545e-04 +5.511177545e-04 -4.576944888e+01 -4.576944888e+01 +3.6223e+00 -3.9087e+00
1362 +5.456036890e-04 +5.456036890e-04 -4.576945440e+01 -4.576945440e+01 +3.6222e+00 -3.9087e+00
1366 +5.289613138e-04 +5.289613138e-04 -4.576947104e+01 -4.576947104e+01 +3.6218e+00 -3.9083e+00
1374 +5.211654865e-04 +5.211654865e-04 -4.576947883e+01 -4.576947883e+01 +3.6215e+00 -3.9081e+00
1383 +5.027273734e-04 +5.027273734e-04 -4.576949727e+01 -4.576949727e+01 +3.6215e+00 -3.9080e+00
1384 +4.927392942e-04 +4.927392942e-04 -4.576950726e+01 -4.576950726e+01 +3.6208e+00 -3.9074e+00
1394 +4.864470715e-04 +4.864470715e-04 -4.576951355e+01 -4.576951355e+01 +3.6207e+00 -3.9073e+00
1395 +4.529451701e-04 +4.529451701e-04 -4.576954705e+01 -4.576954705e+01 +3.6199e+00 -3.9066e+00
1404 +3.984993364e-04 +3.984993364e-04 -4.576960150e+01 -4.576960150e+01 +3.6193e+00 -3.9060e+00
1416 +3.656007792e-04 +3.656007792e-04 -4.576963440e+01 -4.576963440e+01 +3.6188e+00 -3.9056e+00
1417 +3.526455778e-04 +3.526455778e-04 -4.576964735e+01 -4.576964735e+01 +3.6185e+00 -3.9053e+00
1428 +2.690973766e-04 +2.690973766e-04 -4.576973090e+01 -4.576973090e+01 +3.6165e+00 -3.9035e+00
1434 +1.275766228e-04 +1.275766228e-04 -4.576987242e+01 -4.576987242e+01 +3.6133e+00 -3.9006e+00
1443 +5.971073626e-05 +5.971073626e-05 -4.576994029e+01 -4.576994029e+01 +3.6084e+00 -3.8961e+00
1454 +6.972873479e-07 +6.972873479e-07 -4.576999930e+01 -4.576999930e+01 +3.6048e+00 -3.8928e+00
1966 +4.602127035e-07 +4.602127035e-07 -4.576999954e+01 -4.576999954e+01 +3.6043e+00 -3.8924e+00
1996 +2.081955444e-07 +2.081955444e-07 -4.576999979e+01 -4.576999979e+01 +3.6045e+00 -3.8925e+00
1997 +4.325651304e-08 +4.325651304e-08 -4.576999996e+01 -4.576999996e+01 +3.6050e+00 -3.8930e+00
2031 +3.170364948e-08 +3.170364948e-08 -4.576999997e+01 -4.576999997e+01 +3.6049e+00 -3.8929e+00
2049 +6.823910326e-10 +6.823910326e-10 -4.577000000e+01 -4.577000000e+01 +3.6048e+00 -3.8928e+00
% function evaluation | noise-free fitness - Fopt (-3.426300000000e+02) | best noise-free fitness - Fopt | measured fitness | best measured fitness | x1 | x2...
1 +3.296625019e+06 +3.296625019e+06 +3.296282389e+06 +3.296282389e+06 +0.0000e+00 +0.0000e+00
2 +1.121868552e+06 +1.121868552e+06 +1.121525922e+06 +1.121525922e+06 +8.0686e-01 +2.1897e-01
12 +1.563364648e+05 +1.563364648e+05 +1.559938348e+05 +1.559938348e+05 +1.2587e+00 -4.3822e-01
13 +6.462295914e+04 +6.462295914e+04 +6.428032914e+04 +6.428032914e+04 +1.0299e+00 -1.3809e+00
19 +5.443228470e+04 +5.443228470e+04 +5.408965470e+04 +5.408965470e+04 +9.9022e-01 -1.5427e+00
29 +1.223465816e+03 +1.223465816e+03 +8.808358159e+02 +8.808358159e+02 +1.7626e+00 -1.0489e-01
61 +8.869681917e+02 +8.869681917e+02 +5.443381917e+02 +5.443381917e+02 +7.1285e-01 -2.8239e+00
77 +6.739863530e+01 +6.739863530e+01 -2.752313647e+02 -2.752313647e+02 +2.8566e-01 -3.9953e+00
184 +6.107191791e+01 +6.107191791e+01 -2.815580821e+02 -2.815580821e+02 +7.3706e-01 -2.8552e+00
191 +3.656576783e+01 +3.656576783e+01 -3.060642322e+02 -3.060642322e+02 +7.8899e-01 -2.7124e+00
1058 +3.570779914e+01 +3.570779914e+01 -3.069222009e+02 -3.069222009e+02 +7.4872e-01 -2.8150e+00
1066 +3.544109923e+01 +3.544109923e+01 -3.071889008e+02 -3.071889008e+02 +8.1806e-01 -2.6374e+00
1074 +3.391723550e+01 +3.391723550e+01 -3.087127645e+02 -3.087127645e+02 +7.9190e-01 -2.7036e+00
1082 +3.294505058e+01 +3.294505058e+01 -3.096849494e+02 -3.096849494e+02 +8.2319e-01 -2.6231e+00
1093 +3.211916454e+01 +3.211916454e+01 -3.105108355e+02 -3.105108355e+02 +8.3788e-01 -2.5848e+00
1099 +3.130879934e+01 +3.130879934e+01 -3.113212007e+02 -3.113212007e+02 +8.6606e-01 -2.5124e+00
1105 +2.949674295e+01 +2.949674295e+01 -3.131332570e+02 -3.131332570e+02 +9.3703e-01 -2.3297e+00
1116 +2.798615721e+01 +2.798615721e+01 -3.146438428e+02 -3.146438428e+02 +9.7662e-01 -2.2273e+00
1118 +2.474733634e+01 +2.474733634e+01 -3.178826637e+02 -3.178826637e+02 +1.1474e+00 -1.7876e+00
1126 +2.429771511e+01 +2.429771511e+01 -3.183322849e+02 -3.183322849e+02 +1.1414e+00 -1.8028e+00
1128 +2.032266572e+01 +2.032266572e+01 -3.223073343e+02 -3.223073343e+02 +1.3280e+00 -1.3219e+00
1133 +1.235450353e+01 +1.235450353e+01 -3.302754965e+02 -3.302754965e+02 +1.6495e+00 -4.9248e-01
1145 +9.506519703e+00 +9.506519703e+00 -3.331234803e+02 -3.331234803e+02 +1.8684e+00 +7.2153e-02
1151 +7.014220098e+00 +7.014220098e+00 -3.356157799e+02 -3.356157799e+02 +2.0463e+00 +5.3123e-01
1152 +7.530833123e-01 +7.530833123e-01 -3.418769167e+02 -3.418769167e+02 +2.5645e+00 +1.8695e+00
1158 +7.092426158e-01 +7.092426158e-01 -3.419207574e+02 -3.419207574e+02 +2.6784e+00 +2.1626e+00
1171 +3.200375011e-01 +3.200375011e-01 -3.423099625e+02 -3.423099625e+02 +2.7722e+00 +2.4049e+00
1193 +2.219956020e-01 +2.219956020e-01 -3.424080044e+02 -3.424080044e+02 +2.8204e+00 +2.5295e+00
1194 +1.848935334e-01 +1.848935334e-01 -3.424451065e+02 -3.424451065e+02 +2.8793e+00 +2.6813e+00
1200 +1.607928683e-01 +1.607928683e-01 -3.424692071e+02 -3.424692071e+02 +2.8881e+00 +2.7042e+00
1227 +7.812231387e-02 +7.812231387e-02 -3.425518777e+02 -3.425518777e+02 +2.8608e+00 +2.6341e+00
1243 +6.383199292e-02 +6.383199292e-02 -3.425661680e+02 -3.425661680e+02 +2.8862e+00 +2.6998e+00
1264 +5.577050582e-02 +5.577050582e-02 -3.425742295e+02 -3.425742295e+02 +2.9297e+00 +2.8125e+00
1268 +4.058358822e-02 +4.058358822e-02 -3.425894164e+02 -3.425894164e+02 +2.9090e+00 +2.7594e+00
1272 +1.858652850e-02 +1.858652850e-02 -3.426114135e+02 -3.426114135e+02 +2.8918e+00 +2.7148e+00
1326 +5.360476096e-03 +5.360476096e-03 -3.426246395e+02 -3.426246395e+02 +2.8415e+00 +2.5852e+00
1328 +3.102902062e-03 +3.102902062e-03 -3.426268971e+02 -3.426268971e+02 +2.8377e+00 +2.5751e+00
1334 +1.743293972e-03 +1.743293972e-03 -3.426282567e+02 -3.426282567e+02 +2.8316e+00 +2.5594e+00
1347 +1.484197735e-03 +1.484197735e-03 -3.426285158e+02 -3.426285158e+02 +2.8409e+00 +2.5836e+00
1350 +9.437467379e-04 +9.437467379e-04 -3.426290563e+02 -3.426290563e+02 +2.8480e+00 +2.6018e+00
1361 +6.194742242e-04 +6.194742242e-04 -3.426293805e+02 -3.426293805e+02 +2.8378e+00 +2.5754e+00
1362 +4.033396169e-05 +4.033396169e-05 -3.426299597e+02 -3.426299597e+02 +2.8425e+00 +2.5877e+00
2171 +2.580868573e-05 +2.580868573e-05 -3.426299742e+02 -3.426299742e+02 +2.8464e+00 +2.5977e+00
2178 +5.648253193e-06 +5.648253193e-06 -3.426299944e+02 -3.426299944e+02 +2.8457e+00 +2.5959e+00
2180 +1.291945125e-06 +1.291945125e-06 -3.426299987e+02 -3.426299987e+02 +2.8448e+00 +2.5935e+00
2281 +1.047491423e-06 +1.047491423e-06 -3.426299990e+02 -3.426299990e+02 +2.8451e+00 +2.5945e+00
2298 +1.548724526e-07 +1.548724526e-07 -3.426299998e+02 -3.426299998e+02 +2.8449e+00 +2.5938e+00
2302 +6.270556696e-08 +6.270556696e-08 -3.426299999e+02 -3.426299999e+02 +2.8447e+00 +2.5934e+00
2338 +3.676944971e-08 +3.676944971e-08 -3.426300000e+02 -3.426300000e+02 +2.8447e+00 +2.5935e+00
2352 +7.179778549e-09 +7.179778549e-09 -3.426300000e+02 -3.426300000e+02 +2.8448e+00 +2.5936e+00
% function evaluation | noise-free fitness - Fopt (3.055400000000e+02) | best noise-free fitness - Fopt | measured fitness | best measured fitness | x1 | x2...
1 +4.671368833e+06 +4.671368833e+06 +4.671674373e+06 +4.671674373e+06 +0.0000e+00 +0.0000e+00
2 +2.347636357e+05 +2.347636357e+05 +2.350691757e+05 +2.350691757e+05 +1.2532e+00 +1.3566e+00
4 +2.010725390e+05 +2.010725390e+05 +2.013780790e+05 +2.013780790e+05 +3.2853e-01 +2.7066e+00
15 +6.305265951e+04 +6.305265951e+04 +6.335819951e+04 +6.335819951e+04 +2.6526e+00 +1.6290e+00
24 +1.837191056e+04 +1.837191056e+04 +1.867745056e+04 +1.867745056e+04 +3.8394e+00 +1.0792e+00
32 +3.359548714e+03 +3.359548714e+03 +3.665088714e+03 +3.665088714e+03 +3.3847e+00 +1.1505e+00
79 +5.285272329e+01 +5.285272329e+01 +3.583927233e+02 +3.583927233e+02 +3.1872e+00 +1.1684e+00
302 +4.984756690e+01 +4.984756690e+01 +3.553875669e+02 +3.553875669e+02 +2.9404e+00 +1.2553e+00
312 +4.864677065e+01 +4.864677065e+01 +3.541867707e+02 +3.541867707e+02 +2.9825e+00 +1.2427e+00
314 +4.560671089e+01 +4.560671089e+01 +3.511467109e+02 +3.511467109e+02 +2.6147e+00 +1.3741e+00
319 +3.944380258e+01 +3.944380258e+01 +3.449838026e+02 +3.449838026e+02 +2.3904e+00 +1.4578e+00
322 +3.173785923e+01 +3.173785923e+01 +3.372778592e+02 +3.372778592e+02 +1.6311e+00 +1.7346e+00
334 +2.210438260e+01 +2.210438260e+01 +3.276443826e+02 +3.276443826e+02 +4.0347e-01 +2.1854e+00
345 +1.688770882e+01 +1.688770882e+01 +3.224277088e+02 +3.224277088e+02 -8.1309e-01 +2.6312e+00
349 +1.554603521e+01 +1.554603521e+01 +3.210860352e+02 +3.210860352e+02 -3.6541e-01 +2.4663e+00
351 +1.463408120e+01 +1.463408120e+01 +3.201740812e+02 +3.201740812e+02 -3.0450e-01 +2.4431e+00
352 +5.637732532e+00 +5.637732532e+00 +3.111777325e+02 +3.111777325e+02 -1.7426e+00 +2.9672e+00
369 +5.082632404e-01 +5.082632404e-01 +3.060482632e+02 +3.060482632e+02 -4.5251e+00 +3.9849e+00
420 +4.415996576e-01 +4.415996576e-01 +3.059815997e+02 +3.059815997e+02 -4.1619e+00 +3.8514e+00
423 +5.199969412e-02 +5.199969412e-02 +3.055919997e+02 +3.055919997e+02 -3.7253e+00 +3.6923e+00
515 +4.797983261e-02 +4.797983261e-02 +3.055879798e+02 +3.055879798e+02 -3.6722e+00 +3.6731e+00
533 +4.363228581e-02 +4.363228581e-02 +3.055836323e+02 +3.055836323e+02 -3.6866e+00 +3.6784e+00
543 +4.123726524e-02 +4.123726524e-02 +3.055812373e+02 +3.055812373e+02 -3.6871e+00 +3.6786e+00
555 +3.906311282e-02 +3.906311282e-02 +3.055790631e+02 +3.055790631e+02 -3.6926e+00 +3.6806e+00
564 +3.489535775e-02 +3.489535775e-02 +3.055748954e+02 +3.055748954e+02 -3.7071e+00 +3.6858e+00
574 +3.086331475e-02 +3.086331475e-02 +3.055708633e+02 +3.055708633e+02 -3.7175e+00 +3.6896e+00
587 +2.440942834e-02 +2.440942834e-02 +3.055644094e+02 +3.055644094e+02 -3.7386e+00 +3.6974e+00
591 +2.179079249e-02 +2.179079249e-02 +3.055617908e+02 +3.055617908e+02 -3.7509e+00 +3.7019e+00
597 +1.686784203e-02 +1.686784203e-02 +3.055568678e+02 +3.055568678e+02 -3.7579e+00 +3.7044e+00
614 +1.222978378e-02 +1.222978378e-02 +3.055522298e+02 +3.055522298e+02 -3.7722e+00 +3.7096e+00
615 +8.291454504e-03 +8.291454504e-03 +3.055482915e+02 +3.055482915e+02 -3.7900e+00 +3.7162e+00
622 +5.635573247e-03 +5.635573247e-03 +3.055456356e+02 +3.055456356e+02 -3.8425e+00 +3.7354e+00
626 +5.027492338e-03 +5.027492338e-03 +3.055450275e+02 +3.055450275e+02 -3.8054e+00 +3.7218e+00
629 +4.044471844e-03 +4.044471844e-03 +3.055440445e+02 +3.055440445e+02 -3.8156e+00 +3.7255e+00
633 +3.242076480e-03 +3.242076480e-03 +3.055432421e+02 +3.055432421e+02 -3.8283e+00 +3.7302e+00
636 +2.118345815e-03 +2.118345815e-03 +3.055421183e+02 +3.055421183e+02 -3.8676e+00 +3.7445e+00
644 +1.758748847e-03 +1.758748847e-03 +3.055417587e+02 +3.055417587e+02 -3.8808e+00 +3.7493e+00
653 +1.528446227e-03 +1.528446227e-03 +3.055415284e+02 +3.055415284e+02 -3.8714e+00 +3.7459e+00
654 +1.444101752e-03 +1.444101752e-03 +3.055414441e+02 +3.055414441e+02 -3.9070e+00 +3.7589e+00
657 +8.623949575e-04 +8.623949575e-04 +3.055408624e+02 +3.055408624e+02 -3.8818e+00 +3.7497e+00
664 +6.657982898e-04 +6.657982898e-04 +3.055406658e+02 +3.055406658e+02 -3.8858e+00 +3.7512e+00
669 +1.663771110e-04 +1.663771110e-04 +3.055401664e+02 +3.055401664e+02 -3.8846e+00 +3.7507e+00
672 +1.241181989e-04 +1.241181989e-04 +3.055401241e+02 +3.055401241e+02 -3.8680e+00 +3.7447e+00
854 +6.444752103e-05 +6.444752103e-05 +3.055400644e+02 +3.055400644e+02 -3.8661e+00 +3.7440e+00
873 +4.653435946e-05 +4.653435946e-05 +3.055400465e+02 +3.055400465e+02 -3.8751e+00 +3.7472e+00
883 +3.425821490e-05 +3.425821490e-05 +3.055400343e+02 +3.055400343e+02 -3.8777e+00 +3.7482e+00
886 +2.395735510e-05 +2.395735510e-05 +3.055400240e+02 +3.055400240e+02 -3.8727e+00 +3.7464e+00
892 +3.731590823e-07 +3.731590823e-07 +3.055400004e+02 +3.055400004e+02 -3.8732e+00 +3.7466e+00
1163 +3.442305569e-07 +3.442305569e-07 +3.055400003e+02 +3.055400003e+02 -3.8733e+00 +3.7466e+00
1172 +3.325945954e-07 +3.325945954e-07 +3.055400003e+02 +3.055400003e+02 -3.8733e+00 +3.7466e+00
1174 +3.075748509e-07 +3.075748509e-07 +3.055400003e+02 +3.055400003e+02 -3.8733e+00 +3.7466e+00
1194 +2.898644880e-07 +2.898644880e-07 +3.055400003e+02 +3.055400003e+02 -3.8733e+00 +3.7466e+00
1202 +2.544656468e-07 +2.544656468e-07 +3.055400003e+02 +3.055400003e+02 -3.8733e+00 +3.7466e+00
1210 +2.462336397e-07 +2.462336397e-07 +3.055400002e+02 +3.055400002e+02 -3.8733e+00 +3.7466e+00
1212 +2.375863914e-07 +2.375863914e-07 +3.055400002e+02 +3.055400002e+02 -3.8732e+00 +3.7466e+00
1213 +2.316766654e-07 +2.316766654e-07 +3.055400002e+02 +3.055400002e+02 -3.8732e+00 +3.7466e+00
1215 +2.174834322e-07 +2.174834322e-07 +3.055400002e+02 +3.055400002e+02 -3.8732e+00 +3.7466e+00
1223 +2.104453642e-07 +2.104453642e-07 +3.055400002e+02 +3.055400002e+02 -3.8732e+00 +3.7466e+00
1225 +1.685353936e-07 +1.685353936e-07 +3.055400002e+02 +3.055400002e+02 -3.8732e+00 +3.7465e+00
1235 +1.288424301e-07 +1.288424301e-07 +3.055400001e+02 +3.055400001e+02 -3.8731e+00 +3.7465e+00
1240 +8.265203633e-08 +8.265203633e-08 +3.055400001e+02 +3.055400001e+02 -3.8730e+00 +3.7465e+00
1244 +7.279385272e-08 +7.279385272e-08 +3.055400001e+02 +3.055400001e+02 -3.8730e+00 +3.7465e+00
1245 +7.053716899e-08 +7.053716899e-08 +3.055400001e+02 +3.055400001e+02 -3.8730e+00 +3.7465e+00
1255 +6.631523775e-08 +6.631523775e-08 +3.055400001e+02 +3.055400001e+02 -3.8730e+00 +3.7465e+00
1257 +4.741565363e-08 +4.741565363e-08 +3.055400000e+02 +3.055400000e+02 -3.8730e+00 +3.7465e+00
1262 +1.295029506e-08 +1.295029506e-08 +3.055400000e+02 +3.055400000e+02 -3.8729e+00 +3.7464e+00
1266 +8.208701274e-09 +8.208701274e-09 +3.055400000e+02 +3.055400000e+02 -3.8727e+00 +3.7464e+00
1610 +0.000000000e+00 +0.000000000e+00 +3.055400000e+02 +3.055400000e+02 -3.8728e+00 +3.7464e+00
% function evaluation | noise-free fitness - Fopt (-1.000000000000e+03) | best noise-free fitness - Fopt | measured fitness | best measured fitness | x1 | x2...
1 +9.335680866e+06 +9.335680866e+06 +9.334680866e+06 +9.334680866e+06 +0.0000e+00 +0.0000e+00
2 +5.546733430e+06 +5.546733430e+06 +5.545733430e+06 +5.545733430e+06 +5.1066e-01 +7.5115e-01
4 +1.738983798e+06 +1.738983798e+06 +1.737983798e+06 +1.737983798e+06 +1.5055e+00 +1.4264e+00
8 +1.491617864e+06 +1.491617864e+06 +1.490617864e+06 +1.490617864e+06 +1.5124e+00 +1.5059e+00
14 +2.111150993e+05 +2.111150993e+05 +2.101150993e+05 +2.101150993e+05 +1.3392e+00 +2.3099e+00
19 +2.688703104e+04 +2.688703104e+04 +2.588703104e+04 +2.588703104e+04 +8.6338e-01 +2.8778e+00
23 +3.650193221e+03 +3.650193221e+03 +2.650193221e+03 +2.650193221e+03 +1.4695e+00 +2.7039e+00
60 +1.080798350e+03 +1.080798350e+03 +8.079834974e+01 +8.079834974e+01 +1.2531e+00 +2.9101e+00
78 +3.663755652e+01 +3.663755652e+01 -9.633624435e+02 -9.633624435e+02 +1.7464e+00 +2.6320e+00
92 +1.636100840e+01 +1.636100840e+01 -9.836389916e+02 -9.836389916e+02 +2.1278e+00 +2.4606e+00
93 +2.549637661e+00 +2.549637661e+00 -9.974503623e+02 -9.974503623e+02 +2.5033e+00 +2.2779e+00
153 +2.166911806e+00 +2.166911806e+00 -9.978330882e+02 -9.978330882e+02 +2.7900e+00 +2.1393e+00
594 +2.105581796e+00 +2.105581796e+00 -9.978944182e+02 -9.978944182e+02 +2.6976e+00 +2.1842e+00
598 +2.079159247e+00 +2.079159247e+00 -9.979208408e+02 -9.979208408e+02 +2.7357e+00 +2.1658e+00
607 +2.010977080e+00 +2.010977080e+00 -9.979890229e+02 -9.979890229e+02 +2.6533e+00 +2.2051e+00
617 +1.870053210e+00 +1.870053210e+00 -9.981299468e+02 -9.981299468e+02 +2.4969e+00 +2.2796e+00
621 +1.658203300e+00 +1.658203300e+00 -9.983417967e+02 -9.983417967e+02 +2.4463e+00 +2.3039e+00
625 +9.965530003e-01 +9.965530003e-01 -9.990034470e+02 -9.990034470e+02 +2.1428e+00 +2.4486e+00
632 +7.191756175e-01 +7.191756175e-01 -9.992808244e+02 -9.992808244e+02 +2.1320e+00 +2.4541e+00
643 +6.204324482e-01 +6.204324482e-01 -9.993795676e+02 -9.993795676e+02 +1.8084e+00 +2.6086e+00
644 +4.852383874e-01 +4.852383874e-01 -9.995147616e+02 -9.995147616e+02 +1.7629e+00 +2.6305e+00
657 +4.320294032e-01 +4.320294032e-01 -9.995679706e+02 -9.995679706e+02 +1.4602e+00 +2.7753e+00
659 +3.231930298e-01 +3.231930298e-01 -9.996768070e+02 -9.996768070e+02 +1.4765e+00 +2.7676e+00
660 +2.380971956e-01 +2.380971956e-01 -9.997619028e+02 -9.997619028e+02 +1.7821e+00 +2.6216e+00
662 +1.563509209e-01 +1.563509209e-01 -9.998436491e+02 -9.998436491e+02 +1.6011e+00 +2.7082e+00
667 +1.119484845e-01 +1.119484845e-01 -9.998880515e+02 -9.998880515e+02 +1.4722e+00 +2.7699e+00
673 +2.770249488e-02 +2.770249488e-02 -9.999722975e+02 -9.999722975e+02 +1.3759e+00 +2.8161e+00
696 +6.794586065e-03 +6.794586065e-03 -9.999932054e+02 -9.999932054e+02 +1.3201e+00 +2.8430e+00
704 +2.727557046e-03 +2.727557046e-03 -9.999972724e+02 -9.999972724e+02 +1.3559e+00 +2.8259e+00
728 +2.181383848e-04 +2.181383848e-04 -9.999997819e+02 -9.999997819e+02 +1.3968e+00 +2.8064e+00
769 +5.812159259e-05 +5.812159259e-05 -9.999999419e+02 -9.999999419e+02 +1.4042e+00 +2.8028e+00
824 +5.512160260e-05 +5.512160260e-05 -9.999999449e+02 -9.999999449e+02 +1.4016e+00 +2.8040e+00
888 +2.817867812e-05 +2.817867812e-05 -9.999999718e+02 -9.999999718e+02 +1.4022e+00 +2.8038e+00
941 +9.991712545e-06 +9.991712545e-06 -9.999999900e+02 -9.999999900e+02 +1.3974e+00 +2.8060e+00
1173 +8.958139688e-06 +8.958139688e-06 -9.999999910e+02 -9.999999910e+02 +1.3973e+00 +2.8061e+00
1179 +8.376785786e-06 +8.376785786e-06 -9.999999916e+02 -9.999999916e+02 +1.3974e+00 +2.8060e+00
1200 +8.306069617e-06 +8.306069617e-06 -9.999999917e+02 -9.999999917e+02 +1.3974e+00 +2.8060e+00
1292 +8.112660794e-06 +8.112660794e-06 -9.999999919e+02 -9.999999919e+02 +1.3974e+00 +2.8060e+00
1462 +7.935209851e-06 +7.935209851e-06 -9.999999921e+02 -9.999999921e+02 +1.3974e+00 +2.8060e+00
1490 +7.683995022e-06 +7.683995022e-06 -9.999999923e+02 -9.999999923e+02 +1.3975e+00 +2.8060e+00
1494 +7.446705467e-06 +7.446705467e-06 -9.999999926e+02 -9.999999926e+02 +1.3975e+00 +2.8060e+00
1505 +7.341569130e-06 +7.341569130e-06 -9.999999927e+02 -9.999999927e+02 +1.3975e+00 +2.8060e+00
1507 +7.190673273e-06 +7.190673273e-06 -9.999999928e+02 -9.999999928e+02 +1.3975e+00 +2.8060e+00
1514 +6.945751238e-06 +6.945751238e-06 -9.999999931e+02 -9.999999931e+02 +1.3976e+00 +2.8060e+00
1516 +6.854092817e-06 +6.854092817e-06 -9.999999931e+02 -9.999999931e+02 +1.3976e+00 +2.8060e+00
1523 +6.464825447e-06 +6.464825447e-06 -9.999999935e+02 -9.999999935e+02 +1.3976e+00 +2.8059e+00
1524 +6.261558951e-06 +6.261558951e-06 -9.999999937e+02 -9.999999937e+02 +1.3977e+00 +2.8059e+00
1532 +6.150978265e-06 +6.150978265e-06 -9.999999938e+02 -9.999999938e+02 +1.3977e+00 +2.8059e+00
1538 +5.619648846e-06 +5.619648846e-06 -9.999999944e+02 -9.999999944e+02 +1.3978e+00 +2.8059e+00
1540 +5.297245252e-06 +5.297245252e-06 -9.999999947e+02 -9.999999947e+02 +1.3979e+00 +2.8058e+00
1542 +4.735663538e-06 +4.735663538e-06 -9.999999953e+02 -9.999999953e+02 +1.3980e+00 +2.8058e+00
1544 +4.459884735e-06 +4.459884735e-06 -9.999999955e+02 -9.999999955e+02 +1.3981e+00 +2.8057e+00
1546 +4.122939799e-06 +4.122939799e-06 -9.999999959e+02 -9.999999959e+02 +1.3981e+00 +2.8057e+00
1553 +3.559921197e-06 +3.559921197e-06 -9.999999964e+02 -9.999999964e+02 +1.3983e+00 +2.8056e+00
1559 +3.345002483e-06 +3.345002483e-06 -9.999999967e+02 -9.999999967e+02 +1.3983e+00 +2.8056e+00
1562 +3.165773592e-06 +3.165773592e-06 -9.999999968e+02 -9.999999968e+02 +1.3984e+00 +2.8056e+00
1564 +2.504739200e-06 +2.504739200e-06 -9.999999975e+02 -9.999999975e+02 +1.3988e+00 +2.8054e+00
1566 +2.398869356e-06 +2.398869356e-06 -9.999999976e+02 -9.999999976e+02 +1.3986e+00 +2.8055e+00
1572 +9.800697853e-07 +9.800697853e-07 -9.999999990e+02 -9.999999990e+02 +1.3991e+00 +2.8052e+00
1578 +9.318689536e-07 +9.318689536e-07 -9.999999991e+02 -9.999999991e+02 +1.3991e+00 +2.8052e+00
1580 +6.272010751e-07 +6.272010751e-07 -9.999999994e+02 -9.999999994e+02 +1.3993e+00 +2.8052e+00
1582 +4.114394869e-08 +4.114394869e-08 -1.000000000e+03 -1.000000000e+03 +1.3998e+00 +2.8049e+00
1593 +8.862798495e-09 +8.862798495e-09 -1.000000000e+03 -1.000000000e+03 +1.4001e+00 +2.8048e+00
1892 +0.000000000e+00 +0.000000000e+00 -1.000000000e+03 -1.000000000e+03 +1.4000e+00 +2.8048e+00
% function evaluation | noise-free fitness - Fopt (-2.286800000000e+02) | best noise-free fitness - Fopt | measured fitness | best measured fitness | x1 | x2...
1 +1.247212786e+07 +1.247212786e+07 +1.247189918e+07 +1.247189918e+07 +0.0000e+00 +0.0000e+00
3 +8.758335669e+06 +8.758335669e+06 +8.758106989e+06 +8.758106989e+06 -6.3913e-01 -8.4963e-01
5 +4.679779323e+06 +4.679779323e+06 +4.679550643e+06 +4.679550643e+06 +4.3379e-01 -1.2876e+00
12 +1.832366861e+04 +1.832366861e+04 +1.809498861e+04 +1.809498861e+04 +7.5981e-01 -3.6976e+00
51 +4.478328728e+01 +4.478328728e+01 -1.838967127e+02 -1.838967127e+02 +1.4834e+00 -3.2276e+00
91 +1.101084127e+00 +1.101084127e+00 -2.275789159e+02 -2.275789159e+02 +1.6190e+00 -3.1590e+00
143 +9.238981507e-01 +9.238981507e-01 -2.277561018e+02 -2.277561018e+02 +1.5329e+00 -3.1974e+00
174 +8.291281532e-01 +8.291281532e-01 -2.278508718e+02 -2.278508718e+02 +1.5232e+00 -3.2029e+00
204 +6.111156976e-01 +6.111156976e-01 -2.280688843e+02 -2.280688843e+02 +1.4973e+00 -3.2135e+00
228 +5.562749543e-01 +5.562749543e-01 -2.281237250e+02 -2.281237250e+02 +1.4900e+00 -3.2173e+00
285 +5.423950517e-01 +5.423950517e-01 -2.281376049e+02 -2.281376049e+02 +1.5043e+00 -3.2106e+00
482 +5.369392600e-01 +5.369392600e-01 -2.281430607e+02 -2.281430607e+02 +1.5079e+00 -3.2092e+00
893 +5.235185346e-01 +5.235185346e-01 -2.281564815e+02 -2.281564815e+02 +1.4887e+00 -3.2178e+00
925 +5.072155329e-01 +5.072155329e-01 -2.281727845e+02 -2.281727845e+02 +1.4495e+00 -3.2351e+00
944 +4.977466875e-01 +4.977466875e-01 -2.281822533e+02 -2.281822533e+02 +1.4272e+00 -3.2451e+00
950 +4.852566370e-01 +4.852566370e-01 -2.281947434e+02 -2.281947434e+02 +1.3916e+00 -3.2610e+00
955 +4.060296698e-01 +4.060296698e-01 -2.282739703e+02 -2.282739703e+02 +1.3070e+00 -3.2989e+00
962 +3.668752948e-01 +3.668752948e-01 -2.283131247e+02 -2.283131247e+02 +1.2865e+00 -3.3080e+00
965 +2.890177871e-01 +2.890177871e-01 -2.283909822e+02 -2.283909822e+02 +1.2418e+00 -3.3280e+00
968 +2.561343092e-01 +2.561343092e-01 -2.284238657e+02 -2.284238657e+02 +1.2293e+00 -3.3335e+00
972 +2.480837862e-01 +2.480837862e-01 -2.284319162e+02 -2.284319162e+02 +1.2009e+00 -3.3463e+00
973 +1.565734597e-01 +1.565734597e-01 -2.285234265e+02 -2.285234265e+02 +1.1476e+00 -3.3699e+00
981 +1.474188898e-01 +1.474188898e-01 -2.285325811e+02 -2.285325811e+02 +1.1079e+00 -3.3877e+00
982 +1.218736733e-01 +1.218736733e-01 -2.285581263e+02 -2.285581263e+02 +1.0711e+00 -3.4040e+00
983 +5.474392992e-02 +5.474392992e-02 -2.286252561e+02 -2.286252561e+02 +8.4229e-01 -3.5062e+00
996 +4.610858024e-02 +4.610858024e-02 -2.286338914e+02 -2.286338914e+02 +8.8554e-01 -3.4868e+00
1003 +1.729082916e-03 +1.729082916e-03 -2.286782709e+02 -2.286782709e+02 +8.1324e-01 -3.5189e+00
1083 +2.771437980e-04 +2.771437980e-04 -2.286797229e+02 -2.286797229e+02 +7.7916e-01 -3.5340e+00
1108 +1.530899006e-04 +1.530899006e-04 -2.286798469e+02 -2.286798469e+02 +7.7124e-01 -3.5376e+00
1196 +2.736516538e-05 +2.736516538e-05 -2.286799726e+02 -2.286799726e+02 +7.8327e-01 -3.5322e+00
1814 +2.691248383e-05 +2.691248383e-05 -2.286799731e+02 -2.286799731e+02 +7.8317e-01 -3.5323e+00
1876 +2.602906258e-05 +2.602906258e-05 -2.286799740e+02 -2.286799740e+02 +7.8294e-01 -3.5324e+00
1887 +2.570030611e-05 +2.570030611e-05 -2.286799743e+02 -2.286799743e+02 +7.8284e-01 -3.5324e+00
1894 +2.483964590e-05 +2.483964590e-05 -2.286799752e+02 -2.286799752e+02 +7.8263e-01 -3.5325e+00
1902 +2.255837867e-05 +2.255837867e-05 -2.286799774e+02 -2.286799774e+02 +7.8233e-01 -3.5327e+00
1912 +1.894716354e-05 +1.894716354e-05 -2.286799811e+02 -2.286799811e+02 +7.8199e-01 -3.5328e+00
1913 +1.742015431e-05 +1.742015431e-05 -2.286799826e+02 -2.286799826e+02 +7.8187e-01 -3.5329e+00
1914 +1.521034775e-05 +1.521034775e-05 -2.286799848e+02 -2.286799848e+02 +7.8169e-01 -3.5329e+00
1925 +1.442067844e-05 +1.442067844e-05 -2.286799856e+02 -2.286799856e+02 +7.8161e-01 -3.5330e+00
1926 +1.283162607e-05 +1.283162607e-05 -2.286799872e+02 -2.286799872e+02 +7.8138e-01 -3.5331e+00
1934 +1.247176468e-05 +1.247176468e-05 -2.286799875e+02 -2.286799875e+02 +7.8133e-01 -3.5331e+00
1936 +1.214422394e-05 +1.214422394e-05 -2.286799879e+02 -2.286799879e+02 +7.8091e-01 -3.5333e+00
2085 +1.199374807e-05 +1.199374807e-05 -2.286799880e+02 -2.286799880e+02 +7.8121e-01 -3.5332e+00
2094 +1.174332118e-05 +1.174332118e-05 -2.286799883e+02 -2.286799883e+02 +7.8128e-01 -3.5331e+00
2125 +1.142449713e-05 +1.142449713e-05 -2.286799886e+02 -2.286799886e+02 +7.8132e-01 -3.5331e+00
2141 +1.118423577e-05 +1.118423577e-05 -2.286799888e+02 -2.286799888e+02 +7.8133e-01 -3.5331e+00
2145 +1.080306350e-05 +1.080306350e-05 -2.286799892e+02 -2.286799892e+02 +7.8140e-01 -3.5331e+00
2152 +1.055106634e-05 +1.055106634e-05 -2.286799894e+02 -2.286799894e+02 +7.8144e-01 -3.5330e+00
2155 +1.044345953e-05 +1.044345953e-05 -2.286799896e+02 -2.286799896e+02 +7.8141e-01 -3.5331e+00
2175 +1.018606878e-05 +1.018606878e-05 -2.286799898e+02 -2.286799898e+02 +7.8145e-01 -3.5330e+00
2190 +9.976474587e-06 +9.976474587e-06 -2.286799900e+02 -2.286799900e+02 +7.8143e-01 -3.5330e+00
2193 +9.703574989e-06 +9.703574989e-06 -2.286799903e+02 -2.286799903e+02 +7.8142e-01 -3.5331e+00
2211 +9.546592196e-06 +9.546592196e-06 -2.286799905e+02 -2.286799905e+02 +7.8143e-01 -3.5331e+00
2669 +9.297138007e-06 +9.297138007e-06 -2.286799907e+02 -2.286799907e+02 +7.8140e-01 -3.5331e+00
2725 +9.078744995e-06 +9.078744995e-06 -2.286799909e+02 -2.286799909e+02 +7.8138e-01 -3.5331e+00
2743 +8.877153419e-06 +8.877153419e-06 -2.286799911e+02 -2.286799911e+02 +7.8135e-01 -3.5331e+00
2762 +8.551784106e-06 +8.551784106e-06 -2.286799914e+02 -2.286799914e+02 +7.8130e-01 -3.5331e+00
2777 +8.432616710e-06 +8.432616710e-06 -2.286799916e+02 -2.286799916e+02 +7.8122e-01 -3.5331e+00
2782 +8.228544317e-06 +8.228544317e-06 -2.286799918e+02 -2.286799918e+02 +7.8115e-01 -3.5332e+00
2803 +8.061546936e-06 +8.061546936e-06 -2.286799919e+02 -2.286799919e+02 +7.8124e-01 -3.5331e+00
2831 +7.939100328e-06 +7.939100328e-06 -2.286799921e+02 -2.286799921e+02 +7.8122e-01 -3.5331e+00
3165 +7.762211141e-06 +7.762211141e-06 -2.286799922e+02 -2.286799922e+02 +7.8120e-01 -3.5332e+00
3415 +7.512512894e-06 +7.512512894e-06 -2.286799925e+02 -2.286799925e+02 +7.8115e-01 -3.5332e+00
3437 +7.324695531e-06 +7.324695531e-06 -2.286799927e+02 -2.286799927e+02 +7.8111e-01 -3.5332e+00
3442 +7.080954191e-06 +7.080954191e-06 -2.286799929e+02 -2.286799929e+02 +7.8103e-01 -3.5332e+00
3453 +6.943145877e-06 +6.943145877e-06 -2.286799931e+02 -2.286799931e+02 +7.8094e-01 -3.5333e+00
3471 +6.917315432e-06 +6.917315432e-06 -2.286799931e+02 -2.286799931e+02 +7.8089e-01 -3.5333e+00
3519 +6.721324496e-06 +6.721324496e-06 -2.286799933e+02 -2.286799933e+02 +7.8074e-01 -3.5334e+00
3524 +6.598244738e-06 +6.598244738e-06 -2.286799934e+02 -2.286799934e+02 +7.8073e-01 -3.5334e+00
3542 +6.331915273e-06 +6.331915273e-06 -2.286799937e+02 -2.286799937e+02 +7.8055e-01 -3.5334e+00
3552 +6.293225994e-06 +6.293225994e-06 -2.286799937e+02 -2.286799937e+02 +7.8053e-01 -3.5335e+00
3553 +6.003684859e-06 +6.003684859e-06 -2.286799940e+02 -2.286799940e+02 +7.8043e-01 -3.5335e+00
3558 +5.816006080e-06 +5.816006080e-06 -2.286799942e+02 -2.286799942e+02 +7.8040e-01 -3.5335e+00
3562 +4.927394400e-06 +4.927394400e-06 -2.286799951e+02 -2.286799951e+02 +7.8026e-01 -3.5336e+00
3572 +4.330494136e-06 +4.330494136e-06 -2.286799957e+02 -2.286799957e+02 +7.8019e-01 -3.5336e+00
3573 +4.129494840e-06 +4.129494840e-06 -2.286799959e+02 -2.286799959e+02 +7.8016e-01 -3.5336e+00
3578 +3.483896364e-06 +3.483896364e-06 -2.286799965e+02 -2.286799965e+02 +7.8007e-01 -3.5337e+00
3581 +3.130436568e-06 +3.130436568e-06 -2.286799969e+02 -2.286799969e+02 +7.8003e-01 -3.5337e+00
3583 +2.186647066e-06 +2.186647066e-06 -2.286799978e+02 -2.286799978e+02 +7.7982e-01 -3.5338e+00
3588 +1.876791373e-06 +1.876791373e-06 -2.286799981e+02 -2.286799981e+02 +7.7974e-01 -3.5338e+00
3592 +1.662503905e-06 +1.662503905e-06 -2.286799983e+02 -2.286799983e+02 +7.7946e-01 -3.5339e+00
3593 +1.507838817e-06 +1.507838817e-06 -2.286799985e+02 -2.286799985e+02 +7.7947e-01 -3.5339e+00
3602 +1.225647765e-06 +1.225647765e-06 -2.286799988e+02 -2.286799988e+02 +7.7894e-01 -3.5342e+00
3604 +1.412770985e-07 +1.412770985e-07 -2.286799999e+02 -2.286799999e+02 +7.7844e-01 -3.5344e+00
3613 +3.261601478e-08 +3.261601478e-08 -2.286800000e+02 -2.286800000e+02 +7.7824e-01 -3.5345e+00
3649 +3.092276302e-08 +3.092276302e-08 -2.286800000e+02 -2.286800000e+02 +7.7836e-01 -3.5344e+00
3669 +7.999972240e-09 +7.999972240e-09 -2.286800000e+02 -2.286800000e+02 +7.7834e-01 -3.5344e+00
% function evaluation | noise-free fitness - Fopt (9.803700000000e+02) | best noise-free fitness - Fopt | measured fitness | best measured fitness | x1 | x2...
1 +5.754094508e+06 +5.754094508e+06 +5.755074878e+06 +5.755074878e+06 +0.0000e+00 +0.0000e+00
2 +1.552723005e+06 +1.552723005e+06 +1.553703375e+06 +1.553703375e+06 +5.9650e-01 -9.7218e-01
17 +1.732666510e+05 +1.732666510e+05 +1.742470210e+05 +1.742470210e+05 +9.1318e-01 -1.6173e+00
22 +7.546016443e+02 +7.546016443e+02 +1.734971644e+03 +1.734971644e+03 +1.2677e+00 -1.8627e+00
55 +9.277662667e+00 +9.277662667e+00 +9.896476627e+02 +9.896476627e+02 +1.4457e+00 -1.7477e+00
137 +7.673213074e+00 +7.673213074e+00 +9.880432131e+02 +9.880432131e+02 +1.3697e+00 -1.8108e+00
398 +7.444705849e+00 +7.444705849e+00 +9.878147058e+02 +9.878147058e+02 +1.4089e+00 -1.7794e+00
407 +7.226712059e+00 +7.226712059e+00 +9.875967121e+02 +9.875967121e+02 +1.3760e+00 -1.8064e+00
414 +7.028055937e+00 +7.028055937e+00 +9.873980559e+02 +9.873980559e+02 +1.3488e+00 -1.8291e+00
418 +6.890219614e+00 +6.890219614e+00 +9.872602196e+02 +9.872602196e+02 +1.2983e+00 -1.8698e+00
424 +6.738095406e+00 +6.738095406e+00 +9.871080954e+02 +9.871080954e+02 +1.2784e+00 -1.8862e+00
425 +6.491393356e+00 +6.491393356e+00 +9.868613934e+02 +9.868613934e+02 +1.1591e+00 -1.9838e+00
435 +6.095042594e+00 +6.095042594e+00 +9.864650426e+02 +9.864650426e+02 +1.0602e+00 -2.0650e+00
442 +5.989720925e+00 +5.989720925e+00 +9.863597209e+02 +9.863597209e+02 +1.1077e+00 -2.0263e+00
444 +5.122672721e+00 +5.122672721e+00 +9.854926727e+02 +9.854926727e+02 +8.9999e-01 -2.1970e+00
452 +4.000118673e+00 +4.000118673e+00 +9.843701187e+02 +9.843701187e+02 +5.1198e-01 -2.5158e+00
467 +5.635017356e-01 +5.635017356e-01 +9.809335017e+02 +9.809335017e+02 -3.1746e-01 -3.1984e+00
475 +9.994024328e-02 +9.994024328e-02 +9.804699402e+02 +9.804699402e+02 -5.3548e-01 -3.3782e+00
496 +8.042226869e-02 +8.042226869e-02 +9.804504223e+02 +9.804504223e+02 -6.4762e-01 -3.4702e+00
506 +3.283947549e-02 +3.283947549e-02 +9.804028395e+02 +9.804028395e+02 -8.5084e-01 -3.6375e+00
530 +2.189324939e-02 +2.189324939e-02 +9.803918932e+02 +9.803918932e+02 -7.1939e-01 -3.5294e+00
541 +7.300305073e-03 +7.300305073e-03 +9.803773003e+02 +9.803773003e+02 -7.3874e-01 -3.5454e+00
549 +4.888584787e-03 +4.888584787e-03 +9.803748886e+02 +9.803748886e+02 -7.0557e-01 -3.5182e+00
556 +3.377031584e-03 +3.377031584e-03 +9.803733770e+02 +9.803733770e+02 -7.6332e-01 -3.5656e+00
561 +2.466002926e-03 +2.466002926e-03 +9.803724660e+02 +9.803724660e+02 -7.4704e-01 -3.5524e+00
569 +1.309650600e-03 +1.309650600e-03 +9.803713097e+02 +9.803713097e+02 -7.7813e-01 -3.5779e+00
680 +8.462141261e-04 +8.462141261e-04 +9.803708462e+02 +9.803708462e+02 -7.4116e-01 -3.5475e+00
684 +5.590437245e-04 +5.590437245e-04 +9.803705590e+02 +9.803705590e+02 -7.4527e-01 -3.5509e+00
693 +4.457200895e-04 +4.457200895e-04 +9.803704457e+02 +9.803704457e+02 -7.4792e-01 -3.5530e+00
698 +2.697140252e-04 +2.697140252e-04 +9.803702697e+02 +9.803702697e+02 -7.5164e-01 -3.5561e+00
707 +1.011885821e-04 +1.011885821e-04 +9.803701012e+02 +9.803701012e+02 -7.6001e-01 -3.5630e+00
710 +2.300244842e-05 +2.300244842e-05 +9.803700230e+02 +9.803700230e+02 -7.6182e-01 -3.5645e+00
726 +5.451838774e-06 +5.451838774e-06 +9.803700055e+02 +9.803700055e+02 -7.6159e-01 -3.5643e+00
795 +8.888611092e-07 +8.888611092e-07 +9.803700009e+02 +9.803700009e+02 -7.6246e-01 -3.5650e+00
940 +7.166032674e-07 +7.166032674e-07 +9.803700007e+02 +9.803700007e+02 -7.6256e-01 -3.5651e+00
942 +6.594104889e-07 +6.594104889e-07 +9.803700007e+02 +9.803700007e+02 -7.6261e-01 -3.5651e+00
992 +6.195947435e-07 +6.195947435e-07 +9.803700006e+02 +9.803700006e+02 -7.6256e-01 -3.5651e+00
1025 +5.945656767e-07 +5.945656767e-07 +9.803700006e+02 +9.803700006e+02 -7.6259e-01 -3.5651e+00
1042 +5.770757525e-07 +5.770757525e-07 +9.803700006e+02 +9.803700006e+02 -7.6260e-01 -3.5651e+00
1060 +5.384174528e-07 +5.384174528e-07 +9.803700005e+02 +9.803700005e+02 -7.6262e-01 -3.5651e+00
1076 +4.902086630e-07 +4.902086630e-07 +9.803700005e+02 +9.803700005e+02 -7.6266e-01 -3.5652e+00
1099 +4.529611033e-07 +4.529611033e-07 +9.803700005e+02 +9.803700005e+02 -7.6268e-01 -3.5652e+00
1106 +4.390676622e-07 +4.390676622e-07 +9.803700004e+02 +9.803700004e+02 -7.6271e-01 -3.5652e+00
1120 +4.293507345e-07 +4.293507345e-07 +9.803700004e+02 +9.803700004e+02 -7.6272e-01 -3.5652e+00
1128 +4.096690418e-07 +4.096690418e-07 +9.803700004e+02 +9.803700004e+02 -7.6272e-01 -3.5652e+00
1135 +4.037540293e-07 +4.037540293e-07 +9.803700004e+02 +9.803700004e+02 -7.6274e-01 -3.5652e+00
1137 +3.818120149e-07 +3.818120149e-07 +9.803700004e+02 +9.803700004e+02 -7.6274e-01 -3.5652e+00
1146 +3.751283657e-07 +3.751283657e-07 +9.803700004e+02 +9.803700004e+02 -7.6275e-01 -3.5652e+00
1157 +3.419945642e-07 +3.419945642e-07 +9.803700003e+02 +9.803700003e+02 -7.6278e-01 -3.5653e+00
1162 +3.367688350e-07 +3.367688350e-07 +9.803700003e+02 +9.803700003e+02 -7.6282e-01 -3.5653e+00
1169 +3.201314485e-07 +3.201314485e-07 +9.803700003e+02 +9.803700003e+02 -7.6281e-01 -3.5653e+00
1170 +3.101404218e-07 +3.101404218e-07 +9.803700003e+02 +9.803700003e+02 -7.6281e-01 -3.5653e+00
1172 +2.809310899e-07 +2.809310899e-07 +9.803700003e+02 +9.803700003e+02 -7.6283e-01 -3.5653e+00
1182 +2.694058594e-07 +2.694058594e-07 +9.803700003e+02 +9.803700003e+02 -7.6284e-01 -3.5653e+00
1183 +2.325695050e-07 +2.325695050e-07 +9.803700002e+02 +9.803700002e+02 -7.6286e-01 -3.5653e+00
1191 +1.705351451e-07 +1.705351451e-07 +9.803700002e+02 +9.803700002e+02 -7.6290e-01 -3.5654e+00
1192 +1.410257937e-07 +1.410257937e-07 +9.803700001e+02 +9.803700001e+02 -7.6293e-01 -3.5654e+00
1194 +1.362161584e-07 +1.362161584e-07 +9.803700001e+02 +9.803700001e+02 -7.6293e-01 -3.5654e+00
1195 +1.325912535e-07 +1.325912535e-07 +9.803700001e+02 +9.803700001e+02 -7.6293e-01 -3.5654e+00
1197 +1.042863005e-07 +1.042863005e-07 +9.803700001e+02 +9.803700001e+02 -7.6295e-01 -3.5654e+00
1202 +8.822792097e-08 +8.822792097e-08 +9.803700001e+02 +9.803700001e+02 -7.6297e-01 -3.5654e+00
1206 +4.611592885e-08 +4.611592885e-08 +9.803700000e+02 +9.803700000e+02 -7.6302e-01 -3.5655e+00
1214 +1.243074621e-08 +1.243074621e-08 +9.803700000e+02 +9.803700000e+02 -7.6311e-01 -3.5655e+00
1223 +5.495053301e-09 +5.495053301e-09 +9.803700000e+02 +9.803700000e+02 -7.6316e-01 -3.5656e+00
2011 +0.000000000e+00 +0.000000000e+00 +9.803700000e+02 +9.803700000e+02 -7.6320e-01 -3.5656e+00
% function evaluation | noise-free fitness - Fopt (-3.055000000000e+02) | best noise-free fitness - Fopt | measured fitness | best measured fitness | x1 | x2...
1 +4.640028571e+05 +4.640028571e+05 +4.636973571e+05 +4.636973571e+05 +0.0000e+00 +0.0000e+00
3 +1.097456978e+04 +1.097456978e+04 +1.066906978e+04 +1.066906978e+04 +5.4760e-01 +1.9215e-01
22 +3.618246229e+03 +3.618246229e+03 +3.312746229e+03 +3.312746229e+03 +4.4671e-01 +3.6537e-01
27 +2.432691637e+03 +2.432691637e+03 +2.127191637e+03 +2.127191637e+03 +2.6905e-01 +5.8711e-01
41 +9.440012904e+02 +9.440012904e+02 +6.385012904e+02 +6.385012904e+02 -5.6480e-02 +9.7766e-01
58 +3.028898172e+01 +3.028898172e+01 -2.752110183e+02 -2.752110183e+02 +1.5190e+00 -7.7304e-01
319 +2.725731004e+01 +2.725731004e+01 -2.782426900e+02 -2.782426900e+02 -2.3674e+00 +3.6521e+00
421 +2.643746783e+01 +2.643746783e+01 -2.790625322e+02 -2.790625322e+02 -2.8039e+00 +4.1513e+00
428 +2.540668455e+01 +2.540668455e+01 -2.800933155e+02 -2.800933155e+02 -2.7367e+00 +4.0754e+00
434 +2.487183352e+01 +2.487183352e+01 -2.806281665e+02 -2.806281665e+02 -2.6651e+00 +3.9933e+00
619 +2.453917049e+01 +2.453917049e+01 -2.809608295e+02 -2.809608295e+02 -2.6675e+00 +3.9970e+00
670 +2.391973091e+01 +2.391973091e+01 -2.815802691e+02 -2.815802691e+02 -2.5953e+00 +3.9154e+00
685 +2.300025430e+01 +2.300025430e+01 -2.824997457e+02 -2.824997457e+02 -2.4954e+00 +3.8022e+00
692 +2.247358206e+01 +2.247358206e+01 -2.830264179e+02 -2.830264179e+02 -2.3163e+00 +3.5997e+00
702 +2.205029840e+01 +2.205029840e+01 -2.834497016e+02 -2.834497016e+02 -2.2479e+00 +3.5221e+00
717 +2.154434139e+01 +2.154434139e+01 -2.839556586e+02 -2.839556586e+02 -2.0662e+00 +3.3162e+00
724 +2.117875681e+01 +2.117875681e+01 -2.843212432e+02 -2.843212432e+02 -1.9496e+00 +3.1841e+00
735 +2.057784406e+01 +2.057784406e+01 -2.849221559e+02 -2.849221559e+02 -1.8659e+00 +3.0890e+00
745 +1.928325752e+01 +1.928325752e+01 -2.862167425e+02 -2.862167425e+02 -1.8246e+00 +3.0417e+00
752 +1.874854221e+01 +1.874854221e+01 -2.867514578e+02 -2.867514578e+02 -1.8958e+00 +3.1222e+00
754 +1.676739347e+01 +1.676739347e+01 -2.887326065e+02 -2.887326065e+02 -1.5946e+00 +2.7802e+00
756 +1.570305087e+01 +1.570305087e+01 -2.897969491e+02 -2.897969491e+02 -1.6011e+00 +2.7872e+00
764 +1.257683368e+01 +1.257683368e+01 -2.929231663e+02 -2.929231663e+02 -1.4255e+00 +2.5869e+00
767 +1.145082255e+01 +1.145082255e+01 -2.940491775e+02 -2.940491775e+02 -1.4006e+00 +2.5580e+00
772 +8.876398497e+00 +8.876398497e+00 -2.966236015e+02 -2.966236015e+02 -1.3183e+00 +2.4629e+00
774 +7.709908160e+00 +7.709908160e+00 -2.977900918e+02 -2.977900918e+02 -1.1385e+00 +2.2591e+00
784 +4.299017939e+00 +4.299017939e+00 -3.012009821e+02 -3.012009821e+02 -6.0640e-01 +1.6518e+00
794 +3.781950990e+00 +3.781950990e+00 -3.017180490e+02 -3.017180490e+02 -5.4219e-01 +1.5792e+00
796 +3.704912760e+00 +3.704912760e+00 -3.017950872e+02 -3.017950872e+02 -3.6791e-01 +1.3801e+00
803 +3.573880100e+00 +3.573880100e+00 -3.019261199e+02 -3.019261199e+02 -3.8765e-01 +1.4027e+00
806 +2.801682027e+00 +2.801682027e+00 -3.026983180e+02 -3.026983180e+02 -2.0486e-01 +1.1947e+00
813 +2.626922789e+00 +2.626922789e+00 -3.028730772e+02 -3.028730772e+02 -1.1950e-01 +1.0975e+00
816 +2.153282635e+00 +2.153282635e+00 -3.033467174e+02 -3.033467174e+02 -1.6693e-01 +1.1522e+00
818 +1.877761155e+00 +1.877761155e+00 -3.036222388e+02 -3.036222388e+02 +6.8735e-01 +1.7899e-01
822 +1.690871503e+00 +1.690871503e+00 -3.038091285e+02 -3.038091285e+02 +3.4558e-01 +5.6823e-01
826 +1.063487190e+00 +1.063487190e+00 -3.044365128e+02 -3.044365128e+02 +4.3711e-02 +9.1270e-01
835 +7.172898139e-01 +7.172898139e-01 -3.047827102e+02 -3.047827102e+02 +1.0983e-01 +8.3846e-01
844 +4.715350227e-01 +4.715350227e-01 -3.050284650e+02 -3.050284650e+02 +2.0685e-01 +7.2746e-01
850 +3.408285389e-01 +3.408285389e-01 -3.051591715e+02 -3.051591715e+02 +3.0356e-01 +6.1743e-01
883 +2.889766701e-01 +2.889766701e-01 -3.052110233e+02 -3.052110233e+02 +3.1807e-01 +6.0110e-01
907 +2.755213622e-01 +2.755213622e-01 -3.052244786e+02 -3.052244786e+02 +3.2583e-01 +5.9253e-01
925 +2.738375432e-01 +2.738375432e-01 -3.052261625e+02 -3.052261625e+02 +3.2281e-01 +5.9590e-01
1184 +2.683967679e-01 +2.683967679e-01 -3.052316032e+02 -3.052316032e+02 +3.2718e-01 +5.9088e-01
1192 +2.625839594e-01 +2.625839594e-01 -3.052374160e+02 -3.052374160e+02 +3.3306e-01 +5.8423e-01
1203 +2.554892254e-01 +2.554892254e-01 -3.052445108e+02 -3.052445108e+02 +3.3957e-01 +5.7678e-01
1212 +2.374711920e-01 +2.374711920e-01 -3.052625288e+02 -3.052625288e+02 +3.5807e-01 +5.5569e-01
1222 +2.313883101e-01 +2.313883101e-01 -3.052686117e+02 -3.052686117e+02 +3.6511e-01 +5.4766e-01
1224 +2.197041315e-01 +2.197041315e-01 -3.052802959e+02 -3.052802959e+02 +3.7904e-01 +5.3178e-01
1235 +1.855926290e-01 +1.855926290e-01 -3.053144074e+02 -3.053144074e+02 +4.2204e-01 +4.8277e-01
1245 +1.741799000e-01 +1.741799000e-01 -3.053258201e+02 -3.053258201e+02 +4.4999e-01 +4.5090e-01
1253 +1.545028128e-01 +1.545028128e-01 -3.053454972e+02 -3.053454972e+02 +4.7028e-01 +4.2777e-01
1261 +1.508233776e-01 +1.508233776e-01 -3.053491766e+02 -3.053491766e+02 +4.7818e-01 +4.1876e-01
1295 +1.477925000e-01 +1.477925000e-01 -3.053522075e+02 -3.053522075e+02 +4.8554e-01 +4.1038e-01
1308 +1.442473010e-01 +1.442473010e-01 -3.053557527e+02 -3.053557527e+02 +5.0967e-01 +3.8289e-01
1319 +1.396131200e-01 +1.396131200e-01 -3.053603869e+02 -3.053603869e+02 +5.0124e-01 +3.9251e-01
1323 +1.377389477e-01 +1.377389477e-01 -3.053622611e+02 -3.053622611e+02 +4.9263e-01 +4.0232e-01
1341 +1.332220983e-01 +1.332220983e-01 -3.053667779e+02 -3.053667779e+02 +5.1444e-01 +3.7747e-01
1344 +1.297501796e-01 +1.297501796e-01 -3.053702498e+02 -3.053702498e+02 +5.4260e-01 +3.4542e-01
1352 +1.234809301e-01 +1.234809301e-01 -3.053765191e+02 -3.053765191e+02 +5.3103e-01 +3.5861e-01
1359 +1.212756023e-01 +1.212756023e-01 -3.053787244e+02 -3.053787244e+02 +5.3366e-01 +3.5561e-01
1362 +1.024034269e-01 +1.024034269e-01 -3.053975966e+02 -3.053975966e+02 +5.4874e-01 +3.3849e-01
1363 +9.619311144e-02 +9.619311144e-02 -3.054038069e+02 -3.054038069e+02 +5.6198e-01 +3.2343e-01
1365 +9.069911394e-02 +9.069911394e-02 -3.054093009e+02 -3.054093009e+02 +5.6636e-01 +3.1846e-01
1372 +7.237939032e-02 +7.237939032e-02 -3.054276206e+02 -3.054276206e+02 +5.8749e-01 +2.9446e-01
1373 +6.428901440e-02 +6.428901440e-02 -3.054357110e+02 -3.054357110e+02 +6.0035e-01 +2.7985e-01
1376 +5.443439471e-02 +5.443439471e-02 -3.054455656e+02 -3.054455656e+02 +6.1869e-01 +2.5901e-01
1382 +5.045062606e-02 +5.045062606e-02 -3.054495494e+02 -3.054495494e+02 +6.3586e-01 +2.3949e-01
1383 +4.442632673e-02 +4.442632673e-02 -3.054555737e+02 -3.054555737e+02 +6.3978e-01 +2.3507e-01
1387 +2.301286599e-02 +2.301286599e-02 -3.054769871e+02 -3.054769871e+02 +7.4688e-01 +1.1339e-01
1397 +1.654351615e-02 +1.654351615e-02 -3.054834565e+02 -3.054834565e+02 +7.1866e-01 +1.4544e-01
1404 +1.585852699e-02 +1.585852699e-02 -3.054841415e+02 -3.054841415e+02 +7.2194e-01 +1.4172e-01
1415 +1.374517862e-02 +1.374517862e-02 -3.054862548e+02 -3.054862548e+02 +7.0710e-01 +1.5860e-01
1462 +1.245782246e-02 +1.245782246e-02 -3.054875422e+02 -3.054875422e+02 +6.9045e-01 +1.7754e-01
1478 +7.717659579e-03 +7.717659579e-03 -3.054922823e+02 -3.054922823e+02 +7.3198e-01 +1.3041e-01
1479 +7.154130224e-03 +7.154130224e-03 -3.054928459e+02 -3.054928459e+02 +7.1534e-01 +1.4930e-01
1492 +6.540286709e-03 +6.540286709e-03 -3.054934597e+02 -3.054934597e+02 +7.2099e-01 +1.4289e-01
1495 +5.010086286e-03 +5.010086286e-03 -3.054949899e+02 -3.054949899e+02 +7.2420e-01 +1.3927e-01
1522 +4.822032867e-03 +4.822032867e-03 -3.054951780e+02 -3.054951780e+02 +7.2365e-01 +1.3991e-01
1548 +4.680295376e-03 +4.680295376e-03 -3.054953197e+02 -3.054953197e+02 +7.2720e-01 +1.3589e-01
1561 +4.645605574e-03 +4.645605574e-03 -3.054953544e+02 -3.054953544e+02 +7.2450e-01 +1.3895e-01
1563 +4.401308359e-03 +4.401308359e-03 -3.054955987e+02 -3.054955987e+02 +7.2529e-01 +1.3805e-01
1565 +4.284220943e-03 +4.284220943e-03 -3.054957158e+02 -3.054957158e+02 +7.2658e-01 +1.3660e-01
1567 +4.181079521e-03 +4.181079521e-03 -3.054958189e+02 -3.054958189e+02 +7.2644e-01 +1.3676e-01
1578 +4.038859298e-03 +4.038859298e-03 -3.054959611e+02 -3.054959611e+02 +7.2542e-01 +1.3793e-01
1608 +3.965079460e-03 +3.965079460e-03 -3.054960349e+02 -3.054960349e+02 +7.2484e-01 +1.3859e-01
1668 +3.877660639e-03 +3.877660639e-03 -3.054961223e+02 -3.054961223e+02 +7.2429e-01 +1.3924e-01
1756 +3.799774668e-03 +3.799774668e-03 -3.054962002e+02 -3.054962002e+02 +7.2341e-01 +1.4023e-01
1796 +3.711657536e-03 +3.711657536e-03 -3.054962883e+02 -3.054962883e+02 +7.2148e-01 +1.4243e-01
1813 +3.579107018e-03 +3.579107018e-03 -3.054964209e+02 -3.054964209e+02 +7.1752e-01 +1.4692e-01
1823 +3.377385995e-03 +3.377385995e-03 -3.054966226e+02 -3.054966226e+02 +7.1501e-01 +1.4978e-01
1833 +2.459726221e-03 +2.459726221e-03 -3.054975403e+02 -3.054975403e+02 +7.1049e-01 +1.5491e-01
1834 +2.228311063e-03 +2.228311063e-03 -3.054977717e+02 -3.054977717e+02 +7.0962e-01 +1.5590e-01
1842 +9.917411343e-04 +9.917411343e-04 -3.054990083e+02 -3.054990083e+02 +7.0243e-01 +1.6409e-01
1853 +4.863792198e-04 +4.863792198e-04 -3.054995136e+02 -3.054995136e+02 +6.9249e-01 +1.7538e-01
1862 +4.687303651e-04 +4.687303651e-04 -3.054995313e+02 -3.054995313e+02 +6.8745e-01 +1.8110e-01
1865 +3.866352421e-05 +3.866352421e-05 -3.054999613e+02 -3.054999613e+02 +6.8430e-01 +1.8471e-01
1883 +3.648230211e-05 +3.648230211e-05 -3.054999635e+02 -3.054999635e+02 +6.7832e-01 +1.9152e-01
1884 +1.002818317e-05 +1.002818317e-05 -3.054999900e+02 -3.054999900e+02 +6.8154e-01 +1.8786e-01
1963 +7.642518426e-06 +7.642518426e-06 -3.054999924e+02 -3.054999924e+02 +6.8199e-01 +1.8734e-01
1965 +6.800040637e-06 +6.800040637e-06 -3.054999932e+02 -3.054999932e+02 +6.7836e-01 +1.9146e-01
1970 +6.717969995e-06 +6.717969995e-06 -3.054999933e+02 -3.054999933e+02 +6.8055e-01 +1.8897e-01
1972 +2.325922367e-06 +2.325922367e-06 -3.054999977e+02 -3.054999977e+02 +6.8045e-01 +1.8909e-01
2001 +4.122665587e-08 +4.122665587e-08 -3.055000000e+02 -3.055000000e+02 +6.8000e-01 +1.8960e-01
2883 +2.673345989e-09 +2.673345989e-09 -3.055000000e+02 -3.055000000e+02 +6.8002e-01 +1.8958e-01
% function evaluation | noise-free fitness - Fopt (1.024200000000e+02) | best noise-free fitness - Fopt | measured fitness | best measured fitness | x1 | x2...
1 +8.376252306e+06 +8.376252306e+06 +8.376354726e+06 +8.376354726e+06 +0.0000e+00 +0.0000e+00
2 +5.249041130e+06 +5.249041130e+06 +5.249143550e+06 +5.249143550e+06 +1.3099e+00 -3.1132e-01
5 +1.934360357e+06 +1.934360357e+06 +1.934462777e+06 +1.934462777e+06 +1.2510e+00 -1.2726e+00
12 +2.444549721e+05 +2.444549721e+05 +2.445573921e+05 +2.445573921e+05 +1.4054e+00 -2.0720e+00
14 +2.062701243e+03 +2.062701243e+03 +2.165121243e+03 +2.165121243e+03 +5.0606e-01 -2.9496e+00
90 +3.970042600e+02 +3.970042600e+02 +4.994242600e+02 +4.994242600e+02 -6.9120e-02 -3.1236e+00
124 +1.232046036e+02 +1.232046036e+02 +2.256246036e+02 +2.256246036e+02 +1.9459e-01 -3.0000e+00
129 +5.302648437e+01 +5.302648437e+01 +1.554464844e+02 +1.554464844e+02 +2.8014e-01 -2.9907e+00
141 +1.932384871e+01 +1.932384871e+01 +1.217438487e+02 +1.217438487e+02 +2.6660e-01 -2.9827e+00
147 +5.451223692e+00 +5.451223692e+00 +1.078712237e+02 +1.078712237e+02 +3.0516e-01 -2.9715e+00
159 +2.077227250e-01 +2.077227250e-01 +1.026277227e+02 +1.026277227e+02 +3.8222e-01 -2.9469e+00
189 +1.663454387e-01 +1.663454387e-01 +1.025863454e+02 +1.025863454e+02 +1.9972e-01 -3.0096e+00
215 +5.572690352e-02 +5.572690352e-02 +1.024757269e+02 +1.024757269e+02 +1.0124e-01 -3.0436e+00
348 +3.661296545e-02 +3.661296545e-02 +1.024566130e+02 +1.024566130e+02 +2.0665e-02 -3.0718e+00
364 +1.703418947e-02 +1.703418947e-02 +1.024370342e+02 +1.024370342e+02 +4.1600e-02 -3.0645e+00
396 +1.406922585e-02 +1.406922585e-02 +1.024340692e+02 +1.024340692e+02 +5.8136e-02 -3.0588e+00
420 +9.274887474e-03 +9.274887474e-03 +1.024292749e+02 +1.024292749e+02 +4.7741e-02 -3.0622e+00
501 +8.942478390e-03 +8.942478390e-03 +1.024289425e+02 +1.024289425e+02 +3.7169e-02 -3.0659e+00
507 +7.780376016e-03 +7.780376016e-03 +1.024277804e+02 +1.024277804e+02 +4.1192e-02 -3.0645e+00
517 +7.305149894e-03 +7.305149894e-03 +1.024273051e+02 +1.024273051e+02 +4.2722e-02 -3.0640e+00
524 +6.655228534e-03 +6.655228534e-03 +1.024266552e+02 +1.024266552e+02 +4.6982e-02 -3.0626e+00
529 +6.171755671e-03 +6.171755671e-03 +1.024261718e+02 +1.024261718e+02 +4.7876e-02 -3.0622e+00
532 +6.101888872e-03 +6.101888872e-03 +1.024261019e+02 +1.024261019e+02 +4.8284e-02 -3.0621e+00
539 +5.211776086e-03 +5.211776086e-03 +1.024252118e+02 +1.024252118e+02 +5.4396e-02 -3.0600e+00
547 +4.907184328e-03 +4.907184328e-03 +1.024249072e+02 +1.024249072e+02 +5.5912e-02 -3.0595e+00
571 +4.890877745e-03 +4.890877745e-03 +1.024248909e+02 +1.024248909e+02 +5.7100e-02 -3.0590e+00
1259 +4.779761241e-03 +4.779761241e-03 +1.024247798e+02 +1.024247798e+02 +5.6892e-02 -3.0591e+00
1273 +4.560583627e-03 +4.560583627e-03 +1.024245606e+02 +1.024245606e+02 +5.9218e-02 -3.0583e+00
1283 +4.435838945e-03 +4.435838945e-03 +1.024244358e+02 +1.024244358e+02 +6.0549e-02 -3.0579e+00
1292 +3.987784574e-03 +3.987784574e-03 +1.024239878e+02 +1.024239878e+02 +6.4274e-02 -3.0566e+00
1304 +3.910365571e-03 +3.910365571e-03 +1.024239104e+02 +1.024239104e+02 +6.4917e-02 -3.0564e+00
1310 +3.818778087e-03 +3.818778087e-03 +1.024238188e+02 +1.024238188e+02 +6.5801e-02 -3.0561e+00
1313 +3.218540068e-03 +3.218540068e-03 +1.024232185e+02 +1.024232185e+02 +7.3868e-02 -3.0533e+00
1323 +3.114241852e-03 +3.114241852e-03 +1.024231142e+02 +1.024231142e+02 +7.4782e-02 -3.0530e+00
1326 +2.917675529e-03 +2.917675529e-03 +1.024229177e+02 +1.024229177e+02 +7.7931e-02 -3.0519e+00
1334 +2.712539831e-03 +2.712539831e-03 +1.024227125e+02 +1.024227125e+02 +8.1228e-02 -3.0508e+00
1336 +1.769097777e-03 +1.769097777e-03 +1.024217691e+02 +1.024217691e+02 +9.2112e-02 -3.0470e+00
1345 +8.747661735e-04 +8.747661735e-04 +1.024208748e+02 +1.024208748e+02 +1.0238e-01 -3.0435e+00
1349 +4.282529544e-04 +4.282529544e-04 +1.024204283e+02 +1.024204283e+02 +1.0926e-01 -3.0411e+00
1354 +1.007214935e-04 +1.007214935e-04 +1.024201007e+02 +1.024201007e+02 +1.1887e-01 -3.0378e+00
1359 +4.383744304e-05 +4.383744304e-05 +1.024200438e+02 +1.024200438e+02 +1.2218e-01 -3.0367e+00
1370 +1.063830661e-05 +1.063830661e-05 +1.024200106e+02 +1.024200106e+02 +1.2581e-01 -3.0354e+00
1419 +5.019155338e-06 +5.019155338e-06 +1.024200050e+02 +1.024200050e+02 +1.2888e-01 -3.0344e+00
1431 +2.755971494e-06 +2.755971494e-06 +1.024200028e+02 +1.024200028e+02 +1.3030e-01 -3.0339e+00
1435 +2.217733240e-06 +2.217733240e-06 +1.024200022e+02 +1.024200022e+02 +1.2808e-01 -3.0346e+00
1438 +2.022686658e-06 +2.022686658e-06 +1.024200020e+02 +1.024200020e+02 +1.2933e-01 -3.0342e+00
1478 +7.115016274e-07 +7.115016274e-07 +1.024200007e+02 +1.024200007e+02 +1.2798e-01 -3.0347e+00
1502 +3.698571618e-07 +3.698571618e-07 +1.024200004e+02 +1.024200004e+02 +1.2826e-01 -3.0346e+00
1514 +6.875693259e-08 +6.875693259e-08 +1.024200001e+02 +1.024200001e+02 +1.2855e-01 -3.0345e+00
1570 +2.460400594e-08 +2.460400594e-08 +1.024200000e+02 +1.024200000e+02 +1.2877e-01 -3.0344e+00
1579 +1.392302806e-08 +1.392302806e-08 +1.024200000e+02 +1.024200000e+02 +1.2869e-01 -3.0344e+00
1619 +7.639414434e-09 +7.639414434e-09 +1.024200000e+02 +1.024200000e+02 +1.2886e-01 -3.0344e+00
2904 +0.000000000e+00 +0.000000000e+00 +1.024200000e+02 +1.024200000e+02 +1.2880e-01 -3.0344e+00
% function evaluation | noise-free fitness - Fopt (-2.874000000000e+02) | best noise-free fitness - Fopt | measured fitness | best measured fitness | x1 | x2...
1 +3.656610528e+01 +3.656610528e+01 -2.508338947e+02 -2.508338947e+02 +0.0000e+00 +0.0000e+00
126 +3.403776611e+01 +3.403776611e+01 -2.533622339e+02 -2.533622339e+02 +1.9225e+00 -1.1858e+00
143 +4.989238831e+00 +4.989238831e+00 -2.824107612e+02 -2.824107612e+02 +1.8470e+00 -1.1319e+00
168 +4.373504718e+00 +4.373504718e+00 -2.830264953e+02 -2.830264953e+02 +1.8304e+00 -1.1238e+00
211 +4.271944790e+00 +4.271944790e+00 -2.831280552e+02 -2.831280552e+02 +1.8335e+00 -1.1242e+00
222 +3.901729465e+00 +3.901729465e+00 -2.834982705e+02 -2.834982705e+02 +1.8218e+00 -1.1176e+00
701 +3.885930078e+00 +3.885930078e+00 -2.835140699e+02 -2.835140699e+02 +1.8092e+00 -1.1103e+00
712 +3.770108307e+00 +3.770108307e+00 -2.836298917e+02 -2.836298917e+02 +1.7677e+00 -1.0851e+00
722 +3.645694965e+00 +3.645694965e+00 -2.837543050e+02 -2.837543050e+02 +1.7319e+00 -1.0632e+00
733 +3.581671393e+00 +3.581671393e+00 -2.838183286e+02 -2.838183286e+02 +1.7140e+00 -1.0523e+00
743 +3.410008719e+00 +3.410008719e+00 -2.839899913e+02 -2.839899913e+02 +1.6684e+00 -1.0244e+00
747 +3.340326079e+00 +3.340326079e+00 -2.840596739e+02 -2.840596739e+02 +1.6383e+00 -1.0061e+00
753 +3.175560308e+00 +3.175560308e+00 -2.842244397e+02 -2.842244397e+02 +1.5913e+00 -9.7740e-01
760 +3.102545099e+00 +3.102545099e+00 -2.842974549e+02 -2.842974549e+02 +1.5668e+00 -9.6250e-01
763 +2.926898518e+00 +2.926898518e+00 -2.844731015e+02 -2.844731015e+02 +1.5253e+00 -9.3711e-01
764 +2.871717714e+00 +2.871717714e+00 -2.845282823e+02 -2.845282823e+02 +1.4997e+00 -9.2163e-01
768 +2.640490067e+00 +2.640490067e+00 -2.847595099e+02 -2.847595099e+02 +1.4427e+00 -8.8682e-01
773 +2.293546596e+00 +2.293546596e+00 -2.851064534e+02 -2.851064534e+02 +1.3556e+00 -8.3365e-01
782 +2.072486914e+00 +2.072486914e+00 -2.853275131e+02 -2.853275131e+02 +1.3030e+00 -8.0150e-01
785 +1.153227018e+00 +1.153227018e+00 -2.862467730e+02 -2.862467730e+02 +1.0731e+00 -6.6125e-01
786 +1.002116653e+00 +1.002116653e+00 -2.863978833e+02 -2.863978833e+02 +1.0270e+00 -6.3305e-01
793 +8.838244759e-01 +8.838244759e-01 -2.865161755e+02 -2.865161755e+02 +9.8818e-01 -6.0938e-01
796 +8.198147027e-01 +8.198147027e-01 -2.865801853e+02 -2.865801853e+02 +9.5101e-01 -5.8656e-01
804 +7.650298377e-01 +7.650298377e-01 -2.866349702e+02 -2.866349702e+02 +7.0664e-01 -4.3713e-01
808 +5.490857838e-01 +5.490857838e-01 -2.868509142e+02 -2.868509142e+02 +3.6750e-01 -2.3030e-01
815 +5.237927705e-01 +5.237927705e-01 -2.868762072e+02 -2.868762072e+02 +6.2260e-01 -3.8611e-01
816 +5.094801774e-01 +5.094801774e-01 -2.868905198e+02 -2.868905198e+02 +3.2362e-01 -2.0357e-01
825 +4.613621453e-01 +4.613621453e-01 -2.869386379e+02 -2.869386379e+02 +4.7155e-01 -2.9395e-01
832 +4.001804550e-01 +4.001804550e-01 -2.869998195e+02 -2.869998195e+02 +2.9002e-01 -1.8322e-01
833 +2.832038356e-01 +2.832038356e-01 -2.871167962e+02 -2.871167962e+02 +2.1524e-01 -1.3776e-01
834 +2.651589065e-01 +2.651589065e-01 -2.871348411e+02 -2.871348411e+02 +2.8848e-01 -1.8244e-01
844 +1.195554471e-01 +1.195554471e-01 -2.872804446e+02 -2.872804446e+02 +2.6706e-01 -1.6953e-01
845 +9.004771443e-02 +9.004771443e-02 -2.873099523e+02 -2.873099523e+02 +3.1013e-01 -1.9586e-01
848 +7.234987174e-02 +7.234987174e-02 -2.873276501e+02 -2.873276501e+02 +3.4777e-01 -2.1890e-01
855 +4.926071846e-02 +4.926071846e-02 -2.873507393e+02 -2.873507393e+02 +2.2649e-01 -1.4542e-01
856 +1.651158178e-02 +1.651158178e-02 -2.873834884e+02 -2.873834884e+02 +2.4179e-01 -1.5463e-01
867 +7.291020001e-04 +7.291020001e-04 -2.873992709e+02 -2.873992709e+02 +1.6360e-01 -1.0681e-01
922 +2.202836911e-04 +2.202836911e-04 -2.873997797e+02 -2.873997797e+02 +1.8474e-01 -1.1974e-01
931 +2.603253301e-05 +2.603253301e-05 -2.873999740e+02 -2.873999740e+02 +1.7205e-01 -1.1199e-01
983 +2.127120331e-05 +2.127120331e-05 -2.873999787e+02 -2.873999787e+02 +1.7255e-01 -1.1230e-01
1050 +1.780541788e-05 +1.780541788e-05 -2.873999822e+02 -2.873999822e+02 +1.7264e-01 -1.1235e-01
1063 +1.614660550e-05 +1.614660550e-05 -2.873999839e+02 -2.873999839e+02 +1.7523e-01 -1.1392e-01
1069 +1.327583072e-05 +1.327583072e-05 -2.873999867e+02 -2.873999867e+02 +1.7319e-01 -1.1268e-01
1074 +4.378454150e-07 +4.378454150e-07 -2.873999996e+02 -2.873999996e+02 +1.7627e-01 -1.1456e-01
1155 +2.424855552e-07 +2.424855552e-07 -2.873999998e+02 -2.873999998e+02 +1.7636e-01 -1.1462e-01
1183 +1.200755264e-07 +1.200755264e-07 -2.873999999e+02 -2.873999999e+02 +1.7588e-01 -1.1433e-01
1742 +1.055085477e-07 +1.055085477e-07 -2.873999999e+02 -2.873999999e+02 +1.7575e-01 -1.1425e-01
1746 +8.247440064e-08 +8.247440064e-08 -2.873999999e+02 -2.873999999e+02 +1.7577e-01 -1.1426e-01
1752 +7.404980806e-08 +7.404980806e-08 -2.873999999e+02 -2.873999999e+02 +1.7577e-01 -1.1426e-01
1753 +6.769130323e-08 +6.769130323e-08 -2.873999999e+02 -2.873999999e+02 +1.7579e-01 -1.1427e-01
1759 +6.755760751e-08 +6.755760751e-08 -2.873999999e+02 -2.873999999e+02 +1.7579e-01 -1.1427e-01
1766 +5.549179605e-08 +5.549179605e-08 -2.873999999e+02 -2.873999999e+02 +1.7584e-01 -1.1430e-01
1768 +1.830426299e-08 +1.830426299e-08 -2.874000000e+02 -2.874000000e+02 +1.7589e-01 -1.1433e-01
1770 +1.579365971e-08 +1.579365971e-08 -2.874000000e+02 -2.874000000e+02 +1.7595e-01 -1.1437e-01
1773 +3.703803486e-09 +3.703803486e-09 -2.874000000e+02 -2.874000000e+02 +1.7603e-01 -1.1442e-01
2272 +0.000000000e+00 +0.000000000e+00 -2.874000000e+02 -2.874000000e+02 +1.7600e-01 -1.1440e-01
% function evaluation | noise-free fitness - Fopt (5.700000000000e-01) | best noise-free fitness - Fopt | measured fitness | best measured fitness | x1 | x2...
1 +1.076409576e+05 +1.076409576e+05 +1.076415276e+05 +1.076415276e+05 +0.0000e+00 +0.0000e+00
3 +6.670669304e+04 +6.670669304e+04 +6.670726304e+04 +6.670726304e+04 -1.0963e+00 -5.7922e-01
9 +3.702920037e+04 +3.702920037e+04 +3.702977037e+04 +3.702977037e+04 +1.8102e-01 +1.1717e+00
11 +2.959180924e+03 +2.959180924e+03 +2.959750924e+03 +2.959750924e+03 +5.0989e-01 +1.4037e+00
36 +1.532948626e+02 +1.532948626e+02 +1.538648626e+02 +1.538648626e+02 +4.5003e-01 +1.2494e+00
53 +1.102712295e+02 +1.102712295e+02 +1.108412295e+02 +1.108412295e+02 +6.4717e-01 +1.4992e+00
81 +2.425577224e+01 +2.425577224e+01 +2.482577224e+01 +2.482577224e+01 +6.1351e-01 +1.4723e+00
83 +2.200729974e+01 +2.200729974e+01 +2.257729974e+01 +2.257729974e+01 +5.4655e-01 +1.3736e+00
105 +1.654173581e+01 +1.654173581e+01 +1.711173581e+01 +1.711173581e+01 +5.0279e-01 +1.3070e+00
247 +1.517261354e+01 +1.517261354e+01 +1.574261354e+01 +1.574261354e+01 +3.5785e-01 +1.0918e+00
254 +1.407607622e+01 +1.407607622e+01 +1.464607622e+01 +1.464607622e+01 +3.5394e-01 +1.0883e+00
504 +1.378732546e+01 +1.378732546e+01 +1.435732546e+01 +1.435732546e+01 +3.3676e-01 +1.0628e+00
575 +1.347917079e+01 +1.347917079e+01 +1.404917079e+01 +1.404917079e+01 +3.1450e-01 +1.0301e+00
598 +1.309744909e+01 +1.309744909e+01 +1.366744909e+01 +1.366744909e+01 +2.8671e-01 +9.8977e-01
603 +1.286205988e+01 +1.286205988e+01 +1.343205988e+01 +1.343205988e+01 +2.6111e-01 +9.5274e-01
621 +1.255092460e+01 +1.255092460e+01 +1.312092460e+01 +1.312092460e+01 +2.0865e-01 +8.7669e-01
636 +1.212694362e+01 +1.212694362e+01 +1.269694362e+01 +1.269694362e+01 +1.8313e-01 +8.3922e-01
643 +1.165192115e+01 +1.165192115e+01 +1.222192115e+01 +1.222192115e+01 +1.3483e-01 +7.6876e-01
644 +1.097873670e+01 +1.097873670e+01 +1.154873670e+01 +1.154873670e+01 +1.1416e-01 +7.3790e-01
652 +9.718889998e+00 +9.718889998e+00 +1.028889000e+01 +1.028889000e+01 +1.4102e-02 +5.9145e-01
662 +8.003706517e+00 +8.003706517e+00 +8.573706517e+00 +8.573706517e+00 -1.4737e-01 +3.5335e-01
673 +7.063514480e+00 +7.063514480e+00 +7.633514480e+00 +7.633514480e+00 -2.3790e-01 +2.2095e-01
682 +4.673080966e+00 +4.673080966e+00 +5.243080966e+00 +5.243080966e+00 -6.6957e-01 -4.1164e-01
693 +3.964660345e+00 +3.964660345e+00 +4.534660345e+00 +4.534660345e+00 -8.0155e-01 -6.0473e-01
695 +2.488169345e+00 +2.488169345e+00 +3.058169345e+00 +3.058169345e+00 -1.0411e+00 -9.5516e-01
702 +8.751844789e-01 +8.751844789e-01 +1.445184479e+00 +1.445184479e+00 -1.3313e+00 -1.3796e+00
707 +6.633406485e-01 +6.633406485e-01 +1.233340649e+00 +1.233340649e+00 -1.3124e+00 -1.3515e+00
715 +2.506412539e-01 +2.506412539e-01 +8.206412539e-01 +8.206412539e-01 -1.4965e+00 -1.6200e+00
735 +3.393246724e-03 +3.393246724e-03 +5.733932467e-01 +5.733932467e-01 -1.7658e+00 -2.0143e+00
855 +1.812100556e-03 +1.812100556e-03 +5.718121006e-01 +5.718121006e-01 -1.7617e+00 -2.0083e+00
862 +9.889710504e-05 +9.889710504e-05 +5.700988971e-01 +5.700988971e-01 -1.7545e+00 -1.9979e+00
939 +6.063040670e-05 +6.063040670e-05 +5.700606304e-01 +5.700606304e-01 -1.7601e+00 -2.0060e+00
945 +1.611918232e-05 +1.611918232e-05 +5.700161192e-01 +5.700161192e-01 -1.7555e+00 -1.9994e+00
995 +2.704197305e-06 +2.704197305e-06 +5.700027042e-01 +5.700027042e-01 -1.7580e+00 -2.0029e+00
1039 +2.010117339e-06 +2.010117339e-06 +5.700020101e-01 +5.700020101e-01 -1.7579e+00 -2.0028e+00
1053 +1.143463010e-06 +1.143463010e-06 +5.700011435e-01 +5.700011435e-01 -1.7577e+00 -2.0025e+00
1539 +1.110467471e-06 +1.110467471e-06 +5.700011105e-01 +5.700011105e-01 -1.7570e+00 -2.0015e+00
1547 +1.058920333e-06 +1.058920333e-06 +5.700010589e-01 +5.700010589e-01 -1.7570e+00 -2.0015e+00
1551 +1.045908502e-06 +1.045908502e-06 +5.700010459e-01 +5.700010459e-01 -1.7570e+00 -2.0015e+00
1553 +9.501201491e-07 +9.501201491e-07 +5.700009501e-01 +5.700009501e-01 -1.7570e+00 -2.0016e+00
1556 +9.122730551e-07 +9.122730551e-07 +5.700009123e-01 +5.700009123e-01 -1.7570e+00 -2.0016e+00
1564 +8.616362231e-07 +8.616362231e-07 +5.700008616e-01 +5.700008616e-01 -1.7571e+00 -2.0016e+00
1565 +8.187904557e-07 +8.187904557e-07 +5.700008188e-01 +5.700008188e-01 -1.7571e+00 -2.0016e+00
1566 +7.046857192e-07 +7.046857192e-07 +5.700007047e-01 +5.700007047e-01 -1.7571e+00 -2.0017e+00
1572 +5.908614847e-07 +5.908614847e-07 +5.700005909e-01 +5.700005909e-01 -1.7572e+00 -2.0018e+00
1573 +5.112564838e-07 +5.112564838e-07 +5.700005113e-01 +5.700005113e-01 -1.7572e+00 -2.0018e+00
1583 +4.913508622e-07 +4.913508622e-07 +5.700004914e-01 +5.700004914e-01 -1.7572e+00 -2.0019e+00
1584 +3.270736605e-07 +3.270736605e-07 +5.700003271e-01 +5.700003271e-01 -1.7574e+00 -2.0021e+00
1592 +3.047031560e-07 +3.047031560e-07 +5.700003047e-01 +5.700003047e-01 -1.7576e+00 -2.0023e+00
1594 +2.557332701e-07 +2.557332701e-07 +5.700002557e-01 +5.700002557e-01 -1.7575e+00 -2.0022e+00
1604 +2.508154323e-07 +2.508154323e-07 +5.700002508e-01 +5.700002508e-01 -1.7574e+00 -2.0021e+00
1612 +2.316812734e-07 +2.316812734e-07 +5.700002317e-01 +5.700002317e-01 -1.7575e+00 -2.0023e+00
1622 +2.065539704e-07 +2.065539704e-07 +5.700002066e-01 +5.700002066e-01 -1.7575e+00 -2.0023e+00
1632 +1.681718578e-07 +1.681718578e-07 +5.700001682e-01 +5.700001682e-01 -1.7576e+00 -2.0023e+00
1637 +1.629031505e-07 +1.629031505e-07 +5.700001629e-01 +5.700001629e-01 -1.7575e+00 -2.0023e+00
1642 +9.233699605e-08 +9.233699605e-08 +5.700000923e-01 +5.700000923e-01 -1.7576e+00 -2.0024e+00
1652 +7.627094045e-08 +7.627094045e-08 +5.700000763e-01 +5.700000763e-01 -1.7577e+00 -2.0025e+00
1653 +6.637800343e-08 +6.637800343e-08 +5.700000664e-01 +5.700000664e-01 -1.7576e+00 -2.0024e+00
1662 +4.976607393e-08 +4.976607393e-08 +5.700000498e-01 +5.700000498e-01 -1.7577e+00 -2.0026e+00
1663 +4.320108205e-08 +4.320108205e-08 +5.700000432e-01 +5.700000432e-01 -1.7576e+00 -2.0024e+00
1669 +4.077916993e-08 +4.077916993e-08 +5.700000408e-01 +5.700000408e-01 -1.7576e+00 -2.0025e+00
1672 +3.602937892e-08 +3.602937892e-08 +5.700000360e-01 +5.700000360e-01 -1.7577e+00 -2.0025e+00
1676 +1.826481510e-08 +1.826481510e-08 +5.700000183e-01 +5.700000183e-01 -1.7577e+00 -2.0025e+00
1680 +1.040895159e-08 +1.040895159e-08 +5.700000104e-01 +5.700000104e-01 -1.7576e+00 -2.0025e+00
1721 +7.333641139e-09 +7.333641139e-09 +5.700000073e-01 +5.700000073e-01 -1.7576e+00 -2.0025e+00
3419 +0.000000000e+00 +0.000000000e+00 +5.700000000e-01 +5.700000000e-01 -1.7576e+00 -2.0024e+00
